20	50
7.09237	8.04083	9.45949	7.02656	9.69407	5.44624	7.38355	4.05445	6.87581	5.2499	9.13532	9.42163	5.98318	7.28334	7.61729	7.96791	5.40121	9.31762	6.27042	4.9917	
0.93286	0.182522	0.289289	0.241725	0.0678743	0.998869	0.300543	0.602328	0.842776	0.725407	0.83788	0.202928	0.154848	0.868615	0.470026	0.222601	0.000560417	0.165371	0.548775	0.34397	
7.16185	42.9915	44.3889	44.0585	39.6624	32.0924	10.7638	35.8292	35.4969	31.3864	26.8999	44.9769	33.8715	20.5508	24.5527	7.85381	12.9674	21.5423	18.1741	35.4433	18.5333	17.877	32.4211	11.101	28.5937	14.93	40.4566	36.3559	35.1628	20.4839	42.0143	24.2219	27.6041	15.9187	14.1622	24.5531	15.2614	35.9268	37.2049	24.038	25.5275	4.97843	2.2528	35.8674	11.2102	4.93912	40.0125	25.9213	24.2541	15.6236	
0.896359	0.693308	0.365848	0.49295	0.288304	0.610465	0.488523	0.229535	0.252807	0.193297	0.27019	0.420367	0.152678	0.152742	0.143702	0.552806	0.623285	0.512976	0.969125	0.797357	0.451922	0.867299	0.83966	0.194169	0.239294	0.551233	0.916012	0.527519	0.221459	0.806346	0.419848	0.877158	0.732392	0.336353	0.650325	0.38564	0.338002	0.730612	0.969571	0.0114953	0.400849	0.994235	0.26447	0.480121	0.77848	0.901436	0.180703	0.384073	0.949267	0.728395	
0.787066	0.893804	0.957395	0.811039	0.00276501	0.227117	0.241433	0.994904	0.526748	0.062077	0.0269206	0.75016	0.0527339	0.315748	0.947981	0.578627	0.838205	0.0388329	0.87562	0.671438	0.38752	0.936043	0.0586817	0.156312	0.159026	0.71803	0.474046	0.597318	0.583119	0.429893	0.718075	0.436585	0.138306	0.103759	0.137416	0.0877995	0.676193	0.396313	0.81745	0.042588	0.505965	0.324871	0.871206	0.819045	0.114764	0.634228	0.372551	0.28786	0.577887	0.904217	
0.78289	0.823573	0.183989	0.507525	0.700022	0.0744662	0.158319	0.355661	0.997741	0.84383	0.649059	0.396895	0.0178274	0.75189	0.696506	0.291855	0.926857	0.528657	0.752111	0.612503	0.580752	0.412504	0.242053	0.706364	0.735027	0.116616	0.222549	0.682837	0.995269	0.48038	0.647124	0.0418676	0.0973888	0.464685	0.978657	0.237389	0.874129	0.829891	0.780041	0.346259	0.277879	0.155423	0.201317	0.539977	0.0887242	0.494161	0.365885	0.966708	0.29104	0.0769401	
0.602349	0.63328	0.879607	0.579104	0.289248	0.357911	0.229515	0.298867	0.634806	0.438432	0.435885	0.386832	0.620917	0.658476	0.467188	0.489072	0.111265	0.204746	0.524576	0.305102	0.132093	0.546534	0.254024	0.821911	0.162945	0.396885	0.540344	0.383114	0.56395	0.857448	0.768934	0.100278	0.0201415	0.717661	0.535576	0.0642405	0.36678	0.367932	0.090996	0.631595	0.83988	0.271091	0.699065	0.470492	0.947969	0.109174	0.623686	0.504794	0.811963	0.37884	
0.727463	0.0910639	0.324992	0.882517	0.577154	0.986441	0.0222503	0.371708	0.551601	0.0277702	0.0567928	0.265665	0.040444	0.71513	0.838248	0.983203	0.252826	0.0926595	0.596958	0.780992	0.750256	0.0368561	0.901114	0.520158	0.508628	0.686309	0.575178	0.917958	0.820181	0.527416	0.557351	0.635386	0.62432	0.382462	0.359779	0.953213	0.0259742	0.939324	0.272494	0.237022	0.407287	0.524592	0.809635	0.928357	0.928228	0.803018	0.206432	0.481154	0.55559	0.654836	
0.43437	0.905823	0.897035	0.620647	0.0796965	0.925523	0.905608	0.568957	0.767989	0.659994	0.850424	0.604408	0.387141	0.440429	0.978112	0.141383	0.41973	0.159324	0.152945	0.177585	0.749746	0.00846857	0.513292	0.920081	0.364733	0.712622	0.413447	0.420408	0.122796	0.99563	0.617334	0.685937	0.359319	0.619676	0.49625	0.366183	0.660834	0.233503	0.804479	0.264477	0.578934	0.100785	0.138274	0.562425	0.0191134	0.313927	0.996015	0.482515	0.119702	0.673556	
0.686974	0.619091	0.00789634	0.884089	0.785918	0.983813	0.280758	0.251993	0.401597	0.762481	0.136932	0.0108439	0.497375	0.6844	0.522108	0.757678	0.133331	0.760008	0.262241	0.949682	0.26884	0.0777151	0.524176	0.623598	0.902548	0.769041	0.194018	0.789025	0.853197	0.268142	0.858411	0.822089	0.88687	0.0708329	0.742101	0.551544	0.433643	0.313262	0.167548	0.156664	0.222136	0.879251	0.45338	0.293617	0.161564	0.982394	0.251258	0.516549	0.0118677	0.670958	
0.289855	0.846452	0.177138	0.474684	0.373842	0.593602	0.767407	0.18266	0.944541	0.325663	0.311226	0.54507	0.160137	0.0898777	0.462402	0.604506	0.165213	0.351936	0.970231	0.338324	0.106893	0.810038	0.99297	0.359878	0.234686	0.351004	0.217723	0.104451	0.0126758	0.0985948	0.853942	0.104661	0.451092	0.556608	0.610926	0.222794	0.0991007	0.658874	0.905413	0.503542	0.0253536	0.274111	0.541697	0.998439	0.0602604	0.053368	0.822721	0.260918	0.0914858	0.99756	
0.392539	0.390624	0.46979	0.905856	0.758204	0.755573	0.112001	0.335983	0.816484	0.981553	0.280551	0.816774	0.353658	0.450331	0.853421	0.449853	0.641113	0.829197	0.264695	0.0518528	0.877358	0.873863	0.580764	0.174539	0.0338941	0.888068	0.342256	0.715198	0.81865	0.454242	0.0630173	0.354187	0.584285	0.415121	0.768517	0.963434	0.110646	0.746897	0.108256	0.469966	0.157304	0.157954	0.286658	0.260501	0.677383	0.186992	0.105349	0.876772	0.892938	0.292128	
0.631497	0.400882	0.639073	0.773021	0.0986143	0.326579	0.308103	0.550901	0.526558	0.249006	0.400262	0.518947	0.708139	0.889402	0.954227	0.20102	0.747413	0.227314	0.744555	0.514355	0.0354155	0.485858	0.329235	0.312417	0.82838	0.372413	0.0953322	0.635318	0.476196	0.340134	0.485921	0.00657622	0.591247	0.251525	0.637644	0.576467	0.408189	0.680558	0.75865	0.95056	0.253351	0.984506	0.351701	0.682854	0.358549	0.160044	0.839738	0.195593	0.878606	0.202235	
0.892715	0.797152	0.975158	0.918588	0.971571	0.0282312	0.624621	0.0701082	0.463131	0.330362	0.910533	0.932578	0.64993	0.944053	0.0998185	0.166457	0.848911	0.702779	0.66	0.203832	0.631093	0.317848	0.466626	0.96982	0.7295	0.359558	0.551635	0.366175	0.700472	0.981552	0.540533	0.628542	0.645146	0.157927	0.411788	0.14716	0.52752	0.788417	0.921184	0.999453	0.0265722	0.356426	0.474144	0.251907	0.285316	0.677919	0.627732	0.278473	0.66517	0.000837838	
0.75619	0.835595	0.13019	0.050834	0.00383069	0.238953	0.65531	0.329476	0.0326991	0.162454	0.673738	0.700938	0.59177	0.677069	0.851092	0.685976	0.922831	0.591017	0.074744	0.644588	0.89322	0.261953	0.0686096	0.896819	0.311956	0.32038	0.394789	0.685118	0.510023	0.996311	0.685482	0.867164	0.331011	0.142323	0.399302	0.481652	0.775851	0.240251	0.572533	0.134604	0.106189	0.144321	0.610966	0.723871	0.396611	0.756	0.845425	0.648504	0.636145	0.190346	
0.12368	0.617902	0.747992	0.219529	0.339666	0.324201	0.64202	0.447598	0.191341	0.414875	0.00274528	0.134845	0.950671	0.383176	0.0933449	0.0925103	0.0891913	0.619314	0.296508	0.354008	0.200066	0.719369	0.79738	0.164044	0.773897	0.997496	0.842898	0.953412	0.823158	0.253027	0.95057	0.206408	0.420476	0.33199	0.0750159	0.0967498	0.121836	0.741561	0.07713	0.830869	0.789863	0.710379	0.183524	0.490614	0.98773	0.833212	0.151377	0.234649	0.242462	0.212691	
0.453587	0.291362	0.122095	0.946871	0.0147827	0.218443	0.420267	0.790229	0.646619	0.922607	0.548669	0.99308	0.759475	0.288586	0.0726938	0.806569	0.297239	0.946693	0.275998	0.554546	0.709216	0.554462	0.359035	0.368125	0.304577	0.235283	0.0610694	0.725839	0.636476	0.565002	0.00716912	0.00200163	0.0286786	0.0177243	0.313829	0.622963	0.712609	0.467936	0.908264	0.788943	0.961955	0.424037	0.94598	0.340742	0.230641	0.127043	0.90744	0.341627	0.959163	0.825062	
0.819047	0.269345	0.0562092	0.712572	0.322634	0.158145	0.0654029	0.59007	0.234779	0.917467	0.895994	0.931799	0.481955	0.962526	0.602477	0.0464334	0.378386	0.814865	0.527461	0.537131	0.871744	0.651762	0.0441785	0.219856	0.0258177	0.720816	0.173733	0.566888	0.462513	0.0331114	0.2729	0.443692	0.393932	0.787073	0.047244	0.348913	0.823143	0.965122	0.570956	0.212212	0.621992	0.569271	0.230375	0.860771	0.64967	0.176759	0.786184	0.64155	0.469815	0.140712	
0.295315	0.727413	0.681608	0.120231	0.436515	0.733915	0.669377	0.418889	0.622729	0.53889	0.0504929	0.784694	0.916923	0.112693	0.00122782	0.390539	0.467837	0.334104	0.175006	0.976251	0.909997	0.4107	0.811755	0.259141	0.456943	0.572845	0.806329	0.398786	0.256569	0.165304	0.1764	0.180117	0.913516	0.846916	0.441648	0.60627	0.255698	0.405122	0.914346	0.876815	0.297871	0.935552	0.297361	0.722386	0.920277	0.978415	0.0608433	0.49176	0.0711522	0.924045	
0.500066	0.27269	0.582148	0.370305	0.605548	0.267923	0.546215	0.264279	0.187383	0.452885	0.306441	0.20897	0.702387	0.65874	0.414552	0.804127	0.353999	0.615037	0.869838	0.725296	0.936245	0.894556	0.518998	0.321448	0.576872	0.0911331	0.36159	0.460341	0.88538	0.0583705	0.603015	0.692303	0.135672	0.972737	0.828081	0.485944	0.978255	0.491374	0.967202	0.0677542	0.972733	0.573247	0.101015	0.186039	0.0925657	0.271636	0.546466	0.376847	0.343297	0.2665	
0.1419	0.10218	0.453204	0.880479	0.120892	0.381835	0.590271	0.34069	0.390165	0.114812	0.719995	0.829011	0.363164	0.975668	0.415301	0.750384	0.821924	0.752242	0.533331	0.92839	0.0347359	0.0752786	0.0610447	0.56528	0.460232	0.222221	0.769312	0.806879	0.963152	0.69876	0.762752	0.521517	0.840581	0.264242	0.999118	0.0844554	0.706735	0.988368	0.526166	0.49856	0.993468	0.319912	0.742813	0.962308	0.982572	0.267708	0.544593	0.446497	0.691383	0.438611	
0.678862	0.348529	0.246135	0.852077	0.728038	0.165114	0.231423	0.586012	0.0127978	0.858392	0.259578	0.648341	0.355748	0.432521	0.416277	0.196451	0.987082	0.015197	0.665748	0.236376	0.154341	0.182265	0.0190106	0.919405	0.731489	0.81465	0.0841234	0.948379	0.586536	0.0372287	0.96639	0.238702	0.288534	0.928203	0.627021	0.915724	0.204546	0.648779	0.383155	0.171648	0.431614	0.510475	0.874488	0.690799	0.961214	0.161469	0.143526	0.508875	0.415732	0.16684	
0.806389	0.0234091	0.488021	0.383344	0.0606039	0.849229	0.378124	0.908133	0.265871	0.650418	0.602405	0.284858	0.275322	0.953174	0.0315202	0.133178	0.441319	0.714748	0.317561	0.568365	0.790303	0.495211	0.184379	0.71169	0.826937	0.15713	0.846683	0.833239	0.804001	0.314501	0.0909852	0.849161	0.673539	0.138913	0.57625	0.0447751	0.648105	0.681596	0.814721	0.715327	0.124815	0.781988	0.306801	0.669762	0.798608	0.0321346	0.471863	0.505365	0.187105	0.721147	
