10	40
47.5104	0.728566
41.0842	0.776042
40.5582	0.253407
45.6015	0.265563
43.5873	0.432866
45.0843	0.339508
40.5339	0.382411
43.0801	0.425247
42.4112	0.952334
42.7725	0.504025
41.6039
39.8257
45.6223
17.5048
48.1071
27.7505
46.2933
48.2053
41.8166
16.6576
26.8858
24.4151
2.40956
29.3645
27.9132
42.2755
9.49444
24.2278
27.1971
36.3945
41.4126
38.8356
7.02261
22.2639
11.4118
36.9074
9.65821
39.8655
2.62063
6.15616
7.02689
28.0499
45.7772
21.5854
36.4611
44.96
45.1326
19.3563
35.1932
36.3789
0.37499	0.232556	0.892943	0.550824	0.015246	0.946971	0.954199	0.0727402	0.748956	0.257773	0.346634	0.436895	0.787439	0.330621	0.843442	0.913742	0.70769	0.947047	0.686617	0.285926	0.540006	0.772954	0.774843	0.213091	0.572757	0.882738	0.34605	0.227621	0.354116	0.897777	0.508331	0.337917	0.814355	0.648849	0.757324	0.908007	0.699293	0.0893682	0.598114	0.187241	
0.226921	0.062031	0.623691	0.0740246	0.484978	0.195881	0.523905	0.175158	0.0661593	0.106369	0.155318	0.90329	0.137141	0.668734	0.583444	0.578628	0.704108	0.437734	0.883394	0.0177063	0.176001	0.0923036	0.516602	0.602118	0.171071	0.54095	0.782722	0.895741	0.0499856	0.968765	0.889566	0.660054	0.941912	0.916322	0.316227	0.818992	0.0820241	0.893387	0.268871	0.953034	
0.82411	0.643714	0.182499	0.982201	0.2081	0.518555	0.281205	0.730886	0.668171	0.42802	0.095621	0.552545	0.0102851	0.471679	0.859529	0.045957	0.382348	0.654047	0.123122	0.466944	0.428648	0.404604	0.0954551	0.400783	0.770174	0.734572	0.468979	0.164916	0.602919	0.120519	0.58115	0.643898	0.791829	0.662794	0.234409	0.342175	0.895729	0.643632	0.15367	0.266625	
0.324524	0.423966	0.620398	0.333784	0.781267	0.558993	0.260466	0.219802	0.916747	0.533475	0.641846	0.37538	0.401936	0.283571	0.290642	0.20305	0.39009	0.756276	0.184299	0.221371	0.641101	0.646117	0.636626	0.0131273	0.93399	0.518561	0.0368487	0.681351	0.00931484	0.113482	0.242722	0.304906	0.102657	0.495196	0.834407	0.882219	0.943318	0.289847	0.015125	0.372747	
0.969699	0.538547	0.0710891	0.0359174	0.72622	0.578811	0.596784	0.557731	0.835603	0.645301	0.512966	0.0355708	0.574338	0.782777	0.0208235	0.581899	0.0524583	0.25991	0.655842	0.251346	0.0908092	0.741509	0.100005	0.291551	0.59339	0.939205	0.287098	0.890139	0.71296	0.154886	0.585349	0.911024	0.314817	0.0238921	0.709701	0.902852	0.881171	0.574775	0.675975	0.250639	
0.767584	0.0167209	0.346731	0.348057	0.505404	0.947158	0.0709588	0.690507	0.271059	0.735445	0.175485	0.99719	0.447366	0.933398	0.554294	0.0655217	0.515527	0.275529	0.855018	0.9167	0.349698	0.627948	0.622164	0.552314	0.914185	0.888015	0.660207	0.0602949	0.27141	0.740302	0.00577249	0.101057	0.747553	0.423688	0.59262	0.465261	0.527696	0.46748	0.391535	0.860445	
0.303215	0.71423	0.0306353	0.972074	0.681201	0.832628	0.522093	0.0216586	0.238254	0.562011	0.367339	0.245354	0.175146	0.327899	0.138192	0.169409	0.187312	0.219017	0.873316	0.212868	0.809208	0.816064	0.325825	0.225763	0.0180942	0.936014	0.77926	0.62234	0.979707	0.0262245	0.21549	0.311479	0.37294	0.305679	0.123687	0.184899	0.547236	0.0243978	0.0262888	0.38002	
0.799179	0.889216	0.617579	0.84899	0.557015	0.130986	0.477764	0.921571	0.383874	0.135994	0.181945	0.202266	0.089188	0.599525	0.941104	0.604936	0.205193	0.182234	0.0388474	0.370341	0.17792	0.421662	0.160198	0.0604568	0.734581	0.0501645	0.762302	0.0279746	0.942839	0.699427	0.248566	0.508937	0.471462	0.076076	0.305383	0.128489	0.315228	0.176083	0.560722	0.697113	
0.156103	0.463994	0.389475	0.92304	0.768275	0.801499	0.561555	0.968675	0.633974	0.512246	0.848902	0.896718	0.0614244	0.779659	0.37637	0.352022	0.812135	0.403202	0.427797	0.843154	0.0401812	0.118414	0.0898035	0.774741	0.589763	0.531035	0.642426	0.331912	0.16844	0.913042	0.0843593	0.893828	0.666239	0.937274	0.31385	0.383839	0.0289575	0.723143	0.173466	0.262753	
0.892588	0.089888	0.0177286	0.686924	0.621644	0.494308	0.505632	0.45025	0.964014	0.784934	0.277013	0.515555	0.854945	0.582295	0.893573	0.740977	0.9976	0.358262	0.0255341	0.644003	0.665092	0.562148	0.376078	0.783207	0.631258	0.321266	0.840503	0.484354	0.315906	0.0546497	0.883097	0.699026	0.973904	0.095791	0.519014	0.330927	0.524297	0.63419	0.603104	0.415795	
