10	30
49.1662	0.32556
41.2067	0.216384
43.6097	0.848527
47.1016	0.689272
45.6527	0.158879
41.2369	0.364438
43.9664	0.710942
46.8397	0.731906
42.9559	0.52932
43.9855	0.518355
24.5581
18.2305
48.4342
25.8773
1.00663
13.1365
1.83928
42.0951
10.9174
19.6575
29.099
49.4495
1.78395
27.969
7.99802
1.18063
48.1674
26.5025
28.2397
37.8579
43.0191
36.84
16.105
43.3554
41.1388
3.74281
20.7451
21.8777
2.15206
3.3915
0.437466	0.385477	0.285001	0.447658	0.214641	0.711795	0.786901	0.579942	0.565799	0.0722112	0.737741	0.095061	0.492528	0.930975	0.258064	0.459609	0.39381	0.813542	0.12656	0.345049	0.769475	0.681158	0.534528	0.059632	0.671141	0.920465	0.246545	0.868879	0.941034	0.347396	
0.572268	0.940663	0.759763	0.554825	0.205761	0.0733303	0.0844065	0.226648	0.927017	0.0100977	0.159337	0.866274	0.757009	0.409726	0.907685	0.340105	0.272701	0.0158146	0.942783	0.974514	0.953635	0.434277	0.557822	0.42743	0.919811	0.0686785	0.418494	0.16337	0.426724	0.1047	
0.353254	0.091558	0.350667	0.890047	0.817039	0.862048	0.811073	0.212508	0.221039	0.488922	0.151407	0.917659	0.579199	0.369875	0.782294	0.79073	0.315043	0.058954	0.529035	0.394171	0.49072	0.504232	0.354634	0.372742	0.532316	0.855829	0.473591	0.626394	0.125319	0.258007	
0.422229	0.750808	0.243958	0.841894	0.89859	0.505163	0.4294	0.803029	0.761013	0.324121	0.227217	0.882769	0.448635	0.896428	0.65443	0.89737	0.875941	0.462265	0.378387	0.60928	0.563549	0.4434	0.359056	0.033602	0.168146	0.453157	0.812109	0.80528	0.319727	0.865085	
0.00497356	0.931768	0.0682633	0.595146	0.203094	0.867129	0.909304	0.634482	0.367108	0.476549	0.765724	0.554898	0.500194	0.656867	0.115518	0.3256	0.654152	0.0852251	0.126936	0.782428	0.394956	0.687931	0.587339	0.258883	0.104015	0.0250151	0.15402	0.109923	0.24476	0.558987	
0.219127	0.76767	0.256686	0.324105	0.513369	0.0915446	0.243553	0.941178	0.0144963	0.596026	0.0563138	0.595019	0.242461	0.896273	0.506213	0.524368	0.146536	0.390469	0.309752	0.681649	0.166512	0.297668	0.183551	0.171915	0.996233	0.883165	0.669526	0.689803	0.453879	0.00641554	
0.919624	0.284262	0.837534	0.0945316	0.159708	0.724443	0.46998	0.648957	0.91458	0.144591	0.813066	0.201299	0.815322	0.836388	0.423253	0.23813	0.930518	0.895033	0.806166	0.301244	0.443269	0.182442	0.0738944	0.911493	0.101927	0.493179	0.83814	0.320924	0.712551	0.700025	
0.515955	0.671253	0.450247	0.0812479	0.830815	0.941646	0.778906	0.368367	0.0288523	0.860501	0.277501	0.969205	0.92344	0.913963	0.695117	0.408804	0.485895	0.322933	0.634066	0.583177	0.338039	0.520997	0.100536	0.949333	0.323426	0.649492	0.446884	0.0922573	0.819674	0.49185	
0.642804	0.453736	0.965757	0.52741	0.0883614	0.50364	0.353999	0.38498	0.497929	0.578644	0.349554	0.986869	0.369674	0.640489	0.412928	0.544968	0.986555	0.720134	0.303083	0.674931	0.780141	0.498073	0.620484	0.673339	0.177394	0.588451	0.472358	0.346346	0.662541	0.975547	
0.191016	0.167	0.70899	0.150128	0.85051	0.01945	0.695098	0.859115	0.788464	0.542659	0.65492	0.802613	0.710837	0.581699	0.793048	0.581174	0.32421	0.940484	0.642392	0.679987	0.565622	0.269234	0.00745211	0.246889	0.776498	0.635268	0.243466	0.266048	0.98265	0.192269	
