15	40
70.9821	0.95605
73.3656	0.160782
67.8874	0.999028
62.9627	0.126399
70.5973	0.432133
67.5021	0.37144
73.1734	0.0407028
73.9058	0.410616
65.608	0.621455
70.7737	0.322611
64.5465	0.794361
67.5896	0.722733
63.5757	0.956745
60.1151	0.724293
63.4246	0.478619
19.6962
22.4279
8.99467
48.3035
30.6286
31.5369
29.4759
17.2706
48.4929
28.1063
16.8985
23.0637
36.1313
6.50597
29.7197
46.2513
32.0536
24.7321
37.2357
42.6967
7.44698
31.124
20.2679
14.4108
49.7298
45.3681
34.553
34.7629
37.2499
10.7335
32.9476
34.8831
7.91756
38.49
19.1244
31.9306
5.52482
13.0943
20.2884
23.9229
0.300566	0.621555	0.105887	0.607847	0.63861	0.514282	0.245669	0.767587	0.342126	0.436034	0.682797	0.247825	0.459618	0.0472048	0.910664	0.615485	0.820492	0.817968	0.160611	0.645575	0.448569	0.259793	0.464709	0.598913	0.402527	0.52418	0.623111	0.916128	0.574213	0.0550747	0.665586	0.0174045	0.440555	0.284115	0.954138	0.0373356	0.690425	0.503227	0.530571	0.0928587	
0.301659	0.574225	0.505937	0.377396	0.963593	0.982312	0.360381	0.749749	0.968366	0.435198	0.99042	0.0267202	0.327898	0.280584	0.470401	0.257519	0.550112	0.299666	0.334905	0.0722424	0.829366	0.966849	0.271061	0.215781	0.400514	0.671579	0.827324	0.264438	0.146693	0.926311	0.0474862	0.0290994	0.744636	0.957311	0.786084	0.887414	0.848602	0.101133	0.955132	0.838459	
0.991416	0.171523	0.785136	0.973208	0.602743	0.692394	0.638835	0.692843	0.0574582	0.552073	0.872856	0.714148	0.437699	0.462334	0.79291	0.0739048	0.13223	0.498816	0.0190671	0.309179	0.990564	0.0588572	0.463195	0.674816	0.432612	0.583769	0.739311	0.381279	0.210019	0.53546	0.144124	0.459472	0.496452	0.0204241	0.0293809	0.461647	0.0316322	0.600247	0.0023111	0.0561681	
0.727902	0.124652	0.345418	0.971547	0.267097	0.916951	0.26286	0.953476	0.277702	0.838103	0.480769	0.874175	0.380008	0.447882	0.0165723	0.564812	0.7049	0.650117	0.284708	0.542549	0.777167	0.208044	0.453404	0.135636	0.56581	0.727682	0.412381	0.571376	0.123437	0.212965	0.381887	0.809673	0.280674	0.58081	0.169294	0.980712	0.122562	0.383022	0.914033	0.5516	
0.211284	0.254935	0.516329	0.484627	0.417538	0.806185	0.128935	0.19893	0.92582	0.0802158	0.136294	0.252897	0.724837	0.130526	0.166302	0.276621	0.369066	0.907934	0.502432	0.639184	0.536577	0.832712	0.705733	0.948174	0.0106149	0.00428435	0.555326	0.181783	0.0293888	0.60356	0.0118206	0.988373	0.409033	0.721045	0.964617	0.027404	0.387211	0.849584	0.882912	0.564263	
0.838948	0.735106	0.435797	0.296872	0.800277	0.211518	0.285656	0.543041	0.675505	0.673865	0.93785	0.970746	0.678156	0.755534	0.88676	0.75393	0.787238	0.182641	0.295302	0.997404	0.735791	0.13356	0.442251	0.743094	0.0137613	0.00271335	0.246605	0.524333	0.64811	0.704326	0.439546	0.895021	0.57336	0.164467	0.0175096	0.41671	0.518522	0.249972	0.0468533	0.0148177	
0.587262	0.419099	0.612334	0.34781	0.345575	0.277269	0.332224	0.0360819	0.175129	0.445939	0.279555	0.683215	0.547153	0.937072	0.953553	0.0629926	0.812197	0.920395	0.286707	0.638327	0.984747	0.282119	0.303926	0.378518	0.938975	0.0237386	0.322589	0.612717	0.394874	0.203374	0.901333	0.590349	0.502228	0.415667	0.396682	0.247984	0.247909	0.682075	0.561921	0.524348	
0.531735	0.902992	0.98745	0.223147	0.897452	0.724005	0.442089	0.842846	0.357925	0.351782	0.674804	0.774692	0.70737	0.348014	0.901334	0.594024	0.0331806	0.740161	0.73807	0.506007	0.35498	0.123109	0.745926	0.804101	0.03763	0.487628	0.713016	0.742554	0.0944043	0.434666	0.591492	0.435553	0.960961	0.999859	0.931346	0.640591	0.913493	0.461751	0.804551	0.589927	
0.120699	0.932768	0.579926	0.150968	0.949866	0.588671	0.283371	0.856547	0.453366	0.170024	0.670277	0.42017	0.264607	0.237763	0.688549	0.444055	0.733738	0.805422	0.131349	0.325533	0.509592	0.0519229	0.772164	0.990838	0.188113	0.288245	0.643255	0.898857	0.774846	0.488352	0.269193	0.746306	0.638295	0.821768	0.623668	0.679931	0.0212156	0.374203	0.490683	0.281633	
0.968743	0.818599	0.267947	0.741872	0.711894	0.835775	0.00898	0.00258904	0.402555	0.972709	0.478803	0.147173	0.862153	0.550488	0.911836	0.703474	0.343286	0.483202	0.626242	0.272401	0.526822	0.367122	0.615602	0.887483	0.0548796	0.897002	0.394494	0.492917	0.0131968	0.317696	0.931359	0.455471	0.424578	0.988878	0.60875	0.726435	0.523693	0.320493	0.592807	0.858018	
0.228813	0.48772	0.614089	0.779791	0.112199	0.142636	0.578025	0.562697	0.842928	0.463618	0.0436085	0.167052	0.44392	0.0690588	0.273225	0.1608	0.570949	0.877583	0.159509	0.26351	0.740373	0.483739	0.777847	0.842069	0.376373	0.574365	0.468459	0.0138893	0.61931	0.272749	0.596423	0.540689	0.327711	0.138205	0.84943	0.679994	0.813842	0.38966	0.129733	0.202508	
0.891737	0.0121495	0.298642	0.129977	0.686677	0.839127	0.383108	0.240111	0.165171	0.224154	0.499412	0.621183	0.99925	0.958139	0.29227	0.86304	0.0264845	0.256691	0.98299	0.848314	0.810619	0.190061	0.839119	0.545919	0.152743	0.444102	0.141875	0.565293	0.297588	0.136158	0.0159082	0.562772	0.710096	0.776138	0.879654	0.601299	0.609713	0.484953	0.628676	0.300605	
0.634457	0.713308	0.126736	0.818084	0.257295	0.00581475	0.424452	0.364877	0.892386	0.601438	0.884413	0.173381	0.864793	0.747808	0.119602	0.910089	0.217026	0.547763	0.800027	0.400954	0.226701	0.757062	0.672491	0.26731	0.703886	0.64046	0.0725406	0.697568	0.742477	0.866404	0.129045	0.0611143	0.472254	0.0759909	0.831909	0.329036	0.118007	0.977132	0.47064	0.0604368	
0.789296	0.668995	0.273797	0.65798	0.316502	0.368364	0.102342	0.843255	0.885771	0.11054	0.084695	0.462414	0.873244	0.562025	0.892176	0.408506	0.0998398	0.824484	0.0390023	0.136617	0.332053	0.0785891	0.452293	0.214366	0.810768	0.632434	0.991027	0.590549	0.541001	0.0121173	0.343386	0.160328	0.069159	0.0569563	0.521174	0.743639	0.836393	0.90596	0.65843	0.103678	
0.969408	0.629461	0.905164	0.737654	0.340032	0.943192	0.317052	0.104745	0.145289	0.843079	0.440704	0.214438	0.718645	0.162309	0.728165	0.939655	0.135868	0.0344658	0.975569	0.506018	0.770537	0.780461	0.780362	0.840926	0.562828	0.904728	0.0861972	0.834325	0.228647	0.477331	0.0537349	0.434497	0.508045	0.206148	0.435827	0.00328896	0.736758	0.879721	0.216141	0.00761488	
