10	30
47.7619	0.302834
44.9022	0.441521
51.8375	0.636639
47.4808	0.670869
43.4421	0.72902
47.1427	0.763229
47.1719	0.579265
45.2583	0.941851
45.3917	0.901165
52.1163	0.972641
34.1007
28.9738
47.651
9.32316
37.0099
18.529
40.1467
24.8466
40.6389
41.5207
15.5557
34.6093
8.71039
2.3778
20.7602
12.6077
31.3642
5.8145
2.48124
35.9891
46.918
11.7193
34.2531
46.9862
12.5919
40.5078
45.9743
35.7968
21.1502
6.80467
0.39482	0.10555	0.542097	0.399135	0.230654	0.07967	0.778455	0.258657	0.0411074	0.178205	0.392394	0.75392	0.307811	0.352607	0.519563	0.942985	0.863646	0.0294347	0.583027	0.617484	0.986485	0.415384	0.991057	0.0250648	0.897442	0.415807	0.930849	0.593178	0.501855	0.579378	
0.386824	0.929159	0.152469	0.517499	0.299377	0.608448	0.84396	0.213224	0.970052	0.285948	0.289115	0.812872	0.171981	0.87466	0.72546	0.809627	0.19031	0.340072	0.187303	0.802634	0.689414	0.858594	0.73812	0.830709	0.413321	0.924112	0.384906	0.538873	0.491084	0.455883	
0.629246	0.275575	0.839083	0.0974378	0.762641	0.320426	0.777888	0.862991	0.776807	0.777637	0.527114	0.507207	0.00584284	0.220542	0.602584	0.529086	0.332377	0.0125476	0.77521	0.464862	0.0939305	0.795194	0.0376262	0.109175	0.85391	0.0600399	0.663669	0.929451	0.765042	0.976648	
0.427445	0.611973	0.2424	0.710702	0.696718	0.553102	0.393302	0.431068	0.111863	0.754267	0.606905	0.831877	0.828489	0.2067	0.740182	0.060068	0.395915	0.601546	0.165617	0.486584	0.855361	0.394277	0.633142	0.834644	0.377138	0.346057	0.41432	0.00968456	0.096339	0.646851	
0.135037	0.0517878	0.853648	0.996637	0.206381	0.0549518	0.478503	0.761226	0.873753	0.646567	0.922838	0.322894	0.921107	0.804926	0.0181462	0.983884	0.609411	0.950946	0.00742293	0.882689	0.888717	0.746389	0.791076	0.868343	0.747311	0.123585	0.944602	0.245949	0.479201	0.863877	
0.537941	0.312568	0.711124	0.0230062	0.444491	0.888759	0.00787086	0.733683	0.318572	0.869282	0.312816	0.485974	0.995696	0.694543	0.260728	0.818828	0.926372	0.0567808	0.996677	0.587396	0.783226	0.781328	0.950909	0.457693	0.909512	0.752638	0.0661375	0.994958	0.983064	0.598185	
0.713301	0.424694	0.715567	0.596315	0.0229221	0.759019	0.340884	0.493257	0.77233	0.0587037	0.943388	0.138903	0.0271028	0.398383	0.204452	0.982932	0.588009	0.777731	0.339844	0.864493	0.642135	0.936572	0.61683	0.715792	0.185917	0.643696	0.905796	0.011389	0.960765	0.244388	
0.483758	0.665801	0.754442	0.462005	0.351271	0.120647	0.356118	0.293457	0.758601	0.0476888	0.288759	0.794805	0.0446176	0.140774	0.0539096	0.272126	0.652658	0.00955114	0.144451	0.836845	0.245808	0.959807	0.754283	0.966511	0.328325	0.0540043	0.321224	0.715659	0.266982	0.0370142	
0.469693	0.317374	0.771543	0.429948	0.958128	0.997396	0.720862	0.765525	0.554423	0.215724	0.2784	0.0996081	0.0565537	0.260229	0.461437	0.955338	0.492905	0.788294	0.254068	0.136114	0.860339	0.464397	0.324628	0.181562	0.541595	0.189082	0.672162	0.123151	0.475301	0.602826	
0.702402	0.99871	0.888019	0.513897	0.549838	0.581729	0.699869	0.138446	0.0722315	0.94023	0.16531	0.227188	0.881485	0.0881044	0.536793	0.683006	0.0575018	0.536467	0.614639	0.107753	0.860391	0.905267	0.686514	0.689523	0.720145	0.696983	0.423399	0.966533	0.581215	0.0968349	
