20	40
92.1913	0.614152
96.097	0.15032
83.1722	0.548913
98.8211	0.744213
83.3167	0.513084
84.7749	0.65205
99.8847	0.317305
90.809	0.156844
98.8565	0.171872
95.8602	0.764931
90.4493	0.918427
88.2545	0.754793
93.418	0.983437
82.6861	0.97327
102.061	0.938288
95.1469	0.624253
94.8439	0.292506
95.2778	0.579729
82.578	0.923501
88.0219	0.05022
3.56535
43.2534
24.8197
34.9517
44.6388
16.2071
35.0945
4.2591
43.4167
38.5943
20.4984
30.2031
19.5832
9.72216
15.6947
44.415
3.41443
25.8629
31.6139
5.0079
17.7231
26.6912
35.0971
25.6183
38.2064
24.4844
44.3112
1.37224
13.8884
6.38329
1.42492
32.9226
41.0595
35.4091
27.5857
29.5475
37.7525
9.16811
47.045
32.2632
0.402265	0.343388	0.16523	0.474165	0.516743	0.264589	0.564916	0.472318	0.425258	0.581043	0.375604	0.126193	0.143571	0.471054	0.862527	0.0770173	0.728115	0.284314	0.316944	0.172633	0.150301	0.927619	0.305269	0.584243	0.660475	0.846484	0.817485	0.34258	0.203749	0.613083	0.0735445	0.00389975	0.556281	0.274565	0.632458	0.0922588	0.909339	0.520151	0.822675	0.630051	
0.158817	0.572324	0.741605	0.461222	0.169764	0.418027	0.78732	0.113639	0.464574	0.552684	0.365761	0.737116	0.423487	0.306366	0.64551	0.677792	0.779542	0.991873	0.0535373	0.326271	0.0867559	0.011559	0.515657	0.882151	0.433964	0.162893	0.983634	0.124319	0.371379	0.267738	0.165542	0.940981	0.996436	0.629079	0.134524	0.253548	0.890413	0.0284406	0.483178	0.43491	
0.367266	0.329354	0.348919	0.997509	0.526225	0.573054	0.540879	0.590514	0.888096	0.421538	0.911243	0.966035	0.922841	0.55103	0.267814	0.416659	0.469822	0.819689	0.967284	0.95157	0.973208	0.165883	0.993949	0.688478	0.747148	0.384463	0.871845	0.186031	0.911477	0.283411	0.527628	0.760161	0.813983	0.833452	0.488473	0.99406	0.129786	0.314735	0.829176	0.0611792	
0.657103	0.383428	0.757696	0.0154101	0.338485	0.194412	0.652533	0.0961445	0.342811	0.685761	0.0682957	0.985265	0.874153	0.924034	0.398232	0.256608	0.422809	0.550725	0.230675	0.286442	0.820884	0.0509748	0.329793	0.718323	0.391011	0.185551	0.711475	0.330166	0.502538	0.550292	0.793558	0.566845	0.771236	0.178619	0.156598	0.475106	0.701906	0.818193	0.372353	0.569208	
0.866892	0.18542	0.166852	0.0652611	0.981185	0.129279	0.749743	0.41499	0.21006	0.336998	0.195147	0.0979784	0.604316	0.614673	0.505612	0.811468	0.258103	0.872314	0.281606	0.797533	0.630435	0.602403	0.242414	0.155971	0.693417	0.000837788	0.902643	0.906083	0.404769	0.417985	0.894643	0.0982498	0.366513	0.788174	0.297252	0.541397	0.923995	0.793909	0.885181	0.433007	
0.502112	0.653613	0.366652	0.0756206	0.249786	0.0457527	0.576957	0.816831	0.013613	0.933207	0.787565	0.509403	0.404643	0.804325	0.531981	0.8777	0.50392	0.302638	0.842654	0.309216	0.61986	0.353804	0.847699	0.40288	0.385129	0.785484	0.348703	0.791866	0.935794	0.515951	0.174127	0.91193	0.100189	0.437898	0.145086	0.567745	0.330606	0.928992	0.511144	0.598056	
0.492888	0.875361	0.185674	0.608849	0.236946	0.782363	0.237421	0.158158	0.593256	0.186896	0.981205	0.895092	0.430268	0.820108	0.559686	0.445938	0.897608	0.389982	0.697266	0.335401	0.371825	0.101961	0.306995	0.235235	0.966714	0.806218	0.489425	0.0144874	0.558946	0.111753	0.264864	0.416761	0.0512625	0.308099	0.0279996	0.49717	0.0599156	0.750712	0.509983	0.916378	
0.699686	0.670374	0.810229	0.756819	0.924767	0.27106	0.975446	0.0415921	0.219618	0.40073	0.972664	0.527185	0.683941	0.211843	0.0131516	0.676523	0.805791	0.932007	0.974941	0.404444	0.0797562	0.0509141	0.487843	0.288201	0.954421	0.821774	0.270658	0.844442	0.0658623	0.151754	0.794343	0.696937	0.657896	0.875633	0.767238	0.595838	0.43923	0.975448	0.0789175	0.914673	
0.673181	0.144891	0.48375	0.286691	0.128225	0.575321	0.274207	0.280015	0.115294	0.0425818	0.625027	0.0458526	0.0579843	0.764659	0.82067	0.432295	0.673319	0.331193	0.983501	0.376922	0.775812	0.0307631	0.665563	0.355175	0.999634	0.659628	0.232383	0.343316	0.646209	0.86187	0.830663	0.853734	0.410728	0.274654	0.321251	0.894894	0.539946	0.898688	0.694845	0.28608	
0.368443	0.526751	0.057657	0.646832	0.452266	0.963826	0.844715	0.519887	0.761661	0.827345	0.832461	0.619344	0.385746	0.254085	0.604321	0.0257211	0.40208	0.258726	0.706372	0.0523767	0.128114	0.397626	0.305766	0.216048	0.712947	0.36908	0.65194	0.264358	0.593205	0.947329	0.456637	0.979475	0.44977	0.987828	0.553491	0.850356	0.703192	0.0185133	0.0152652	0.239581	
0.536577	0.210321	0.53536	0.77453	0.0508462	0.496683	0.987001	0.725855	0.352749	0.455003	0.45104	0.404086	0.0190406	0.145073	0.025794	0.00652229	0.937095	0.0707031	0.921079	0.355531	0.775202	0.127893	0.122445	0.724747	0.308859	0.407155	0.822234	0.0916771	0.0208608	0.0670706	0.881999	0.254629	0.810615	0.387015	0.21606	0.828658	0.223524	0.960495	0.46973	0.336714	
0.481804	0.0391286	0.567742	0.544882	0.504637	0.0547606	0.103799	0.118445	0.818033	0.0751245	0.967158	0.496336	0.189623	0.283895	0.346037	0.151685	0.87333	0.911804	0.712522	0.361073	0.464191	0.869041	0.309643	0.119395	0.145122	0.778204	0.00534282	0.135129	0.131209	0.537245	0.667843	0.931767	0.629803	0.432267	0.964332	0.526976	0.398127	0.977856	0.466956	0.578628	
0.148782	0.79649	0.0995625	0.30477	0.824588	0.917734	0.617302	0.86759	0.951366	0.633374	0.1281	0.98956	0.445493	0.396691	0.259582	0.37048	0.720352	0.698405	0.717322	0.773768	0.18733	0.6112	0.387142	0.950374	0.72316	0.760794	0.960599	0.732616	0.205047	0.760313	0.723722	0.991456	0.740443	0.860328	0.182249	0.220617	0.429893	0.789204	0.0304729	0.248598	
0.54199	0.793369	0.801134	0.183814	0.846495	0.977533	0.325848	0.102155	0.16745	0.756152	0.572464	0.121717	0.747928	0.347412	0.157095	0.8326	0.618219	0.646464	0.402246	0.945581	0.199957	0.919906	0.391353	0.790483	0.881217	0.493641	0.837146	0.494494	0.324526	0.888829	0.58352	0.603547	0.572047	0.846777	0.416632	0.19244	0.0689567	0.100557	0.504661	0.256749	
0.623824	0.916205	0.584615	0.205941	0.638982	0.471746	0.105067	0.867797	0.847936	0.673346	0.209945	0.572037	0.496668	0.249341	0.20383	0.549741	0.94596	0.925778	0.265732	0.440673	0.655378	0.753302	0.316902	0.978497	0.187236	0.135346	0.203788	0.943019	0.0120813	0.490618	0.484248	0.0792003	0.210168	0.569629	0.712651	0.241611	0.205344	0.747137	0.816837	0.893833	
0.213912	0.655592	0.451954	0.482073	0.747162	0.818942	0.99573	0.651755	0.57273	0.874733	0.515514	0.242047	0.034482	0.992379	0.6307	0.681561	0.97783	0.393029	0.39917	0.0139919	0.409818	0.340861	0.731881	0.283394	0.686056	0.397353	0.451466	0.170809	0.0271763	0.749048	0.825977	0.550683	0.968687	0.193513	0.943251	0.811386	0.830149	0.3591	0.524678	0.884842	
0.50304	0.00227686	0.220391	0.902499	0.0195582	0.653677	0.970926	0.132989	0.628329	0.399017	0.917131	0.813288	0.851464	0.0445592	0.54351	0.832292	0.48775	0.286838	0.353863	0.484197	0.436727	0.460962	0.723147	0.171544	0.664005	0.947489	0.902985	0.508582	0.30411	0.140507	0.73577	0.813365	0.957836	0.618408	0.215647	0.327942	0.650812	0.165428	0.670196	0.530414	
0.0230385	0.815639	0.383278	0.442433	0.980019	0.839002	0.278851	0.452849	0.84061	0.609817	0.43548	0.500617	0.312042	0.313993	0.95465	0.382018	0.661	0.963191	0.0935151	0.670888	0.40924	0.466002	0.61347	0.81654	0.176592	0.688036	0.928299	0.918645	0.481135	0.282694	0.20448	0.0451711	0.708896	0.0816151	0.555353	0.429757	0.817387	0.964922	0.828122	0.622676	
0.245918	0.810961	0.666038	0.665946	0.36234	0.749053	0.49841	0.527817	0.418482	0.49716	0.361362	0.552042	0.456087	0.927714	0.73731	0.785665	0.985717	0.414487	0.98341	0.00553093	0.701221	0.417055	0.368494	0.934375	0.905453	0.296789	0.215256	0.746005	0.156776	0.100817	0.613845	0.428166	0.742262	0.701679	0.138898	0.605349	0.544306	0.995238	0.865299	0.586318	
0.761986	0.612437	0.925631	0.26073	0.71468	0.112874	0.457271	0.767795	0.0809289	0.326571	0.689979	0.125767	0.497474	0.735262	0.329213	0.936078	0.443312	0.944794	0.241609	0.7775	0.862946	0.663772	0.459613	0.655994	0.998201	0.624898	0.173914	0.551285	0.678202	0.918576	0.306121	0.196354	0.461182	0.396494	0.290093	0.45914	0.727232	0.39248	0.53832	0.232963	
