10	20
47.9415	0.12226
45.4827	0.143328
41.0473	0.596874
49.4443	0.943181
46.4834	0.814324
47.1394	0.0262328
48.6493	0.0181547
43.4542	0.605961
42.6442	0.972544
44.9195	0.598324
39.7141
3.611
2.83639
22.287
7.0402
37.0481
38.0768
5.68526
33.8443
43.7503
42.1118
48.6434
38.0408
18.8111
32.5021
20.9768
5.42968
27.2318
21.9232
40.8547
0.423193	0.619383	0.0509787	0.226674	0.862006	0.236517	0.746038	0.84192	0.630298	0.07417	0.473247	0.455018	0.0018887	0.16837	0.929545	0.547733	0.323353	0.966055	0.123292	0.542333	
0.784261	0.840437	0.922971	0.385188	0.425903	0.943177	0.405466	0.422217	0.243056	0.418844	0.475063	0.016141	0.663047	0.448148	0.757552	0.86183	0.41759	0.0800848	0.480163	0.6825	
0.159431	0.880381	0.415288	0.797892	0.157276	0.377628	0.721776	0.33449	0.196723	0.594603	0.99434	0.798365	0.535648	0.626564	0.847995	0.000572253	0.122679	0.175743	0.538165	0.275654	
0.703193	0.884825	0.520083	0.144956	0.278219	0.848294	0.261771	0.0319091	0.643392	0.516774	0.442411	0.209676	0.907662	0.714879	0.72178	0.0505068	0.696669	0.439976	0.959522	0.546877	
0.0419679	0.135765	0.00870781	0.260649	0.648527	0.998301	0.30385	0.988448	0.522276	0.12587	0.586057	0.753261	0.775632	0.799049	0.884716	0.533162	0.0472052	0.570871	0.666517	0.136283	
0.342094	0.680091	0.588996	0.646673	0.442891	0.54488	0.0761153	0.56812	0.82633	0.935999	0.499713	0.161407	0.429305	0.594418	0.942533	0.246726	0.145585	0.691596	0.277176	0.264228	
0.109966	0.532764	0.829461	0.104463	0.53546	0.298448	0.986347	0.310388	0.442738	0.703326	0.50297	0.0778776	0.804605	0.634085	0.735083	0.26749	0.132522	0.767558	0.799279	0.737982	
0.492847	0.288123	0.795443	0.466909	0.652974	0.749541	0.809398	0.0874165	0.44936	0.29108	0.437216	0.150778	0.294656	0.995322	0.70324	0.779497	0.208697	0.828533	0.937103	0.417116	
0.579103	0.402359	0.956616	0.800666	0.176416	0.391312	0.28863	0.667233	0.504398	0.927567	0.816569	0.791512	0.644145	0.322894	0.23385	0.382631	0.174817	0.896311	0.0440922	0.864078	
0.58309	0.59992	0.189647	0.820159	0.00919895	0.892393	0.439665	0.742311	0.894315	0.31249	0.126969	0.286609	0.968525	0.563874	0.0594805	0.831158	0.601753	0.383433	0.715842	0.288168	
