10	20
47.8216	0.434546
39.2472	0.785101
40.8209	0.576437
42.5169	0.762866
44.239	0.364056
43.0528	0.246246
40.1324	0.212978
45.8667	0.924055
47.7325	0.355015
47.0729	0.381496
2.66645
44.4738
25.3607
2.28185
44.6992
49.637
14.7323
22.8788
42.73
24.2422
14.5957
42.2413
10.5611
42.9594
16.0818
6.62649
12.3706
10.3155
44.9469
35.9305
0.671156	0.412046	0.526382	0.148605	0.156711	0.186467	0.210108	0.45274	0.870143	0.063681	0.624312	0.523348	0.562296	0.0058172	0.307423	0.950184	0.126654	0.0789879	0.311353	0.632384	
0.699359	0.641965	0.920024	0.298876	0.568746	0.178624	0.532574	0.646691	0.142065	0.581389	0.47919	0.386419	0.440465	0.404757	0.442254	0.0301233	0.776005	0.550958	0.381073	0.529266	
0.956877	0.175821	0.118303	0.862946	0.0748669	0.825095	0.836132	0.0753949	0.0114008	0.0484206	0.357123	0.665693	0.0113896	0.107918	0.901013	0.794879	0.811461	0.640278	0.62478	0.145508	
0.570216	0.0651125	0.313413	0.217066	0.52695	0.427108	0.98263	0.140451	0.748412	0.78884	0.730397	0.845618	0.55619	0.0568627	0.886725	0.314417	0.560392	0.254014	0.934962	0.0342449	
0.686545	0.438935	0.977721	0.477384	0.238953	0.932351	0.136715	0.171928	0.503054	0.0558529	0.297667	0.927714	0.386596	0.462125	0.578629	0.113921	0.368414	0.360748	0.880018	0.274542	
0.224581	0.813973	0.0582008	0.730153	0.0326791	0.599987	0.0305411	0.859605	0.43978	0.560445	0.817405	0.0890063	0.701488	0.385572	0.0174225	0.0509669	0.435072	0.976844	0.0937833	0.55152	
0.643103	0.440255	0.788874	0.704458	0.720458	0.496777	0.733596	0.874533	0.559899	0.680415	0.368431	0.591129	0.479063	0.450417	0.246545	0.786697	0.44054	0.700122	0.821063	0.371736	
0.952524	0.975435	0.426933	0.497933	0.666818	0.233617	0.550021	0.989071	0.0547464	0.617007	0.112331	0.462488	0.73487	0.336082	0.546136	0.952581	0.114155	0.982351	0.742395	0.848073	
0.73226	0.261986	0.948549	0.270225	0.972404	0.677317	0.8098	0.443069	0.109241	0.970392	0.38848	0.446539	0.191155	0.89116	0.474228	0.21238	0.609149	0.517703	0.402961	0.32302	
0.588575	0.388782	0.45095	0.246921	0.579579	0.955881	0.59444	0.285054	0.0747692	0.562379	0.187744	0.573115	0.135465	0.375628	0.330011	0.547794	0.19797	0.251551	0.809384	0.92581	
