15	40
68.9575	0.141162
66.6126	0.625721
65.5638	0.280815
69.9271	0.300337
72.1722	0.0291099
63.3453	0.529772
75.0647	0.739507
60.7457	0.93294
72.3385	0.179234
74.4574	0.154881
64.8444	0.474267
71.1433	0.165493
61.5509	0.464202
69.0874	0.409224
70.7882	0.0532085
19.1188
6.45112
1.32122
6.87842
42.6546
3.17581
43.9813
22.1685
19.6451
41.7351
16.2588
38.8736
10.6451
3.64041
42.1177
46.0599
28.3196
35.152
19.3196
29.6538
2.45322
9.45359
11.3144
24.3709
37.4714
40.65
47.7015
13.4275
4.41989
33.3065
13.8268
35.2759
7.28063
12.9511
23.3368
24.6982
26.9689
41.5723
25.5634
34.2212
0.953615	0.525332	0.588957	0.770121	0.840533	0.623441	0.137412	0.105924	0.836462	0.745062	0.966896	0.392204	0.765167	0.465461	0.816637	0.0114211	0.48455	0.205873	0.439099	0.187986	0.906444	0.1579	0.179894	0.935359	0.608178	0.657678	0.159556	0.354602	0.474458	0.61898	0.463791	0.390491	0.839943	0.793263	0.206949	0.59345	0.468031	0.67591	0.946315	0.533277	
0.535649	0.554748	0.694825	0.763225	0.726998	0.336225	0.341712	0.451301	0.202201	0.21563	0.519912	0.108054	0.971346	0.494424	0.119884	0.507109	0.0493696	0.255106	0.0241504	0.0778302	0.680318	0.7947	0.0382422	0.229605	0.175217	0.295181	0.427784	0.660602	0.883674	0.401478	0.799143	0.687755	0.770735	0.399188	0.625647	0.0941603	0.861721	0.513836	0.47579	0.850894	
0.890243	0.290803	0.946597	0.525882	0.173311	0.253565	0.716762	0.69249	0.74615	0.444666	0.994432	0.409518	0.771786	0.314408	0.800552	0.464756	0.293168	0.649349	0.229862	0.0758032	0.564327	0.721549	0.961658	0.30357	0.0888686	0.41954	0.434033	0.964381	0.777123	0.635255	0.548677	0.240452	0.407187	0.799061	0.316852	0.592298	0.735394	0.0752814	0.765854	0.462318	
0.620778	0.0859761	0.837334	0.897566	0.799926	0.109366	0.904523	0.57056	0.565208	0.490264	0.402207	0.35329	0.881464	0.23876	0.0309946	0.433314	0.808884	0.658447	0.359517	0.456013	0.0475686	0.0270272	0.487002	0.631637	0.311197	0.470195	0.452163	0.3751	0.499074	0.134827	0.315476	0.0330838	0.223886	0.719486	0.226591	0.21265	0.993753	0.926181	0.491721	0.758207	
0.980034	0.90958	0.343797	0.0489608	0.209586	0.842393	0.76809	0.804167	0.271238	0.0097829	0.976184	0.331861	0.686827	0.255685	0.062101	0.970287	0.275416	0.0914606	0.988317	0.586784	0.638434	0.758854	0.477048	0.156964	0.255485	0.648731	0.925671	0.872933	0.852573	0.721477	0.926027	0.381928	0.483261	0.496259	0.840754	0.757742	0.44842	0.316966	0.00738352	0.326293	
0.0468674	0.199992	0.394016	0.122513	0.776823	0.382521	0.102145	0.00110757	0.183596	0.455563	0.476745	0.137492	0.688231	0.0408167	0.9632	0.601359	0.900921	0.235116	0.583719	0.981796	0.85053	0.106158	0.729053	0.884123	0.0287708	0.521769	0.783764	0.127743	0.634434	0.0873534	0.721628	0.654844	0.764187	0.959011	0.242494	0.511001	0.569318	0.819523	0.175093	0.679666	
0.799567	0.931483	0.880455	0.997359	0.900724	0.788543	0.910062	0.30426	0.538142	0.901999	0.76352	0.629824	0.821126	0.931262	0.345995	0.674485	0.660686	0.416387	0.92302	0.156828	0.306542	0.228066	0.673539	0.898223	0.678646	0.392563	0.192158	0.69048	0.859538	0.111928	0.807885	0.977322	0.994639	0.453728	0.624386	0.504952	0.773549	0.393782	0.0155999	0.286514	
0.184945	0.28113	0.874907	0.109933	0.134646	0.0585195	0.482093	0.933367	0.0626463	0.150205	0.248539	0.673629	0.93217	0.319214	0.651238	0.39377	0.921819	0.455742	0.504374	0.790418	0.218744	0.348964	0.935262	0.242703	0.297921	0.811063	0.552032	0.768239	0.625043	0.129087	0.279011	0.598898	0.913635	0.841257	0.900005	0.0147188	0.318573	0.275948	0.790512	0.203428	
0.813671	0.654448	0.143207	0.936583	0.585074	0.586103	0.71775	0.0516741	0.225703	0.872215	0.0256541	0.753571	0.718418	0.700461	0.905902	0.932194	0.556409	0.903372	0.430324	0.144875	0.883781	0.954735	0.223363	0.876664	0.740578	0.621667	0.679722	0.300359	0.188479	0.274329	0.129863	0.772005	0.451973	0.2145	0.161592	0.673542	0.788611	0.545734	0.0674112	0.0128515	
0.338606	0.356152	0.910167	0.782839	0.568654	0.0156961	0.287855	0.672045	0.142212	0.654139	0.0187358	0.476023	0.57009	0.94689	0.475509	0.230705	0.74586	0.65551	0.798211	0.632528	0.566762	0.78913	0.00645348	0.0733405	0.551365	0.448946	0.318655	0.781952	0.792085	0.417816	0.892643	0.286842	0.420347	0.498283	0.626351	0.162219	0.977144	0.53486	0.282415	0.897099	
0.0431564	0.331966	0.839198	0.817651	0.453616	0.807782	0.768486	0.911354	0.0245819	0.452635	0.217416	0.866965	0.0196656	0.671557	0.90951	0.61834	0.426592	0.939159	0.062677	0.184665	0.463126	0.0419972	0.79246	0.0405383	0.674695	0.348524	0.365779	0.174772	0.420582	0.61038	0.0780497	0.904603	0.570947	0.620156	0.439944	0.131643	0.490967	0.700192	0.304451	0.792933	
0.900506	0.421045	0.818047	0.893242	0.05067	0.592099	0.413527	0.404799	0.00963306	0.0999017	0.42166	0.507721	0.209729	0.847543	0.229002	0.908273	0.132762	0.0198422	0.497036	0.964874	0.652939	0.82477	0.201324	0.360336	0.143436	0.0105953	0.598173	0.176379	0.555131	0.53561	0.642607	0.577048	0.375214	0.770892	0.933846	0.0614399	0.618086	0.679702	0.842535	0.106974	
0.973828	0.457349	0.201783	0.190297	0.102847	0.834363	0.780771	0.768103	0.245363	0.433782	0.65971	0.0165032	0.239705	0.325018	0.384052	0.470014	0.649517	0.129052	0.168869	0.0615917	0.0787932	0.468253	0.927131	0.582164	0.421979	0.550835	0.654493	0.0458137	0.695511	0.0314254	0.19199	0.837085	0.573793	0.827448	0.681325	0.342271	0.725885	0.345532	0.8376	0.180878	
0.350928	0.211774	0.178545	0.925725	0.0468769	0.747963	0.922164	0.111538	0.00508535	0.803511	0.044095	0.88449	0.479348	0.00503321	0.893273	0.464149	0.822568	0.0345829	0.442307	0.654817	0.00383745	0.998385	0.563344	0.261174	0.693108	0.0462355	0.463443	0.259156	0.145353	0.576719	0.918832	0.697511	0.025638	0.184443	0.245656	0.18717	0.146264	0.86187	0.317855	0.451047	
0.429738	0.866552	0.0718819	0.0906733	0.714503	0.337099	0.852451	0.848571	0.870354	0.770489	0.609716	0.15991	0.900954	0.865844	0.0351608	0.722187	0.790129	0.981333	0.354833	0.965509	0.310244	0.216044	0.0196295	0.678332	0.395591	0.331934	0.941753	0.871592	0.578422	0.205667	0.124676	0.366256	0.540722	0.406624	0.612147	0.732172	0.655021	0.203159	0.753592	0.0928659	
