15	20
69.664	0.34519
69.5325	0.406348
73.9276	0.420253
62.4359	0.0445746
66.1757	0.175784
69.3071	0.854952
63.2174	0.295542
65.2553	0.286929
59.7487	0.264131
65.3583	0.649682
59.7451	0.57316
59.5541	0.714601
72.9616	0.850196
68.0441	0.224392
73.5951	0.0351683
8.47729
13.0988
3.56929
26.7593
46.4308
33.5531
41.4631
47.4286
36.9188
14.3729
20.6619
7.9264
20.2639
25.6994
1.32193
33.0345
26.128
9.79785
43.0833
21.9548
0.171811	0.532899	0.935696	0.538457	0.410598	0.981349	0.662287	0.801156	0.348256	0.503042	0.843815	0.864688	0.75851	0.656175	0.804198	0.869613	0.184288	0.316372	0.718342	0.411624	
0.973021	0.410458	0.357804	0.963765	0.538837	0.454868	0.577563	0.299274	0.28926	0.178086	0.750068	0.58707	0.18919	0.534138	0.25036	0.900595	0.107359	0.251172	0.0159224	0.406103	
0.512511	0.305094	0.447574	0.341756	0.725402	0.0967006	0.907326	0.784354	0.798578	0.746019	0.57979	0.905049	0.154864	0.60675	0.720003	0.447086	0.893152	0.317173	0.600369	0.775871	
0.355844	0.922553	0.391648	0.761593	0.256565	0.892055	0.173175	0.300603	0.0872911	0.262832	0.0754278	0.848535	0.763469	0.710492	0.239961	0.769223	0.5493	0.903133	0.987233	0.43685	
0.411052	0.791603	0.0174238	0.94118	0.60541	0.923438	0.26865	0.847344	0.259771	0.724779	0.190613	0.343835	0.769672	0.463076	0.525261	0.0256185	0.0109378	0.538212	0.412782	0.619127	
0.287099	0.55175	0.966442	0.160568	0.944563	0.80726	0.376911	0.295714	0.0324474	0.253765	0.399906	0.35408	0.871609	0.482062	0.849282	0.228371	0.344839	0.580338	0.687387	0.722692	
0.232752	0.601695	0.657374	0.353131	0.68557	0.791661	0.0930729	0.681653	0.228507	0.813104	0.84389	0.0402325	0.643659	0.0590426	0.587867	0.163606	0.62172	0.201718	0.266424	0.0541643	
0.903153	0.957604	0.276147	0.714072	0.364093	0.0389395	0.182134	0.155839	0.238991	0.490166	0.0280841	0.368068	0.619239	0.516081	0.0449548	0.358835	0.971202	0.98635	0.705402	0.0349339	
0.719182	0.0712752	0.54841	0.291699	0.565034	0.0948176	0.127373	0.0678925	0.827073	0.467846	0.896788	0.249215	0.476072	0.904809	0.0219543	0.84781	0.925876	0.974004	0.092262	0.269636	
0.661244	0.21584	0.124168	0.349578	0.75055	0.938283	0.954229	0.523992	0.697353	0.781097	0.208481	0.967066	0.882432	0.650141	0.109546	0.321065	0.642295	0.931854	0.877782	0.585175	
0.493689	0.0335329	0.534529	0.335316	0.101462	0.517703	0.203676	0.928714	0.0519558	0.204821	0.118452	0.732847	0.911336	0.511735	0.223466	0.791256	0.617166	0.98005	0.461046	0.0830435	
0.518031	0.234906	0.379031	0.117307	0.329237	0.751042	0.838162	0.82483	0.26254	0.476399	0.557108	0.937902	0.944045	0.715887	0.562716	0.76328	0.153703	0.144711	0.255808	0.335066	
0.367832	0.504021	0.571707	0.401074	0.345058	0.232686	0.391996	0.929282	0.996439	0.34986	0.715831	0.00706736	0.23487	0.498954	0.59063	0.585043	0.608529	0.164983	0.0107438	0.17681	
0.0820645	0.833288	0.845886	0.157117	0.367332	0.293508	0.831376	0.461435	0.613786	0.0431871	0.186261	0.794083	0.577682	0.0338993	0.170629	0.384964	0.473955	0.101482	0.232287	0.379071	
0.17439	0.625335	0.854737	0.265986	0.793428	0.543258	0.920085	0.310196	0.852691	0.403919	0.169144	0.541206	0.838317	0.422062	0.395669	0.145626	0.030201	0.109213	0.53435	0.823297	
