15	40
64.5267	0.730115
72.2411	0.717698
67.0838	0.141534
68.3957	0.973013
71.9946	0.0611152
72.4515	0.70709
60.8255	0.58074
64.8328	0.701474
60.0048	0.113171
73.8508	0.954965
67.8664	0.0140445
61.9136	0.889801
71.2262	0.915682
62.7175	0.371082
66.335	0.946004
35.0769
27.4988
22.3913
1.28976
48.488
42.0626
22.6368
4.40116
48.313
24.9241
17.9739
39.6163
49.1147
39.1801
42.7844
44.8968
47.5036
11.0058
16.2363
35.7124
8.20841
49.5572
43.314
23.1272
49.9322
11.1391
39.7782
24.6456
18.9849
34.2767
3.88004
43.643
48.395
30.1314
45.5229
16.1562
1.58313
32.8282
10.0535
37.5309
0.478753	0.225555	0.0727724	0.606271	0.51492	0.225544	0.266543	0.812925	0.822966	0.468813	0.132335	0.779048	0.755117	0.743099	0.938288	0.973502	0.856142	0.716218	0.585502	0.790224	0.412121	0.841479	0.14707	0.492336	0.992405	0.680118	0.0731162	0.700356	0.628625	0.540106	0.0680863	0.349525	0.655956	0.354501	0.89988	0.382084	0.541957	0.555444	0.362073	0.261622	
0.637224	0.569764	0.912942	0.303031	0.879883	0.22974	0.817125	0.64919	0.512217	0.974809	0.0378078	0.36772	0.892133	0.00314986	0.0116622	0.377661	0.395011	0.251101	0.864224	0.183059	0.687535	0.118217	0.369049	0.529939	0.245054	0.172573	0.686624	0.799578	0.205434	0.830141	0.417308	0.653197	0.78103	0.41547	0.742733	0.91087	0.70505	0.554889	0.528046	0.297165	
0.722347	0.139516	0.669133	0.81885	0.30605	0.238374	0.678184	0.952519	0.00428733	0.0749054	0.702025	0.896381	0.907104	0.998991	0.0142068	0.445754	0.278716	0.879697	0.0986187	0.64885	0.221701	0.528681	0.0027116	0.852492	0.997286	0.0145597	0.588267	0.691287	0.224167	0.16571	0.266839	0.187902	0.0081621	0.727469	0.138972	0.902114	0.239539	0.186053	0.422263	0.87776	
0.707504	0.70415	0.154086	0.0348409	0.0690264	0.169883	0.756701	0.77675	0.930214	0.202323	0.82089	0.669621	0.440902	0.24897	0.850862	0.897446	0.96461	0.809724	0.508125	0.557391	0.459575	0.320656	0.167232	0.463947	0.128922	0.373725	0.461244	0.473675	0.720918	0.992273	0.686819	0.413462	0.902504	0.0900185	0.743902	0.994353	0.0219592	0.604486	0.290019	0.374221	
0.506431	0.642668	0.493899	0.934846	0.0119035	0.977603	0.985092	0.596566	0.551173	0.478236	0.00760594	0.266945	0.666275	0.943421	0.722839	0.729365	0.896967	0.134479	0.433535	0.59683	0.158629	0.302688	0.2507	0.484871	0.604953	0.762603	0.753909	0.139709	0.219264	0.446376	0.0207544	0.0945227	0.64197	0.39307	0.570594	0.349075	0.391444	0.904413	0.282343	0.870353	
0.965737	0.952741	0.17043	0.29971	0.99971	0.12301	0.737676	0.476016	0.616111	0.831265	0.203619	0.294934	0.189003	0.483027	0.164311	0.994292	0.360155	0.601877	0.403185	0.708999	0.603675	0.670479	0.595154	0.226489	0.267268	0.497019	0.769927	0.429926	0.494326	0.682916	0.771543	0.402134	0.372901	0.200876	0.0857395	0.516271	0.880398	0.539291	0.291893	0.0596153	
0.43505	0.413429	0.639237	0.491257	0.345242	0.0723597	0.301815	0.585179	0.861686	0.698454	0.62444	0.355838	0.79923	0.450662	0.516312	0.941981	0.327921	0.251046	0.63667	0.976483	0.442773	0.104158	0.507674	0.090039	0.470735	0.234848	0.0230993	0.96539	0.586556	0.823381	0.424271	0.324134	0.936243	0.121908	0.479057	0.491207	0.659271	0.307418	0.0609268	0.198456	
0.805844	0.465273	0.684371	0.32037	0.768717	0.426974	0.00227531	0.382306	0.661685	0.143456	0.209326	0.984301	0.250479	0.836206	0.479753	0.425606	0.197007	0.360201	0.0998426	0.702386	0.667679	0.364544	0.120202	0.412547	0.422323	0.379909	0.667983	0.641576	0.919643	0.40914	0.947796	0.158193	0.604059	0.288557	0.047023	0.633439	0.390177	0.463159	0.707599	0.530195	
0.174891	0.12704	0.859545	0.58559	0.407681	0.95988	0.201228	0.171489	0.858063	0.906615	0.781609	0.773596	0.848495	0.43833	0.201147	0.773668	0.617422	0.0424334	0.548093	0.651976	0.665726	0.270174	0.487256	0.642516	0.246599	0.254207	0.383003	0.631771	0.130659	0.689655	0.701698	0.575732	0.0822804	0.91679	0.12826	0.56481	0.743893	0.451554	0.217821	0.387919	
0.539797	0.496916	0.24856	0.900928	0.342341	0.695214	0.694625	0.0909953	0.198324	0.305384	0.744925	0.195311	0.526429	0.495783	0.873639	0.941973	0.863641	0.036227	0.471618	0.497817	0.536038	0.653633	0.544749	0.0849496	0.791883	0.610032	0.258467	0.545975	0.711232	0.802241	0.240951	0.0567576	0.401103	0.981515	0.162837	0.627202	0.847753	0.685832	0.813899	0.0145791	
0.437654	0.70878	0.967416	0.68584	0.849089	0.107268	0.994165	0.0729358	0.770223	0.191864	0.849341	0.856474	0.793258	0.9892	0.373056	0.0148511	0.897997	0.164249	0.0579339	0.741658	0.447536	0.589778	0.768441	0.0938108	0.644756	0.802596	0.0790931	0.454371	0.988086	0.627545	0.898507	0.283852	0.480242	0.0838597	0.444749	0.436637	0.799009	0.620469	0.0709128	0.562695	
0.123776	0.0723625	0.800277	0.331694	0.60903	0.327399	0.232931	0.367121	0.66097	0.133772	0.0131444	0.525395	0.582191	0.0565648	0.353902	0.894392	0.0531391	0.107188	0.91652	0.254459	0.339396	0.485461	0.078484	0.238772	0.577919	0.717171	0.867787	0.596623	0.354649	0.594255	0.546304	0.925511	0.439694	0.974562	0.873629	0.419208	0.447259	0.135774	0.204039	0.168726	
0.450003	0.369163	0.939047	0.527741	0.695085	0.00776154	0.766781	0.299737	0.82815	0.677624	0.920633	0.710917	0.748957	0.242269	0.044704	0.145107	0.993314	0.360242	0.710291	0.428556	0.479322	0.13892	0.387329	0.101882	0.264325	0.671636	0.503025	2.38463e-05	0.472274	0.0442461	0.939218	0.715347	0.596592	0.757276	0.549164	0.0215828	0.187535	0.815954	0.310084	0.931533	
0.075782	0.0286561	0.83269	0.340158	0.404264	0.34504	0.162225	0.0931636	0.270126	0.790147	0.717332	0.0142295	0.478267	0.891744	0.483092	0.111808	0.82111	0.721829	0.569636	0.00623805	0.575313	0.38025	0.223015	0.820165	0.595851	0.816414	0.555186	0.945681	0.966233	0.617663	0.116817	0.174219	0.190053	0.516687	0.0355225	0.661586	0.315158	0.0752285	0.713867	0.0237529	
0.82742	0.391976	0.467795	0.161424	0.00823695	0.00966233	0.567788	0.985206	0.253426	0.43444	0.729816	0.85612	0.520497	0.475662	0.227343	0.0579547	0.664759	0.587014	0.693398	0.161862	0.718003	0.0448775	0.197395	0.424406	0.052439	0.357103	0.722128	0.737751	0.0212143	0.951489	0.577952	0.165552	0.400714	0.512653	0.707965	0.232375	0.649785	0.798963	0.725917	0.865201	
