10	30
41.6109	0.766675
43.8689	0.463742
50.7638	0.836214
47.4309	0.57164
47.9307	0.329541
42.2805	0.835253
45.5295	0.841251
48.0724	0.12766
48.6313	0.519981
45.8184	0.223685
33.7319
37.3964
7.65974
33.245
47.6293
39.616
31.6873
13.3549
26.307
32.3969
44.2938
37.4306
30.0119
45.6199
36.6263
26.4951
34.346
10.6807
39.3257
18.5857
24.9636
30.6017
3.68918
23.0096
10.6647
33.8521
5.10574
5.43385
32.0201
6.00194
0.260542	0.571606	0.452331	0.778781	0.591641	0.976221	0.598233	0.853717	0.542014	0.792953	0.35934	0.583582	0.00425814	0.248059	0.428134	0.100956	0.394122	0.332781	0.836397	0.483909	0.636751	0.349566	0.983933	0.693027	0.539941	0.194981	0.896735	0.60972	0.677168	0.677647	
0.736554	0.0639439	0.308808	0.806766	0.227572	0.560496	0.702476	0.305877	0.238334	0.839377	0.470486	0.303983	0.60602	0.0859751	0.467575	0.937254	0.357589	0.92885	0.252106	0.226835	0.412853	0.302509	0.940024	0.541179	0.950916	0.0857962	0.0719092	0.526007	0.698694	0.912384	
0.595303	0.309544	0.807971	0.439868	0.792056	0.351775	0.977346	0.857068	0.687638	0.296334	0.898867	0.647762	0.729144	0.702451	0.791499	0.632245	0.289766	0.492395	0.00292306	0.702129	0.647743	0.293387	0.300728	0.0338919	0.426626	0.766039	0.974705	0.0926505	0.946697	0.238535	
0.736183	0.880094	0.796685	0.0828864	0.680832	0.878229	0.762056	0.683379	0.655282	0.412598	0.976055	0.830023	0.366439	0.582979	0.284966	0.730481	0.0168474	0.0300549	0.626626	0.390552	0.00647232	0.511147	0.748974	0.129478	0.334093	0.883685	0.499189	0.508817	0.654987	0.00403934	
0.190288	0.77854	0.444787	0.143702	0.371757	0.429005	0.170033	0.984642	0.618993	0.526341	0.484224	0.445006	0.567636	0.899502	0.0668972	0.98516	0.693512	0.195836	0.135804	0.0012268	0.681056	0.475492	0.0671732	0.00439068	0.936363	0.232314	0.947495	0.766681	0.905742	0.545158	
0.803172	0.639171	0.642004	0.237933	0.893209	0.0802844	0.470797	0.974413	0.231863	0.336608	0.730202	0.0969693	0.381413	0.691572	0.28193	0.961885	0.637546	0.228582	0.489572	0.52437	0.929673	0.400826	0.00485748	0.872558	0.0262955	0.784211	0.281916	0.97474	0.434693	0.821938	
0.575736	0.898555	0.130341	0.765559	0.0932362	0.98133	0.922866	0.0120691	0.842544	0.774894	0.711762	0.639659	0.478507	0.748397	0.873259	0.861275	0.0170315	0.551041	0.166928	0.464768	0.153379	0.243986	0.20509	0.420981	0.482836	0.42637	0.0215205	0.129571	0.620607	0.747529	
0.321759	0.979299	0.197123	0.139141	0.543682	0.0604763	0.818102	0.443481	0.913063	0.103119	0.344065	0.40106	0.324264	0.329642	0.294347	0.221193	0.687234	0.451754	0.867908	0.534312	0.131982	0.22925	0.0760586	0.239612	0.941457	0.119697	0.910363	0.747015	0.600846	0.586946	
0.930294	0.919068	0.645376	0.659518	0.165295	0.365969	0.333318	0.580249	0.118981	0.885791	0.827587	0.553176	0.184422	0.57265	0.746281	0.949167	0.621895	0.186181	0.185632	0.0276109	0.632834	0.147668	0.241169	0.756109	0.520218	0.966087	0.883759	0.273138	0.57389	0.588799	
0.797405	0.331247	0.0957397	0.730713	0.959016	0.0546436	0.79624	0.335805	0.248279	0.848382	0.184452	0.0387544	0.969257	0.813789	0.535771	0.0637073	0.467727	0.916356	0.64528	0.920962	0.167317	0.568706	0.0258461	0.205155	0.238482	0.756241	0.727133	0.280594	0.0439159	0.365683	
