15	30
65.1947	0.445602
63.7736	0.966773
75.1206	0.704881
69.6195	0.664272
63.4815	0.595817
65.9652	0.555218
63.3953	0.720992
70.5381	0.0239183
70.8233	0.358686
65.2346	0.762602
74.5254	0.752814
74.9415	0.950097
64.2637	0.169285
76.6894	0.266979
65.7242	0.889415
44.5883
33.0187
17.4933
2.88224
16.4424
16.561
1.96926
3.23397
37.9536
34.1933
34.0963
36.7411
5.96807
32.2601
40.6026
4.63467
30.9075
31.7765
42.8161
36.5333
35.3425
33.6169
9.86933
37.9331
37.6598
8.26854
25.3334
29.291
32.2036
48.741
0.953865	0.294327	0.641428	0.339153	0.592199	0.0603917	0.15262	0.589801	0.716402	0.154354	0.806528	0.985789	0.763829	0.598379	0.891607	0.404195	0.675091	0.478364	0.470526	0.752671	0.881654	0.945773	0.219201	0.995513	0.905039	0.550154	0.083419	0.797991	0.723357	0.911897	
0.71858	0.836285	0.368942	0.249037	0.785446	0.110812	0.252588	0.692936	0.569664	0.130725	0.42375	0.647107	0.169943	0.692691	0.948647	0.764358	0.184526	0.492773	0.506193	0.206385	0.865732	0.455929	0.237455	0.234927	0.72966	0.749693	0.421059	0.292926	0.518468	0.134687	
0.687605	0.390063	0.669087	0.481308	0.459791	0.960344	0.0136208	0.822938	0.352152	0.423444	0.733456	0.833209	0.863108	0.596184	0.177032	0.693362	0.765463	0.011012	0.371194	0.697252	0.664649	0.61996	0.257042	0.557651	0.979999	0.727152	0.385299	0.739377	0.594016	0.459879	
0.254355	0.673276	0.982115	0.427099	0.697837	0.782759	0.949184	0.0588134	0.384588	0.719968	0.488141	0.111034	0.577096	0.40532	0.922842	0.807415	0.190964	0.218141	0.713573	0.930106	0.273282	0.958985	0.246586	0.938027	0.172781	0.975491	0.554081	0.976871	0.765904	0.856638	
0.831619	0.438754	0.33047	0.857003	0.766091	0.997275	0.0887491	0.655312	0.850146	0.86114	0.864111	0.442777	0.439298	0.7892	0.615945	0.194496	0.0338138	0.177339	0.941071	0.763177	0.985626	0.137111	0.354282	0.194838	0.853418	0.00774006	0.310985	0.140713	0.315674	0.868628	
0.48477	0.348275	0.108682	0.0743074	0.29727	0.743995	0.774834	0.695528	0.383035	0.0833734	0.00596954	0.764953	0.290947	0.50369	0.93234	0.485475	0.185177	0.418718	0.263596	0.286575	0.852407	0.583398	0.595629	0.360493	0.710156	0.248284	0.656385	0.681731	0.962148	0.566317	
0.448401	0.17106	0.11627	0.0257779	0.978916	0.973274	0.395769	0.6829	0.33122	0.261976	0.244367	0.626384	0.375685	0.26888	0.527403	0.935561	0.196565	0.117994	0.483613	0.407949	0.199522	0.555853	0.903375	0.904768	0.277211	0.219689	0.81541	0.32868	0.508915	0.275695	
0.592366	0.749265	0.563289	0.190368	0.439154	0.655178	0.0501632	0.125966	0.447819	0.585578	0.464454	0.5871	0.930944	0.958535	0.201795	0.141518	0.219882	0.282054	0.635771	0.770407	0.974859	0.378053	0.240491	0.079848	0.374351	0.54617	0.385347	0.129117	0.174991	0.917793	
0.810128	0.940691	0.435463	0.283468	0.610989	0.416239	0.794406	0.304735	0.0746231	0.801705	0.782751	0.859189	0.752929	0.906997	0.649849	0.860837	0.0857393	0.164046	0.0461592	0.319522	0.0363592	0.809515	0.0864777	0.330791	0.351414	0.958357	0.645518	0.0480334	0.909592	0.425778	
0.427386	0.243618	0.683386	0.774543	0.921132	0.20041	0.701604	0.401029	0.492593	0.512048	0.425032	0.455445	0.654969	0.147495	0.972083	0.538377	0.263905	0.977922	0.690381	0.0186889	0.973756	0.424003	0.450096	0.0907061	0.764433	0.141206	0.815262	0.192414	0.549176	0.542249	
0.939537	0.0626679	0.192353	0.688927	0.235133	0.593689	0.102891	0.73531	0.730375	0.82769	0.62672	0.659895	0.870575	0.554283	0.570389	0.082046	0.208707	0.878811	0.542156	0.282777	0.232284	0.329242	0.819915	0.967399	0.892289	0.724979	0.529201	0.0446394	0.112301	0.748972	
0.922095	0.861781	0.321715	0.629353	0.283276	0.439873	0.391779	0.583268	0.477283	0.0676933	0.0412064	0.64639	0.544284	0.957861	0.312746	0.547659	0.0392224	0.88544	0.182716	0.762758	0.508167	0.789456	0.695402	0.914501	0.507799	0.268416	0.148651	0.159678	0.353744	0.839283	
0.590832	0.336764	0.868788	0.662389	0.472834	0.86095	0.56566	0.27929	0.852432	0.931524	0.100751	0.943539	0.921318	0.473473	0.580371	0.364163	0.104254	0.13027	0.305775	0.941821	0.887097	0.65312	0.00594778	0.791626	0.897872	0.213972	0.661022	0.17368	0.11296	0.417772	
0.623243	0.656894	0.487717	0.816764	0.329755	0.943014	0.630471	0.515869	0.914001	0.650418	0.147895	0.540452	0.509179	0.70225	0.0951407	0.502876	0.790201	0.396805	0.939642	0.203563	0.266217	0.178221	0.105941	0.2004	0.0951007	0.479782	0.895006	0.143879	0.920977	0.936414	
0.000305603	0.610868	0.764664	0.71466	0.261676	0.66936	0.681991	0.0265755	0.399601	0.616047	0.41066	0.432162	0.668031	0.345446	0.414846	0.631944	0.479458	0.408153	0.456078	0.675245	0.140655	0.946199	0.160794	0.671823	0.556396	0.752688	0.753714	0.203443	0.393012	0.647494	
