20	50
88.4948	0.797024
98.8651	0.0939465
84.4302	0.791716
100.337	0.180584
89.1664	0.635236
82.4284	0.319868
98.3084	0.096346
93.6235	0.34389
86.8788	0.405574
88.253	0.549485
81.4366	0.0926319
87.066	0.720831
85.6352	0.659816
93.2845	0.972653
87.8688	0.433207
89.6521	0.333331
91.2011	0.0499755
87.7568	0.422511
94.0252	0.530596
97.4595	0.203756
47.9305
1.36538
3.80173
12.1962
48.4552
31.7753
48.9516
28.5334
19.8333
47.2941
49.9512
4.0665
47.2934
48.986
20.707
23.7928
17.2647
25.9467
38.39
21.7528
11.7815
32.4387
19.6086
19.5763
27.069
45.0447
25.6561
16.7473
40.784
39.5581
49.6255
4.87085
3.01162
7.03799
31.8561
24.0233
21.5359
33.4144
22.1643
48.0673
26.6681
41.13
41.9878
6.085
8.50117
5.86576
7.66603
25.0348
14.1249
37.8469
0.291356	0.608997	0.606719	0.926724	0.3655	0.117627	0.877881	0.282291	0.52632	0.760588	0.581685	0.279945	0.752267	0.322984	0.277206	0.447776	0.630008	0.983229	0.175664	0.446516	0.758178	0.524232	0.418802	0.0482291	0.802407	0.568186	0.815899	0.898063	0.101869	0.854676	0.478043	0.983774	0.212635	0.43587	0.421666	0.586497	0.5556	0.239183	0.50796	0.94141	0.823387	0.984516	0.346345	0.382063	0.0716906	0.947056	0.836635	0.401657	0.258085	0.590553	
0.209936	0.331676	0.122156	0.554126	0.51449	0.811949	0.931116	0.509312	0.895367	0.294705	0.935267	0.701383	0.231272	0.543188	0.743814	0.370158	0.149108	0.0252274	0.337792	0.0175048	0.665026	0.697029	0.506141	0.0447616	0.0648139	0.490863	0.707674	0.7787	0.96583	0.501525	0.299368	0.22742	0.167827	0.257457	0.0311608	0.197498	0.671049	0.694645	0.604872	0.0644606	0.0784601	0.950205	0.333248	0.687613	0.798969	0.871565	0.558549	0.309312	0.255253	0.974112	
0.246236	0.811392	0.508	0.667158	0.0905277	0.960486	0.186393	0.612442	0.688867	0.909033	0.694636	0.394555	0.262426	0.0497913	0.20597	0.732172	0.793709	0.796858	0.184017	0.0932635	0.629524	0.959278	0.337923	0.16258	0.120318	0.534987	0.855536	0.168646	0.0842163	0.66389	0.476847	0.734594	0.706854	0.242583	0.310143	0.0523052	0.0942173	0.158917	0.71976	0.202153	0.955108	0.120824	0.837157	0.352595	0.0710489	0.148381	0.361593	0.685238	0.763935	0.990413	
0.0904044	0.929099	0.52977	0.875561	0.578716	0.915146	0.0444822	0.610171	0.102707	0.480522	0.927083	0.79132	0.404521	0.860735	0.795106	0.646087	0.656183	0.478326	0.145777	0.112426	0.907561	0.821459	0.847232	0.997187	0.597318	0.483765	0.584791	0.502922	0.704809	0.786211	0.834165	0.579804	0.663444	0.877376	0.919489	0.850504	0.549953	0.911585	0.548161	0.360966	0.093066	0.381203	0.747047	0.0667383	0.82617	0.968308	0.649556	0.78896	0.607065	0.886376	
0.781828	0.571873	0.45831	0.112717	0.967257	0.307464	0.316026	0.442107	0.263732	0.0218819	0.00426699	0.833133	0.632458	0.319904	0.642938	0.825367	0.333052	0.967336	0.436479	0.672221	0.496402	0.853701	0.624694	0.393946	0.797938	0.0820569	0.0993731	0.746878	0.475317	0.466347	0.814047	0.371621	0.0175715	0.4081	0.52921	0.595273	0.0722754	0.58828	0.86536	0.436465	0.945354	0.601849	0.227545	0.585853	0.252099	0.634841	0.829572	0.234291	0.817764	0.901756	
0.26426	0.836225	0.840436	0.381833	0.229661	0.0684286	0.00221983	0.393853	0.397083	0.404495	0.704996	0.842326	0.488897	0.962531	0.422935	0.888338	0.0977267	0.330193	0.686217	0.204923	0.835236	0.233182	0.445862	0.837105	0.813052	0.222852	0.841363	0.264113	0.30818	0.474464	0.250176	0.806474	0.97825	0.998015	0.678691	0.187538	0.756758	0.174678	0.834172	0.0489053	0.703343	0.231759	0.627025	0.571306	0.506176	0.167177	0.946983	0.72902	0.470086	0.943893	
0.384599	0.910279	0.699105	0.639128	0.97185	0.851404	0.437696	0.913184	0.865134	0.412067	0.876406	0.744728	0.0342444	0.047303	0.215268	0.694033	0.215265	0.66038	0.563804	0.200468	0.0851296	0.818014	0.444957	0.318012	0.19455	0.298472	0.761928	0.195225	0.348626	0.401558	0.55644	0.854755	0.0194103	0.485666	0.693868	0.817247	0.647539	0.153334	0.285431	0.970024	0.860217	0.00870203	0.894478	0.398351	0.781764	0.539597	0.744987	0.771631	0.53018	0.882891	
0.369825	0.095834	0.32215	0.98254	0.590763	0.616012	0.478509	0.235453	0.144228	0.646233	0.983396	0.275018	0.453516	0.943451	0.348823	0.70793	0.899692	0.720929	0.420384	0.366967	0.130696	0.566722	0.844542	0.85549	0.392364	0.209878	0.916669	0.538404	0.826979	0.629133	0.991529	0.20694	0.238335	0.192367	0.432294	0.294237	0.126993	0.541241	0.114261	0.539831	0.387122	0.516635	0.224841	0.487955	0.442665	0.38485	0.835331	0.12595	0.0389358	0.518526	
0.873583	0.697105	0.179529	0.699012	0.484115	0.0962198	0.196983	0.109687	0.251795	0.0620937	0.32506	0.382945	0.350538	0.386831	0.41809	0.0841103	0.0903768	0.66565	0.559476	0.533194	0.311861	0.732816	0.124044	0.470001	0.422244	0.198688	0.892528	0.876402	0.0695473	0.6553	0.159755	0.140169	0.368552	0.39323	0.61786	0.838283	0.034167	0.917054	0.600714	0.331291	0.55713	0.561503	0.134365	0.0801901	0.738822	0.115654	0.322189	0.711316	0.647592	0.704643	
0.663207	0.916871	0.354971	0.692367	0.32265	0.540775	0.897035	0.453302	0.67548	0.657856	0.251606	0.0323393	0.0152212	0.370731	0.358481	0.385192	0.61613	0.995783	0.908636	0.286563	0.663428	0.370816	0.313807	0.928572	0.429987	0.245314	0.626259	0.0632553	0.899852	0.69371	0.219207	0.283813	0.373083	0.00516057	0.709013	0.972023	0.393608	0.287555	0.178916	0.149979	0.333436	0.0521638	0.191448	0.725761	0.00107307	0.780798	0.533923	0.488527	0.781188	0.821311	
0.471751	0.280777	0.849326	0.0295918	0.880442	0.148412	0.849877	0.891423	0.310988	0.669908	0.433	0.914748	0.88982	0.712458	0.98172	0.755071	0.872739	0.795086	0.112769	0.225731	0.0881971	0.279314	0.368318	0.195258	0.476763	0.26387	0.890174	0.0538511	0.459101	0.540231	0.73006	0.841648	0.0825248	0.759857	0.887161	0.315988	0.33496	0.376961	0.370301	0.521555	0.245627	0.613945	0.728551	0.0134653	0.848877	0.587093	0.384939	0.356877	0.502045	0.452144	
0.311348	0.924542	0.940118	0.911789	0.250195	0.339784	0.154403	0.826287	0.474485	0.918436	0.913382	0.337289	0.387047	0.933284	0.265975	0.896957	0.731134	0.19515	0.419098	0.737776	0.55963	0.89393	0.205748	0.712735	0.888143	0.636302	0.0599798	0.791727	0.819884	0.819392	0.48698	0.246741	0.127026	0.990767	0.110182	0.318854	0.749952	0.637101	0.946961	0.368643	0.025197	0.618257	0.509542	0.738492	0.45503	0.931301	0.523876	0.596478	0.480191	0.137638	
0.936233	0.603198	0.0293998	0.711915	0.9919	0.509118	0.712676	0.171241	0.519603	0.591928	0.537753	0.116202	0.351105	0.408631	0.434225	0.342575	0.305677	0.0890399	0.0321615	0.095854	0.91255	0.833277	0.516683	0.319137	0.00667041	0.215031	0.0133762	0.66761	0.714711	0.234571	0.488812	0.625308	0.287784	0.767118	0.440135	0.460407	0.00562388	0.294624	0.385588	0.459733	0.78586	0.83701	0.170512	0.304509	0.124171	0.77959	0.508425	0.0699899	0.949446	0.536717	
0.877872	0.318504	0.399805	0.570345	0.510383	0.174908	0.898893	0.00834955	0.402552	0.37196	0.194113	0.546901	0.245892	0.386326	0.638299	0.706444	0.954359	0.9885	0.750395	0.231234	0.437127	0.696695	0.24246	0.452251	0.126717	0.199899	0.0534768	0.22378	0.891718	0.128381	0.774791	0.310009	0.206671	0.971332	0.511614	0.728353	0.935614	0.644295	0.0440376	0.685297	0.248739	0.113427	0.726568	0.814318	0.485248	0.219514	0.194064	0.418285	0.0375764	0.782564	
0.669903	0.589749	0.773685	0.486846	0.1756	0.764737	0.431717	0.376482	0.967858	0.851431	0.913504	0.674587	0.275503	0.278899	0.954475	0.0586946	0.0401469	0.0500457	0.502145	0.813107	0.788775	0.511768	0.715323	0.980307	0.0748177	0.86592	0.823105	0.0557488	0.121199	0.320016	0.051336	0.346865	0.10384	0.69469	0.0975393	0.39374	0.154979	0.280712	0.0231284	0.907579	0.298154	0.164291	0.484154	0.59841	0.812322	0.80119	0.390718	0.190881	0.02303	0.136097	
0.331255	0.292618	0.970442	0.0997985	0.681051	0.493167	0.438031	0.828908	0.0302405	0.501157	0.715254	0.948472	0.660777	0.526022	0.0321212	0.893007	0.0462694	0.607049	0.0583943	0.69914	0.830172	0.907582	0.28829	0.786617	0.193146	0.328753	0.333096	0.518635	0.16738	0.833162	0.691346	0.0477315	0.0960432	0.678312	0.91109	0.903249	0.345592	0.277924	0.442423	0.599374	0.917322	0.223062	0.143921	0.155294	0.868271	0.726255	0.915223	0.193716	0.45856	0.592861	
0.0658511	0.158049	0.486195	0.501614	0.00959962	0.544645	0.187143	0.899989	0.367764	0.362114	0.572964	0.643775	0.492634	0.117971	0.588583	0.555737	0.174611	0.716695	0.650543	0.277465	0.574193	0.222769	0.911596	0.315348	0.0743315	0.653818	0.804771	0.593481	0.572656	0.836484	0.852103	0.673845	0.946759	0.622113	0.0293333	0.439852	0.187343	0.844643	0.981928	0.838284	0.162179	0.440051	0.398507	0.757339	0.938166	0.461427	0.0419596	0.399981	0.334314	0.321306	
0.582174	0.212635	0.368355	0.15661	0.123199	0.347264	0.594523	0.093606	0.716656	0.293012	0.880869	0.388785	0.222457	0.642206	0.488481	0.197329	0.0266624	0.285828	0.260723	0.230606	0.0053405	0.240446	0.166361	0.298121	0.493927	0.121059	0.683379	0.0341585	0.350397	0.635126	0.072658	0.33486	0.181441	0.852901	0.801627	0.48455	0.785331	0.96911	0.482781	0.618462	0.740636	0.980021	0.806045	0.380674	0.699435	0.926083	0.775531	0.668596	0.316419	0.81957	
0.562694	0.845418	0.5159	0.897571	0.47803	0.416129	0.409145	0.796376	0.870788	0.51973	0.54324	0.417129	0.399958	0.315491	0.496843	0.590081	0.388485	0.0671515	0.882838	0.537053	0.441034	0.970877	0.0915985	0.980101	0.964296	0.998212	0.326482	0.26996	0.299352	0.207045	0.809884	0.849532	0.704354	0.708521	0.224269	0.237792	0.15585	0.16232	0.416117	0.642538	0.356942	0.733089	0.953186	0.995662	0.381238	0.507675	0.44067	0.503909	0.109839	0.891454	
0.415273	0.714024	0.741042	0.740427	0.0277262	0.66766	0.951581	0.970527	0.586412	0.259644	0.858213	0.423808	0.20596	0.993126	0.0682645	0.378181	0.41067	0.464503	0.568318	0.677735	0.635969	0.715088	0.0663027	0.0492973	0.58729	0.810984	0.75023	0.787515	0.564706	0.561	0.206696	0.886678	0.188557	0.823567	0.996703	0.227333	0.782365	0.227212	0.983493	0.585189	0.136207	0.509047	0.266076	0.114876	0.659809	0.223877	0.968515	0.773351	0.327905	0.46058	
