20	30
83.1885	0.187494
94.5056	0.0848149
79.156	0.353907
94.7511	0.89649
96.2397	0.171812
87.6198	0.693181
95.8493	0.462712
89.4871	0.70185
77.9027	0.699706
94.7203	0.497144
86.7458	0.394855
87.7498	0.757531
77.538	0.595714
93.0834	0.28721
80.3595	0.64974
83.0263	0.261198
84.4171	0.212497
93.8104	0.665296
83.995	0.102552
77.9024	0.816453
17.0975
42.6171
43.2344
10.9879
10.4239
1.32992
1.23313
17.6825
3.95218
20.416
1.70581
12.3831
21.1202
14.3292
40.5884
17.9625
40.6019
49.7873
21.6042
28.3499
23.046
49.4799
25.1639
29.5262
40.4183
11.739
4.66012
22.879
45.7723
18.3934
0.633487	0.300634	0.668984	0.0784452	0.114446	0.387499	0.523758	0.946376	0.473059	0.65541	0.438233	0.123961	0.778237	0.523481	0.856567	0.579661	0.370073	0.10554	0.852519	0.829258	0.234432	0.33598	0.964183	0.753998	0.0375122	0.592846	0.456593	0.82629	0.0594259	0.595262	
0.759636	0.510698	0.282129	0.926517	0.236528	0.389996	0.935144	0.739605	0.634828	0.749414	0.621205	0.90435	0.240167	0.786608	0.350554	0.547743	0.943283	0.398202	0.932249	0.807787	0.604033	0.46325	0.838838	0.679415	0.233461	0.631735	0.972274	0.149772	0.170615	0.622464	
0.373889	0.0328687	0.376247	0.889702	0.198648	0.269099	0.221382	0.568529	0.691094	0.164378	0.00399962	0.19271	0.526062	0.234528	0.021885	0.988732	0.542854	0.127465	0.795332	0.760851	0.0661057	0.819928	0.842421	0.568004	0.751595	0.841551	0.190499	0.197377	0.976676	0.626032	
0.134401	0.227426	0.898303	0.997867	0.994988	0.916335	0.326493	0.200824	0.759363	0.199482	0.891531	0.883032	0.060867	0.68112	0.701349	0.0542267	0.0501311	0.543029	0.0555809	0.723797	0.436932	0.168496	0.643716	0.169377	0.524812	0.714801	0.118454	0.894595	0.940429	0.665054	
0.819947	0.918057	0.753224	0.599855	0.830412	0.351047	0.136973	0.90585	0.0339134	0.136888	0.258302	0.195777	0.738641	0.993527	0.0994223	0.170451	0.332544	0.74519	0.310565	0.292043	0.116684	0.316732	0.794397	0.452893	0.589755	0.0350977	0.348239	0.136632	0.201967	0.819376	
0.461406	0.115936	0.530964	0.757723	0.0252463	0.676068	0.620245	0.599954	0.193004	0.272367	0.103538	0.94882	0.199373	0.892127	0.217618	0.400943	0.212351	0.908493	0.180346	0.250689	0.410061	0.163389	0.9278	0.69162	0.42321	0.402358	0.179907	0.70052	0.0153277	0.905039	
0.195486	0.334817	0.911387	0.238136	0.687247	0.112786	0.0418222	0.434094	0.620742	0.108025	0.704408	0.0123238	0.335036	0.291916	0.153873	0.687015	0.0499656	0.697155	0.126037	0.311467	0.0598478	0.724112	0.978706	0.82494	0.495605	0.123312	0.467976	0.421517	0.812465	0.886275	
0.793278	0.332793	0.064197	0.664193	0.149292	0.767409	0.149891	0.627221	0.0222346	0.381031	0.68744	0.957393	0.983076	0.0340095	0.330677	0.63813	0.423184	0.560657	0.0508744	0.775124	0.68379	0.957134	0.573095	0.750995	0.899579	0.0510202	0.646278	0.653832	0.043002	0.878587	
0.381681	0.673175	0.575686	0.911516	0.802685	0.89627	0.0665333	0.742617	0.378729	0.0609545	0.904627	0.800938	0.397529	0.848098	0.391206	0.907585	0.225514	0.141421	0.369393	0.410314	0.402659	0.243826	0.625461	0.808506	9.92737e-05	0.0528776	0.525366	0.935584	0.0763747	0.922496	
0.895827	0.981838	0.939688	0.291359	0.355797	0.112254	0.529098	0.459109	0.423645	0.439714	0.32788	0.533946	0.982547	0.8996	0.0332379	0.210166	0.970867	0.76062	0.115235	0.193347	0.417987	0.00892596	0.224199	0.0675809	0.158976	0.36193	0.640968	0.538129	0.787755	0.295425	
0.254055	0.537551	0.239515	0.193438	0.630053	0.256776	0.192692	0.702799	0.410243	0.81275	0.709259	0.229377	0.450692	0.287096	0.347281	0.0866093	0.945986	0.851908	0.415769	0.967449	0.400314	0.377672	0.476674	0.0664491	0.657246	0.321739	0.763485	0.292157	0.203116	0.437018	
0.158879	0.150338	0.763476	0.6406	0.68105	0.263811	0.885913	0.390867	0.631758	0.779437	0.306406	0.468338	0.897243	0.0313575	0.474999	0.0584192	0.0629812	0.111255	0.727206	0.82624	0.563165	0.834772	0.232198	0.807657	0.0113707	0.392417	0.407527	0.0491917	0.104236	0.966761	
0.977092	0.462095	0.803285	0.289947	0.336365	0.0838785	0.656104	0.0875056	0.678514	0.754549	0.147611	0.0758134	0.878482	0.0964567	0.615982	0.752759	0.732647	0.235945	0.0126022	0.414188	0.154633	0.26697	0.849518	0.680908	0.582974	0.343226	0.662378	0.921301	0.0421293	0.823602	
0.887236	0.54279	0.111911	0.250084	0.0765438	0.856216	0.22676	0.464808	0.794365	0.0575563	0.454519	0.025203	0.183345	0.151499	0.503429	0.0486232	0.816892	0.794418	0.32491	0.682021	0.341747	0.759698	0.384478	0.935207	0.143347	0.683231	0.639596	0.322702	0.080642	0.992415	
0.532019	0.757667	0.906505	0.0836079	0.253093	0.475518	0.311867	0.323333	0.588425	0.255587	0.126598	0.797786	0.443886	0.753776	0.400576	0.215326	0.61702	0.41897	0.0597986	0.830077	0.479294	0.2557	0.200577	0.766014	0.628376	0.307126	0.250896	0.566534	0.0905948	0.77788	
0.441397	0.133928	0.526285	0.732919	0.501583	0.580453	0.543305	0.110568	0.859432	0.688956	0.323035	0.595832	0.649181	0.549921	0.617446	0.902133	0.198181	0.329727	0.136642	0.17605	0.613081	0.904986	0.158359	0.395213	0.595139	0.750257	0.383675	0.605964	0.376647	0.202174	
0.471243	0.658374	0.105886	0.988443	0.310969	0.88349	0.764718	0.0783504	0.342076	0.280868	0.370991	0.720184	0.844951	0.237292	0.37512	0.288228	0.0954554	0.348598	0.63363	0.573392	0.477688	0.964895	0.959233	0.754317	0.757724	0.237161	0.979317	0.191731	0.909238	0.821298	
0.901173	0.235172	0.290032	0.30224	0.246048	0.876858	0.639131	0.432283	0.126515	0.0700995	0.970476	0.729677	0.610524	0.672023	0.784669	0.457113	0.135045	0.236847	0.537101	0.412571	0.858284	0.243114	0.864425	0.764231	0.358279	0.35811	0.295957	0.296911	0.207681	0.499493	
0.371991	0.835817	0.252965	0.0276274	0.0932953	0.0158798	0.357964	0.624561	0.411805	0.894718	0.945841	0.725798	0.600052	0.879375	0.284642	0.583861	0.0825738	0.168819	0.0632013	0.287935	0.468741	0.602091	0.349502	0.893652	0.0125447	0.212034	0.132388	0.659444	0.195853	0.428611	
0.834296	0.73781	0.585007	0.118244	0.870048	0.102206	0.843666	0.0777449	0.786204	0.213083	0.870906	0.248728	0.949513	0.875845	0.157922	0.148517	0.639287	0.283502	0.130757	0.392527	0.54077	0.599452	0.20782	0.488283	0.689379	0.150971	0.89566	0.944706	0.125648	0.518126	
