20	50
95.4957	0.302316
92.3516	0.412748
91.0745	0.210598
84.8047	0.0820742
79.5481	0.550549
80.0002	0.536812
82.7729	0.675329
80.758	0.625208
84.1375	0.447394
90.189	0.0187962
89.4342	0.626182
92.0197	0.635168
92.0392	0.753797
90.6591	0.0846144
83.6038	0.812772
90.9632	0.576248
85.3864	0.138607
85.7545	0.281771
88.7423	0.738858
98.064	0.842306
4.28853
1.2975
24.358
27.4478
27.1751
36.6229
9.27887
20.5131
17.9661
20.1142
13.2243
5.38495
24.9705
15.8965
49.8544
26.0334
41.5844
18.5572
14.0397
32.89
41.5466
21.1396
11.5307
25.6355
3.55854
42.8405
39.9172
11.0525
9.89634
42.5369
19.3574
9.679
24.7179
29.7432
14.1086
4.59429
16.8141
10.8305
8.9176
37.0382
7.8535
38.9145
10.0902
7.30439
9.24244
7.66259
1.13877
2.95241
15.8911
25.8344
0.0560486	0.356136	0.310416	0.723396	0.891749	0.215661	0.641536	0.0271212	0.443588	0.45126	0.363104	0.44144	0.0714958	0.530087	0.897764	0.355972	0.189407	0.724201	0.479938	0.524928	0.0908751	0.596979	0.856884	0.00182877	0.716445	0.476176	0.674146	0.255959	0.29477	0.790958	0.321596	0.744183	0.401822	0.668302	0.921413	0.135378	0.856169	0.856236	0.00742945	0.810917	0.777357	0.139948	0.240942	0.787144	0.282342	0.539728	0.610313	0.334666	0.377451	0.390597	
0.149951	0.198281	0.995644	0.189437	0.506015	0.385776	0.0674529	0.400037	0.659936	0.967382	0.916089	0.927236	0.880193	0.53794	0.834048	0.289328	0.858536	0.153936	0.521396	0.863747	0.825588	0.984694	0.589834	0.0937802	0.741211	0.274164	0.686923	0.167225	0.513702	0.58049	0.214023	0.883167	0.436273	0.474614	0.136715	0.0198324	0.243153	0.000707457	0.884551	0.0679976	0.0162676	0.14801	0.255998	0.812912	0.286723	0.424554	0.589743	0.0815249	0.301379	0.630471	
0.584318	0.799006	0.914308	0.652163	0.766025	0.767838	0.997418	0.582494	0.763274	0.610203	0.6204	0.461312	0.17537	0.515682	0.183189	0.0838264	0.403987	0.0264036	0.76537	0.914177	0.479925	0.232757	0.100881	0.163635	0.651947	0.791924	0.877627	0.690772	0.718388	0.649914	0.361805	0.321621	0.329495	0.569103	0.632625	0.570889	0.693121	0.341632	0.2412	0.676807	0.470919	0.621924	0.112671	0.654131	0.589294	0.652081	0.669092	0.201854	0.130977	0.552773	
0.374095	0.0135082	0.444066	0.987447	0.145841	0.62653	0.241786	0.317078	0.939971	0.391285	0.292409	0.987327	0.599158	0.524247	0.275153	0.492741	0.239573	0.44616	0.228271	0.11322	0.924494	0.853588	0.0227212	0.19999	0.504059	0.994977	0.822472	0.28643	0.380168	0.84277	0.95558	0.0202493	0.303018	0.857793	0.854231	0.124154	0.224558	0.672673	0.139867	0.823031	0.112629	0.98511	0.737038	0.627918	0.370627	0.373582	0.328368	0.38343	0.794096	0.0907519	
0.624902	0.580526	0.438563	0.749507	0.438758	0.921625	0.827537	0.26337	0.569638	0.592886	0.521263	0.841602	0.130425	0.8514	0.220078	0.369368	0.13637	0.367476	0.658688	0.479991	0.800274	0.0481324	0.0661937	0.482154	0.430797	0.901738	0.564858	0.266608	0.0835801	0.61996	0.387645	0.806582	0.919111	0.689203	0.779238	0.993846	0.482572	0.54083	0.191293	0.205255	0.761598	0.682406	0.159298	0.282177	0.854873	0.918924	0.573856	0.828053	0.636724	0.515377	
0.665334	0.0414232	0.677953	0.888501	0.0642128	0.735385	0.790009	0.0944226	0.744712	0.0779585	0.430047	0.0551908	0.179815	0.764958	0.0989672	0.032737	0.780651	0.722942	0.210589	0.427921	0.27708	0.547525	0.522507	0.529696	0.135296	0.818055	0.470567	0.359694	0.514601	0.540542	0.222926	0.146246	0.991679	0.998285	0.773884	0.520646	0.107969	0.133249	0.146901	0.346375	0.495844	0.347229	0.91896	0.799663	0.191423	0.758206	0.731043	0.976079	0.772569	0.132337	
0.139916	0.138651	0.0632676	0.165536	0.310209	0.354639	0.957001	0.448288	0.557223	0.512467	0.854888	0.385592	0.502317	0.37633	0.374404	0.60572	0.0750378	0.548109	0.125058	0.99945	0.834322	0.324837	0.349143	0.0099966	0.939976	0.38829	0.588632	0.229744	0.972039	0.594722	0.515025	0.142689	0.199023	0.844812	0.375065	0.563132	0.959479	0.922544	0.734109	0.184603	0.637618	0.821946	4.73813e-05	0.585251	0.154609	0.304614	0.551	0.732606	0.79238	0.52241	
0.767933	0.610961	0.557544	0.0227921	0.691168	0.712703	0.756629	0.405956	0.589672	0.955534	0.652186	0.950596	0.0610711	0.989625	0.79243	0.335444	0.695414	0.612472	0.221824	0.0994525	0.155059	0.215514	0.855271	0.535553	0.776991	0.463332	0.349412	0.782598	0.716778	0.718773	0.142032	0.27088	0.886732	0.518415	0.391022	0.848472	0.874191	0.613403	0.352196	0.705819	0.742049	0.427054	0.531515	0.563881	0.860113	0.819332	0.882744	0.758173	0.797153	0.872426	
0.960001	0.508437	0.658958	0.484404	0.196882	0.497104	0.0981611	0.780859	0.749585	0.00633149	0.67804	0.178347	0.214389	0.746808	0.964587	0.422195	0.542411	0.883009	0.704719	0.972019	0.0576108	0.35403	0.715701	0.504494	0.554354	0.287381	0.218086	0.837715	0.40079	0.652901	0.591935	0.445759	0.236297	0.372732	0.50214	0.798048	0.0221435	0.658776	0.431084	0.681268	0.14988	0.216717	0.426087	0.713061	0.405875	0.332133	0.442268	0.0646082	0.88072	0.553029	
0.0632314	0.0868093	0.991081	0.686103	0.528682	0.232811	0.223937	0.331326	0.0134699	0.518484	0.50906	0.663552	0.117062	0.567239	0.887739	0.158429	0.673937	0.801018	0.924248	0.928912	0.738677	0.621358	0.859502	0.784906	0.567207	0.56385	0.153037	0.909225	0.79907	0.687695	0.435179	0.150693	0.295176	0.114188	0.212579	0.69438	0.21911	0.57749	0.0405528	0.826838	0.302088	0.552715	0.333052	0.823229	0.545589	0.0207396	0.60524	0.739311	0.149131	0.287894	
0.831566	0.604453	0.545385	0.492372	0.50919	0.501982	0.692833	0.949626	0.179254	0.747326	0.855182	0.904459	0.294349	0.656722	0.41808	0.319788	0.893476	0.213482	0.759498	0.46061	0.381926	0.0197054	0.855088	0.362052	0.766816	0.0862497	0.731802	0.503488	0.22749	0.102162	0.108932	0.0713453	0.0574265	0.50219	0.594944	0.347368	0.632575	0.546162	0.0552749	0.163963	0.265827	0.604652	0.205947	0.71521	0.683835	0.179487	0.816209	0.833128	0.59285	0.361951	
0.524664	0.0427388	0.491979	0.975805	0.556635	0.447537	0.386754	0.712569	0.922734	0.190995	0.480784	0.61878	0.723502	0.655556	0.363489	0.492699	0.076994	0.130473	0.910956	0.343172	0.0612895	0.763038	0.318879	0.254742	0.654201	0.907429	0.547042	0.292679	0.15626	0.444571	0.131634	0.354317	0.30586	0.648851	0.0109983	0.495576	0.0598063	0.246062	0.000940299	0.0289919	0.868728	0.9317	0.0607854	0.562589	0.120195	0.503436	0.332531	0.386059	0.792929	0.925922	
0.329256	0.280289	0.0605336	0.796666	0.199928	0.615959	0.0389851	0.578542	0.385474	0.611696	0.0361064	0.38033	0.902944	0.797892	0.729187	0.0115605	0.384751	0.991316	0.491373	0.446742	0.419875	0.432507	0.719208	0.44419	0.85695	0.183053	0.216255	0.717189	0.945203	0.0601798	0.612	0.76105	0.0975548	0.633128	0.796551	0.987326	0.328591	0.814821	0.106167	0.655577	0.659432	0.329924	0.355402	0.147078	0.636448	0.274416	0.625016	0.781914	0.566611	0.79971	
0.363559	0.83526	0.58404	0.940259	0.440181	0.216386	0.615246	0.83884	0.575724	0.19589	0.847236	0.134873	0.00387891	0.253026	0.740177	0.541113	0.525235	0.114974	0.468587	0.939655	0.310804	0.277242	0.92256	0.679481	0.883723	0.43247	0.590793	0.0530305	0.19796	0.325424	0.503149	0.203277	0.530252	0.971729	0.471535	0.0515825	0.033914	0.0571885	0.850842	0.990169	0.278998	0.94591	0.00385595	0.619836	0.60674	0.764189	0.642884	0.314367	0.713093	0.918916	
0.677689	0.086691	0.175385	0.641381	0.388268	0.176678	0.411364	0.49732	0.0947565	0.903288	0.158199	0.0938937	0.793856	0.150095	0.397986	0.589727	0.655347	0.501064	0.984112	0.717798	0.530584	0.583857	0.00464396	0.500494	0.0707846	0.11492	0.119713	0.486259	0.492077	0.938251	0.385178	0.182782	0.553126	0.00194375	0.206275	0.526992	0.328306	0.0885627	0.57526	0.419091	0.438047	0.769347	0.7116	0.248985	0.411139	0.0895932	0.040561	0.480617	0.764879	0.612725	
0.36521	0.679285	0.598402	0.844984	0.408657	0.293357	0.00269935	0.827677	0.354435	0.258594	0.279005	0.633822	0.743	0.866958	0.561482	0.312039	0.244189	0.280373	0.494949	0.393696	0.821525	0.408533	0.422125	0.360905	0.782707	0.400667	0.972606	0.971638	0.460867	0.47761	0.367813	0.785806	0.842433	0.476902	0.634097	0.0418381	0.69934	0.265772	0.401484	0.462279	0.788021	0.299244	0.00814663	0.346002	0.527468	0.395098	0.569866	0.0521856	0.970578	0.703812	
0.742399	0.912068	0.141384	0.647679	0.582809	0.511207	0.949322	0.752827	0.169268	0.701856	0.419692	0.364121	0.191969	0.392528	0.711854	0.809018	0.476263	0.555247	0.726648	0.663279	0.495207	0.521372	0.662004	0.805989	0.565824	0.805188	0.168215	0.738773	0.523873	0.0452522	0.728776	0.0196306	0.395783	0.344498	0.966783	0.788772	0.470142	0.699118	0.552393	0.966091	0.893857	0.940115	0.949337	0.941808	0.998625	0.10167	0.621878	0.480679	0.640928	0.00846681	
0.226592	0.334313	0.462143	0.254901	0.285188	0.51663	0.373937	0.896866	0.696908	0.404281	0.136569	0.973574	0.851427	0.39633	0.403839	0.941479	0.582898	0.459584	0.255996	0.540919	0.832559	0.134533	0.0444152	0.663327	0.613029	0.513942	0.0692692	0.752557	0.0565892	0.681529	0.988348	0.0795283	0.00256466	0.958546	0.281333	0.113499	0.432095	0.781758	0.781532	0.651713	0.102172	0.843711	0.208118	0.188726	0.0720906	0.104612	0.821905	0.983893	0.160673	0.252486	
0.159082	0.0271794	0.533479	0.218482	0.402164	0.479543	0.47331	0.997064	0.495548	0.926981	0.0574452	0.0449999	0.897162	0.50945	0.090165	0.175801	0.720696	0.920549	0.865545	0.965511	0.316099	0.167476	0.828028	0.593326	0.945862	0.531604	0.78722	0.040506	0.809169	0.553152	0.383336	0.457035	0.822806	0.451601	0.834793	0.359112	0.381082	0.283086	0.884275	0.655867	0.166862	0.150808	0.157009	0.0511469	0.425204	0.143478	0.3815	0.828176	0.0360973	0.771878	
0.30868	0.0763835	0.0606277	0.602053	0.0327373	0.586265	0.27536	0.0157565	0.0568702	0.95695	0.166897	0.00567774	0.136715	0.887578	0.916933	0.0176454	0.723249	0.130707	0.307855	0.123906	0.525158	0.4412	0.703138	0.178432	0.820228	0.921165	0.196012	0.413311	0.171781	0.587898	0.828519	0.761758	0.759726	0.187565	0.103178	0.215849	0.528978	0.637816	0.598008	0.0873803	0.570817	0.298079	0.544935	0.800098	0.873223	0.336559	0.15257	0.443915	0.215774	0.422144	
