15	40
67.2085	0.459117
74.2386	0.34795
73.9891	0.767151
72.9916	0.0571335
64.0096	0.478042
65.9437	0.44959
71.3551	0.0607131
75.5107	0.655733
72.2877	0.946417
62.7511	0.486158
68.9791	0.854713
65.7367	0.484901
67.8951	0.35683
62.7493	0.160976
71.8255	0.676553
23.5952
19.4204
36.2072
44.1448
43.3152
33.2602
44.7029
8.86566
21.0087
30.5498
15.5972
37.4699
23.0046
19.8761
5.05417
6.90321
1.87235
14.1653
28.3503
16.2738
23.4578
19.4365
14.7444
8.47597
41.6986
1.84468
43.5006
44.8782
35.9661
15.2315
32.4906
7.54576
29.9783
48.8999
18.8404
48.9723
24.5275
15.4261
3.6662
37.6598
0.28488	0.638347	0.533588	0.966092	0.657434	0.998289	0.645079	0.317174	0.580977	0.305912	0.991183	0.0312473	0.914383	0.732138	0.566424	0.984213	0.892974	0.284355	0.900834	0.972408	0.630007	0.847532	0.591008	0.0715613	0.852808	0.0284337	0.200666	0.811587	0.24255	0.265178	0.24466	0.500557	0.595317	0.966168	0.198867	0.803905	0.529545	0.577729	0.267919	0.0383902	
0.391984	0.687579	0.192088	0.381826	0.167133	0.827099	0.195159	0.727423	0.55431	0.489491	0.260357	0.912235	0.213941	0.642108	0.946611	0.239083	0.859262	0.844621	0.987956	0.18789	0.560251	0.915338	0.113803	0.117348	0.86003	0.9718	0.225314	0.404917	0.992117	0.633988	0.273452	0.0940351	0.372338	0.340025	0.99395	0.498013	0.882237	0.191937	0.253981	0.0198502	
0.166096	0.242244	0.00285615	0.614282	0.290789	0.718559	0.676357	0.95141	0.978501	0.987474	0.916492	0.670649	0.671971	0.377402	0.16619	0.620447	0.375627	0.832188	0.834299	0.853955	0.360141	0.513621	0.291473	0.973101	0.188741	0.183806	0.0833779	0.957861	0.302948	0.216969	0.315127	0.118485	0.825445	0.0826633	0.546462	0.571459	0.986781	0.0386976	0.73709	0.140015	
0.20605	0.241526	0.772133	0.271085	0.262715	0.278952	0.00696954	0.319438	0.261914	0.0222344	0.68063	0.974691	0.720632	0.0118131	0.203128	0.177746	0.850609	0.579804	0.664939	0.817142	0.351041	0.660885	0.0874935	0.702461	0.294557	0.172954	0.705795	0.925827	0.521126	0.661097	0.0399853	0.45059	0.516834	0.303188	0.151532	0.276122	0.23386	0.6384	0.935478	0.34872	
0.541776	0.19613	0.962626	0.568498	0.993975	0.272452	0.232413	0.671422	0.366582	0.127759	0.454317	0.260677	0.977984	0.0875182	0.901909	0.404655	0.15413	0.462746	0.0254676	0.908447	0.393158	0.444936	0.517676	0.98627	0.596625	0.159073	0.656517	0.611728	0.255473	0.535685	0.200324	0.469797	0.200497	0.305654	0.425766	0.483763	0.147284	0.802679	0.75967	0.489696	
0.81989	0.0331674	0.548976	0.330318	0.21762	0.299785	0.0544364	0.664867	0.771887	0.537399	0.519233	0.149579	0.737701	0.836652	0.0653016	0.331407	0.3786	0.464094	0.455227	0.277571	0.809381	0.00851517	0.808504	0.5429	0.209395	0.952819	0.688968	0.239557	0.614906	0.992826	0.759403	0.636766	0.0299721	0.305045	0.699926	0.627919	0.661203	0.41764	0.719909	0.254998	
0.826921	0.0551817	0.0256768	0.45077	0.235415	0.383461	0.339055	0.759642	0.301705	0.656287	0.155446	0.64946	0.885062	0.317184	0.6954	0.0818222	0.0212876	0.812793	0.212475	0.588675	0.313233	0.123672	0.299079	0.952232	0.705874	0.260731	0.442699	0.955537	0.0324134	0.699019	0.615138	0.164717	0.628564	0.0477204	0.0790737	0.0313165	0.315065	0.496794	0.333155	0.660306	
0.451804	0.906689	0.438174	0.0999835	0.656155	0.585755	0.601283	0.671587	0.800546	0.62277	0.873473	0.952348	0.239334	0.170171	0.70041	0.915467	0.397895	0.172384	0.552454	0.976072	0.358077	0.214934	0.941295	0.0738945	0.932881	0.761882	0.285734	0.389929	0.682771	0.869642	0.625864	0.302894	0.936227	0.490493	0.138122	0.542043	0.202202	0.3919	0.527015	0.456732	
0.985617	0.199833	0.312466	0.455763	0.671333	0.491155	0.705815	0.270765	0.841374	0.805066	0.77124	0.82019	0.718513	0.151084	0.680334	0.567954	0.977372	0.829883	0.083481	0.771604	0.0556847	0.724587	0.424398	0.641535	0.0704235	0.844761	0.0624873	0.814846	0.344651	0.981595	0.921547	0.759671	0.687718	0.227626	0.0940697	0.0814695	0.781574	0.133979	0.271216	0.624514	
0.514402	0.566903	0.92936	0.480506	0.428283	0.955532	0.075833	0.297665	0.474185	0.545958	0.927869	0.679581	0.883148	0.248327	0.0921772	0.935494	0.00863048	0.140148	0.655792	0.805008	0.765941	0.0813196	0.693868	0.148705	0.347488	0.293294	0.487037	0.991154	0.474916	0.441953	0.61416	0.97239	0.512489	0.185675	0.876835	0.24104	0.229715	0.543745	0.444349	0.620721	
0.818666	0.197751	0.714195	0.0212169	0.494242	0.666998	0.58738	0.388772	0.814098	0.158642	0.957763	0.0476442	0.688511	0.55914	0.491047	0.756423	0.505613	0.192591	0.348473	0.591357	0.880561	0.510581	0.850556	0.363923	0.393562	0.966513	0.479719	0.354293	0.293703	0.683933	0.799679	0.494939	0.166395	0.18482	0.118753	0.709976	0.61846	0.159219	0.508001	0.880878	
0.66964	0.910694	0.697405	0.33356	0.63102	0.967626	0.714877	0.180142	0.913361	0.773489	0.416237	0.678022	0.288813	0.764282	0.463501	0.851455	0.794876	0.680998	0.765185	0.00755179	0.477477	0.831323	0.673924	0.55202	0.0122909	0.776798	0.569584	0.609561	0.354145	0.135537	0.206959	0.729467	0.957843	0.890649	0.269392	0.672513	0.314139	0.641497	0.675011	0.249348	
0.0616269	0.644841	0.345368	0.447761	0.744767	0.832175	0.649715	0.552498	0.626509	0.479325	0.0377236	0.779954	0.236404	0.558842	0.813274	0.343606	0.991323	0.289314	0.361217	0.584819	0.551809	0.0487251	0.306735	0.26231	0.953214	0.0114057	0.0783974	0.21182	0.871234	0.815362	0.681266	0.193243	0.3824	0.579929	0.0872936	0.239306	0.441982	0.944556	0.799052	0.922195	
0.672941	0.578961	0.0619546	0.347724	0.876099	0.261709	0.577512	0.194257	0.446339	0.128299	0.978688	0.319557	0.909289	0.352142	0.0123559	0.943701	0.283501	0.731326	0.937237	0.451576	0.709758	0.709866	0.444117	0.392844	0.730394	0.524537	0.168433	0.045293	0.633029	0.7023	0.409786	0.776547	0.670555	0.857076	0.43463	0.972241	0.938282	0.910987	0.970648	0.861566	
0.427553	0.196221	0.443991	0.150537	0.0794746	0.0657597	0.279925	0.0851615	0.294884	0.349597	0.553923	0.357734	0.678634	0.833398	0.356363	0.618988	0.534312	0.358888	0.0336986	0.834404	0.882927	0.980412	0.0932909	0.0741356	0.0706137	0.842347	0.428271	0.0945215	0.574932	0.353866	0.188586	0.669426	0.576133	0.38314	0.649028	0.323438	0.636371	0.769946	0.887404	0.789975	
