10	20
46.2744	0.243433
47.2019	0.0162982
48.1183	0.822235
47.9146	0.557707
42.7987	0.914093
43.697	0.547099
42.0622	0.841319
48.7086	0.236646
40.3969	0.221308
48.9138	0.387905
18.0127
13.7986
23.2192
26.8435
26.0481
3.21071
19.7269
30.0629
43.5422
32.4759
21.604
24.7811
33.4484
34.6049
45.8353
20.1178
16.3402
33.8998
40.4319
11.2134
0.57504	0.519023	0.307647	0.752488	0.710841	0.142035	0.170973	0.6537	0.353475	0.854157	0.628431	0.807735	0.495292	0.547599	0.487597	0.513223	0.315405	0.343823	0.420177	0.99547	
0.999988	0.821489	0.804979	0.406217	0.139128	0.777122	0.0848171	0.725796	0.510546	0.276785	0.979548	0.824021	0.691446	0.65102	0.88595	0.595852	0.150226	0.876463	0.817479	0.333759	
0.893128	0.48032	0.596748	0.848011	0.192498	0.277119	0.78533	0.182908	0.685647	0.557442	0.723476	0.741633	0.301792	0.78339	0.119974	0.272378	0.64882	0.734794	0.150318	0.776245	
0.214387	0.852303	0.305328	0.498307	0.704407	0.993791	0.778323	0.0283072	0.382219	0.800162	0.140167	0.809781	0.460322	0.470394	0.714394	0.993049	0.360474	0.937304	0.617517	0.582708	
0.835508	0.884674	0.413261	0.24583	0.209006	0.179322	0.386814	0.195021	0.663047	0.313454	0.125301	0.87018	0.554057	0.572298	0.485884	0.448589	0.299555	0.781764	0.327063	0.893283	
0.00477309	0.160785	0.680926	0.966248	0.170066	0.889643	0.261767	0.629642	0.395077	0.884383	0.533734	0.405567	0.513238	0.283891	0.22403	0.318662	0.1314	0.111744	0.423231	0.994277	
0.534259	0.972907	0.545559	0.29009	0.269103	0.159696	0.373033	0.5556	0.420293	0.537267	0.742811	0.427218	0.659105	0.469004	0.591855	0.19164	0.506276	0.459227	0.85108	0.387061	
0.419027	0.0891553	0.155468	0.927454	0.759382	0.70543	0.649677	0.935195	0.42999	0.136846	0.195685	0.682615	0.116912	0.821203	0.274148	0.312986	0.682847	0.0434323	0.201057	0.399704	
0.550124	0.463287	0.995786	0.120536	0.00622332	0.708568	0.538724	0.457889	0.767	0.601951	0.0373869	0.102763	0.0088668	0.355288	0.509049	0.47667	0.576214	0.0701547	0.204883	0.714327	
0.294339	0.923986	0.237378	0.630745	0.67547	0.156648	0.0151341	0.433618	0.0819314	0.991299	0.698426	0.621309	0.267763	0.770057	0.336455	0.640627	0.00735797	0.122584	0.152063	0.822966	
