20	50
78.7028	0.696311
90.796	0.959773
91.7663	0.0458383
90.877	0.644161
93.2073	0.00508848
86.1138	0.455378
83.2309	0.778764
78.4651	0.568435
95.0587	0.221388
94.019	0.292938
85.0139	0.748738
88.096	0.677659
82.2946	0.992829
92.5213	0.698803
88.1556	0.655654
90.8421	0.271915
91.8728	0.145803
93.1225	0.700774
91.508	0.836185
81.5573	0.898091
48.2505
18.012
6.61145
27.781
21.9629
35.7748
8.11708
47.9148
5.91278
26.0086
20.1411
34.747
40.6856
43.5788
27.2011
26.7464
12.9855
46.8935
40.2265
47.3166
3.3335
1.19316
45.6449
24.8424
8.00905
48.0049
28.6852
31.9185
19.2242
5.88031
16.0758
24.4792
24.3405
45.8885
23.1278
1.73833
4.35416
32.0334
16.2812
49.384
36.7248
37.0253
41.5588
42.402
45.5892
29.4005
30.8429
8.59256
47.1529
47.8307
0.791828	0.294498	0.341811	0.582568	0.830032	0.453615	0.278427	0.360539	0.584538	0.195694	0.732686	0.0927638	0.776002	0.677771	0.835629	0.736042	0.13532	0.278342	0.558094	0.688188	0.769193	0.0851822	0.283936	0.103924	0.122785	0.310934	0.802765	0.400183	0.202688	0.362751	0.833857	0.0110532	0.993368	0.131897	0.150158	0.552916	0.845784	0.823211	0.00178951	0.18808	0.527903	0.0419287	0.553832	0.25447	0.766452	0.988275	0.91802	0.102711	0.479262	0.559319	
0.0144895	0.951813	0.331774	0.413708	0.208519	0.838471	0.146646	0.505938	0.909423	0.0970522	0.00047593	0.184116	0.214505	0.138994	0.0362997	0.612224	0.955822	0.766056	0.202288	0.599001	0.481921	0.642997	0.613282	0.902687	0.402175	0.818394	0.00285189	0.745003	0.992248	0.0890129	0.169631	0.726355	0.856805	0.745643	0.852032	0.384064	0.685255	0.341352	0.748403	0.151069	0.361483	0.853878	0.6395	0.890727	0.145461	0.408651	0.010343	0.517926	0.518926	0.908741	
0.952538	0.855896	0.90325	0.406077	0.989709	0.1908	0.0140079	0.403588	0.444869	0.730291	0.693341	0.22971	0.994343	0.523701	0.78481	0.342953	0.760589	0.590179	0.351469	0.998184	0.121219	0.288811	0.486162	0.988771	0.439374	0.571777	0.481757	0.341134	0.413631	0.122044	0.167447	0.123205	0.476726	0.107539	0.21843	0.599682	0.707183	0.795322	0.833971	0.169855	0.677704	0.535207	0.508087	0.174827	0.587432	0.460289	0.740698	0.397455	0.704015	0.24909	
0.541155	0.0122057	0.193008	0.593877	0.604278	0.313223	0.282757	0.551911	0.399983	0.69375	0.348069	0.473347	0.626973	0.267546	0.513199	0.727216	0.859344	0.141097	0.743767	0.577649	0.188683	0.973743	0.773982	0.704655	0.0262205	0.0331828	0.132551	0.278714	0.47299	0.407984	0.0823462	0.431755	0.165846	0.179249	0.910899	0.962792	0.619341	0.780955	0.216181	0.143409	0.968166	0.947825	0.855982	0.0351762	0.966883	0.076235	0.350871	0.171246	0.622394	0.262642	
0.224675	0.164334	0.648132	0.10811	0.765964	0.715024	0.65598	0.102222	0.298195	0.201703	0.890437	0.582902	0.672471	0.21169	0.878086	0.768345	0.61004	0.589772	0.926499	0.0639611	0.698688	0.945429	0.487481	0.394395	0.583933	0.734628	0.042972	0.803201	0.584271	0.962011	0.421932	0.0277307	0.568964	0.177348	0.739952	0.450336	0.104114	0.442886	0.838547	0.455447	0.393532	0.55169	0.799689	0.838878	0.578327	0.894497	0.0816503	0.818131	0.966615	0.671573	
0.966618	0.0727783	0.802423	0.652026	0.168359	0.930803	0.852119	0.194651	0.515877	0.2967	0.952481	0.297604	0.976491	0.591019	0.846087	0.689848	0.226492	0.603319	0.239428	0.540141	0.412698	0.932506	0.0389746	0.0406839	0.606106	0.126207	0.280105	0.917907	0.44116	0.243733	0.420703	0.797267	0.128032	0.179041	0.847837	0.429552	0.349626	0.452291	0.255131	0.35188	0.0196831	0.301063	0.353991	0.130604	0.446673	0.96823	0.157547	0.233181	0.570298	0.705762	
0.355234	0.0414955	0.615866	0.567171	0.592592	0.250918	0.264148	0.717315	0.441919	0.380035	0.926147	0.0232507	0.622742	0.0175509	0.390015	0.911095	0.26196	0.449915	0.0911536	0.890527	0.85595	0.645752	0.681932	0.0706805	0.0652184	0.435392	0.415462	0.232292	0.676878	0.206443	0.130703	0.828965	0.25811	0.379228	0.291409	0.24445	0.996919	0.57974	0.472871	0.541685	0.157999	0.665402	0.308919	0.647538	0.387759	0.964239	0.582448	0.25931	0.900081	0.103215	
0.422622	0.719309	0.681583	0.15795	0.0385142	0.55197	0.881841	0.669467	0.902239	0.639855	0.779335	0.774062	0.126722	0.00530059	0.734914	0.557695	0.417973	0.430197	0.699691	0.569449	0.669339	0.0978981	0.512401	0.376373	0.862318	0.241999	0.886107	0.286588	0.869163	0.00960185	0.988984	0.431834	0.946908	0.399548	0.713611	0.831813	0.124917	0.964593	0.616222	0.531302	0.150557	0.268613	0.84205	0.155754	0.836411	0.25096	0.421874	0.0636442	0.365027	0.807702	
0.329358	0.563402	0.292538	0.29356	0.113199	0.525206	0.779991	0.72918	0.709025	0.891369	0.0932425	0.911682	0.864627	0.103986	0.739629	0.17465	0.517226	0.685563	0.647825	0.888825	0.785148	0.162034	0.915446	0.912128	0.816479	0.4544	0.680058	0.90169	0.125619	0.933852	0.543796	0.674518	0.450098	0.403127	0.291963	0.493121	0.599528	0.346835	0.0724648	0.451038	0.420583	0.605779	0.45221	0.905917	0.812558	0.396973	0.440529	0.798475	0.0365986	0.872246	
0.622487	0.0713287	0.654807	0.714663	0.54004	0.0527462	0.0133564	0.689874	0.706204	0.119266	0.230626	0.11099	0.420142	0.645014	0.354092	0.143237	0.152212	0.102024	0.320348	0.24361	0.836509	0.0729406	0.0851709	0.490985	0.854521	0.371535	0.400282	0.128632	0.66006	0.291041	0.963067	0.304605	0.175989	0.0900964	0.0326044	0.422332	0.421763	0.685633	0.947665	0.162581	0.00883771	0.14301	0.164176	0.251093	0.665583	0.92388	0.420075	0.873094	0.38096	0.060907	
0.398205	0.854839	0.209443	0.677436	0.413308	0.807157	0.108294	0.311862	0.301962	0.296163	0.385432	0.444704	0.0560428	0.610648	0.813708	0.486187	0.535136	0.054514	0.651859	0.80511	0.991239	0.732761	0.543241	0.253394	0.371359	0.541862	0.821386	0.11651	0.839844	0.667484	0.734697	0.932081	0.518999	0.859636	0.416362	0.852185	0.968627	0.128429	0.0228976	0.704544	0.595229	0.483815	0.267398	0.00924221	0.989925	0.0978116	0.805122	0.0413542	0.710697	0.0492711	
0.986437	0.281905	0.131121	0.962364	0.540547	0.434184	0.240808	0.142587	0.768783	0.108703	0.858589	0.764036	0.462702	0.636471	0.160085	0.663209	0.928602	0.770207	0.560062	0.571269	0.938418	0.705389	0.665923	0.470628	0.527847	0.775922	0.580474	0.712745	0.776963	0.9605	0.290913	0.414188	0.368731	0.204612	0.0415306	0.649757	0.764508	0.240964	0.896453	0.019474	0.462862	0.0596909	0.877919	0.77545	0.831184	0.76837	0.917862	0.519704	0.0471564	0.633024	
0.734232	0.399478	0.502186	0.654729	0.497661	0.436487	0.857078	0.472542	0.380929	0.751054	0.475897	0.218353	0.936711	0.982246	0.842016	0.748657	0.256893	0.00505268	0.117271	0.48023	0.0611784	0.114766	0.501376	0.51098	0.0216711	0.290787	0.910752	0.111044	0.210596	0.890538	0.79893	0.104842	0.562684	0.439901	0.692373	0.497041	0.0989134	0.657332	0.415429	0.339792	0.426569	0.735764	0.77143	0.681913	0.163248	0.773767	0.259382	0.971926	0.191608	0.369467	
0.0355958	0.36732	0.108491	0.588493	0.644492	0.970286	0.0701498	0.0838421	0.112315	0.715806	0.497272	0.178639	0.540128	0.858824	0.919565	0.63051	0.737858	0.163645	0.12919	0.48682	0.293874	0.626911	0.761105	0.0593868	0.634861	0.92033	0.0289681	0.105534	0.495938	0.97027	0.258779	0.969054	0.84178	0.41338	0.75351	0.220257	0.160975	0.00619086	0.304411	0.15154	0.0627802	0.796185	0.242651	0.314966	0.815899	0.0669645	0.742261	0.783925	0.674683	0.733758	
0.0601084	0.669208	0.23871	0.874825	0.613285	0.749886	0.00995457	0.801032	0.99271	0.500105	0.416191	0.400823	0.839166	0.800259	0.947689	0.640254	0.239792	0.173982	0.4735	0.0286495	0.107419	0.846827	0.586443	0.80507	0.513612	0.39695	0.126875	0.434012	0.439903	0.15836	0.910545	0.57539	0.17369	0.578062	0.093795	0.671205	0.392197	0.981794	0.531056	0.15198	0.0103487	0.42173	0.263931	0.327764	0.0161946	0.735022	0.7424	0.516833	0.763741	0.385597	
0.356976	0.852596	0.422673	0.739787	0.577368	0.381415	0.398742	0.90643	0.718478	0.807535	0.497955	0.40584	0.125177	0.641269	0.692472	0.158385	0.949872	0.556173	0.585935	0.275614	0.334164	0.269261	0.103476	0.806987	0.160566	0.128493	0.856299	0.740835	0.46776	0.988946	0.617843	0.0679765	0.698353	0.327126	0.160353	0.805338	0.530356	0.989366	0.497494	0.174552	0.179329	0.738801	0.448674	0.67778	0.545557	0.84544	0.0511973	0.650218	0.352617	0.552285	
0.086508	0.710439	0.2771	0.792585	0.352839	0.932169	0.0422309	0.491324	0.169907	0.384277	0.244885	0.175563	0.93968	0.709006	0.957758	0.635174	0.279245	0.916967	0.74279	0.297406	0.547052	0.434957	0.958757	0.201609	0.923584	0.488472	0.279506	0.956706	0.216138	0.241734	0.47711	0.17405	0.0232565	0.703797	0.337633	0.158909	0.750444	0.276187	0.0560216	0.37034	0.103853	0.660703	0.774277	0.582405	0.871132	0.359755	0.138947	0.662746	0.679448	0.2749	
0.364575	0.356736	0.434303	0.364178	0.138458	0.22701	0.855244	0.734708	0.979605	0.122512	0.0119383	0.0066741	0.444654	0.638095	0.964704	0.305058	0.456023	0.87706	0.229211	0.771938	0.384514	0.345651	0.700825	0.968197	0.586479	0.555142	0.931769	0.213759	0.291309	0.415185	0.358443	0.685198	0.73832	0.411995	0.346913	0.115657	0.183234	0.635719	0.931347	0.946961	0.604901	0.281704	0.467794	0.985704	0.82966	0.301015	0.0621581	0.181407	0.916312	0.488906	
0.366727	0.230639	0.983473	0.784867	0.566862	0.336386	0.304125	0.676805	0.33283	0.366259	0.477589	0.33306	0.025351	0.237619	0.164606	0.472693	0.808162	0.175603	0.314349	0.171977	0.529283	0.894388	0.614258	0.955496	0.330523	0.0220058	0.207744	0.2838	0.229477	0.465836	0.846229	0.713967	0.429807	0.555282	0.274603	0.182212	0.637804	0.500618	0.663418	0.150181	0.507682	0.379155	0.225681	0.0568382	0.70774	0.486898	0.781298	0.618007	0.262786	0.07697	
0.0411037	0.589869	0.611205	0.100934	0.940668	0.797386	0.691005	0.409082	0.0168972	0.0741993	0.149375	0.653893	0.826678	0.305754	0.383778	0.48989	0.314258	0.818173	0.648885	0.16262	0.204129	0.746595	0.378846	0.000617267	0.0066701	0.574148	0.503938	0.128883	0.590657	0.823714	0.254582	0.405591	0.341688	0.943677	0.0606277	0.449003	0.43647	0.657357	0.0545678	0.829548	0.189287	0.940235	0.105633	0.207776	0.775675	0.301854	0.63082	0.733225	0.842252	0.809749	
