20	20
102.166	0.391253
91.7881	0.282403
98.4674	0.551303
96.6572	0.189544
89.726	0.210336
95.6259	0.19014
89.7971	0.629712
94.2125	0.487997
99.1267	0.0736441
93.5587	0.976351
95.3726	0.861511
98.8787	0.741293
98.3988	0.641185
93.1	0.610221
85.339	0.703759
86.5973	0.971645
98.4674	0.503258
93.066	0.403174
97.2218	0.805644
93.7705	0.642233
37.7642
10.7185
47.3649
3.19428
9.32463
44.835
26.5693
46.7778
5.80985
25.5247
18.5323
36.9093
7.91083
39.3928
16.9939
22.2769
30.7969
11.9491
25.0061
40.0375
0.3087	0.935563	0.0193384	0.781687	0.731297	0.735116	0.787498	0.803554	0.0904018	0.00496585	0.295454	0.041501	0.932318	0.806159	0.979811	0.64574	0.502587	0.9377	0.782167	0.10852	
0.484609	0.0249587	0.746409	0.573398	0.90307	0.0945803	0.59399	0.76162	0.214018	0.603165	0.609498	0.401033	0.225525	0.415113	0.882727	0.0316248	0.491009	0.759294	0.269815	0.682844	
0.495043	0.272254	0.583497	0.276997	0.0618278	0.323547	0.427953	0.0730297	0.655976	0.91042	0.214352	0.40296	0.776312	0.454544	0.447426	0.42813	0.654867	0.861567	0.10968	0.815787	
0.534831	0.809347	0.576672	0.343344	0.989995	0.470634	0.449416	0.881842	0.862909	0.260215	0.530583	0.535182	0.485161	0.983139	0.985491	0.426991	0.514993	0.773602	0.2161	0.88748	
0.800881	0.460381	0.0650503	0.277468	0.904057	0.039598	0.160097	0.944499	0.437102	0.0019383	0.676315	0.611728	0.108105	0.168414	0.392367	0.193342	0.548403	0.254825	0.648848	0.256534	
0.794692	0.343135	0.330003	0.76614	0.490514	0.745381	0.599923	0.953608	0.992337	0.750581	0.584944	0.493801	0.759353	0.691887	0.951987	0.739374	0.103239	0.346542	0.118622	0.866327	
0.531837	0.266347	0.139161	0.849006	0.178657	0.582877	0.630758	0.656705	0.0687154	0.898343	0.271846	0.299025	0.839573	0.931377	0.978845	0.191333	0.699974	0.587572	0.767846	0.213623	
0.757076	0.450058	0.997536	0.204491	0.805034	0.514265	0.0104904	0.00381021	0.320574	0.0024815	0.29021	0.952988	0.502638	0.565149	0.903226	0.580956	0.734999	0.173384	0.970636	0.510176	
0.573997	0.872739	0.741176	0.152751	0.625226	0.937129	0.485437	0.525151	0.147556	0.618835	0.29498	0.88191	0.766923	0.111562	0.212433	0.490196	0.851443	0.428763	0.975243	0.958465	
0.954512	0.130018	0.312681	0.255194	0.388191	0.0505181	0.577031	0.68576	0.879018	0.384222	0.399703	0.527687	0.0898194	0.73856	0.25331	0.854765	0.994368	0.928278	0.88029	0.453762	
0.405341	0.25601	0.201931	0.460467	0.287437	0.87363	0.438282	0.752294	0.85616	0.0573823	0.496308	0.813933	0.0954299	0.684301	0.649545	0.287759	0.787243	0.977815	0.770506	0.263599	
0.604	0.274847	0.533934	0.346575	0.723247	0.0569105	0.0697372	0.21915	0.428322	0.765825	0.50982	0.21217	0.29552	0.821138	0.698108	0.81114	0.654244	0.0254586	0.525756	0.436267	
0.923051	0.474205	0.0964356	0.583009	0.667567	0.0480135	0.966931	0.896238	0.560703	0.836188	0.289395	0.773606	0.234148	0.488242	0.382725	0.252636	0.438046	0.480049	0.697111	0.160679	
0.333898	0.300722	0.854263	0.638184	0.188525	0.00139777	0.355481	0.702224	0.988123	0.0119457	0.759909	0.341396	0.156297	0.205805	0.575285	0.585189	0.624883	0.192247	0.784574	0.205531	
0.0906244	0.999493	0.124122	0.2668	0.612894	0.0377289	0.976035	0.903462	0.479203	0.122596	0.477603	0.452265	0.858415	0.127581	0.341906	0.500682	0.960024	0.191831	0.937423	0.0398009	
0.721617	0.551301	0.236439	0.354294	0.948787	0.899777	0.629816	0.251437	0.905211	0.367634	0.312424	0.565523	0.728887	0.768368	0.393834	0.935114	0.209944	0.86038	0.575332	0.637638	
0.577686	0.724261	0.102995	0.990004	0.218583	0.813302	0.791245	0.104244	0.781541	0.293349	0.507612	0.00506643	0.754022	0.0757555	0.302797	0.355608	0.842916	0.677322	0.758952	0.729549	
0.873495	0.811321	0.095144	0.299045	0.376149	0.352613	0.375234	0.811891	0.584727	0.785867	0.668792	0.451631	0.656593	0.162437	0.331021	0.267607	0.310895	0.968651	0.552631	0.995887	
0.0257739	0.81875	0.477549	0.489544	0.91945	0.384551	0.463098	0.360013	0.853725	0.827243	0.951945	0.887768	0.944958	0.211548	0.11183	0.664936	0.706579	0.298147	0.164175	0.13686	
0.384394	0.0325555	0.718867	0.374457	0.356789	0.978026	0.0696288	0.423175	0.78825	0.16794	0.888469	0.625486	0.712077	0.511886	0.0534882	0.246134	0.551129	0.121626	0.546835	0.0409176	
