20	40
93.2471	0.658678
98.1202	0.4243
94.3041	0.150219
98.8174	0.20331
88.7037	0.156968
82.6884	0.135412
82.3455	0.713584
84.872	0.964208
91.6602	0.19239
97.8854	0.836004
87.4924	0.303642
87.1841	0.633006
98.1326	0.960948
84.5058	0.15574
93.9313	0.394524
85.1213	0.139425
80.5569	0.0239979
92.619	0.798391
91.5043	0.61338
90.8033	0.801718
17.4547
4.23261
46.6029
17.6455
14.3725
30.3656
42.6775
38.7553
21.1872
29.4205
17.2693
43.8109
23.9311
44.9487
4.41157
39.7303
11.6107
48.7859
35.7068
30.5027
31.9617
45.2808
2.93442
44.0311
35.2747
7.25265
21.7184
25.14
39.995
35.7255
17.3776
2.52251
15.0488
26.9823
39.3306
15.0303
18.887
39.5183
17.5056
18.6108
0.99662	0.257009	0.626137	0.289722	0.850095	0.217668	0.700062	0.589669	0.113969	0.412726	0.954792	0.638655	0.822493	0.932203	0.509729	0.899443	0.0100472	0.114725	0.533521	0.325053	0.0612764	0.24274	0.856621	0.988704	0.902078	0.467839	0.610012	0.510524	0.358915	0.92813	0.515221	0.28222	0.651478	0.0478912	0.775916	0.684273	0.843037	0.278546	0.577329	0.555624	
0.977032	0.64626	0.651719	0.254599	0.0465987	0.0705339	0.556619	0.26985	0.418103	0.502354	0.587261	0.409232	0.315222	0.990761	0.846139	0.615007	0.222642	0.0405321	0.482891	0.950392	0.252432	0.368993	0.207089	0.944017	0.0922764	0.563575	0.0208221	0.933235	0.351017	0.824708	0.442662	0.0645297	0.752157	0.774317	0.00729194	0.752576	0.699327	0.016377	0.873371	0.97606	
0.586497	0.746889	0.83964	0.554226	0.926749	0.150291	0.193532	0.812711	0.585093	0.203589	0.680448	0.306681	0.0490632	0.10342	0.529428	0.137611	0.902595	0.959079	0.784795	0.790159	0.920971	0.42866	0.251499	0.413888	0.0947487	0.726823	0.66505	0.844049	0.368065	0.274061	0.360588	0.946317	0.487945	0.585817	0.124327	0.81591	0.397266	0.359374	0.788057	0.167278	
0.049697	0.402248	0.519498	0.232535	0.541757	0.875875	0.727975	0.130892	0.83318	0.178851	0.934702	0.865428	0.108468	0.389937	0.767646	0.539747	0.527259	0.545838	0.29113	0.423077	0.203536	0.976544	0.869276	0.98241	0.116079	0.883625	0.456132	0.317913	0.722313	0.6807	0.0115031	0.0035688	0.837947	0.15769	0.310832	0.882778	0.500416	0.825014	0.780729	0.816462	
0.970519	0.806591	0.118752	0.231395	0.814734	0.757712	0.490757	0.622174	0.476373	0.580571	0.130055	0.852479	0.121488	0.0184805	0.962442	0.274882	0.0644228	0.557996	0.277714	0.360862	0.70692	0.608747	0.607558	0.962032	0.380835	0.684573	0.610535	0.147091	0.453557	0.727611	0.390329	0.36148	0.76215	0.458455	0.913626	0.987549	0.700856	0.968929	0.128036	0.507947	
0.747341	0.221407	0.987415	0.969262	0.201568	0.788069	0.524464	0.503244	0.856715	0.856422	0.146744	0.722871	0.793173	0.3662	0.145856	0.805161	0.196359	0.509324	0.841552	0.657214	0.711523	0.576058	0.654026	0.322512	0.352274	0.407738	0.35909	0.25507	0.107691	0.761361	0.336701	0.179793	0.760342	0.167309	0.848698	0.191581	0.550866	0.552442	0.179833	0.248506	
0.983157	0.980885	0.680459	0.886537	0.784729	0.687026	0.318891	0.566889	0.00149536	0.207044	0.812821	0.844614	0.95273	0.34634	0.668697	0.0871106	0.880234	0.253279	0.720485	0.100353	0.110388	0.696401	0.770355	0.369929	0.086033	0.391426	0.358764	0.935791	0.479417	0.823092	0.112405	0.788153	0.237248	0.0456201	0.154977	0.379952	0.128965	0.912872	0.694294	0.952887	
0.729544	0.242284	0.33795	0.0335796	0.652582	0.614713	0.0656752	0.391058	0.416539	0.0989961	0.811397	0.41318	0.506013	0.302198	0.0494782	0.821332	0.0933685	0.714969	0.316858	0.653632	0.383494	0.314952	0.459406	0.134569	0.506589	0.167523	0.155096	0.861759	0.234409	0.139495	0.985323	0.52212	0.399618	0.816071	0.970451	0.356073	0.489404	0.761283	0.246841	0.0685338	
0.0253216	0.272413	0.761881	0.892129	0.427864	0.724443	0.610708	0.48155	0.917482	0.284859	0.315742	0.569734	0.350977	0.801595	0.889922	0.48609	0.448621	0.532426	0.536416	0.0738849	0.848547	0.571324	0.876525	0.503986	0.415219	0.75752	0.503642	0.929973	0.337206	0.072403	0.211249	0.0369719	0.361079	0.748197	0.51572	0.956311	0.18997	0.496176	0.0729568	0.207128	
0.471049	0.848044	0.653752	0.880302	0.058479	0.882997	0.202795	0.719651	0.17616	0.557133	0.274631	0.357262	0.0863867	0.152193	0.543613	0.0311818	0.878921	0.189031	0.825282	0.160143	0.165326	0.710896	0.702025	0.121541	0.830364	0.32505	0.232527	0.795617	0.330673	0.492165	0.946053	0.420906	0.760579	0.436554	0.982276	0.748111	0.183101	0.315229	0.56426	0.974124	
0.726343	0.493893	0.0249583	0.243266	0.577805	0.00198726	0.0415507	0.593519	0.75222	0.227646	0.620447	0.00511459	0.239359	0.374398	0.764414	0.837022	0.588814	0.242972	0.128007	0.240526	0.63006	0.0561606	0.0236084	0.83093	0.561589	0.959444	0.619458	0.573433	0.805629	0.23419	0.729951	0.654928	0.886151	0.817309	0.384615	0.612739	0.735151	0.250661	0.725698	0.76352	
0.711836	0.451692	0.473375	0.56903	0.13925	0.539195	0.381929	0.795705	0.100241	0.249797	0.634189	0.862199	0.342838	0.557048	0.266925	0.680118	0.36354	0.901484	0.561583	0.579585	0.391735	0.947718	0.154474	0.0259113	0.103516	0.0141383	0.822884	0.393848	0.373252	0.0685404	0.44361	0.587818	0.263727	0.267639	0.244865	0.652163	0.344539	0.690321	0.822534	0.809317	
0.617966	0.0472955	0.279991	0.300235	0.748131	0.00741839	0.420725	0.541158	0.522263	0.110983	0.320773	0.258365	0.236276	0.511943	0.148216	0.788561	0.0564082	0.904159	0.405299	0.333259	0.808349	0.256595	0.589312	0.474381	0.700278	0.828811	0.789025	0.860136	0.622064	0.759843	0.800047	0.739387	0.52087	0.0200638	0.739392	0.0956128	0.761234	0.325456	0.511429	0.156593	
0.157263	0.0570771	0.747936	0.281784	0.991464	0.980331	0.683078	0.230879	0.950241	0.428439	0.146799	0.575686	0.514411	0.0462312	0.816967	0.285079	0.377989	0.977119	0.161082	0.881528	0.532934	0.430962	0.280892	0.804528	0.270204	0.52393	0.849274	0.801236	0.787021	0.244812	0.732295	0.408819	0.430838	0.290026	0.415087	0.984606	0.314014	0.452198	0.262636	0.149879	
0.411387	0.785347	0.541644	0.374645	0.763719	0.651303	0.395001	0.834525	0.0841567	0.415069	0.648246	0.849258	0.318434	0.987796	0.883482	0.955225	0.684234	0.314846	0.642457	0.531149	0.418465	0.655973	0.589675	0.803851	0.234086	0.171629	0.963707	0.528925	0.0611214	0.598219	0.859082	0.542998	0.215315	0.21653	0.119753	0.519656	0.85899	0.371368	0.908778	0.434663	
0.0240207	0.238291	0.0721453	0.120093	0.905103	0.718034	0.019392	0.875192	0.646759	0.71983	0.518731	0.55795	0.515461	0.400829	0.758485	0.791322	0.435867	0.268062	0.0039902	0.365206	0.163561	0.796139	0.396833	0.80916	0.404579	0.373934	0.273279	0.919853	0.189026	0.0100424	0.0600893	0.38536	0.675335	0.733654	0.963878	0.376414	0.480453	0.894118	0.256268	0.211354	
0.717355	0.0633408	0.814006	0.849249	0.648724	0.996965	0.605112	0.948991	0.430551	0.936989	0.303254	0.106045	0.661442	0.235691	0.528068	0.289224	0.51142	0.960459	0.239814	0.497753	0.514008	0.601216	0.686903	0.242422	0.400243	0.653398	0.994755	0.313296	0.217814	0.218681	0.0284682	0.104651	0.438332	0.320982	0.687197	0.365768	0.630649	0.02809	0.67416	0.102216	
0.700241	0.398679	0.290622	0.0550825	0.838492	0.0136863	0.0832261	0.919758	0.741316	0.35349	0.352622	0.647919	0.429291	0.584886	0.85272	0.560296	0.304133	0.201052	0.862913	0.996756	0.397067	0.6216	0.198924	0.377991	0.832033	0.129712	0.877925	0.291998	0.133141	0.633767	0.0444006	0.833322	0.00576399	0.646326	0.090681	0.981561	0.442769	0.475267	0.0241884	0.636522	
0.277822	0.764645	0.372976	0.359111	0.804101	0.148108	0.430536	0.991847	0.0693968	0.685327	0.470508	0.878137	0.708558	0.685314	0.340226	0.37417	0.161132	0.0145603	0.817145	0.245427	0.338448	0.292643	0.994176	0.0146558	0.385439	0.686987	0.468737	0.919662	0.0556763	0.867347	0.997514	0.801142	0.220914	0.47277	0.0909124	0.414056	0.141763	0.886983	0.407961	0.572551	
0.573307	0.423687	0.492787	0.376867	0.309444	0.189146	0.106448	0.933296	0.198117	0.173477	0.565604	0.521789	0.702049	0.809279	0.676661	0.481331	0.835554	0.663888	0.764741	0.610417	0.171218	0.750751	0.322139	0.614008	0.226467	0.158893	0.608855	0.434844	0.0502997	0.816058	0.696185	0.113851	0.289729	0.893705	0.47447	0.270621	0.667695	0.17031	0.260059	0.459492	
