10	20
41.1209	0.529722
40.3989	0.308377
44.8342	0.610435
45.5785	0.0419094
45.6333	0.0733365
47.538	0.784471
42.5216	0.644223
44.6684	0.92508
47.1744	0.615227
45.9887	0.135011
20.4516
42.3995
39.0657
27.909
11.4632
9.07896
45.2148
12.6203
3.88813
7.48472
46.6851
48.3578
43.4561
3.68913
17.1109
19.5882
8.52235
7.95939
37.2242
47.2669
0.124774	0.813702	0.519642	0.651017	0.302009	0.7232	0.606396	0.2918	0.564337	0.267942	0.63826	0.131968	0.605524	0.903604	0.199054	0.411759	0.660969	0.604329	0.433938	0.935618	
0.062491	0.871667	0.214117	0.433761	0.149311	0.0883984	0.0392917	0.308449	0.575021	0.84534	0.683978	0.702868	0.531554	0.89741	0.168475	0.84199	0.709682	0.919862	0.894613	0.544983	
0.877441	0.354162	0.268053	0.307569	0.460595	0.483955	0.408463	0.339998	0.377979	0.289836	0.487601	0.902662	0.80773	0.265445	0.0867799	0.740369	0.272961	0.710978	0.0572597	0.799183	
0.558003	0.451346	0.878389	0.483253	0.114754	0.553442	0.691598	0.700844	0.187708	0.00469656	0.129271	0.334469	0.0525736	0.316078	0.85672	0.622388	0.156276	0.965075	0.315472	0.247125	
0.798113	0.00967008	0.604273	0.47925	0.812227	0.42056	0.263834	0.818832	0.472059	0.0949422	0.837703	0.35214	0.888879	0.513777	0.242374	0.164958	0.233471	0.537027	0.743335	0.587737	
0.761397	0.445219	0.362638	0.218088	0.423925	0.886665	0.428476	0.90412	0.352354	0.656967	0.0115441	0.509435	0.982069	0.22454	0.420765	0.0992749	0.865455	0.896931	0.591741	0.340929	
0.793327	0.536301	0.720636	0.580403	0.0914914	0.603644	0.30617	0.933602	0.2843	0.224829	0.183983	0.202528	0.954115	0.885472	0.903245	0.112717	0.404492	0.903838	0.327012	0.365915	
0.251587	0.0481925	0.720182	0.358213	0.347361	0.632323	0.507491	0.180959	0.652613	0.37785	0.797484	0.140246	0.799299	0.741117	0.255145	0.558158	0.963997	0.586378	0.0803853	0.595828	
0.294305	0.0580757	0.0952625	0.986693	0.217666	0.0706547	0.57349	0.00735717	0.675562	0.858105	0.51163	0.653832	0.989268	0.833185	0.742254	0.486246	0.522812	0.578172	0.447701	0.13928	
0.416844	0.938282	0.654745	0.774025	0.952938	0.360424	0.795709	0.276721	0.668532	0.54088	0.24084	0.00947798	0.276864	0.511572	0.132383	0.325318	0.854687	0.411441	0.844831	0.81221	
