20	50
90.0245	0.00892342
90.7755	0.52553
90.6838	0.704841
91.8385	0.0571846
91.2995	0.172813
84.8154	0.721777
99.2862	0.920088
97.9077	0.654367
83.997	0.0823708
100.229	0.724235
98.8526	0.160955
102.464	0.357394
87.2138	0.158083
84.9104	0.760587
95.8045	0.744539
97.7867	0.896063
88.3211	0.647183
93.1224	0.414487
99.8002	0.541576
82.8483	0.495832
32.6906
41.7869
21.9424
17.6678
8.05913
48.5679
4.59083
25.4339
24.789
44.5582
35.0097
39.1731
24.4952
36.5951
17.9673
33.731
17.0496
41.5835
46.3621
12.7968
19.5851
45.2622
4.41093
48.3337
18.2602
39.9186
27.5525
27.6681
24.146
7.51911
28.2974
18.6962
7.75495
26.5485
14.5506
17.2658
22.8034
27.1736
26.4912
48.4954
45.8677
29.423
20.8983
47.9274
26.6648
32.0204
11.9964
9.67256
42.583
30.8808
0.292763	0.47643	0.382262	0.13085	0.576907	0.219853	0.623283	0.856852	0.171822	0.249042	0.225795	0.441287	0.723985	0.869935	0.605878	0.319639	0.0224728	0.277075	0.491214	0.634733	0.884518	0.256732	0.206444	0.851011	0.300296	0.978406	0.562173	0.0398192	0.68694	0.0597911	0.374416	0.774377	0.595717	0.519075	0.212136	0.421583	0.860229	0.47045	0.20208	0.295327	0.661568	0.581476	0.547223	0.959025	0.688456	0.922449	0.253884	0.188525	0.335482	1.80984e-05	
0.526426	0.384034	0.0409785	0.0143013	0.253297	0.00987738	0.0852988	0.847331	0.307293	0.500404	0.106007	0.90479	0.9659	0.135764	0.981146	0.0581302	0.670797	0.994706	0.195171	0.021782	0.889454	0.0223881	0.948985	0.566149	0.0547881	0.751165	0.32954	0.66104	0.147423	0.356404	0.507685	0.148984	0.223387	0.491042	0.658075	0.886176	0.604822	0.490234	0.206906	0.651316	0.558337	0.412308	0.670549	0.618833	0.468772	0.221945	0.350995	0.0628083	0.0542157	0.678327	
0.41199	0.635566	0.253058	0.0653	0.424744	0.48375	0.711455	0.0998277	0.139486	0.150022	0.658781	0.140535	0.501139	0.457472	0.901738	0.0209329	0.899972	0.732352	0.190117	0.978645	0.371356	0.979263	0.192096	0.199827	0.850174	0.476839	0.0757963	0.498565	0.236477	0.971054	0.673409	0.947763	0.92199	0.506547	0.817696	0.0527304	0.943806	0.58869	0.0126372	0.492184	0.316057	0.704907	0.844327	0.739482	0.955622	0.153609	0.235918	0.575062	0.678818	0.666265	
0.573818	0.868827	0.891441	0.363908	0.796484	0.573374	0.6752	0.498967	0.226347	0.393992	0.697161	0.828982	0.236605	0.312435	0.977096	0.593161	0.206666	0.639795	0.903227	0.278242	0.0386701	0.82393	0.180955	0.63902	0.692426	0.505411	0.909745	0.331328	0.928771	0.812718	0.84964	0.854207	0.265636	0.247946	0.729137	0.725319	0.818835	0.792816	0.949497	0.429737	0.984325	0.208028	0.879223	0.879679	0.533564	0.338744	0.324908	0.356162	0.345868	0.573627	
0.231085	0.501226	0.921956	0.665222	0.876186	0.00702019	0.250012	0.777725	0.391415	0.0571411	0.721071	0.750332	0.712993	0.431845	0.91056	0.776803	0.636997	0.0428652	0.875259	0.277374	0.515518	0.545107	0.210836	0.460151	0.0638233	0.778625	0.477997	0.802533	0.631531	0.806924	0.695377	0.494413	0.236134	0.364127	0.310709	0.0156656	0.712597	0.746227	0.169161	0.953764	0.656417	0.727394	0.312695	0.618398	0.0611176	0.597246	0.554607	0.786583	0.482081	0.171664	
0.497643	0.395336	0.896344	0.999007	0.948635	0.978829	0.342	0.318534	0.778297	0.0802378	0.934686	0.0573997	0.868956	0.131853	0.0135851	0.0263672	0.357234	0.749824	0.734266	0.856965	0.698123	0.170365	0.743201	0.622568	0.941829	0.180768	0.836761	0.643497	0.797891	0.776781	0.383118	0.867515	0.00469312	0.486408	0.103752	0.926924	0.97727	0.239973	0.290356	0.478619	0.469015	0.686749	0.216455	0.311081	0.711583	0.0906569	0.251343	0.909142	0.180607	0.0260603	
0.273061	0.553834	0.30998	0.0368456	0.365159	0.602363	0.664367	0.437837	0.735856	0.528201	0.353725	0.245115	0.22858	0.427726	0.762547	0.884407	0.429849	0.776747	0.910924	0.323294	0.462821	0.671786	0.214905	0.278653	0.0245775	0.00236964	0.002724	0.612771	0.492157	0.946186	0.737707	0.186058	0.0585657	0.872921	0.438844	0.911552	0.405745	0.18138	0.899041	0.966744	0.22724	0.681611	0.325548	0.538441	0.849768	0.890183	0.830823	0.384338	0.934975	0.459073	
0.780747	0.315405	0.391535	0.675433	0.484964	0.512508	0.377274	0.946814	0.220599	0.42041	0.917783	0.245133	0.134136	0.931605	0.16538	0.151083	0.736601	0.400368	0.793297	0.799783	0.127552	0.574835	0.767431	0.178661	0.951157	0.484842	0.435767	0.777633	0.544788	0.784604	0.983493	0.98778	0.641898	0.532065	0.283239	0.963795	0.371007	0.965547	0.849145	0.188983	0.0419931	0.0682737	0.968518	0.618382	0.326607	0.999411	0.957388	0.679007	0.762486	0.556342	
0.313581	0.994513	0.460093	0.475739	0.456656	0.0563039	0.126258	0.820861	0.182961	0.599242	0.635035	0.14343	0.0967756	0.789992	0.976807	0.322705	0.0845529	0.921218	0.202706	0.98357	0.548461	0.321181	0.648701	0.731794	0.224912	0.896492	0.426936	0.854	0.886809	0.655925	0.249003	0.999017	0.836282	0.983444	0.51931	0.933611	0.177785	0.729896	0.763404	0.214612	0.992684	0.659631	0.237957	0.838327	0.0890556	0.874589	0.414259	0.795447	0.0928729	0.916182	
0.758082	0.214893	0.829111	0.0176966	0.126269	0.328294	0.182478	0.0782508	0.331551	0.976825	0.0533493	0.0600597	0.313112	0.661667	0.309325	0.940624	0.829361	0.172958	0.589821	0.889008	0.899394	0.255875	0.840404	0.68479	0.0531237	0.78801	0.304264	0.864584	0.11761	0.98448	0.143825	0.247793	0.254127	0.290137	0.527047	0.607684	0.063989	0.318511	0.380518	0.419052	0.47819	0.287714	0.639999	0.341483	0.0483249	0.91457	0.555907	0.999067	0.13737	0.767745	
0.228606	0.176914	0.98485	0.617644	0.259295	0.220069	0.357955	0.803438	0.826214	0.830605	0.52769	0.683174	0.513588	0.283956	0.757131	0.0846648	0.982367	0.0464842	0.622163	0.0733033	0.162184	0.923371	0.85139	0.218253	0.926219	0.29841	0.9208	0.0145733	0.329907	0.976489	0.514573	0.273426	0.92296	0.727156	0.927026	0.247989	0.652666	0.182114	0.675833	0.467654	0.606769	0.383807	0.478916	0.427902	0.281645	0.752013	0.732672	0.761905	0.76754	0.903593	
0.097697	0.850057	0.623421	0.306614	0.163272	0.302445	0.330514	0.975301	0.631972	0.395806	0.172875	0.408844	0.9614	0.818481	0.402224	0.50009	0.801973	0.238233	0.449427	0.383575	0.230046	0.94283	0.0630036	0.106748	0.536788	0.0944219	0.745491	0.281421	0.232438	0.47931	0.90701	0.19126	0.494039	0.94799	0.911657	0.443387	0.887171	0.569111	0.212852	0.640771	0.974577	0.701896	0.53817	0.739059	0.553597	0.500213	0.825065	0.383557	0.354648	0.580682	
0.0390952	0.234085	0.311296	0.457609	0.34196	0.0433889	0.803384	0.681166	0.381197	0.764327	0.608977	0.923431	0.28104	0.947392	0.733799	0.313744	0.9876	0.801549	0.405371	0.77106	0.417116	0.682227	0.648777	0.107014	0.716697	0.374906	0.676531	0.518657	0.825057	0.728836	0.741864	0.603683	0.0759265	0.785068	0.511536	0.152601	0.920471	0.0282663	0.404296	0.810555	0.701309	0.679561	0.597523	0.100222	0.472413	0.533834	0.776696	0.682193	0.88108	0.944334	
0.914969	0.763465	0.215943	0.265526	0.610674	0.0914455	0.010846	0.629157	0.457997	0.643024	0.410058	0.229804	0.495201	0.37234	0.768587	0.987668	0.477832	0.485256	0.210332	0.255727	0.151602	0.133955	0.280258	0.93576	0.203355	0.753117	0.158349	0.950156	0.762345	0.111321	0.125109	0.954482	0.378636	0.724542	0.174449	0.146906	0.239934	0.672686	0.347217	0.385106	0.565927	0.205159	0.569348	0.378553	0.451073	0.365222	0.865273	0.345218	0.110699	0.618574	
0.0788223	0.311129	0.824803	0.907446	0.201095	0.369763	0.800765	0.289854	0.183441	0.756568	0.25795	0.906054	0.71668	0.0734036	0.61643	0.575458	0.809219	0.323784	0.287962	0.553426	0.623827	0.307931	0.742983	0.244023	0.776908	0.0904958	0.154994	0.560369	0.134853	0.740437	0.224606	0.02827	0.213364	0.283609	0.489669	0.914412	0.185627	0.297253	0.899781	0.0264407	0.9402	0.899444	0.78276	0.348443	0.686926	0.558961	0.819687	0.877288	0.265864	0.389165	
0.451276	0.895356	0.228273	0.714274	0.986676	0.502633	0.131028	0.256341	0.0461297	0.760918	0.731612	0.872823	0.582941	0.661796	0.28583	0.546018	0.946896	0.885201	0.79256	0.365283	0.139513	0.843979	0.961856	0.728346	0.59299	0.504634	0.0587987	0.850121	0.611328	0.693251	0.636106	0.726958	0.762823	0.575278	0.0145601	0.733432	0.555406	0.207743	0.438809	0.638258	0.43474	0.37238	0.990162	0.896874	0.708114	0.200659	0.252614	0.852868	0.105493	0.444223	
0.804121	0.175719	0.90742	0.654848	0.54934	0.471222	0.161755	0.886554	0.717787	0.889281	0.0300058	0.839566	0.17775	0.272032	0.150052	0.898162	0.105657	0.02904	0.0888692	0.620322	0.365991	0.641779	0.144536	0.359235	0.49434	0.616162	0.24776	0.630996	0.0731244	0.0874734	0.306423	0.141897	0.72698	0.998312	0.00524831	0.0317305	0.264501	0.919239	0.330383	0.70857	0.682981	0.00189764	0.575567	0.915893	0.703278	0.807759	0.00808407	0.492358	0.478129	0.558545	
0.803761	0.6896	0.321941	0.245137	0.134738	0.63481	0.222035	0.388128	0.0532438	0.248247	0.141943	0.284146	0.155368	0.540434	0.445025	0.48158	0.98399	0.967021	0.872436	0.138681	0.639997	0.143444	0.805592	0.73854	0.318541	0.451599	0.599023	0.60994	0.99656	0.862255	0.711727	0.963471	0.385833	0.809811	0.478759	0.929407	0.948481	0.467977	0.0866239	0.490349	0.636646	0.990389	0.977829	0.750776	0.709449	0.811832	0.753865	0.20492	0.17826	0.438275	
0.13532	0.594582	0.467933	0.520705	0.218992	0.701785	0.365349	0.289023	0.498457	0.851283	0.423566	0.995204	0.47198	0.293798	0.306389	0.191484	0.944161	0.698979	0.57543	0.756573	0.78536	0.82715	0.710162	0.597211	0.587263	0.945879	0.376512	0.973454	0.762621	0.196558	0.449797	0.800687	0.140473	0.578182	0.790544	0.94471	0.997695	0.956119	0.172685	0.616579	0.357696	0.717855	0.927318	0.388302	0.0741258	0.497791	0.778254	0.347138	0.995506	0.712918	
0.0166113	0.950157	0.823622	0.85795	0.222801	0.254569	0.17	0.0793806	0.72936	0.250148	0.431747	0.923954	0.241711	0.132393	0.804355	0.692235	0.168816	0.0567361	0.343583	0.731099	0.0352324	0.53323	0.760234	0.120665	0.538132	0.0864238	0.426812	0.821744	0.536297	0.408704	0.535128	0.257606	0.776179	0.458297	0.263215	0.335542	0.749663	0.0994577	0.33531	0.127102	0.374426	0.890896	0.391446	0.582289	0.919004	0.928233	0.403036	0.97117	0.681008	0.48715	
