15	30
67.9188	0.199274
67.655	0.662745
65.9585	0.457838
72.5329	0.933945
61.52	0.125508
61.7508	0.150126
72.6614	0.21479
63.7869	0.70467
72.4519	0.174494
74.7779	0.487491
69.2572	0.759404
74.5076	0.717683
64.8383	0.60282
61.7492	0.154791
73.2624	0.219145
32.7822
20.6516
40.1625
17.4555
37.352
43.3921
3.06863
5.63155
17.475
19.5468
31.6629
35.7921
44.9949
8.93818
13.4735
7.79673
44.7661
35.8448
17.866
46.1125
42.9238
9.03071
34.1334
8.58984
38.2497
3.28316
24.1842
40.7024
35.0046
47.7743
0.905099	0.932582	0.695481	0.231861	0.604319	0.718619	0.932177	0.59897	0.536448	0.446595	0.0957655	0.964113	0.072447	0.989066	0.787491	0.985443	0.00667476	0.616089	0.81514	0.174128	0.598989	0.681307	0.551899	0.799918	0.432558	0.338077	0.884819	0.370821	0.207909	0.0248903	
0.385303	0.816483	0.654567	0.131038	0.98506	0.439242	0.0810545	0.799528	0.978769	0.823469	0.148665	0.710336	0.29665	0.22918	0.781581	0.0977465	0.280893	0.12137	0.165468	0.496715	0.931963	0.243155	0.328228	0.301609	0.97733	0.0911814	0.890096	0.648335	0.479246	0.135353	
0.63153	0.179492	0.204401	0.699805	0.510055	0.215401	0.962039	0.414841	0.683808	0.308938	0.638296	0.903169	0.0720628	0.301768	0.204125	0.293726	0.555119	0.86094	0.134672	0.75211	0.565594	0.71567	0.175166	0.821568	0.385889	0.466369	0.477641	0.0440144	0.889841	0.761035	
0.259595	0.535041	0.846027	0.297793	0.561557	0.966663	0.64567	0.111541	0.559475	0.357248	0.518568	0.938131	0.240739	0.266555	0.81299	0.632374	0.623397	0.473089	0.988814	0.305998	0.277745	0.0231487	0.236768	0.862565	0.00847263	0.567497	0.148209	0.883429	0.534944	0.689615	
0.307598	0.479158	0.529615	0.0723214	0.125529	0.514091	0.0232889	0.680422	0.454087	0.816207	0.890661	0.0138079	0.086225	0.183221	0.798892	0.898264	0.485815	0.981142	0.711386	0.247023	0.825784	0.273803	0.452293	0.97959	0.639223	0.0960852	0.229626	0.88613	0.2923	0.152603	
0.272038	0.833881	0.402807	0.0166164	0.810506	0.282637	0.929812	0.910742	0.513073	0.557729	0.246842	0.773052	0.303485	0.456235	0.770267	0.143271	0.860217	0.829268	0.468474	0.193421	0.119316	0.338479	0.247831	0.737219	0.441769	0.0235484	0.292829	0.28427	0.0745425	0.920197	
0.566382	0.681654	0.372357	0.998057	0.36007	0.60687	0.970572	0.961903	0.758131	0.847186	0.161121	0.0443273	0.804666	0.498938	0.624864	0.965738	0.828954	0.0702494	0.103428	0.588949	0.777631	0.818943	0.828911	0.904711	0.62464	0.115418	0.498295	0.0801715	0.793752	0.560058	
0.574034	0.427923	0.94406	0.290845	0.715011	0.525401	0.6636	0.416121	0.677289	0.454526	0.696722	0.953656	0.0297418	0.919809	0.100953	0.233945	0.802429	0.538525	0.0944641	0.894576	0.154723	0.194092	0.202334	0.479629	0.00827565	0.716456	0.924041	0.777643	0.14986	0.265023	
0.618309	0.00323391	0.454637	0.693858	0.719052	0.608096	0.571664	0.372478	0.361818	0.457067	0.116785	0.273526	0.726968	0.077502	0.549887	0.328394	0.679541	0.593466	0.671971	0.818781	0.802947	0.89708	0.408712	0.999535	0.381391	0.938024	0.551165	0.269071	0.688315	0.51626	
0.595869	0.214443	0.527358	0.79866	0.159493	0.976987	0.136208	0.039518	0.330278	0.60716	0.959982	0.924438	0.146836	0.794598	0.453166	0.838679	0.334512	0.143326	0.343858	0.288078	0.80707	0.554974	0.720894	0.488688	0.0948855	0.965583	0.207158	0.662351	0.226289	0.177371	
0.357816	0.864118	0.665665	0.692253	0.187321	0.853589	0.012723	0.870549	0.272654	0.162862	0.0567143	0.5982	0.41133	0.559683	0.0525491	0.81464	0.63824	0.873552	0.942809	0.718378	0.0264507	0.403011	0.805026	0.0214106	0.755399	0.428715	0.181626	0.308369	0.951278	0.805041	
0.719922	0.45983	0.776506	0.851073	0.118034	0.736278	0.764983	0.0342378	0.34584	0.908409	0.269175	0.693045	0.983648	0.798495	0.525497	0.348544	0.347411	0.945463	0.0865723	0.789385	0.387486	0.260556	0.396263	0.638134	0.593803	0.117383	0.266003	0.809659	0.47427	0.419826	
0.347035	0.968927	0.526344	0.337618	0.666306	0.00217145	0.354861	0.127658	0.846374	0.127577	0.631143	0.0415766	0.35335	0.0177889	0.330803	0.676843	0.0282395	0.848327	0.846354	0.343773	0.981115	0.0443698	0.532915	0.460596	0.574306	0.707097	0.323133	0.769337	0.599354	0.0293409	
0.994998	0.908813	0.255799	0.941466	0.341775	0.616843	0.340399	0.672709	0.196143	0.998426	0.908681	0.424397	0.633161	0.652811	0.322274	0.476485	0.393831	0.842165	0.241475	0.115448	0.377372	0.406363	0.443154	0.627162	0.911345	0.828655	0.991445	0.787192	0.849655	0.659797	
0.137215	0.84912	0.736212	0.376354	0.530966	0.293951	0.3772	0.745143	0.0449008	0.407661	0.605569	0.735898	0.717148	0.79896	0.0687547	0.596369	0.160146	0.456966	0.724318	0.989903	0.378626	0.420581	0.279641	0.00379608	0.415274	0.607539	0.927094	0.0051939	0.633081	0.238512	
