20	50
96.2891	0.606319
99.1883	0.472642
92.351	0.828754
85.6413	0.829966
89.0261	0.273282
93.0303	0.491329
87.4115	0.572814
94.9289	0.817857
95.7313	0.630671
88.1426	0.551775
100.096	0.912273
97.6639	0.463226
97.6834	0.0451251
86.8473	0.226842
100.078	0.338276
86.3968	0.453499
94.9699	0.703536
88.3471	0.483098
90.9793	0.280653
84.6462	0.109213
44.5084
2.26915
21.1627
9.87272
46.8839
21.3434
8.17985
15.4329
2.03015
9.06317
24.6336
2.05296
17.6803
20.4751
15.7626
24.289
10.6699
47.5218
12.5384
8.21663
1.68507
13.2361
40.5323
39.4284
14.7943
1.789
25.3686
31.343
23.2074
26.8374
25.1062
34.1513
44.3797
16.9518
5.51478
16.0663
3.08633
42.1394
17.9946
29.1268
43.0825
23.4513
44.458
16.0488
34.7137
42.3888
49.7476
41.8548
1.67258
44.8398
0.507939	0.0628289	0.830204	0.801442	0.803686	0.231675	0.190062	0.981909	0.896034	0.912215	0.276353	0.707705	0.194104	0.116707	0.484388	0.0150333	0.573402	0.976966	0.205349	0.483767	0.712835	0.77986	0.382903	0.238321	0.926525	0.919259	0.0146151	0.460804	0.0645322	0.3431	0.0213125	0.00104337	0.12104	0.742373	0.262102	0.619245	0.154221	0.864046	0.210228	0.16175	0.0367836	0.162044	0.0625223	0.641171	0.965044	0.228083	0.888623	0.722325	0.653892	0.506029	
0.380186	0.789974	0.452606	0.815011	0.481759	0.0335082	0.930425	0.793732	0.695678	0.904103	0.81756	0.924585	0.648697	0.82187	0.0527307	0.380687	0.121063	0.819931	0.567686	0.83397	0.225154	0.262135	0.850299	0.710607	0.0185212	0.185953	0.280587	0.085441	0.334484	0.859665	0.877581	0.176584	0.762595	0.799387	0.0693654	0.852551	0.322283	0.292279	0.445861	0.783339	0.65871	0.0567918	0.156161	0.690074	0.284619	0.424714	0.042634	0.2424	0.2267	0.676823	
0.853486	0.622355	0.657421	0.915685	0.167668	0.521734	0.249497	0.928506	0.353466	0.92765	0.0839168	0.808246	0.254255	0.806451	0.142995	0.266582	0.167862	0.634257	0.0408931	0.550437	0.0433215	0.953531	0.747418	0.786317	0.613836	0.73168	0.298226	0.772254	0.96424	0.646934	0.66795	0.806736	0.567626	0.30144	0.376407	0.191563	0.805287	0.929514	0.521964	0.603557	0.858038	0.962502	0.879141	0.538706	0.373943	0.100523	0.812405	0.167299	0.01978	0.28216	
0.344471	0.356637	0.39093	0.474847	0.837499	0.874247	0.909387	0.234476	0.70874	0.489357	0.303905	0.116045	0.837332	0.751736	0.69823	0.515592	0.0290936	0.210309	0.922093	0.9582	0.820325	0.572584	0.259776	0.984475	0.720618	0.474622	0.004238	0.583278	0.657863	0.922071	0.209062	0.476491	0.270583	0.780333	0.46572	0.382582	0.982105	0.623101	0.705573	0.904562	0.290479	0.0860412	0.379176	0.103512	0.915054	0.611724	0.85666	0.0224553	0.332599	0.309561	
0.956858	0.389953	0.923945	0.662937	0.935812	0.492438	0.30495	0.943965	0.0027548	0.575216	0.76174	0.822125	0.463983	0.963617	0.474914	0.632055	0.58179	0.336241	0.370901	0.544179	0.0567685	0.190909	0.129638	0.99801	0.280494	0.990337	0.333877	0.74413	0.321389	0.447269	0.31309	0.453133	0.508844	0.203624	0.46526	0.555128	0.569661	0.743711	0.888194	0.786518	0.627392	0.584919	0.473094	0.529715	0.756573	0.0505013	0.373311	0.714456	0.994722	0.939072	
0.204048	0.480517	0.985809	0.357752	0.619456	0.936274	0.0887577	0.00223399	0.227403	0.0399689	0.0390544	0.443682	0.103233	0.132965	0.323857	0.425393	0.401499	0.664997	0.00957826	0.655072	0.835027	0.548551	0.060347	0.998655	0.48019	0.100933	0.912364	0.924322	0.351284	0.446029	0.589703	0.695538	0.283237	0.00692378	0.369599	0.458042	0.496188	0.150009	0.55765	0.793054	0.189179	0.570824	0.78851	0.840195	0.541286	0.564614	0.801626	0.909123	0.670737	0.180535	
0.740479	0.14566	0.589898	0.355723	0.644924	0.85638	0.343075	0.146575	0.294401	0.863232	0.703151	0.410193	0.728923	0.375531	0.266513	0.0726728	0.306301	0.432872	0.0897743	0.825748	0.841173	0.825121	0.883722	0.746241	0.508868	0.03105	0.296242	0.00605456	0.361728	0.389775	0.917973	0.306332	0.352894	0.355918	0.255238	0.936702	0.266217	0.424051	0.476656	0.634375	0.532662	0.967054	0.0329402	0.264937	0.950138	0.607645	0.353254	0.701192	0.784295	0.24456	
0.185463	0.836626	0.684208	0.97914	0.759944	0.0182798	0.219786	0.950786	0.379492	0.29807	0.918648	0.211704	0.718343	0.711582	0.0224351	0.807608	0.861699	0.475868	0.210176	0.206931	0.670205	0.680699	0.534148	0.00321715	0.924	0.898856	0.183145	0.974692	0.632318	0.378379	0.961616	0.333729	0.41789	0.389709	0.690495	0.667102	0.407392	0.0780827	0.888175	0.488647	0.933136	0.486104	0.916222	0.542436	0.0266264	0.436652	0.881003	0.530954	0.358328	0.642767	
0.142949	0.305589	0.035584	0.743108	0.754511	0.0860313	0.745639	0.540277	0.508939	0.929698	0.821232	0.90603	0.863518	0.0535794	0.991017	0.356847	0.647751	0.734975	0.634157	0.225814	0.165883	0.898532	0.0345179	0.396733	0.230132	0.581463	0.544004	0.999134	0.467114	0.84198	0.878391	0.793855	0.0976003	0.918821	0.917243	0.256397	0.234123	0.994492	0.810499	0.91634	0.771783	0.0302451	0.751099	0.258068	0.319672	0.682675	0.499159	0.343717	0.581407	0.704293	
0.100091	0.457338	0.564945	0.984602	0.946659	0.737279	0.618068	0.833935	0.0914304	0.627791	0.0194314	0.116914	0.995089	0.570499	0.376067	0.700813	0.975334	0.0496775	0.523869	0.978952	0.46194	0.189484	0.635951	0.860809	0.246927	0.0720737	0.313268	0.00183178	0.0202986	0.634172	0.235229	0.990194	0.370546	0.409039	0.634472	0.688174	0.756194	0.787503	0.464207	0.0615543	0.35881	0.822471	0.217931	0.0628064	0.492128	0.21884	0.31221	0.39466	0.95904	0.55015	
0.537342	0.627237	0.000438999	0.216106	0.557004	0.191198	0.617397	0.518765	0.759425	0.619769	0.234499	0.618204	0.584897	0.938303	0.698425	0.586046	0.0525722	0.571205	0.488406	0.627216	0.323623	0.203983	0.879377	0.181971	0.487493	0.362445	0.158373	0.61414	0.0212859	0.504854	0.439547	0.916957	0.0322922	0.643742	0.704597	0.112744	0.522188	0.98006	0.606243	0.936112	0.995075	0.896698	0.0326307	0.542171	0.808688	0.161615	0.00867028	0.0710578	0.417652	0.938225	
0.204902	0.796008	0.875815	0.163698	0.195534	0.364929	0.888438	0.258369	0.329422	0.581027	0.668891	0.734349	0.175879	0.981902	0.745409	0.712398	0.961352	0.0912118	0.932084	0.072687	0.913442	0.302703	0.424548	0.343369	0.766689	0.162198	0.456367	0.381528	0.155519	0.272723	0.710005	0.814013	0.963448	0.350557	0.957248	0.902892	0.222712	0.326948	0.293254	0.843806	0.172188	0.655528	0.22805	0.160466	0.336502	0.683311	0.499417	0.707084	0.384734	0.536223	
0.451741	0.444545	0.826595	0.802731	0.221233	0.853859	0.832221	0.367852	0.133622	0.988573	0.666507	0.306951	0.580114	0.70248	0.0893445	0.465897	0.470581	0.864367	0.70508	0.511267	0.520082	0.485512	0.445853	0.357316	0.863113	0.627637	0.326201	0.965736	0.389982	0.75863	0.780241	0.739318	0.819735	0.0190027	0.178165	0.973388	0.0373415	0.349452	0.094795	0.90228	0.796098	0.313455	0.193226	0.219175	0.676943	0.955573	0.831614	0.0557198	0.627901	0.660461	
0.491967	0.383246	0.503871	0.211233	0.869307	0.465813	0.150838	0.371247	0.927119	0.624679	0.00250157	0.295636	0.215723	0.824966	0.571177	0.405425	0.581336	0.336544	0.798626	0.873129	0.0471343	0.0886195	0.227699	0.824745	0.200576	0.523944	0.818007	0.284744	0.184199	0.800043	0.804805	0.141357	0.889509	0.656658	0.929962	0.785752	0.311234	0.756812	0.421646	0.433845	0.624803	0.887217	0.545821	0.858677	0.418766	0.0361806	0.359985	0.888839	0.23843	0.556592	
0.976043	0.351992	0.694822	0.568037	0.817421	0.739345	0.107084	0.131028	0.960022	0.282201	0.908979	0.932826	0.911383	0.262418	0.428513	0.505107	0.260463	0.31986	0.619285	0.257528	0.170656	0.599706	0.272105	0.811578	0.23764	0.386665	0.449616	0.0585147	0.891096	0.186819	0.682863	0.114061	0.773634	0.592568	0.496845	0.352393	0.041584	0.680146	0.184259	0.598445	0.239065	0.775904	0.72644	0.161999	0.694864	0.826391	0.0750967	0.40219	0.0202246	0.213308	
0.24546	0.711962	0.39308	0.804054	0.8603	0.863932	0.865956	0.257587	0.761969	0.296922	0.18896	0.79589	0.90905	0.921331	0.339946	0.356054	0.7872	0.580769	0.901509	0.738543	0.989039	0.0903172	0.830629	0.285785	0.649782	0.599434	0.183781	0.257648	0.62035	0.965414	0.866617	0.716641	0.712971	0.342674	0.0192713	0.64492	0.631265	0.894314	0.542774	0.113439	0.856596	0.113997	0.690565	0.265437	0.0267192	0.29828	0.587627	0.244651	0.256669	0.736003	
0.0516572	0.312189	0.688515	0.69698	0.65742	0.386063	0.253792	0.182321	0.656445	0.123549	0.179122	0.820719	0.895388	0.48411	0.041163	0.0473646	0.459365	0.0916899	0.353537	0.804693	0.834535	0.440121	0.380253	0.0562346	0.728139	0.8931	0.266168	0.647761	0.550408	0.261051	0.495694	0.277616	0.371504	0.0875326	0.340812	0.661913	0.296516	0.795693	0.847391	0.727433	0.661649	0.117851	0.205272	0.692903	0.650401	0.608947	0.118708	0.932965	0.852533	0.0437525	
0.971831	0.16051	0.452419	0.119896	0.511816	0.398321	0.493929	0.0360448	0.988816	0.551403	0.365713	0.988829	0.69754	0.827862	0.683537	0.310804	0.806672	0.014103	0.282345	0.912723	0.00228787	0.068406	0.336191	0.422857	0.674084	0.529857	0.161075	0.183413	0.271676	0.463142	0.873594	0.851821	0.505751	0.924925	0.407021	0.0231346	0.436497	0.416434	0.408992	0.0900053	0.160538	0.910778	0.418137	0.198564	0.929049	0.494044	0.549252	0.974176	0.849061	0.960955	
0.592692	0.212689	0.923449	0.520604	0.41195	0.95355	0.386672	0.899894	0.64	0.636945	0.0815152	0.655486	0.503245	0.0772069	0.277768	0.556448	0.236584	0.298611	0.935442	0.133474	0.578969	0.457435	0.65444	0.234149	0.233113	0.0333101	0.0787056	0.559197	0.720091	0.150765	0.520458	0.42719	0.127688	0.218501	0.535789	0.346705	0.849613	0.432017	0.986036	0.59056	0.118839	0.815649	0.499403	0.106258	0.782072	0.389777	0.998174	0.511719	0.206418	0.582659	
0.851196	0.0457469	0.864671	0.802219	0.489097	0.142539	0.0773098	0.107228	0.986959	0.52446	0.937648	0.35509	0.516539	0.408701	0.763575	0.83738	0.712034	0.450472	0.188057	0.513376	0.44521	0.314032	0.722247	0.42622	0.244819	0.40029	0.966901	0.516845	0.473442	0.767965	0.293462	0.751752	0.635021	0.978324	0.132995	0.415482	0.227536	0.963819	0.0753149	0.872877	0.130725	0.712365	0.132049	0.312411	0.980221	0.152368	0.251963	0.111406	0.623839	0.156242	
