20	30
93.0499	0.0923603
87.1509	0.330166
83.2161	0.413209
81.2566	0.391543
84.4101	0.810206
84.7753	0.363153
84.8859	0.122485
95.8318	0.433436
97.8742	0.411231
97.0512	0.597315
93.934	0.160729
100.367	0.0776349
98.3776	0.09174
88.6128	0.19011
87.3858	0.328488
85.8417	0.78363
86.4979	0.95137
90.2236	0.586415
96.6654	0.406462
82.3155	0.739663
28.8042
2.88998
49.3788
28.9785
45.0504
25.2581
15.8688
30.0988
10.0852
20.3784
45.4178
4.05075
41.3488
18.0135
24.4518
43.6623
25.6561
42.0736
14.5588
32.0621
27.1219
24.0329
38.1477
18.3275
20.244
10.5087
10.5888
38.4223
47.0413
19.7555
0.865006	0.848062	0.899266	0.434813	0.966682	0.0498792	0.0791357	0.164825	0.0742847	0.560332	0.0363702	0.684674	0.265833	0.331301	0.971024	0.023906	0.450165	0.88245	0.661603	0.483782	0.330024	0.253722	0.444062	0.88925	0.222998	0.271024	0.898578	0.283777	0.764605	0.14207	
0.928117	0.841342	0.451986	0.242082	0.349241	0.745569	0.361856	0.251046	0.970779	0.60222	0.664666	0.877445	0.522976	0.178731	0.558542	0.138902	0.300407	0.998019	0.694646	0.0451513	0.477268	0.89625	0.232543	0.989889	0.529994	0.60708	0.173226	0.629558	0.328889	0.52943	
0.911588	0.373982	0.468096	0.422531	0.781833	0.552195	0.241401	0.807781	0.532694	0.252684	0.448507	0.648155	0.896289	0.351537	0.802252	0.715305	0.853756	0.630588	0.0388402	0.308217	0.0306945	0.418698	0.281596	0.0197709	0.754235	0.342448	0.43442	0.163667	0.198487	0.0662628	
0.99009	0.220259	0.0165938	0.380217	0.648034	0.77308	0.484521	0.61293	0.464466	0.516106	0.705784	0.888563	0.519715	0.126428	0.41726	0.644031	0.598209	0.332055	0.710676	0.910015	0.929094	0.856122	0.802246	0.671765	0.164928	0.0326139	0.728953	0.860615	0.203884	0.913113	
0.0992501	0.880355	0.782636	0.930146	0.0694705	0.963303	0.706814	0.974136	0.445838	0.793368	0.199344	0.554658	0.430652	0.103272	0.0170086	0.725266	0.133819	0.456723	0.37406	0.869969	0.85075	0.345755	0.960675	0.319037	0.800333	0.368502	0.113744	0.561168	0.756648	0.733618	
0.73581	0.227002	0.600885	0.534508	0.0655656	0.229488	0.242621	0.408311	0.256045	0.513797	0.533945	0.78438	0.269129	0.472986	0.923127	0.809664	0.758215	0.522908	0.305005	0.968591	0.974385	0.356488	0.0461654	0.420553	0.0583811	0.765774	0.0592191	0.391217	0.370849	0.319106	
0.0790585	0.658309	0.146462	0.575922	0.838885	0.861567	0.72088	0.0337974	0.371646	0.778035	0.853658	0.622001	0.0364182	0.0837915	0.690734	0.307402	0.248069	0.430996	0.899482	0.926472	0.434487	0.534543	0.106428	0.504296	0.195186	0.497821	0.284477	0.0954314	0.733975	0.759807	
0.449437	0.448992	0.468123	0.802981	0.359923	0.763366	0.823635	0.698344	0.20282	0.101262	0.983854	0.195411	0.639079	0.539265	0.862486	0.0816646	0.0100782	0.428753	0.247459	0.171451	0.0624779	0.769444	0.708317	0.569802	0.97447	0.973016	0.548322	0.182971	0.282273	0.911427	
0.551578	0.0436846	0.176326	0.709927	0.150909	0.0882195	0.829308	0.0511943	0.681754	0.00259953	0.790107	0.606713	0.89492	0.909747	0.456861	0.724939	0.0433848	0.110991	0.821035	0.587436	0.796389	0.645385	0.45359	0.689107	0.910921	0.848378	0.905444	0.593993	0.107277	0.340216	
0.172058	0.577267	0.879292	0.243137	0.367518	0.765064	0.221727	0.591676	0.139194	0.190248	0.943995	0.504811	0.84076	0.706456	0.981073	0.644362	0.12191	0.753078	0.49121	0.11145	0.407657	0.728676	0.996693	0.667559	0.429203	0.0882975	0.219337	0.442491	0.348159	0.516332	
0.448982	0.728192	0.185125	0.578937	0.631298	0.76664	0.562734	0.0984904	0.300074	0.902809	0.505066	0.516263	0.148455	0.575277	0.889342	0.430864	0.668403	0.081776	0.709338	0.586819	0.993432	0.404085	0.641017	0.566581	0.958642	0.222818	0.730187	0.175371	0.442497	0.650318	
0.166564	0.0362705	0.346051	0.762681	0.767009	0.644042	0.921412	0.595774	0.559039	0.836052	0.939471	0.719814	0.451127	0.896628	0.575267	0.468452	0.415974	0.154246	0.704127	0.892517	0.0517731	0.183063	0.58591	0.287156	0.00887217	0.786875	0.284777	0.507745	0.0217022	0.922183	
0.386809	0.47029	0.124506	0.368259	0.630075	0.192954	0.760008	0.248008	0.722458	0.488611	0.87184	0.943943	0.39793	0.953233	0.219796	0.00930176	0.556673	0.733673	0.409219	0.448843	0.348199	0.162171	0.20326	0.0614778	0.169742	0.303657	0.773263	0.48075	0.949268	0.390049	
0.247931	0.362042	0.520993	0.943812	0.620557	0.236943	0.212374	0.186327	0.929096	0.236671	0.131108	0.42916	0.133547	0.110491	0.547309	0.798055	0.638746	0.42261	0.756327	0.284247	0.209579	0.302222	0.415073	0.958901	0.207987	0.0580367	0.740201	0.248482	0.784355	0.530026	
0.418879	0.46972	0.134895	0.143352	0.599456	0.480643	0.972625	0.287786	0.999993	0.316997	0.830342	0.582751	0.0708287	0.540355	0.744737	0.543973	0.148152	0.12468	0.74753	0.447353	0.0511572	0.38404	0.299979	0.937565	0.589992	0.721118	0.349565	0.640857	0.63494	0.4223	
0.60317	0.792625	0.873757	0.126848	0.676538	0.88802	0.815469	0.343917	0.702292	0.814047	0.979231	0.956498	0.00132862	0.885312	0.828089	0.263091	0.156934	0.977936	0.0311552	0.67365	0.857514	0.219699	0.0134893	0.386927	0.66858	0.830283	0.149934	0.464567	0.793029	0.642332	
0.148567	0.861156	0.360935	0.822657	0.63592	0.250348	0.583055	0.262764	0.1667	0.379799	0.185651	0.9537	0.857088	0.389193	0.62887	0.733615	0.549779	0.426653	0.535337	0.731044	0.0195016	0.594305	0.0730386	0.668007	0.269503	0.160765	0.139971	0.434405	0.988349	0.967423	
0.983644	0.180191	0.61589	0.534399	0.535162	0.183418	0.546149	0.000411852	0.769058	0.995708	0.0690123	0.272001	0.447573	0.0971101	0.965821	0.469845	0.564302	0.282544	0.822373	0.232341	0.494345	0.339447	0.850481	0.492525	0.785157	0.307847	0.231703	0.323823	0.927799	0.354357	
0.826377	0.856282	0.896921	0.0255672	0.547805	0.537077	0.919421	0.448084	0.530599	0.668832	0.492216	0.0295357	0.368651	0.105549	0.232309	0.0423672	0.71869	0.211725	0.00146361	0.644991	0.0749508	0.936896	0.421488	0.594816	0.597933	0.196246	0.545452	0.282587	0.678397	0.674354	
0.217734	0.101052	0.757943	0.397495	0.555369	0.34627	0.911868	0.33939	0.527846	0.826345	0.060851	0.806229	0.417359	0.928413	0.175497	0.729328	0.168674	0.461247	0.496822	0.588044	0.545641	0.477039	0.527453	0.948197	0.937983	0.418375	0.590615	0.539118	0.0484289	0.441596	
