20	40
98.9796	0.768064
95.4483	0.533387
90.8781	0.827575
85.1078	0.829401
91.0491	0.996616
91.8067	0.477959
80.8246	0.174994
94.9174	0.983728
99.3595	0.461752
91.4892	0.634463
90.8513	0.33725
85.7067	0.0388957
94.7756	0.583592
84.2624	0.577774
99.6528	0.331458
90.6675	0.25688
98.2352	0.221652
91.0418	0.558763
99.9689	0.484132
87.8166	0.048765
1.26783
43.8442
15.0552
27.3862
13.2386
1.92527
13.7351
24.449
42.4885
28.2275
43.6294
45.647
39.033
33.2485
39.2651
5.41532
19.4323
49.4519
8.52104
28.7883
2.39922
39.4776
12.7715
25.6643
12.8361
6.781
48.9257
4.86155
27.6226
8.10146
8.00778
6.15891
18.9565
14.88
28.6591
39.6
32.3939
43.473
39.967
2.96085
0.28511	0.0350178	0.39972	0.623539	0.881182	0.900635	0.210334	0.364693	0.983511	0.374429	0.57594	0.961918	0.342119	0.701324	0.21852	0.638361	0.467558	0.797949	0.744072	0.625956	0.74037	0.315211	0.876092	0.675506	0.7537	0.930858	0.893284	0.0255218	0.990634	0.45729	0.830221	0.309666	0.108478	0.97486	0.270649	0.552194	0.932656	0.729638	0.421392	0.54416	
0.570949	0.565968	0.827758	0.169212	0.476702	0.185525	0.695723	0.878551	0.572891	0.0354608	0.633354	0.821218	0.138688	0.00366051	0.871429	0.62204	0.755488	0.467211	0.212005	0.229578	0.831815	0.476999	0.282176	0.335332	0.974591	0.0657689	0.352227	0.509805	0.772243	0.87483	0.90819	0.0577745	0.524224	0.0101204	0.964113	0.253972	0.311146	0.607476	0.993645	0.379827	
0.0624962	0.499597	0.0124915	0.0520602	0.600963	0.884779	0.068315	0.0712844	0.569626	0.279823	0.399437	0.696112	0.984563	0.268961	0.383554	0.235644	0.354412	0.259526	0.515295	0.552308	0.493336	0.747221	0.718784	0.193609	0.523075	0.162177	0.0322441	0.0013098	0.0588829	0.634213	0.139069	0.828816	0.284641	0.35121	0.101462	0.0323886	0.297205	0.184818	0.525477	0.189819	
0.891142	0.840921	0.953433	0.714247	0.695854	0.561661	0.281389	0.470232	0.185994	0.0132264	0.15173	0.709394	0.219839	0.182616	0.34994	0.790733	0.377294	0.324972	0.467929	0.595536	0.516858	0.451436	0.106627	0.172024	0.0558148	0.255948	0.650868	0.781773	0.475717	0.330174	0.450173	0.201162	0.933636	0.994525	0.901531	0.940343	0.0966874	0.36048	0.755371	0.697135	
0.525271	0.451246	0.654104	0.490505	0.231999	0.144174	0.401396	0.523625	0.787509	0.406663	0.0794436	0.899835	0.132454	0.403824	0.475757	0.845463	0.932825	0.00446927	0.89586	0.599647	0.532609	0.108206	0.420041	0.730928	0.312541	0.205245	0.0299509	0.371031	0.235334	0.696471	0.92194	0.114916	0.306052	0.793556	0.641429	0.308626	0.837566	0.294568	0.00826194	0.210819	
0.747365	0.660836	0.531883	0.342911	0.374687	0.939415	0.766047	0.10778	0.0532651	0.678634	0.0042784	0.629979	0.831899	0.51241	0.934364	0.981336	0.490018	0.069027	0.805918	0.766044	0.9667	0.537599	0.825046	0.876961	0.190068	0.43534	0.131364	0.970637	0.698895	0.511926	0.512651	0.84515	0.739542	0.809643	0.838787	0.695879	0.903009	0.668609	0.701997	0.526196	
0.12948	0.725993	0.41477	0.43064	0.891342	0.505252	0.479517	0.904257	0.814991	0.288457	0.0346662	0.562768	0.632537	0.438747	0.931713	0.887587	0.0392219	0.0422853	0.50211	0.823572	0.0731057	0.237692	0.44315	0.440397	0.633297	0.743856	0.553426	0.0406142	0.446908	0.733035	0.190906	0.487493	0.428363	0.336864	0.924825	0.29094	0.237365	0.396474	0.917115	0.128355	
0.614664	0.172554	0.586125	0.0669983	0.974688	0.0951011	0.926118	0.416994	0.0846434	0.459573	0.583189	0.240234	0.856495	0.598577	0.831644	0.519938	0.056478	0.245431	0.183361	0.731592	0.282855	0.957018	0.997446	0.202749	0.99463	0.24889	0.147027	0.933716	0.734947	0.385396	0.834739	0.284316	0.0216822	0.463643	0.985817	0.981582	0.449458	0.250164	0.842318	0.02473	
0.502466	0.281017	0.627102	0.634744	0.423814	0.931192	0.326945	0.612889	0.0854087	0.652826	0.418032	0.817395	0.320418	0.395977	0.72756	0.496338	0.577287	0.80151	0.568802	0.641593	0.0767514	0.812811	0.606724	0.87952	0.147531	0.823348	0.542923	0.0878301	0.511391	0.538818	0.532989	0.924911	0.879844	0.395497	0.429728	0.592065	0.337628	0.0435547	0.367566	0.649539	
0.721069	0.496073	0.58817	0.307366	0.438747	0.595981	0.315533	0.451966	0.891961	0.400998	0.472143	0.292898	0.985837	0.273431	0.335596	0.209094	0.6599	0.378082	0.728923	0.948185	0.243379	0.588608	0.7667	0.0583846	0.802725	0.732685	0.994175	0.942641	0.466167	0.127096	0.626451	0.0364745	0.650636	0.431444	0.502602	0.443612	0.858571	0.0680931	0.168356	0.994137	
0.179424	0.137458	0.22771	0.820115	0.557535	0.816265	0.196117	0.526685	0.363506	0.965219	0.326796	0.733165	0.81073	0.692369	0.731181	0.0993115	0.757632	0.43916	0.354245	0.643636	0.768144	0.576913	0.624309	0.240667	0.435897	0.823988	0.420885	0.237949	0.408649	0.660853	0.919074	0.293614	0.103524	0.649217	0.630607	0.892748	0.00813227	0.409373	0.958594	0.299295	
0.281947	0.0199426	0.26886	0.627038	0.025897	0.583376	0.32302	0.36383	0.613455	0.922172	0.295248	0.488333	0.302363	0.928696	0.307222	0.0661377	0.443816	0.504933	0.739655	0.807073	0.782508	0.424144	0.347388	0.256209	0.650541	0.936893	0.553089	0.118074	0.988607	0.882481	0.359107	0.800788	0.968871	0.919766	0.371293	0.675585	0.60726	0.22612	0.640821	0.122191	
0.0974645	0.0291011	0.927642	0.144263	0.0507214	0.373053	0.152408	0.931124	0.471383	0.775468	0.675716	0.400574	0.0981353	0.772831	0.00611399	0.105661	0.0985463	0.0147396	0.241021	0.863219	0.302182	0.910005	0.629722	0.0956256	0.898858	0.350008	0.0523518	0.816284	0.00350285	0.781701	0.895017	0.522381	0.437683	0.371348	0.179599	0.92823	0.17665	0.496492	0.515749	0.427622	
0.849553	0.60776	0.397885	0.931879	0.82763	0.85094	0.842059	0.105392	0.577164	0.299369	0.265369	0.168805	0.841193	0.206866	0.857274	0.633603	0.166772	0.181034	0.92314	0.597659	0.313255	0.288532	0.977197	0.264194	0.911851	0.880457	0.838311	0.176551	0.901629	0.528415	0.577458	0.351635	0.114692	0.950489	0.960378	0.312775	0.951334	0.418908	0.148013	0.288202	
0.178802	0.273038	0.523869	0.365129	0.832685	0.0587227	0.318272	0.309414	0.302339	0.622435	0.781766	0.0108241	0.889229	0.112717	0.790525	0.750676	0.329539	0.168033	0.0201211	0.633713	0.641467	0.161332	0.791044	0.79876	0.143034	0.431737	0.514806	0.822399	0.883453	0.192319	0.797263	0.545123	0.618992	0.998231	0.652126	0.812642	0.328084	0.136734	0.576261	0.297318	
0.0904564	0.685593	0.0760232	0.340189	0.868964	0.20032	0.507867	0.672388	0.730026	0.908403	0.939378	0.146382	0.439243	0.780784	0.933451	0.570733	0.264942	0.325204	0.185136	0.612319	0.265221	0.815523	0.178492	0.179807	0.125648	0.593952	0.870861	0.858815	0.628567	0.249468	0.709919	0.287834	0.529234	0.10846	0.146228	0.297053	0.860275	0.0194821	0.857008	0.144594	
0.607591	0.410482	0.436895	0.520632	0.139224	0.648049	0.625953	0.965455	0.7358	0.929358	0.104895	0.266434	0.0492948	0.300219	0.903714	0.911874	0.245426	0.97319	0.868364	0.995537	0.945919	0.0668574	0.79491	0.462316	0.33668	0.633897	0.263033	0.437521	0.508392	0.265144	0.958883	0.438508	0.235915	0.123025	0.581812	0.805498	0.180613	0.968374	0.132576	0.811068	
0.228652	0.750978	0.731047	0.238286	0.496751	0.347955	0.908112	0.771279	0.653826	0.623545	0.387967	0.256968	0.113269	0.912115	0.628016	0.280388	0.473026	0.162561	0.954917	0.523395	0.148992	0.985165	0.0760434	0.752678	0.00561313	0.382894	0.69078	0.37711	0.259507	0.0866522	0.33217	0.0442752	0.112548	0.797387	0.123706	0.639885	0.60435	0.838196	0.045457	0.201791	
0.542177	0.297535	0.539623	0.231946	0.564338	0.192311	0.183606	0.284592	0.963154	0.694644	0.329332	0.231085	0.80684	0.831693	0.714285	0.516662	0.0142686	0.444328	0.729512	0.84943	0.776245	0.570529	0.859312	0.29411	0.898965	0.977764	0.0992653	0.67584	0.0433092	0.495309	0.881439	0.964376	0.711588	0.262805	0.984493	0.963776	0.540839	0.94788	0.218426	0.403423	
0.557252	0.0218506	0.245688	0.235228	0.135065	0.964962	0.534535	0.984539	0.907121	0.571014	0.572475	0.552509	0.469652	0.936336	0.138663	0.540501	0.456872	0.627047	0.406703	0.0468033	0.32853	0.445272	0.0393179	0.454331	0.132773	0.466704	0.767622	0.514322	0.458919	0.643173	0.270029	0.645173	0.0403245	0.19217	0.418154	0.741015	0.236063	0.143664	0.0923862	0.962682	
