10	30
41.7645	0.401746
49.2625	0.293404
44.2158	0.635379
43.4088	0.0318687
41.841	0.0756108
50.6876	0.364675
47.6616	0.0040311
44.7559	0.534255
41.5681	0.523989
43.7856	0.603282
10.7869
1.49746
23.1413
40.8638
26.6587
44.5467
49.0538
24.256
15.2523
14.2447
29.7931
36.1293
29.9485
9.0017
25.0595
15.8109
10.8269
27.941
16.0303
12.1606
14.1933
33.6902
23.8252
34.0289
26.2418
37.6325
28.5059
23.4174
19.9697
6.39418
0.406252	0.423021	0.688078	0.199515	0.367146	0.057106	0.426325	0.723186	0.223039	0.127348	0.63529	0.337536	0.442823	0.0145708	0.188955	0.116175	0.522357	0.531559	0.195374	0.780451	0.632483	0.569678	0.492673	0.354911	0.972832	0.267723	0.116544	0.0807844	0.302941	0.526699	
0.409083	0.262493	0.263322	0.0228135	0.434981	0.808294	0.25594	0.372209	0.0898124	0.81455	0.141695	0.886835	0.960284	0.767099	0.858808	0.294581	0.818042	0.861955	0.118498	0.857863	0.274953	0.891324	0.77882	0.437979	0.732771	0.769819	0.0485715	0.470978	0.180818	0.794903	
0.690563	0.288074	0.953775	0.349323	0.123467	0.549826	0.69356	0.527583	0.633142	0.0401728	0.177023	0.933435	0.0194182	0.131104	0.807429	0.726231	0.728706	0.285723	0.762071	0.68645	0.378503	0.965442	0.344901	0.85214	0.545141	0.778257	0.282301	0.839882	0.201592	0.385746	
0.331602	0.921447	0.664568	0.947888	0.248519	0.145623	0.911634	0.646599	0.416614	0.723286	0.469925	0.66758	0.400133	0.888685	0.793158	0.462509	0.36014	0.00829933	0.980737	0.555665	0.945604	0.111666	0.280285	0.0341294	0.820412	0.562202	0.495071	0.0441265	0.653698	0.733916	
0.849235	0.685195	0.237967	0.741623	0.959591	0.11339	0.0361441	0.723648	0.954108	0.862866	0.0224295	0.446202	0.805012	0.767334	0.288943	0.29341	0.347841	0.44889	0.784702	0.35476	0.636594	0.344366	0.476553	0.812896	0.492265	0.304243	0.0223784	0.356311	0.928706	0.161624	
0.0371262	0.271344	0.0926815	0.826915	0.359882	0.151944	0.747383	0.476571	0.0862695	0.310101	0.284275	0.698702	0.111803	0.802455	0.666643	0.787743	0.586969	0.620259	0.172698	0.682424	0.182246	0.171002	0.561348	0.0689745	0.721538	0.130614	0.167447	0.417935	0.292486	0.935118	
0.561364	0.686029	0.395683	0.689205	0.48879	0.142348	0.864727	0.865611	0.22646	0.690232	0.16067	0.415736	0.636213	0.179095	0.936711	0.456666	0.0669278	0.791895	0.9212	0.853657	0.986606	0.921393	0.597693	0.410118	0.500769	0.660061	0.61045	0.323594	0.318461	0.782529	
0.776013	0.698489	0.667839	0.249546	0.298407	0.383882	0.919881	0.537155	0.0850483	0.853752	0.0707586	0.963168	0.796973	0.603252	0.769521	0.635647	0.420403	0.769794	0.353887	0.551238	0.672399	0.142143	0.712764	0.680618	0.0694141	0.131555	0.541512	0.913741	0.469633	0.900492	
0.221798	0.60607	0.013421	0.550817	0.214372	0.51588	0.785271	0.215904	0.528119	0.0596021	0.00705154	0.530739	0.764759	0.910451	0.799296	0.000469853	0.509238	0.921547	0.129535	0.675931	0.238258	0.0191216	0.893142	0.243305	0.87738	0.823098	0.797441	0.915145	0.801403	0.39886	
0.67132	0.987373	0.665731	0.32005	0.507393	0.339908	0.403861	0.599108	0.286574	0.351422	0.262408	0.107476	0.795927	0.699999	0.693302	0.913621	0.304379	0.547074	0.329437	0.0908401	0.139652	0.207945	0.623213	0.850538	0.960659	0.991219	0.852801	0.834136	0.99009	0.0177813	
