20	30
104.399	0.191101
100.202	0.427108
85.2967	0.272842
88.8469	0.335317
97.7099	0.305365
95.2758	0.127941
92.7143	0.105867
94.1249	0.268271
90.5404	0.487098
103.216	0.391339
102.104	0.718977
93.5304	0.350536
93.6973	0.941086
92.1283	0.655178
84.3018	0.293229
86.1768	0.705167
96.9147	0.83753
97.9789	0.646173
86.1024	0.704119
87.6813	0.767214
2.58612
37.706
19.701
23.3678
49.8454
25.5711
25.0998
29.2615
15.3547
6.63825
49.508
46.2678
37.0208
21.6068
46.1323
16.8972
31.6424
26.8172
17.4316
6.61441
19.7819
3.78256
33.4681
48.2962
15.3972
47.9342
7.38479
49.8905
37.6309
36.3616
0.12202	0.878624	0.876082	0.796908	0.905743	0.28026	0.988251	0.805033	0.734072	0.883309	0.218274	0.0829587	0.242988	0.522193	0.538561	0.624466	0.866475	0.762867	0.371539	0.916155	0.865323	0.961921	0.512771	0.735337	0.708193	0.427341	0.091676	0.292417	0.875416	0.544896	
0.874759	0.089809	0.644572	0.178963	0.34741	0.529028	0.31131	0.249664	0.369023	0.90678	0.265448	0.363246	0.221571	0.267922	0.0361533	0.517608	0.135923	0.987062	0.165407	0.683645	0.189783	0.0623866	0.0887493	0.462725	0.159621	0.842746	0.918147	0.625559	0.0557545	0.643495	
0.943306	0.560945	0.237269	0.0458802	0.520886	0.394791	0.437648	0.741476	0.533364	0.246621	0.595774	0.146186	0.519527	0.251132	0.511213	0.211504	0.282296	0.17099	0.795954	0.866994	0.820768	0.578292	0.39936	0.418387	0.09689	0.0626981	0.0925917	0.3163	0.755339	0.473845	
0.451663	0.0266547	0.276746	0.93187	0.826889	0.424595	0.0984571	0.669842	0.798126	0.970254	0.178732	0.818929	0.624475	0.536885	0.348458	0.465573	0.691957	0.540893	0.565791	0.34437	0.62043	0.228859	0.872212	0.705927	0.335339	0.455305	0.822577	0.898232	0.377444	0.00531874	
0.704212	0.944363	0.747949	0.988934	0.939823	0.86344	0.207856	0.645653	0.129925	0.523465	0.496594	0.646116	0.0213115	0.814977	0.864339	0.623377	0.676531	0.885974	0.789467	0.194289	0.564788	0.0803015	0.691591	0.687772	0.926088	0.431021	0.568719	0.558001	0.596908	0.520244	
0.780638	0.535478	0.727819	0.231021	0.305697	0.554463	0.690366	0.912679	0.540911	0.71951	0.681267	0.322691	0.398631	0.433042	0.62046	0.569243	0.119499	0.509547	0.193272	0.0898537	0.207027	0.660015	0.183495	0.991746	0.829835	0.210028	0.923999	0.0951149	0.76652	0.914989	
0.221216	0.569475	0.12112	0.242069	0.886239	0.174024	0.648288	0.352492	0.772793	0.311862	0.703273	0.653483	0.290579	0.233389	0.704255	0.125797	0.179706	0.110135	0.14431	0.219851	0.700479	0.418276	0.708658	0.923578	0.600217	0.899262	0.174775	0.0358704	0.763744	0.542903	
0.722825	0.296048	0.142945	0.794657	0.341226	0.522617	0.412993	0.778582	0.652612	0.483768	0.825592	0.591292	0.579185	0.30172	0.211962	0.913755	0.586878	0.162297	0.761721	0.000716447	0.878313	0.338453	0.523648	0.327255	0.0196127	0.133583	0.709874	0.096819	0.811121	0.60466	
0.640459	0.979143	0.541963	0.46344	0.355195	0.949563	0.230328	0.685083	0.596739	0.600647	0.473844	0.853707	0.819652	0.427141	0.86865	0.856297	0.457688	0.119178	0.454139	0.0687142	0.781478	0.587323	0.414887	0.668503	0.674333	0.224916	0.393741	0.621936	0.770652	0.0679954	
0.162539	0.302245	0.494658	0.386008	0.727199	0.625034	0.907771	0.683865	0.570645	0.265941	0.680347	0.95628	0.846218	0.00386302	0.238176	0.329565	0.821538	0.0340179	0.233428	0.684388	0.92376	0.521255	0.0332447	0.498275	0.911053	0.166276	0.850906	0.906945	0.853079	0.558605	
0.231984	0.454098	0.564539	0.391163	0.773949	0.951651	0.43298	0.348203	0.409526	0.513751	0.141569	0.746574	0.527281	0.389587	0.0538029	0.253742	0.185854	0.630505	0.242843	0.349003	0.394231	0.915534	0.770506	0.94221	0.884487	0.874336	0.27594	0.240001	0.316016	0.2279	
0.636383	0.346178	0.453707	0.685216	0.231961	0.700999	0.571687	0.259292	0.0207107	0.607745	0.616461	0.516074	0.614238	0.671022	0.0443622	0.431608	0.92376	0.530768	0.918895	0.254685	0.0361792	0.44301	0.20061	0.989823	0.532853	0.652618	0.345499	0.255192	0.784657	0.299105	
0.490506	0.169488	0.663695	0.303908	0.282761	0.791	0.959586	0.96215	0.0353262	0.571449	0.808044	0.109606	0.999327	0.513118	0.901771	0.356385	0.850422	0.731318	0.290058	0.972955	0.175533	0.185792	0.77351	0.938571	0.975778	0.826175	0.242728	0.791503	0.347741	0.178916	
0.0143879	0.341212	0.538837	0.867205	0.656258	0.375414	0.855456	0.2197	0.328921	0.561261	0.945904	0.900607	0.80384	0.383451	0.0377804	0.829981	0.848381	0.634918	0.35124	0.0193181	0.343493	0.5303	0.561866	0.958965	0.910659	0.490635	0.747278	0.495313	0.710264	0.982771	
0.371603	0.311166	0.164459	0.375278	0.628588	0.93108	0.536642	0.118219	0.43925	0.302647	0.681508	0.297389	0.727968	0.790584	0.196115	0.0959862	0.70452	0.783466	0.0255822	0.586268	0.0839659	0.52519	0.424351	0.0898742	0.516042	0.999088	0.0387317	0.36988	0.904549	0.797428	
0.773563	0.0747331	0.324998	0.848936	0.789937	0.497261	0.75311	0.908613	0.862149	0.226714	0.464947	0.629011	0.862532	0.145537	0.0251346	0.95646	0.824094	0.0965005	0.472861	0.617715	0.748431	0.380764	0.71994	0.683183	0.371976	0.405496	0.128951	0.738211	0.836234	0.396609	
0.969376	0.798946	0.426939	0.348505	0.990515	0.477204	0.392705	0.912672	0.892124	0.50236	0.744459	0.00214609	0.412129	0.838133	0.255337	0.481903	0.965094	0.509766	0.626833	0.723922	0.252951	0.369711	0.427266	0.157959	0.741642	0.739912	0.0417894	0.230396	0.77127	0.569592	
0.251436	0.298887	0.71114	0.787515	0.523921	0.772048	0.0494681	0.928961	0.215758	0.879519	0.6594	0.265471	0.0937865	0.677429	0.440685	0.982637	0.674856	0.309836	0.64566	0.970566	0.633529	0.885778	0.950426	0.0768389	0.72028	0.72727	0.379933	0.95829	0.887516	0.998239	
0.667485	0.9559	0.548908	0.385491	0.773232	0.572967	0.530113	0.268335	0.776225	0.552666	0.3436	0.0649801	0.689089	0.395584	0.194252	0.67489	0.455065	0.346634	0.436246	0.179464	0.410199	0.352195	0.618887	0.513959	0.507286	0.969849	0.782997	0.631743	0.748439	0.979428	
0.502227	0.777106	0.788933	0.928403	0.143075	0.0877153	0.984786	0.436934	0.375474	0.00809961	0.840969	0.360466	0.772496	0.533227	0.370945	0.341882	0.875416	0.571581	0.451496	0.434529	0.718076	0.484279	0.259901	0.9152	0.178683	0.283428	0.630831	0.485186	0.0681389	0.35953	
