15	30
66.7748	0.116979
63.0259	0.243483
65.339	0.67692
62.2919	0.561125
69.6682	0.869604
71.853	0.101495
64.0197	0.502351
66.0556	0.253273
59.3994	0.956078
67.0918	0.685852
65.0993	0.882639
69.8441	0.417492
67.4846	0.472112
59.2705	0.264345
65.3189	0.912524
13.9142
14.2832
2.07845
6.5541
36.9183
19.5275
21.7985
12.9569
14.4462
13.0513
20.8392
6.40616
5.97464
22.6484
32.0599
47.9418
42.4749
19.3516
7.61943
31.7645
43.4587
44.4072
15.1031
48.2591
20.8941
34.5869
49.4823
2.16128
37.2423
40.6991
0.671156	0.412046	0.526382	0.148605	0.156711	0.186467	0.210108	0.45274	0.870143	0.063681	0.624312	0.523348	0.562296	0.0058172	0.307423	0.950184	0.126654	0.0789879	0.311353	0.632384	0.699359	0.641965	0.920024	0.298876	0.568746	0.178624	0.532574	0.646691	0.142065	0.581389	
0.47919	0.386419	0.440465	0.404757	0.442254	0.0301233	0.776005	0.550958	0.381073	0.529266	0.956877	0.175821	0.118303	0.862946	0.0748669	0.825095	0.836132	0.0753949	0.0114008	0.0484206	0.357123	0.665693	0.0113896	0.107918	0.901013	0.794879	0.811461	0.640278	0.62478	0.145508	
0.570216	0.0651125	0.313413	0.217066	0.52695	0.427108	0.98263	0.140451	0.748412	0.78884	0.730397	0.845618	0.55619	0.0568627	0.886725	0.314417	0.560392	0.254014	0.934962	0.0342449	0.686545	0.438935	0.977721	0.477384	0.238953	0.932351	0.136715	0.171928	0.503054	0.0558529	
0.297667	0.927714	0.386596	0.462125	0.578629	0.113921	0.368414	0.360748	0.880018	0.274542	0.224581	0.813973	0.0582008	0.730153	0.0326791	0.599987	0.0305411	0.859605	0.43978	0.560445	0.817405	0.0890063	0.701488	0.385572	0.0174225	0.0509669	0.435072	0.976844	0.0937833	0.55152	
0.643103	0.440255	0.788874	0.704458	0.720458	0.496777	0.733596	0.874533	0.559899	0.680415	0.368431	0.591129	0.479063	0.450417	0.246545	0.786697	0.44054	0.700122	0.821063	0.371736	0.952524	0.975435	0.426933	0.497933	0.666818	0.233617	0.550021	0.989071	0.0547464	0.617007	
0.112331	0.462488	0.73487	0.336082	0.546136	0.952581	0.114155	0.982351	0.742395	0.848073	0.73226	0.261986	0.948549	0.270225	0.972404	0.677317	0.8098	0.443069	0.109241	0.970392	0.38848	0.446539	0.191155	0.89116	0.474228	0.21238	0.609149	0.517703	0.402961	0.32302	
0.588575	0.388782	0.45095	0.246921	0.579579	0.955881	0.59444	0.285054	0.0747692	0.562379	0.187744	0.573115	0.135465	0.375628	0.330011	0.547794	0.19797	0.251551	0.809384	0.92581	0.899888	0.434546	0.0213463	0.785101	0.182583	0.576437	0.356359	0.762866	0.532812	0.364056	
0.411268	0.246246	0.112036	0.212978	0.699589	0.924055	0.890764	0.355015	0.823178	0.381496	0.0340091	0.887221	0.497158	0.0261603	0.891821	0.992591	0.280251	0.446505	0.851633	0.47433	0.277463	0.841659	0.195125	0.856314	0.307792	0.114826	0.232053	0.190113	0.896875	0.712866	
0.27232	0.331404	0.133449	0.471792	0.875489	0.657235	0.738975	0.83129	0.789726	0.757363	0.592705	0.218569	0.488015	0.620946	0.955526	0.246097	0.0795383	0.498387	0.435767	0.299233	0.489286	0.892167	0.507436	0.360427	0.903886	0.718148	0.645489	0.251285	0.139275	0.756845	
0.565863	0.148077	0.949594	0.231755	0.993283	0.809357	0.618724	0.159648	0.787231	0.923461	0.0894899	0.173437	0.794199	0.734424	0.851831	0.58771	0.110499	0.514989	0.110454	0.7415	0.265766	0.636744	0.0112918	0.440439	0.895473	0.0828364	0.811194	0.424298	0.1514	0.0340575	
0.795167	0.132855	0.715018	0.704516	0.497511	0.103422	0.514163	0.627683	0.517418	0.264694	0.086696	0.719825	0.203941	0.361664	0.777685	0.881042	0.302794	0.150383	0.738161	0.912159	0.936256	0.0206495	0.472738	0.046033	0.0537053	0.637786	0.0730084	0.991431	0.77953	0.699632	
0.128998	0.271694	0.599993	0.618646	0.562945	0.652775	0.234257	0.316036	0.745615	0.872716	0.482829	0.368012	0.0965437	0.688114	0.0341464	0.0684866	0.909507	0.557074	0.295021	0.733118	0.270858	0.869782	0.661548	0.394551	0.150432	0.82079	0.462028	0.476467	0.593149	0.766	
0.993338	0.35522	0.0605326	0.253566	0.230635	0.733612	0.624465	0.713873	0.713527	0.17272	0.342705	0.705106	0.307259	0.271387	0.408107	0.91383	0.231003	0.647877	0.389606	0.926105	0.516213	0.526866	0.259118	0.798748	0.364008	0.549931	0.0480814	0.415132	0.0867118	0.271682	
0.238186	0.357575	0.333118	0.256026	0.808561	0.481457	0.065662	0.750852	0.423987	0.1317	0.744156	0.943166	0.165316	0.428484	0.928839	0.733965	0.30277	0.534838	0.647917	0.774569	0.782434	0.0845857	0.11408	0.66606	0.827342	0.508623	0.408783	0.477218	0.935181	0.292944	
0.133399	0.10386	0.650451	0.625108	0.66955	0.901202	0.266454	0.657147	0.748506	0.934542	0.896985	0.343623	0.508121	0.24744	0.486863	0.804618	0.563431	0.455038	0.341985	0.623383	0.21236	0.133043	0.458868	0.404704	0.205424	0.188151	0.025134	0.270897	0.958288	0.989244	
