10	20
41.4305	0.750948
50.2045	0.90593
43.4352	0.206639
46.2162	0.951396
50.9842	0.963241
47.7848	0.618595
42.8638	0.754843
45.4059	0.785906
42.5823	0.91033
41.103	0.517246
28.8902
3.71006
47.0542
40.6106
39.6251
3.69778
30.9447
18.461
25.7338
37.3253
38.464
2.67412
21.4358
38.1801
12.9752
47.5029
36.6075
38.0819
32.2419
44.1739
0.253368	0.234751	0.733704	0.401555	0.171455	0.703607	0.239531	0.202128	0.842658	0.933237	0.122612	0.864656	0.36019	0.0776214	0.941312	0.773664	0.865009	0.998481	0.170966	0.128949	
0.540254	0.74361	0.530995	0.0454619	0.999006	0.14014	0.129989	0.734238	0.237586	0.230286	0.387904	0.222565	0.469559	0.438614	0.0952208	0.362939	0.166224	0.367792	0.631308	0.853425	
0.657876	0.186618	0.193933	0.901092	0.497135	0.357576	0.728408	0.936985	0.706699	0.713214	0.842519	0.632412	0.660429	0.467471	0.997631	0.964992	0.943342	0.942879	0.328101	0.690099	
0.577106	0.490021	0.104461	0.309167	0.826976	0.859723	0.188324	0.720699	0.206326	0.993392	0.333057	0.151599	0.801977	0.0682625	0.713209	0.418984	0.385927	0.280511	0.0636557	0.638638	
0.942855	0.280929	0.456371	0.53022	0.959913	0.100396	0.193323	0.119991	0.0698501	0.769192	0.260881	0.655902	0.192119	0.417234	0.580526	0.753443	0.0380612	0.787553	0.209243	0.280849	
0.67141	0.109872	0.501107	0.328413	0.107028	0.349685	0.936448	0.906513	0.109157	0.24428	0.76848	0.252117	0.599617	0.906827	0.485685	0.0856895	0.994464	0.790093	0.969123	0.211425	
0.0358651	0.969646	0.977809	0.127451	0.247063	0.626465	0.892946	0.498995	0.462269	0.31226	0.927562	0.0925231	0.714633	0.451711	0.114066	0.291407	0.687987	0.406276	0.0498264	0.819484	
0.165097	0.551407	0.944197	0.809952	0.202162	0.925408	0.226227	0.106231	0.329809	0.74722	0.197429	0.202488	0.981308	0.166568	0.327768	0.729166	0.827217	0.959268	0.851206	0.323825	
0.686207	0.962584	0.549	0.806304	0.844443	0.689512	0.827833	0.848561	0.744234	0.0824304	0.388903	0.74023	0.317734	0.268746	0.979568	0.0306901	0.708178	0.597618	0.28135	0.66561	
0.862346	0.696655	0.253632	0.192804	0.52365	0.284373	0.454331	0.831464	0.13399	0.815164	0.273422	0.00493975	0.0657945	0.336336	0.560991	0.309994	0.987011	0.898178	0.978267	0.87669	
