10	20
48.0939	0.304846
40.7799	0.867221
42.1376	0.160391
45.4473	0.27055
38.9661	0.638773
39.715	0.921161
47.4003	0.814446
45.6491	0.88393
41.204	0.527183
46.0062	0.211942
45.7419
21.0898
1.43974
49.3419
17.2184
5.00386
21.6606
28.0931
16.7048
2.04293
47.6373
19.2075
17.7624
23.4155
43.0275
16.9222
18.1357
32.9065
14.6193
14.4267
0.698909	0.826234	0.0557558	0.311397	0.255206	0.633742	0.954455	0.104988	0.196259	0.793899	0.322485	0.168214	0.942958	0.341765	0.564261	0.975086	0.797074	0.217206	0.582609	0.233435	
0.685093	0.836904	0.00895135	0.885119	0.619876	0.973658	0.0951367	0.945719	0.112973	0.0801941	0.480863	0.0386846	0.982147	0.0351666	0.444873	0.693187	0.377069	0.312484	0.388906	0.7068	
0.564854	0.817707	0.601936	0.463011	0.0264439	0.672913	0.753599	0.54315	0.923466	0.319986	0.302523	0.0720774	0.805031	0.334252	0.415338	0.111661	0.805492	0.0300656	0.93123	0.00912102	
0.805188	0.4918	0.196848	0.589195	0.0124099	0.110624	0.827613	0.841577	0.541891	0.901724	0.223014	0.948504	0.00757192	0.92001	0.704094	0.237376	0.19517	0.228206	0.275487	0.344232	
0.55668	0.0488143	0.966553	0.776287	0.396937	0.123759	0.178584	0.574738	0.198438	0.158574	0.703177	0.707442	0.593471	0.912457	0.589864	0.316318	0.140243	0.625751	0.00397815	0.489091	
0.887228	0.326637	0.311579	0.16262	0.540922	0.485126	0.840032	0.10921	0.354883	0.0259853	0.108057	0.413637	0.2811	0.812273	0.483145	0.00516616	0.214833	0.206578	0.793049	0.653875	
0.413026	0.60812	0.331839	0.403688	0.378034	0.0831922	0.520874	0.633932	0.163864	0.346944	0.227694	0.932194	0.308434	0.942175	0.806885	0.706254	0.811288	0.705191	0.26592	0.126205	
0.156795	0.730178	0.817842	0.178979	0.0473582	0.247642	0.316338	0.957589	0.90375	0.33376	0.531796	0.76216	0.522616	0.494504	0.737396	0.36249	0.719348	0.646503	0.727881	0.768446	
0.942933	0.122429	0.379715	0.475405	0.274768	0.187286	0.514247	0.296459	0.188403	0.486838	0.711926	0.173404	0.596547	0.398336	0.980749	0.786586	0.592989	0.886314	0.725894	0.764565	
0.351457	0.000455732	0.655963	0.467951	0.696487	0.129666	0.350314	0.385814	0.819518	0.279285	0.232572	0.502699	0.725176	0.704285	0.949584	0.600073	0.492217	0.130717	0.909599	0.433551	
