10	40
41.9745	0.947488
39.7802	0.397905
45.8622	0.482771
45.8173	0.343075
47.6023	0.637562
48.4917	0.330924
45.7884	0.593347
45.697	0.901366
40.7484	0.577711
46.7085	0.231251
6.04783
41.3912
13.1173
24.6117
9.08824
32.7765
16.6373
42.6206
33.2042
27.1347
41.4375
25.2019
26.9195
29.3698
37.081
28.6045
43.8322
23.1141
16.9942
21.7797
7.5508
47.2893
27.2045
22.6834
42.3177
20.8608
13.9668
13.5956
28.9807
3.90988
17.5649
46.5701
2.46452
27.5248
2.0032
3.13456
36.9285
3.8826
19.8901
10.3791
0.975902	0.660227	0.964336	0.683696	0.299281	0.315658	0.84308	0.0274776	0.885821	0.249819	0.814736	0.659755	0.694649	0.281006	0.177614	0.86016	0.970958	0.457568	0.867476	0.148703	0.263101	0.526884	0.65578	0.128752	0.271564	0.243616	0.45719	0.0483572	0.879482	0.835169	0.107793	0.595563	0.155652	0.537232	0.930078	0.494141	0.668529	0.794126	0.629327	0.737848	
0.971881	0.216042	0.760177	0.269155	0.185601	0.530391	0.248699	0.655887	0.594843	0.9284	0.732769	0.455841	0.561927	0.751688	0.90337	0.543978	0.882392	0.144475	0.949409	0.696707	0.0890958	0.417004	0.583186	0.0444744	0.708665	0.746854	0.063343	0.0478524	0.576551	0.067435	0.538605	0.347212	0.594039	0.236958	0.333777	0.953239	0.830963	0.570843	0.0770096	0.12442	
0.654241	0.769472	0.534074	0.0950414	0.301914	0.408476	0.512269	0.114126	0.741667	0.43586	0.377546	0.0488996	0.0439876	0.989476	0.624378	0.128962	0.852986	0.776094	0.232012	0.32885	0.810499	0.490647	0.278404	0.129973	0.34668	0.78509	0.314031	0.525553	0.594719	0.337775	0.0122413	0.584581	0.543597	0.176922	0.267223	0.174872	0.40255	0.747594	0.529395	0.18153	
0.631468	0.141184	0.137946	0.633961	0.323945	0.0461377	0.5477	0.921748	0.708553	0.0121418	0.50083	0.574166	0.452669	0.215702	0.746819	0.299124	0.173488	0.668641	0.0968325	0.111641	0.392871	0.932481	0.0453428	0.0836613	0.803834	0.14019	0.406611	0.187979	0.518039	0.541481	0.222599	0.647705	0.464894	0.103791	0.836609	0.160741	0.136073	0.393392	0.599855	0.778992	
0.922227	0.396046	0.87801	0.820506	0.391986	0.0624548	0.281867	0.293852	0.633241	0.313737	0.939705	0.507684	0.0850442	0.651612	0.328636	0.286093	0.856706	0.336387	0.779981	0.960541	0.551601	0.313644	0.995487	0.562543	0.128117	0.836672	0.103273	0.200704	0.838545	0.518341	0.0997654	0.597331	0.200366	0.497986	0.726704	0.241549	0.785418	0.417889	0.904495	0.0152862	
0.609432	0.821418	0.923624	0.402343	0.0764209	0.89951	0.45451	0.873183	0.612944	0.18043	0.248642	0.0412144	0.226464	0.38166	0.798041	0.699891	0.815123	0.436341	0.0374509	0.440231	0.0723105	0.164535	0.0779672	0.96024	0.757456	0.597029	0.585535	0.35846	0.606578	0.149828	0.24746	0.0362977	0.513385	0.855046	0.850628	0.721118	0.356142	0.980554	0.133016	0.654139	
0.222713	0.404856	0.801535	0.656436	0.178492	0.788247	0.102174	0.6772	0.876012	0.627178	0.539627	0.865834	0.0233194	0.980473	0.776922	0.774434	0.509702	0.653333	0.918979	0.0920152	0.846455	0.741183	0.937311	0.019097	0.929926	0.0760425	0.0945858	0.274242	0.49791	0.0404807	0.603901	0.497937	0.626835	0.63919	0.244375	0.157694	0.676443	0.334776	0.734219	0.801084	
0.984063	0.985445	0.941769	0.0071166	0.208127	0.253078	0.458137	0.238267	0.679501	0.92513	0.930143	0.509962	0.886129	0.331604	0.242763	0.849493	0.291748	0.0406676	0.695683	0.110997	0.31112	0.92321	0.170914	0.00819174	0.866787	0.832789	0.129748	0.887637	0.984067	0.0120668	0.396475	0.451179	0.126591	0.605175	0.821508	0.634448	0.364261	0.21664	0.87154	0.809654	
0.791756	0.691942	0.158	0.00293442	0.131291	0.243419	0.364538	0.162878	0.76477	0.534143	0.826555	0.619227	0.71596	0.61451	0.936144	0.301889	0.931968	0.453373	0.324752	0.627385	0.781195	0.316352	0.610224	0.238584	0.300398	0.0599933	0.745657	0.371444	0.446986	0.856764	0.908845	0.638118	0.0950263	0.10506	0.662109	0.199202	0.674984	0.51677	0.0181283	0.455517	
0.656609	0.933016	0.83882	0.751406	0.115563	0.827839	0.243431	0.195796	0.227038	0.939788	0.874197	0.756607	0.799787	0.302198	0.961032	0.420112	0.267994	0.990841	0.940353	0.814196	0.289297	0.329687	0.977862	0.974736	0.0228237	0.210989	0.779378	0.104352	0.348188	0.689711	0.902028	0.18541	0.0320067	0.282242	0.0871258	0.828817	0.0783094	0.865999	0.0120602	0.39501	
