15	40
64.7908	0.0462996
70.179	0.760137
71.4211	0.646664
70.9879	0.925426
60.4514	0.448081
70.6974	0.816784
65.5261	0.412869
74.4679	0.831182
67.9358	0.514559
63.828	0.388637
59.869	0.0838983
74.4775	0.291212
69.6918	0.772839
65.993	0.834037
66.3116	0.652485
2.95128
6.98164
19.8298
31.0287
33.2714
40.11
9.71147
17.9502
13.2949
30.968
29.0932
26.865
8.00942
33.9474
3.395
21.6154
39.9006
24.5295
27.8327
22.9129
23.6851
47.7569
20.5922
30.7487
7.66174
41.2446
45.4565
3.75739
15.8314
22.3657
27.8428
25.9324
32.8259
4.29603
25.7417
42.2468
2.80601
4.79897
10.5202
11.6405
0.917957	0.61145	0.689347	0.780244	0.541093	0.396159	0.138618	0.697314	0.977077	0.96105	0.095538	0.949035	0.414797	0.387623	0.506446	0.466289	0.518324	0.197282	0.985567	0.292874	0.989753	0.0266667	0.601366	0.91887	0.554923	0.182348	0.109555	0.00788322	0.858627	0.818809	0.522563	0.75925	0.99033	0.619589	0.856334	0.0957113	0.538117	0.00617583	0.632027	0.440904	
0.518434	0.277574	0.0574502	0.937822	0.5753	0.370147	0.508398	0.882687	0.119724	0.705127	0.872172	0.500135	0.101516	0.104948	0.58709	0.45668	0.588355	0.294723	0.318601	0.176135	0.843572	0.0306773	0.962555	0.346492	0.387562	0.409925	0.34126	0.865157	0.755756	0.494601	0.839964	0.660674	0.705205	0.893206	0.120129	0.262016	0.352925	0.805473	0.764536	0.922515	
0.418706	0.868055	0.585903	0.481267	0.791875	0.105332	0.401358	0.918706	0.407747	0.0798279	0.559261	0.769829	0.211753	0.0837727	0.0323851	0.569936	0.356007	0.745012	0.458364	0.455568	0.116555	0.631852	0.897139	0.594399	0.0328777	0.3203	0.753688	0.278532	0.108756	0.809645	0.739509	0.168929	0.45347	0.840306	0.0508985	0.744547	0.685128	0.552862	0.463293	0.209375	
0.136266	0.698871	0.561265	0.0459969	0.605379	0.748803	0.240177	0.00496083	0.641268	0.998829	0.292327	0.159908	0.295144	0.96668	0.765556	0.560466	0.0401156	0.544325	0.431067	0.385324	0.242598	0.620085	0.243167	0.998448	0.789477	0.728689	0.934196	0.624889	0.102424	0.428219	0.929883	0.690681	0.880794	0.107995	0.417341	0.999777	0.251528	0.90838	0.552354	0.512222	
0.202256	0.496627	0.171872	0.835744	0.751161	0.868917	0.634623	0.55035	0.259285	0.301038	0.58978	0.793624	0.655586	0.315356	0.925509	0.986821	0.702735	0.244564	0.114855	0.817312	0.32684	0.829555	0.914873	0.966736	0.382106	0.152238	0.693112	0.556209	0.509895	0.298684	0.116321	0.304577	0.414784	0.458575	0.470895	0.560435	0.201084	0.704347	0.593465	0.956714	
0.417854	0.0201863	0.209049	0.25894	0.2663	0.491116	0.312892	0.61742	0.146382	0.910839	0.162863	0.652883	0.71023	0.059473	0.358908	0.637064	0.53517	0.00197146	0.360791	0.00856074	0.949876	0.751535	0.667984	0.983581	0.891163	0.411301	0.734191	0.338917	0.98857	0.363202	0.889325	0.679639	0.527102	0.168305	0.225291	0.201633	0.84852	0.116763	0.731841	0.758585	
0.119945	0.0771209	0.94818	0.850088	0.577867	0.776209	0.986536	0.374391	0.525647	0.356788	0.0135359	0.0830097	0.525254	0.158674	0.506799	0.860443	0.823821	0.840297	0.166991	0.386805	0.710787	0.407186	0.435129	0.607994	0.306212	0.834141	0.414071	0.138196	0.76921	0.940995	0.933413	0.0615151	0.116334	0.148205	0.926312	0.532254	0.689595	0.868233	0.8289	0.438411	
0.471313	0.326765	0.554804	0.110354	0.738033	0.926982	0.250211	0.635838	0.542146	0.741089	0.188829	0.0477498	0.206592	0.733489	0.894019	0.427276	0.0987088	0.780252	0.310441	0.400442	0.85551	0.443335	0.0335999	0.759075	0.337084	0.545374	0.469669	0.300144	0.203335	0.585708	0.568087	0.957627	0.401287	0.625713	0.41657	0.309214	0.0223717	0.295585	0.672472	0.454677	
0.011645	0.981645	0.00907994	0.270428	0.606734	0.315055	0.571035	0.909784	0.931264	0.866383	0.461659	0.729796	0.0931141	0.776601	0.785946	0.503542	0.214412	0.0335617	0.0580702	0.288832	0.386383	0.352376	0.163089	0.194343	0.300756	0.100077	0.00437365	0.347213	0.86948	0.449572	0.79854	0.228841	0.00448144	0.022524	0.23591	0.619555	0.0404293	0.166739	0.558195	0.843717	
0.834939	0.87848	0.558823	0.672281	0.0469695	0.182482	0.601132	0.319956	0.356758	0.614597	0.0797334	0.524695	0.327259	0.349015	0.798621	0.404097	0.10709	0.612203	0.167922	0.886645	0.513657	0.310083	0.318658	0.962173	0.035901	0.806847	0.955173	0.0355035	0.268911	0.0269931	0.506617	0.60175	0.893593	0.369157	0.303702	0.82081	0.875646	0.56409	0.123872	0.141005	
0.607188	0.659516	0.944131	0.20406	0.833558	0.999545	0.915252	0.0843686	0.00631377	0.974922	0.039739	0.313583	0.0522028	0.365875	0.78344	0.425358	0.117994	0.438921	0.550779	0.298492	0.0193375	0.219209	0.879185	0.831552	0.135856	0.623291	0.0285889	0.542318	0.791189	0.242406	0.802878	0.747912	0.520938	0.121457	0.62168	0.204018	0.997618	0.0626144	0.628734	0.906606	
0.823013	0.957968	0.757178	0.845709	0.62039	0.343685	0.352535	0.138923	0.0916405	0.696405	0.789091	0.270202	0.117341	0.689813	0.359628	0.546976	0.118911	0.418476	0.0626572	0.46461	0.40393	0.991126	0.980443	0.607972	0.97475	0.110736	0.0993302	0.0893095	0.0163956	0.221984	0.33324	0.836653	0.940163	0.671545	0.798786	0.45227	0.483948	0.812968	0.646326	0.253797	
0.699596	0.495232	0.924591	0.218015	0.468999	0.466493	0.827	0.415316	0.304749	0.457876	0.919287	0.482441	0.57589	0.660339	0.653108	0.0333102	0.00898288	0.727426	0.853401	0.307657	0.0637929	0.466526	0.940015	0.145342	0.429829	0.492539	0.521546	0.666632	0.290688	0.824216	0.0644971	0.463657	0.298334	0.148714	0.850621	0.0336313	0.456146	0.347613	0.570516	0.574729	
0.922312	0.692074	0.124074	0.570377	0.738038	0.233635	0.313855	0.522356	0.349114	0.343342	0.0495573	0.334142	0.428367	0.877268	0.535108	0.138153	0.320931	0.746842	0.011557	0.516981	0.0752855	0.255061	0.879518	0.0363616	0.9243	0.498143	0.0608185	0.150723	0.891317	0.663769	0.750329	0.915871	0.217688	0.252495	0.243088	0.627809	0.388723	0.336874	0.422697	0.806549	
0.44526	0.633113	0.749487	0.641183	0.389148	0.847864	0.786872	0.448101	0.88149	0.156614	0.507486	0.738357	0.813194	0.940259	0.836285	0.507028	0.0385586	0.843973	0.00737036	0.599419	0.552558	0.947042	0.433563	0.897057	0.152981	0.118893	0.694069	0.529844	0.414325	0.632232	0.510289	0.41878	0.864866	0.626854	0.645426	0.353356	0.957194	0.644721	0.527717	0.328863	
