20	40
83.4502	0.666606
98.5288	0.024223
87.6995	0.302038
88.8772	0.165538
94.3366	0.509083
81.5523	0.96989
80.2036	0.915578
85.5295	0.925973
87.9318	0.368181
89.2482	0.413875
92.2372	0.18162
94.3061	0.0712481
93.9046	0.594108
92.1832	0.948382
98.2161	0.39464
85.8562	0.232793
91.0041	0.445998
95.7755	0.976165
88.9288	0.898572
81.8344	0.583311
8.3829
37.4446
23.2028
24.0257
8.19643
7.11197
39.9707
32.0886
44.7342
30.5838
27.8585
30.9243
30.4237
4.62164
41.6378
36.0542
42.1075
34.0774
21.1817
27.2278
3.82311
47.338
44.3957
11.3441
43.6794
12.7701
36.1687
37.8492
19.3904
39.535
49.5776
18.9064
41.8854
18.4524
2.1815
12.6916
38.7967
17.7498
27.8684
4.28339
0.470838	0.178062	0.541876	0.629547	0.987517	0.702792	0.193388	0.175093	0.809347	0.458099	0.0670537	0.0206492	0.35042	0.398906	0.13088	0.0477239	0.80297	0.492797	0.573418	0.56466	0.719584	0.726568	0.0308321	0.766177	0.534103	0.550068	0.630674	0.737942	0.236981	0.0307774	0.685074	0.373675	0.273281	0.573553	0.310909	0.529379	0.867204	0.254697	0.888323	0.0371573	
0.134026	0.0252718	0.762252	0.302714	0.586623	0.783799	0.715774	0.449378	0.613395	0.0287147	0.301352	0.143036	0.0384011	0.125835	0.734114	0.849684	0.100999	0.225696	0.393118	0.624584	0.800265	0.0842206	0.932835	0.816727	0.266992	0.793121	0.158224	0.989721	0.0460628	0.569476	0.267394	0.516678	0.598299	0.0182162	0.425996	0.886127	0.0710223	0.424714	0.0507686	0.00670978	
0.206953	0.150408	0.218547	0.324303	0.20044	0.124315	0.822099	0.654103	0.0617435	0.217558	0.902696	0.645544	0.503157	0.414593	0.713022	0.216362	0.731435	0.0936189	0.144792	0.563769	0.735108	0.393358	0.215755	0.750761	0.378792	0.535052	0.58046	0.491992	0.140305	0.878603	0.435397	0.875885	0.82861	0.152892	0.303998	0.683637	0.52149	0.965229	0.759536	0.249864	
0.949827	0.153081	0.63404	0.514204	0.132434	0.595058	0.82081	0.979093	0.190821	0.401209	0.399591	0.0418884	0.248499	0.525035	0.595933	0.161183	0.909226	0.576819	0.373792	0.97758	0.970407	0.592142	0.969169	0.658487	0.264423	0.493821	0.300254	0.100442	0.169983	0.651553	0.985249	0.340111	0.0324005	0.656967	0.804978	0.659905	0.835051	0.67045	0.614531	0.0893761	
0.95344	0.466629	0.185762	0.0240849	0.0633958	0.794144	0.280094	0.578611	0.737292	0.209176	0.00409139	0.966124	0.76966	0.188327	0.884398	0.475987	0.225478	0.694415	0.0693985	0.865474	0.504441	0.374594	0.871527	0.726351	0.125213	0.0463428	0.920754	0.0449595	0.904812	0.689746	0.149267	0.136355	0.787945	0.911396	0.609457	0.289799	0.48196	0.821356	0.992844	0.775264	
0.683404	0.772428	0.567133	0.873397	0.129419	0.739599	0.0208123	0.532889	0.423538	0.982764	0.142807	0.343084	0.463211	0.841243	0.97877	0.133118	0.149082	0.902778	0.748756	0.916394	0.234369	0.387619	0.345263	0.581783	0.225914	0.868884	0.377659	0.282025	0.858873	0.939999	0.297354	0.720571	0.0824005	0.753549	0.889995	0.184896	0.888589	0.954123	0.361564	0.864499	
0.891288	0.938696	0.946799	0.528211	0.431307	0.0563891	0.668776	0.275935	0.596795	0.720709	0.503333	0.865929	0.921424	0.940236	0.415068	0.0634433	0.190724	0.0326018	0.415521	0.05746	0.100911	0.668834	0.0861373	0.707113	0.337126	0.129135	0.992927	0.034693	0.0857733	0.603382	0.0370552	0.557813	0.369263	0.786049	0.106948	0.197156	0.342355	0.0926838	0.796431	0.183187	
0.661596	0.616386	0.907217	0.230332	0.674262	0.404368	0.0840283	0.904317	0.783269	0.334368	0.272919	0.745893	0.552795	0.515699	0.222596	0.795325	0.572074	0.847909	0.399752	0.0802553	0.584324	0.279557	0.73125	0.145997	0.697505	0.580496	0.786428	0.17675	0.785316	0.365518	0.718494	0.467715	0.799221	0.043492	0.651549	0.650232	0.330589	0.700717	0.712848	0.512409	
0.688559	0.130444	0.638191	0.935937	0.0705029	0.304664	0.108949	0.850603	0.857443	0.504041	0.20559	0.180254	0.986043	0.490827	0.837966	0.342957	0.673549	0.0144128	0.60842	0.764418	0.832595	0.169811	0.810323	0.938268	0.822443	0.247262	0.036863	0.892667	0.723224	0.53579	0.801913	0.757605	0.0637618	0.437685	0.577864	0.437231	0.58909	0.64799	0.789282	0.360593	
0.00958684	0.921875	0.614813	0.261403	0.763058	0.260188	0.0105176	0.189004	0.753427	0.299104	0.704479	0.543105	0.364295	0.551636	0.0713194	0.689604	0.88593	0.72991	0.149628	0.894772	0.265684	0.691796	0.891726	0.278494	0.503096	0.405004	0.0341428	0.580757	0.767454	0.630227	0.544333	0.156521	0.733822	0.0504957	0.0856601	0.55017	0.215691	0.230135	0.921911	0.456466	
0.57621	0.926345	0.787621	0.690871	0.29116	0.138445	0.074013	0.986987	0.58383	0.725431	0.155485	0.668139	0.118832	0.948801	0.319154	0.878264	0.7803	0.865694	0.0855597	0.174501	0.0932921	0.610066	0.24274	0.478916	0.135232	0.321585	0.645962	0.833217	0.601313	0.529036	0.563361	0.473585	0.482345	0.0843359	0.961692	0.290598	0.709448	0.53351	0.65905	0.973198	
0.336659	0.225835	0.444528	0.726731	0.635248	0.416237	0.560854	0.885835	0.991393	0.345388	0.400364	0.247498	0.613925	0.033467	0.577259	0.545509	0.427094	0.994536	0.415097	0.319337	0.265921	0.687651	0.775262	0.382558	0.511723	0.874465	0.112153	0.21366	0.331209	0.179628	0.408736	0.708406	0.26634	0.46495	0.933919	0.794925	0.285734	0.63243	0.0183303	0.642762	
0.344816	0.91953	0.46067	0.161109	0.0268151	0.0117903	0.277562	0.346576	0.580659	0.545733	0.697341	0.511467	0.728311	0.268869	0.868948	0.265016	0.683613	0.826794	0.102371	0.178678	0.221204	0.19022	0.594747	0.423684	0.666013	0.784729	0.0853187	0.120478	0.61322	0.614578	0.870192	0.355693	0.637346	0.22955	0.768725	0.481414	0.727508	0.820437	0.979291	0.670358	
0.747121	0.309	0.0779791	0.862526	0.462324	0.388888	0.279245	0.862729	0.172697	0.83819	0.757921	0.621246	0.430721	0.664182	0.12739	0.854498	0.54153	0.290108	0.612156	0.296352	0.256677	0.975281	0.439773	0.358105	0.277331	0.39204	0.739452	0.296079	0.993167	0.951122	0.13255	0.57777	0.275249	0.216348	0.0178369	0.799224	0.0319309	0.887488	0.235294	0.862222	
0.607994	0.171677	0.18179	0.614557	0.860506	0.958712	0.884112	0.62795	0.668459	0.0464528	0.401652	0.0182455	0.753465	0.829306	0.0620194	0.61205	0.734076	0.0874552	0.614218	0.216118	0.00803176	0.844264	0.73025	0.975183	0.532551	0.92499	0.40052	0.614841	0.113286	0.677466	0.938782	0.105635	0.464708	0.534131	0.407863	0.95028	0.368469	0.571095	0.344726	0.525191	
0.0593025	0.681786	0.911557	0.407207	0.501904	0.0907153	0.0547281	0.783653	0.273072	0.115367	0.641013	0.296183	0.737079	0.0117859	0.221166	0.287593	0.982287	0.713981	0.154225	0.922784	0.831836	0.182743	0.830682	0.127071	0.254074	0.00668818	0.525112	0.406406	0.294728	0.0650079	0.507489	0.283221	0.14551	0.664291	0.317147	0.107428	0.479199	0.914163	0.703057	0.742193	
0.712847	0.487517	0.3426	0.0814987	0.838842	0.30018	0.829452	0.463532	0.884572	0.839045	0.0426845	0.261721	0.935133	0.1683	0.902938	0.209858	0.881912	0.170063	0.0748138	0.611096	0.712831	0.944855	0.314332	0.222458	0.553098	0.804077	0.366423	0.339001	0.963069	0.808602	0.161436	0.679421	0.363858	0.733713	0.0568443	0.464339	0.588468	0.0148374	0.85101	0.132298	
0.0863115	0.455872	0.32907	0.194981	0.591938	0.882934	0.650565	0.275713	0.544869	0.342345	0.684321	0.28788	0.410447	0.998342	0.265883	0.887888	0.0545109	0.911503	0.0747624	0.67674	0.664179	0.393775	0.389071	0.929195	0.671557	0.251631	0.542282	0.998363	0.336748	0.538449	0.369639	0.373177	0.432137	0.567286	0.970762	0.356286	0.541058	0.168041	0.654266	0.461195	
0.253339	0.334734	0.266968	0.024066	0.381698	0.412832	0.25391	0.891328	0.531406	0.0663901	0.409245	0.14439	0.989649	0.486595	0.992747	0.708548	0.496798	0.451144	0.304195	0.426514	0.433512	0.121866	0.630677	0.0297011	0.212701	0.0906554	0.247433	0.842336	0.599437	0.736487	0.258541	0.934818	0.579001	0.177126	0.823945	0.710747	0.952931	0.577807	0.156988	0.241699	
0.651833	0.243886	0.152514	0.934452	0.427764	0.0562151	0.234907	0.096913	0.823941	0.988289	0.117282	0.113218	0.705218	0.532138	0.549932	0.0896587	0.868036	0.490617	0.369761	0.592218	0.273883	0.975105	0.807949	0.784073	0.422714	0.0692519	0.824879	0.104112	0.267707	0.676798	0.83467	0.729371	0.821119	0.261163	0.879176	0.92492	0.0713017	0.907195	0.7296	0.355512	
