20	50
97.6066	0.782361
80.7394	0.652281
84.7381	0.0194961
97.4053	0.544357
84.5918	0.0375397
81.6856	0.167011
82.0638	0.217219
98.3015	0.154598
97.6685	0.768305
94.4129	0.204738
84.2062	0.899046
87.3301	0.173925
89.7647	0.259605
81.1749	0.937955
97.6279	0.601054
94.6747	0.17773
80.8923	0.14132
85.6831	0.859008
92.6032	0.524433
96.8481	0.720382
42.6328
15.5105
39.2225
4.47127
21.9298
10.2204
12.8262
11.8704
31.147
29.942
28.579
42.6799
8.46101
43.8496
4.84777
45.9281
36.8813
13.5565
26.5595
33.437
13.1969
34.9346
44.1406
46.247
33.9479
36.7757
26.0504
32.7201
4.89762
33.3687
13.5467
7.26341
6.666
26.0175
4.03993
35.1291
7.58514
46.4198
10.3117
2.04948
3.45107
29.1859
2.20795
28.3902
13.33
5.85864
32.9985
27.2159
9.56707
48.2572
0.224263	0.359707	0.200419	0.590574	0.916313	0.0912004	0.812482	0.673825	0.250524	0.286515	0.507884	0.209289	0.648128	0.54328	0.761372	0.171413	0.369048	0.644567	0.566883	0.798944	0.0339767	0.460582	0.173604	0.353549	0.263403	0.66304	0.143109	0.288458	0.549905	0.616915	0.332089	0.835999	0.672652	0.975818	0.662373	0.690538	0.0969052	0.952822	0.965478	0.260103	0.513102	0.923755	0.089434	0.35696	0.683183	0.900842	0.846127	0.972824	0.011752	0.583638	
0.680843	0.957238	0.786702	0.652824	0.0629531	0.0604054	0.0782787	0.65605	0.0291892	0.775456	0.312762	0.424352	0.231091	0.236177	0.517028	0.276738	0.0924652	0.649566	0.768733	0.2536	0.545713	0.654517	0.990703	0.992593	0.200769	0.401242	0.755968	0.49211	0.542103	0.907342	0.233394	0.204557	0.481943	0.320877	0.13424	0.5702	0.1244	0.947935	0.990592	0.296551	0.312842	0.365588	0.822477	0.331324	0.10331	0.211012	0.902723	0.970402	0.714495	0.261779	
0.785813	0.760902	0.714693	0.128365	0.000368514	0.998765	0.788547	0.355698	0.685555	0.61863	0.595313	0.594264	0.232107	0.851471	0.620193	0.875233	0.928337	0.761694	0.963305	0.945887	0.356707	0.865006	0.336657	0.127729	0.227785	0.762393	0.199747	0.322717	0.404329	0.267597	0.756719	0.844559	0.219985	0.541576	0.874043	0.806136	0.437499	0.593394	0.195684	0.438101	0.599086	0.66695	0.672157	0.974498	0.275264	0.52869	0.267466	0.320352	0.461256	0.753709	
0.0853106	0.338409	0.702378	0.296485	0.387218	0.504188	0.388258	0.788749	0.482875	0.418476	0.394994	0.189756	0.252876	0.714691	0.855155	0.023087	0.954526	0.154683	0.733792	0.566882	0.554058	0.460146	0.807153	0.636958	0.29621	0.469827	0.267687	0.361226	0.789524	0.58987	0.552045	0.778502	0.149921	0.029165	0.611395	0.663576	0.442196	0.977351	0.870842	0.823763	0.24371	0.541011	0.426751	0.63219	0.359853	0.349823	0.824936	0.171853	0.393262	0.114969	
0.0836809	0.398165	0.429032	0.104542	0.786927	0.861395	0.410672	0.813615	0.563412	0.162551	0.430009	0.799682	0.865526	0.956666	0.140841	0.749157	0.5813	0.286627	0.318776	0.0530925	0.925628	0.0153542	0.952711	0.768875	0.950716	0.392962	0.914257	0.44189	0.545231	0.639033	0.571672	0.242155	0.022538	0.989686	0.712974	0.543848	0.563378	0.469723	0.0628238	0.550278	0.494456	0.231786	0.999832	0.834	0.922193	0.305743	0.863028	0.492404	0.181604	0.646774	
0.647308	0.633758	0.229033	0.536192	0.304658	0.623046	0.481972	0.668115	0.0850039	0.421923	0.720721	0.811948	0.521405	0.718692	0.405023	0.693008	0.384978	0.264074	0.86598	0.852846	0.853131	0.618083	0.650036	0.53541	0.460457	0.453986	0.60497	0.112917	0.0335283	0.840559	0.427115	0.787901	0.500846	0.600343	0.409408	0.393514	0.14951	0.0208315	0.0568373	0.70057	0.754894	0.402171	0.353815	0.480183	0.162296	0.215677	0.441096	0.201581	0.212942	0.493945	
0.985336	0.351382	0.00333858	0.0257219	0.883851	0.48781	0.75448	0.641205	0.0485573	0.446147	0.148412	0.985006	0.993052	0.664816	0.0484803	0.709599	0.161519	0.151871	0.418597	0.833963	0.51801	0.526325	0.491791	0.545549	0.524926	0.920645	0.493633	0.461194	0.729039	0.960669	0.443104	0.53018	0.0560145	0.209107	0.0948534	0.57844	0.0909922	0.980168	0.0761112	0.0703865	0.113727	0.416935	0.787496	0.448891	0.976353	0.218031	0.572201	0.0963595	0.661891	0.444672	
0.534842	0.847657	0.321252	0.436353	0.611571	0.797849	0.295621	0.643837	0.00837529	0.0799066	0.0123628	0.578177	0.706827	0.417792	0.550475	0.790529	0.135842	0.166142	0.251263	0.994682	0.877359	0.139581	0.368531	0.111193	0.39153	0.284271	0.487056	0.18285	0.692911	0.374893	0.811092	0.89763	0.36049	0.0334646	0.235583	0.433953	0.597538	0.575724	0.915388	0.0850818	0.750689	0.140201	0.916066	0.979753	0.400427	0.918468	0.592658	0.461984	0.76715	0.234169	
0.74316	0.238498	0.817114	0.301529	0.169441	0.784652	0.538002	0.355806	0.753443	0.169183	0.244694	0.459746	0.855886	0.731137	0.490343	0.942307	0.660162	0.69289	0.0358808	0.93474	0.725761	0.303397	0.235608	0.0937842	0.677972	0.0602426	0.56234	0.487602	0.368293	0.62318	0.25086	0.46144	0.73374	0.668828	0.0127875	0.488249	0.28687	0.899562	0.129906	0.432274	0.683994	0.0975733	0.976352	0.00224115	0.43568	0.0040828	0.621333	0.473925	0.610668	0.0839485	
0.657599	0.539703	0.418196	0.686399	0.332702	0.364379	0.710156	0.151111	0.33796	0.482978	0.943135	0.256641	0.116384	0.103895	0.476741	0.526247	0.998479	0.341064	0.192174	0.966861	0.400135	0.592113	0.210234	0.0704641	0.676424	0.291528	0.0819663	0.223718	0.0567453	0.750959	0.712744	0.72162	0.0407008	0.261685	0.815145	0.444989	0.685874	0.454249	0.298039	0.320388	0.332791	0.361038	0.356503	0.856603	0.56435	0.973111	0.672647	0.536038	0.142231	0.504399	
0.443189	0.501548	0.731286	0.392344	0.0689232	0.975842	0.346104	0.0547195	0.589818	0.837609	0.207329	0.842208	0.31462	0.130387	0.582544	0.958169	0.31088	0.762095	0.886076	0.957477	0.44977	0.745924	0.103196	0.631382	0.466733	0.448201	0.237801	0.265652	0.143662	0.733374	0.291979	0.745716	0.197843	0.326753	0.070876	0.80225	0.397365	0.0684443	0.253632	0.687113	0.174805	0.0102466	0.346086	0.838965	0.90672	0.268532	0.12464	0.447329	0.432708	0.0741549	
0.800297	0.382728	0.562362	0.4834	0.369634	0.428923	0.0800739	0.487491	0.68374	0.261303	0.512367	0.881562	0.516398	0.832228	0.378559	0.836557	0.354904	0.00189312	0.309498	0.715308	0.291144	0.722564	0.860975	0.739737	0.486523	0.868994	0.686839	0.185981	0.307834	0.727546	0.0738041	0.287939	0.106189	0.660576	0.63589	0.352455	0.71942	0.332984	0.821767	0.0330046	0.215935	0.318607	0.229716	0.459852	0.589379	0.476573	0.581284	0.629597	0.715066	0.445033	
0.269062	0.703555	0.277472	0.664574	0.882574	0.251788	0.523576	0.427858	0.256221	0.467587	0.00295055	0.484915	0.550229	0.186514	0.877792	0.806994	0.0832173	0.816301	0.961231	0.260354	0.423175	0.549184	0.357287	0.270696	0.883813	0.858472	0.380428	0.397406	0.168528	0.190555	0.978563	0.320739	0.916267	0.768077	0.944626	0.372695	0.0751769	0.00669572	0.216383	0.00887406	0.113151	0.911297	0.988892	0.0810397	0.794041	0.512445	0.858112	0.966223	0.0495995	0.395423	
0.712385	0.0101552	0.743228	0.616572	0.17268	0.217313	0.815144	0.0830431	0.721886	0.127164	0.209765	0.782762	0.0181078	0.758409	0.354146	0.0236486	0.234001	0.555774	0.342731	0.417937	0.0570591	0.57076	0.635913	0.806471	0.592082	0.502052	0.166405	0.188537	0.567152	0.24529	0.0751118	0.484247	0.506197	0.209968	0.030193	0.222831	0.974018	0.267884	0.693269	0.555731	0.696226	0.375261	0.688367	0.625693	0.797771	0.611145	0.629738	0.183797	0.997815	0.994648	
0.864798	0.627227	0.519124	0.993606	0.288367	0.296332	0.701921	0.757071	0.185415	0.687069	0.192873	0.924974	0.63825	0.224057	0.596474	0.829576	0.638411	0.446094	0.965561	0.316043	0.973892	0.208055	0.927718	0.15758	0.187449	0.264429	0.770334	0.141003	0.492772	0.517647	0.236895	0.625361	0.714359	0.266264	0.308832	0.256045	0.743053	0.116811	0.781607	0.651217	0.517703	0.544934	0.583979	0.163896	0.420971	0.790691	0.0471647	0.0568132	0.460062	0.561933	
0.592393	0.340524	0.583758	0.30336	0.799296	0.595834	0.839963	0.0304825	0.120669	0.97574	0.614061	0.868341	0.0182165	0.618395	0.286289	0.196092	0.871362	0.364486	0.302335	0.134895	0.818109	0.850798	0.75243	0.75666	0.686389	0.0724751	0.223862	0.62353	0.781079	0.917996	0.0868458	0.392299	0.474998	0.559472	0.470529	0.934103	0.556653	0.877575	0.813527	0.346438	0.970912	0.347828	0.455173	0.842409	0.0890358	0.242503	0.661072	0.879827	0.340762	0.880765	
0.493423	0.847837	0.250701	0.716542	0.939142	0.591054	0.0978597	0.341977	0.491726	0.641715	0.84589	0.44502	0.692547	0.931474	0.363801	0.809981	0.151828	0.278954	0.84116	0.270343	0.193111	0.871254	0.680293	0.627519	0.441306	0.492374	0.650559	0.0676077	0.365415	0.657432	0.784374	0.310182	0.282636	0.972803	0.473784	0.759739	0.247457	0.0358056	0.641314	0.266203	0.441984	0.0200011	0.82868	0.147778	0.697206	0.153353	0.536117	0.85518	0.155699	0.0716379	
0.0621629	0.12147	0.66601	0.152839	0.0142862	0.609389	0.994866	0.911868	0.232109	0.441577	0.756786	0.279719	0.583409	0.701394	0.296711	0.614941	0.109335	0.601142	0.0678471	0.626311	0.680636	0.885962	0.400345	0.308556	0.40666	0.392359	0.157938	0.85763	0.402651	0.565145	0.739816	0.524001	0.645893	0.978072	0.62232	0.827132	0.625774	0.699362	0.158555	0.488931	0.984307	0.889127	0.442467	0.906459	0.936585	0.692573	0.0216882	0.687749	0.825333	0.633933	
0.750508	0.402178	0.0354863	0.583794	0.506485	0.572675	0.805786	0.0492665	0.365724	0.158556	0.0631254	0.63747	0.524016	0.209005	0.829331	0.982917	0.241007	0.436952	0.677167	0.907551	0.627919	0.0740179	0.03332	0.741129	0.0504244	0.440157	0.997653	0.341858	0.355442	0.629138	0.135548	0.418273	0.794677	0.211158	0.483964	0.693127	0.942994	0.0831094	0.157198	0.650389	0.918166	0.0479648	0.174962	0.722969	0.209277	0.566739	0.498847	0.534961	0.53635	0.186062	
0.314248	0.880852	0.650623	0.170723	0.333006	0.789551	0.707414	0.694315	0.311556	0.105717	0.346766	0.535725	0.309397	0.878085	0.829593	0.553573	0.782551	0.932365	0.737205	0.184677	0.253079	0.582674	0.0521402	0.567528	0.614382	0.359751	0.428953	0.911905	0.978833	0.742906	0.24754	0.916936	0.154656	0.836034	0.251967	0.671261	0.682587	0.291763	0.830983	0.737043	0.448406	0.309188	0.118023	0.513651	0.375988	0.324173	0.589075	0.0253132	0.533249	0.875635	
