25	25
106.462	0.754366
121.93	0.126967
108.967	0.37079
114.559	0.0724803
121.804	0.121988
107.39	0.797252
111.061	0.397917
122.136	0.258368
106.068	0.40645
117.124	0.292703
112.563	0.455738
115.272	0.296438
112.956	0.881265
119.842	0.418415
113.361	0.230198
123.704	0.542987
125.327	0.252491
108.313	0.0386101
111.188	0.17576
101.241	0.7139
106.1	0.216667
123.268	0.594594
108.016	0.761395
106.609	0.182578
116.094	0.679456
19.6285
33.7722
19.6965
34.0311
20.792
10.3666
32.0784
24.5236
39.4262
2.24521
26.2766
37.9594
9.55566
47.8189
32.5547
17.1909
11.2539
22.087
21.3461
3.64654
9.30292
13.4304
11.7792
31.6344
25.2239
0.848091	0.120584	0.764057	0.666997	0.944274	0.562618	0.0108788	0.98987	0.23863	0.586883	0.156465	0.339146	0.111542	0.557644	0.35094	0.716093	0.734452	0.164543	0.123876	0.294301	0.255003	0.151734	0.631129	0.626648	0.389331	
0.492669	0.503017	0.628727	0.297231	0.0329274	0.807239	0.50952	0.068594	0.357447	0.47586	0.159074	0.160971	0.328519	0.907202	0.904604	0.381985	0.344732	0.788658	0.66698	0.721014	0.639661	0.610031	0.453783	0.576167	0.112706	
0.0595167	0.00721479	0.873045	0.968033	0.982679	0.648707	0.109929	0.591654	0.67883	0.152991	0.534953	0.109398	0.980568	0.45224	0.965685	0.0360986	0.761836	0.355	0.456429	0.752968	0.160063	0.665212	0.0119772	0.372757	0.0239253	
0.472785	0.6812	0.76028	0.766739	0.952896	0.58741	0.506571	0.32164	0.310173	0.663358	0.142191	0.319064	0.745552	0.0893537	0.206644	0.053091	0.839112	0.713385	0.464184	0.559448	0.523152	0.318472	0.632476	0.854415	0.363799	
0.467887	0.821476	0.471712	0.800869	0.7666	0.584114	0.129676	0.737673	0.76908	0.794388	0.00159413	0.901946	0.982865	0.334318	0.110223	0.152476	0.245411	0.972756	0.206725	0.906073	0.0521886	0.920756	0.0476361	0.998716	0.226156	
0.791365	0.922001	0.465401	0.223817	0.959574	0.869475	0.0862463	0.181022	0.163921	0.689453	0.750423	0.8368	0.564305	0.121488	0.465411	0.0946332	0.882914	0.470747	0.965112	0.623843	0.541135	0.757314	0.302329	0.178353	0.708329	
0.171311	0.613264	0.636326	0.348873	0.765874	0.0125607	0.117383	0.621441	0.547302	0.0515039	0.933338	0.54691	0.448903	0.191018	0.715583	0.830134	0.369775	0.534313	0.868467	0.228141	0.957214	0.497991	0.723013	0.132334	0.913268	
0.561654	0.75056	0.738207	0.784506	0.65327	0.273018	0.653766	0.31046	0.856841	0.603571	0.965752	0.520824	0.833511	0.953251	0.919653	0.652813	0.477036	0.0538755	0.415205	0.949597	0.788072	0.396318	0.452331	0.140646	0.292072	
0.951413	0.0973509	0.888491	0.290526	0.858755	0.390457	0.190325	0.107432	0.487972	0.191921	0.0259233	0.901673	0.662618	0.0959476	0.109627	0.900095	0.37652	0.764769	0.124324	0.490461	0.843812	0.456712	0.334956	0.789107	0.969551	
0.471633	0.791505	0.16031	0.0305157	0.158766	0.100098	0.621758	0.895594	0.446731	0.305216	0.00119182	0.0841502	0.394128	0.238208	0.318688	0.233052	0.131491	0.519516	0.780081	0.778022	0.100115	0.397454	0.8698	0.772835	0.445635	
0.402451	0.706475	0.130426	0.935942	0.180078	0.648638	0.622366	0.733315	0.662425	0.784672	0.222564	0.906688	0.108896	0.40973	0.0171773	0.127968	0.491292	0.660968	0.0451141	0.918082	0.993728	0.640161	0.371945	0.0831848	0.460448	
0.0828496	0.411496	0.678168	0.608672	0.68135	0.159504	0.25236	0.364476	0.667332	0.31858	0.966808	0.602621	0.200171	0.221984	0.953066	0.226228	0.11816	0.461037	0.780888	0.617387	0.745313	0.322648	0.269927	0.638923	0.0777256	
0.45017	0.630681	0.806458	0.769913	0.359357	0.889442	0.0419881	0.719577	0.283983	0.721308	0.6769	0.538533	0.899756	0.107416	0.163852	0.979213	0.607902	0.741477	0.806928	0.965912	0.885566	0.230465	0.942015	0.148249	0.634877	
0.10982	0.0869091	0.0116199	0.85556	0.685619	0.352957	0.65594	0.370083	0.678647	0.0451194	0.964072	0.740135	0.13551	0.824508	0.923943	0.197045	0.944451	0.841109	0.951744	0.893885	0.541397	0.945457	0.569621	0.976452	0.0412021	
0.658739	0.663397	0.394532	0.720411	0.27377	0.529708	0.178421	0.846939	0.954042	0.0374744	0.0492677	0.068563	0.0354626	0.780695	0.364037	0.299059	0.229861	0.0192219	0.516611	0.128492	0.646481	0.232335	0.419077	0.208478	0.379769	
0.60819	0.240402	0.152173	0.679396	0.22377	0.259419	0.532245	0.226091	0.865407	0.449851	0.717182	0.359115	0.502348	0.469183	0.303205	0.749404	0.400785	0.973165	0.617746	0.556709	0.296942	0.159951	0.38767	0.652688	0.625136	
0.00138987	0.929054	0.824007	0.561396	0.779282	0.207568	0.761471	0.619076	0.930321	0.0865132	0.236446	0.530402	0.739929	0.376822	0.733745	0.399385	0.949387	0.273573	0.93634	0.451562	0.961554	0.331708	0.332946	0.848905	0.767225	
0.0417625	0.256538	0.40427	0.380177	0.806211	0.433502	0.821116	0.601146	0.189731	0.587287	0.0183871	0.296733	0.9315	0.130836	0.303012	0.378593	0.50815	0.936945	0.543003	0.778154	0.279898	0.918132	0.225903	0.891895	0.0701425	
0.467186	0.370664	0.0540683	0.979459	0.949353	0.716534	0.704875	0.18808	0.778579	0.615644	0.579422	0.33925	0.785695	0.651226	0.297148	0.150308	0.142135	0.370344	0.868788	0.46812	0.411884	0.38119	0.280282	0.0206263	0.631563	
0.623101	0.982871	0.137258	0.932985	0.477613	0.16593	0.578119	0.412941	0.172259	0.347073	0.936608	0.0884134	0.867469	0.0130753	0.947815	0.44102	0.783864	0.696247	0.968594	0.664627	0.136933	0.858383	0.38108	0.257645	0.532952	
0.93509	0.892132	0.681158	0.151436	0.828702	0.133938	0.54859	0.765922	0.978859	0.298873	0.785391	0.794279	0.716969	0.68165	0.838119	0.281641	0.0864556	0.128321	0.535742	0.0858573	0.856589	0.970612	0.959771	0.583661	0.158284	
0.641876	0.536961	0.945645	0.878115	0.290515	0.642838	0.214805	0.47085	0.628863	0.124889	0.969058	0.389425	0.62882	0.22422	0.713454	0.214389	0.339523	0.220781	0.236861	0.0583883	0.491171	0.244506	0.702226	0.229343	0.537589	
0.302664	0.835154	0.531773	0.498476	0.47649	0.474595	0.968329	0.554341	0.777307	0.34124	0.0429829	0.0457742	0.727721	0.424773	0.357116	0.540158	0.0055513	0.352367	0.177818	0.839058	0.148313	0.356577	0.816196	0.352913	0.803827	
0.108735	0.870305	0.635057	0.156715	0.77989	0.688884	0.84666	0.786481	0.200719	0.185932	0.596935	0.523891	0.554543	0.197868	0.575713	0.967501	0.483387	0.108504	0.220604	0.120949	0.689852	0.368883	0.227512	0.946545	0.068193	
0.830795	0.283644	0.607012	0.669633	0.325615	0.678521	0.208452	0.781602	0.973881	0.319525	0.467455	0.385365	0.306759	0.786552	0.211319	0.817962	0.571793	0.306808	0.950252	0.298411	0.190602	0.534649	0.705488	0.962642	0.17049	
