20	40
84.4453	0.459612
97.2396	0.661826
98.7684	0.294629
101.037	0.965706
95.6622	0.786839
93.4113	0.869345
84.6502	0.725399
100.09	0.656236
99.7162	0.52218
95.7192	0.51382
89.8445	0.71911
94.9341	0.269053
85.5695	0.948964
103.83	0.534686
91.7903	0.377388
84.7197	0.000629633
93.872	0.747831
100.095	0.627449
102.134	0.812165
94.3111	0.723536
23.766
40.2039
38.9244
23.7187
31.0689
4.26697
27.7952
27.2564
43.0495
31.0104
25.0102
44.2833
18.0015
16.6015
33.9815
41.9596
43.2904
4.77108
17.1909
7.37558
1.38029
30.4484
4.41777
9.72977
12.8528
24.9457
39.71
39.9111
25.2922
40.2769
4.05217
16.8365
17.4419
1.53918
19.3563
9.6774
31.6331
38.0564
8.05883
48.7946
0.418253	0.343491	0.441112	0.48217	0.777765	0.75829	0.966518	0.527914	0.129345	0.598522	0.435153	0.880878	0.0798694	0.791303	0.754561	0.761167	0.745632	0.911646	0.578346	0.655915	0.879284	0.989168	0.0947388	0.34622	0.764367	0.999909	0.86116	0.34008	0.160998	0.843725	0.60348	0.821273	0.160314	0.627173	0.605863	0.490866	0.0390004	0.924661	0.191813	0.886783	
0.450697	0.769459	0.836616	0.68276	0.784806	0.711228	0.779079	0.373372	0.980748	0.88153	0.80449	0.686645	0.162296	0.602384	0.938557	0.977006	0.282914	0.30274	0.144908	0.591157	0.936354	0.408256	0.867466	0.265953	0.873579	0.314086	0.859348	0.140878	0.101679	0.211145	0.812364	0.764475	0.572298	0.0302837	0.163401	0.351421	0.587891	0.143745	0.591775	0.0837261	
0.592985	0.287673	0.539382	0.78071	0.299967	0.304211	0.842641	0.572693	0.409083	0.167938	0.0520695	0.889733	0.797356	0.327108	0.027102	0.754075	0.169562	0.923518	0.948356	0.535219	0.659447	0.199689	0.328399	0.86793	0.90758	0.440016	0.901714	0.0844298	0.202752	0.255706	0.0560718	0.900631	0.573958	0.94906	0.310299	0.912783	0.411851	0.576573	0.0156343	0.0666255	
0.941424	0.323369	0.788558	0.224923	0.144688	0.79069	0.375847	0.201735	0.965825	0.466309	0.168161	0.254598	0.916536	0.486809	0.811505	0.675111	0.192821	0.147931	0.453121	0.359146	0.0189915	0.760826	0.0689258	0.729222	0.597799	0.177641	0.211188	0.423738	0.179098	0.0894281	0.655046	0.597508	0.269796	0.144433	0.359231	0.359731	0.996625	0.817287	0.865047	0.101691	
0.657306	0.303365	0.446802	0.765297	0.152929	0.988556	0.111714	0.787284	0.460344	0.902544	0.661265	0.965928	0.668817	0.167445	0.262689	0.246893	0.498627	0.515499	0.380541	0.241379	0.859946	0.406787	0.157128	0.489764	0.600484	0.703894	0.266987	0.728099	0.597052	0.504696	0.531263	0.746349	0.0865505	0.931523	0.966007	0.942067	0.620114	0.579296	0.273223	0.651796	
0.0640792	0.369179	0.263139	0.653401	0.110721	0.348589	0.219902	0.243196	0.401883	0.919699	0.571367	0.976376	0.653332	0.582859	0.299156	0.55963	0.800924	0.838801	0.187021	0.932325	0.406403	0.0796128	0.254611	0.679108	0.781934	0.176951	0.321017	0.523172	0.905761	0.625206	0.702882	0.870809	0.380748	0.406756	0.16504	0.572342	0.209644	0.66776	0.864391	0.285429	
0.877859	0.957975	0.533477	0.408431	0.255074	0.248463	0.34612	0.17272	0.716315	0.388341	0.34465	0.0397512	0.940913	0.863924	0.130535	0.846365	0.273353	0.0418883	0.899813	0.906464	0.990644	0.405247	0.221429	0.750807	0.765384	0.171211	0.889405	0.312781	0.284716	0.227782	0.701752	0.0145257	0.989688	0.984264	0.204118	0.153157	0.325226	0.943849	0.738555	0.529601	
0.383414	0.731402	0.704728	0.959394	0.994523	0.786793	0.0638563	0.788827	0.706153	0.352021	0.727403	0.231949	0.593811	0.372187	0.266767	0.314467	0.210838	0.143709	0.254261	0.392628	0.501485	0.743015	0.241322	0.508753	0.930165	0.807739	0.703089	0.60289	0.939497	0.743026	0.590335	0.672121	0.581987	0.895816	0.595149	0.913542	0.168602	0.737026	0.161861	0.094624	
0.534909	0.463844	0.300514	0.63972	0.822384	0.942727	0.455074	0.332754	0.541934	0.864082	0.285095	0.330928	0.811459	0.0830878	0.429754	0.697197	0.588795	0.967881	0.96008	0.878301	0.384443	0.862969	0.972595	0.37544	0.944669	0.368091	0.662497	0.790575	0.30396	0.507426	0.912253	0.249597	0.358737	0.917814	0.94273	0.283117	0.771725	0.561546	0.441471	0.0885963	
0.0492429	0.81036	0.69276	0.54264	0.955529	0.80115	0.0932478	0.397553	0.323155	0.500338	0.014634	0.541494	0.525421	0.490643	0.226277	0.986998	0.853956	0.816092	0.927309	0.664001	0.964363	0.799723	0.988489	0.120914	0.38984	0.789187	0.413858	0.788885	0.936431	0.390067	0.498766	0.689058	0.00475059	0.744387	0.513957	0.911945	0.19558	0.979652	0.159465	0.42717	
0.96314	0.0871343	0.911397	0.678513	0.958153	0.361493	0.642573	0.605538	0.929354	0.777115	0.530974	0.77843	0.447815	0.186826	0.608823	0.239004	0.978293	0.0611211	0.567681	0.416721	0.345381	0.00641165	0.739524	0.724402	0.143501	0.730452	0.0174117	0.631004	0.517223	0.578865	0.647637	0.742758	0.0476899	0.972664	0.716764	0.139308	0.511634	0.0711733	0.891851	0.507271	
0.839137	0.310296	0.873103	0.974556	0.829866	0.0281089	0.717575	0.243797	0.857771	0.44237	0.538648	0.431215	0.476399	0.515543	0.637067	0.717506	0.765387	0.182529	0.175412	0.511844	0.539567	0.795699	0.334364	0.946936	0.223287	0.594632	0.917972	0.529777	0.844116	0.981088	0.909425	0.0194804	0.492085	0.03381	0.469127	0.72465	0.309425	0.453593	0.759935	0.330161	
0.780751	0.570125	0.250401	0.551656	0.219196	0.208734	0.0333094	0.162043	0.0757258	0.176009	0.815301	0.583149	0.207468	0.363021	0.187528	0.550996	0.54453	0.203083	0.00988699	0.549489	0.57171	0.632375	0.990669	0.729257	0.112599	0.920826	0.00544049	0.126902	0.494318	0.536451	0.433361	0.8861	0.198638	0.307825	0.640518	0.370631	0.256542	0.288674	0.516179	0.514847	
0.568892	0.769927	0.514024	0.413708	0.779787	0.294926	0.19555	0.746968	0.0728573	0.395515	0.525758	0.0649676	0.521474	0.982432	0.765551	0.172983	0.163607	0.380633	0.599596	0.609094	0.850732	0.419255	0.300452	0.0773224	0.882743	0.338532	0.317264	0.611176	0.208168	0.584287	0.26363	0.0202575	0.707532	0.954569	0.124903	0.161751	0.325566	0.823565	0.156921	0.666611	
0.482649	0.486716	0.890776	0.0432862	0.965192	0.56043	0.547981	0.0459385	0.15863	0.275374	0.917047	0.795899	0.539594	0.95275	0.667534	0.75178	0.957476	0.0576191	0.909566	0.83299	0.906329	0.374991	0.320155	0.172655	0.156139	0.322509	0.685892	0.226423	0.570752	0.857474	0.0672214	0.924401	0.610716	0.617682	0.543234	0.611237	0.929121	0.117104	0.382902	0.0107288	
0.335832	0.500028	0.238693	0.651631	0.0485216	0.585168	0.330715	0.373088	0.0232919	0.24817	0.511526	0.248961	0.75112	0.852543	0.854129	0.8555	0.502196	0.873317	0.160685	0.41465	0.497631	0.00103216	0.71867	0.178553	0.71044	0.910391	0.431738	0.214702	0.809949	0.99861	0.479885	0.794064	0.00278285	0.34712	0.795216	0.210309	0.00485306	0.284046	0.340339	0.708447	
0.999552	0.722475	0.408538	0.954983	0.423267	0.686553	0.617702	0.389917	0.590779	0.405894	0.796852	0.513424	0.812483	0.929311	0.923802	0.474809	0.0422516	0.595527	0.28301	0.0147671	0.799251	0.759921	0.113921	0.857835	0.92732	0.523256	0.601838	0.237347	0.870917	0.772912	0.581685	0.588994	0.996958	0.544631	0.529796	0.945597	0.274706	0.974072	0.702319	0.934371	
0.440847	0.253061	0.691985	0.0344575	0.641904	0.0882498	0.38206	0.458302	0.789926	0.670966	0.279712	0.299852	0.900206	0.481062	0.905172	0.662989	0.862814	0.963283	0.926821	0.665451	0.34472	0.855236	0.70454	0.986297	0.669958	0.723945	0.57971	0.261564	0.0397451	0.953895	0.23967	0.350285	0.674835	0.721348	0.769471	0.730881	0.843885	0.909845	0.259374	0.973068	
0.147194	0.68938	0.0582647	0.43638	0.923813	0.358869	0.747183	0.506882	0.222311	0.620764	0.639878	0.583764	0.412577	0.173659	0.343003	0.276781	0.0323342	0.696037	0.162026	0.693963	0.735586	0.468623	0.0110961	0.134692	0.592723	0.959091	0.736388	0.300534	0.0943062	0.571949	0.405803	0.493674	0.980829	0.404224	0.116587	0.156488	0.331824	0.16753	0.56775	0.282162	
0.518685	0.765672	0.640942	0.422517	0.0440038	0.780952	0.105384	0.900224	0.767	0.416346	0.555368	0.590072	0.0752512	0.305975	0.71438	0.0656193	0.215085	0.151621	0.262798	0.629362	0.663708	0.347116	0.601076	0.898623	0.632731	0.215031	0.708349	0.13154	0.412211	0.471631	0.367165	0.0501968	0.323097	0.409098	0.889651	0.52331	0.249308	0.149312	0.0481171	0.980382	
