15	20
65.7081	0.981757
69.1457	0.0101044
73.5968	0.85982
72.6871	0.171485
68.5379	0.434324
75.938	0.180141
69.1591	0.634309
68.5851	0.418972
77.2056	0.842729
72.8651	0.939759
72.5209	0.74374
76.0156	0.98089
77.4294	0.719332
63.8022	0.960615
69.0215	0.206737
20.9365
45.2048
43.9778
35.1638
38.9662
47.8094
39.2985
34.4363
31.3535
25.2419
47.9074
22.5897
28.4826
11.5993
25.0736
43.3231
6.41117
34.4365
41.7688
26.2803
0.061846	0.779397	0.267295	0.286645	0.245952	0.549803	0.871826	0.59355	0.161825	0.437412	0.209559	0.199389	0.0936763	0.139986	0.391416	0.912209	0.198967	0.234922	0.178318	0.41691	
0.404542	0.640316	0.719201	0.394968	0.803549	0.73915	0.836561	0.195828	0.844308	0.513808	0.381793	0.325586	0.0918561	0.94821	0.235594	0.190722	0.6505	0.98823	0.881744	0.817264	
0.955721	0.224193	0.617849	0.912568	0.127413	0.634683	0.0221791	0.990052	0.122227	0.531918	0.68094	0.658939	0.282064	0.810316	0.264645	0.628489	0.883201	0.109438	0.935417	0.234131	
0.496912	0.635271	0.504281	0.414846	0.670029	0.532399	0.969274	0.918694	0.474216	0.695843	0.675406	0.0334546	0.748032	0.561526	0.63497	0.451101	0.901382	0.704536	0.396509	0.738199	
0.589018	0.973729	0.0877466	0.164381	0.497676	0.717185	0.22208	0.452985	0.485325	0.65779	0.837167	0.218588	0.27845	0.0207286	0.060852	0.567969	0.868926	0.903924	0.779639	0.575544	
0.548394	0.240947	0.781459	0.460159	0.364053	0.472324	0.695342	0.188859	0.186172	0.2847	0.100446	0.173691	0.23322	0.888555	0.288459	0.831427	0.807615	0.841571	0.0906028	0.383197	
0.72944	0.641001	0.141964	0.134253	0.484771	0.778445	0.757874	0.786767	0.380113	0.792641	0.412613	0.506312	0.197268	0.58016	0.925026	0.203483	0.798465	0.107444	0.396948	0.291337	
0.325252	0.20435	0.794144	0.314002	0.499334	0.530468	0.475374	0.969703	0.525536	0.292641	0.821795	0.631572	0.863546	0.501482	0.157624	0.601541	0.846885	0.277785	0.600595	0.804016	
0.655368	0.829626	0.246667	0.469523	0.426562	0.949442	0.729342	0.282953	0.846048	0.865275	0.409018	0.419235	0.770631	0.32139	0.378519	0.284336	0.511226	0.248369	0.53436	0.138952	
0.398306	0.25627	0.955193	0.465906	0.736756	0.28751	0.695088	0.521124	0.576092	0.94534	0.742144	0.490597	0.976575	0.473677	0.0517394	0.838868	0.207793	0.889201	0.807586	0.0431648	
0.591971	0.57788	0.919512	0.754347	0.251802	0.504155	0.317167	0.795807	0.751879	0.760867	0.229798	0.670017	0.751331	0.165856	0.0894891	0.66661	0.169739	0.887263	0.855256	0.371005	
0.95248	0.592142	0.441131	0.199714	0.693389	0.990149	0.370081	0.245809	0.469234	0.110412	0.670792	0.227317	0.571264	0.436296	0.254832	0.0104214	0.337319	0.408721	0.108798	0.385822	
0.409234	0.715065	0.862268	0.0806874	0.780731	0.743557	0.375324	0.945885	0.40242	0.847616	0.369483	0.574429	0.604731	0.107148	0.77006	0.549175	0.506523	0.747639	0.988672	0.872846	
0.727544	0.904601	0.321933	0.720124	0.223148	0.551794	0.796461	0.798203	0.988364	0.128545	0.968127	0.536815	0.88312	0.446808	0.186765	0.559819	0.604499	0.704629	0.0763295	0.0591758	
0.50897	0.671269	0.114374	0.350806	0.669945	0.563395	0.556307	0.393548	0.825795	0.713477	0.820493	0.372387	0.0612711	0.438729	0.526457	0.595559	0.913421	0.176085	0.082391	0.47888	
