20	20
94.2245	0.25309
87.4215	0.472808
99.9684	0.865184
94.4197	0.214597
99.3894	0.448357
93.7277	0.28874
98.7391	0.0533378
99.8028	0.130079
85.2253	0.407482
92.6632	0.526438
95.877	0.411514
102.35	0.657029
100.274	0.416887
93.4957	0.393966
87.018	0.0817936
96.2694	0.628393
90.3996	0.528591
87.2126	0.0749473
101.381	0.561525
84.3889	0.903336
46.0304
32.0268
1.0407
42.5774
34.4223
39.1811
14.6026
4.5706
15.6077
30.9687
20.8493
6.04852
7.70243
17.0984
47.9219
18.3228
35.9901
36.9133
16.7307
12.2152
0.696905	0.518058	0.216547	0.721543	0.613205	0.466397	0.674553	0.315562	0.200515	0.606403	0.338932	0.716252	0.579476	0.741862	0.161048	0.309608	0.606694	0.14409	0.0562255	0.68779	
0.775537	0.480125	0.912017	0.688831	0.44635	0.184232	0.665125	0.0801787	0.0358871	0.890523	0.676226	0.32581	0.750191	0.861175	0.577593	0.323148	0.586327	0.0217199	0.0294185	0.177643	
0.493965	0.301259	0.908667	0.774185	0.549978	0.440127	0.172526	0.0450547	0.837666	0.772414	0.247214	0.340067	0.946025	0.364826	0.687902	0.912163	0.85841	0.726903	0.631355	0.304087	
0.0635923	0.463704	0.499101	0.110747	0.950279	0.58391	0.52255	0.58286	0.127023	0.292922	0.425103	0.39001	0.119241	0.387239	0.290228	0.453519	0.530886	0.505818	0.153642	0.741627	
0.364376	0.917561	0.0523111	0.947335	0.81158	0.842863	0.954536	0.618762	0.820504	0.131384	0.332217	0.0845455	0.688608	0.584014	0.426441	0.65109	0.481761	0.271377	0.1347	0.353606	
0.365662	0.573456	0.797301	0.0201509	0.562824	0.208453	0.35968	0.551799	0.425734	0.794064	0.879361	0.0225248	0.816536	0.403472	0.931489	0.522884	0.533706	0.516269	0.653288	0.853376	
0.921512	0.303443	0.0138004	0.608661	0.210577	0.397143	0.0634397	0.158468	0.526063	0.544856	0.829259	0.491652	0.731374	0.415792	0.62878	0.646193	0.817408	0.584583	0.497459	0.485116	
0.311943	0.0238543	0.312015	0.283063	0.291506	0.0769464	0.913542	0.900281	0.293541	0.312516	0.134717	0.454089	0.309833	0.359348	0.432427	0.0897763	0.600064	0.755053	0.28357	0.995285	
0.0801037	0.844696	0.252433	0.835349	0.554306	0.916689	0.994102	0.559998	0.453423	0.578711	0.61421	0.89734	0.0785575	0.0179671	0.88831	0.335598	0.456998	0.00991995	0.0277453	0.997452	
0.508769	0.689444	0.802223	0.704903	0.370447	0.762256	0.7383	0.743046	0.18135	0.845506	0.758782	0.794411	0.395498	0.388254	0.224662	0.219103	0.756792	0.0842149	0.367097	0.0232197	
0.878418	0.743342	0.343075	0.294874	0.113621	0.0350257	0.628534	0.120924	0.343399	0.685476	0.503442	0.641898	0.912804	0.507787	0.99673	0.419983	0.811501	0.0686246	0.0152507	0.586885	
0.737082	0.681949	0.142384	0.345409	0.873136	0.108752	0.804718	0.98774	0.850573	0.19035	0.0957775	0.460966	0.62046	0.670908	0.99104	0.977666	0.516404	0.0393024	0.851195	0.858096	
0.943902	0.66779	0.886587	0.417601	0.289335	0.919201	0.647997	0.843019	0.986054	0.614022	0.00127214	0.711558	0.416984	0.537678	0.160319	0.666282	0.136666	0.873003	0.657003	0.768765	
0.878641	0.321181	0.972571	0.606108	0.0902924	0.649659	0.562675	0.172823	0.169675	0.452061	0.981156	0.000544499	0.362752	0.39463	0.967264	0.407799	0.417936	0.365307	0.328825	0.82012	
0.999145	0.76515	0.543467	0.998079	0.0291639	0.566547	0.638178	0.802053	0.443353	0.103879	0.796819	0.447191	0.606752	0.807822	0.971532	0.491205	0.980068	0.100939	0.871535	0.533917	
0.411521	0.571724	0.933238	0.31374	0.289687	0.697723	0.200655	0.891478	0.891152	0.460636	0.51176	0.804866	0.839942	0.857405	0.539102	0.0403546	0.164134	0.10582	0.694682	0.318478	
0.88914	0.101332	0.607302	0.539587	0.774806	0.677443	0.350026	0.194475	0.364804	0.686635	0.595191	0.402677	0.246302	0.210964	0.165143	0.356005	0.342094	0.296071	0.855745	0.490264	
0.808723	0.730553	0.051471	0.527237	0.862179	0.775813	0.0299016	0.223759	0.852267	0.671926	0.609517	0.579706	0.72771	0.699069	0.544417	0.778959	0.998479	0.383524	0.755002	0.0490796	
0.633908	0.411716	0.353124	0.300777	0.857726	0.736338	0.286605	0.513871	0.39883	0.439461	0.0101586	0.0104067	0.338981	0.485668	0.965655	0.262138	0.488052	0.555598	0.88354	0.917113	
0.3534	0.810789	0.756581	0.699021	0.821296	0.861036	0.896985	0.85404	0.487587	0.628352	0.513599	0.132823	0.908122	0.733622	0.231965	0.122593	0.147618	0.105786	0.634772	0.18845	
