15	30
63.2551	0.860466
59.5071	0.66429
64.307	0.785453
69.1594	0.589551
67.781	0.105115
64.4439	0.796885
71.6679	0.082882
66.5021	0.307452
59.8336	0.533288
61.8461	0.918368
64.9652	0.927218
60.1949	0.137503
71.5168	0.883984
69.579	0.666879
71.8075	0.438885
32.5999
26.4778
5.64432
43.5486
20.4477
41.8935
35.6531
19.2961
29.7205
40.0791
7.70337
6.91841
32.665
36.5299
35.039
1.54696
3.06482
42.7586
41.3571
28.7471
9.58825
17.6458
49.9323
19.5245
11.4161
2.35816
37.486
20.1929
13.867
34.151
0.07158	0.868793	0.142694	0.214946	0.385567	0.139513	0.158662	0.477228	0.19704	0.702343	0.676312	0.339823	0.26403	0.174766	0.349849	0.558179	0.315215	0.568461	0.890861	0.963097	0.784589	0.986154	0.138263	0.698841	0.142154	0.916751	0.077499	0.582138	0.282921	0.984543	
0.448312	0.765755	0.896947	0.0657166	0.260801	0.271544	0.946118	0.63197	0.965351	0.918074	0.212369	0.520666	0.880467	0.699278	0.575492	0.926383	0.680535	0.821811	0.0176853	0.553287	0.00972746	0.70832	0.482329	0.660976	0.865735	0.15751	0.452588	0.996781	0.0134632	0.9132	
0.720571	0.788484	0.738791	0.691944	0.0651012	0.480318	0.798875	0.361807	0.941722	0.300527	0.580983	0.343428	0.347338	0.430979	0.10193	0.902337	0.437849	0.460584	0.0180124	0.917717	0.985041	0.334775	0.626005	0.316974	0.949023	0.259363	0.0211103	0.123283	0.197751	0.358348	
0.595932	0.947841	0.64256	0.249374	0.373826	0.805911	0.242074	0.63397	0.981486	0.0511936	0.814529	0.481026	0.493675	0.451605	0.541169	0.687213	0.197402	0.948874	0.626232	0.0219114	0.603343	0.230363	0.601517	0.676422	0.359126	0.361827	0.47647	0.227915	0.200192	0.744024	
0.457464	0.238843	0.248188	0.825383	0.623085	0.197036	0.0660546	0.863287	0.279638	0.107995	0.122489	0.269828	0.158929	0.921786	0.352571	0.341072	0.588439	0.605216	0.373196	0.0566503	0.794013	0.44139	0.70144	0.558636	0.607943	0.122358	0.0102735	0.672063	0.513769	0.351709	
0.572704	0.438903	0.58006	0.338478	0.207572	0.100702	0.0987015	0.638146	0.61059	0.0580096	0.720011	0.970912	0.809445	0.266981	0.855744	0.904228	0.14964	0.754623	0.400986	0.273953	0.482155	0.615939	0.848373	0.0451661	0.40867	0.536345	0.651413	0.0967269	0.00178495	0.320664	
0.402424	0.196037	0.143825	0.565116	0.942589	0.387754	0.984065	0.366291	0.726325	0.247445	0.425106	0.916419	0.416579	0.359802	0.771583	0.973575	0.700511	0.890058	0.0424446	0.0804598	0.558101	0.424086	0.896942	0.793618	0.799293	0.562624	0.852685	0.572608	0.909224	0.803525	
0.63847	0.792327	0.490735	0.22146	0.0490676	0.64197	0.00076283	0.67873	0.462856	0.715085	0.146391	0.0276257	0.256444	0.415576	0.673266	0.694943	0.0130164	0.602835	0.734284	0.521365	0.454416	0.548672	0.479106	0.12133	0.0660841	0.335931	0.642095	0.254986	0.344988	0.370621	
0.487145	0.57675	0.321454	0.250975	0.64324	0.695137	0.0916351	0.222557	0.0332859	0.0639898	0.759209	0.8915	0.38319	0.831876	0.32492	0.323514	0.844132	0.521978	0.352304	0.341412	0.886444	0.062274	0.51231	0.729125	0.140864	0.44095	0.311077	0.522911	0.764735	0.799325	
0.898944	0.133057	0.615396	0.157811	0.944644	0.618384	0.643987	0.329328	0.570902	0.433629	0.9589	0.162905	0.18418	0.829621	0.655889	0.308801	0.486895	0.599682	0.953016	0.391132	0.487782	0.216488	0.492156	0.162559	0.76912	0.280131	0.301832	0.432216	0.88818	0.309242	
0.771261	0.453466	0.243047	0.354502	0.0355748	0.384212	0.827472	0.645693	0.23015	0.728172	0.0249178	0.194705	0.522173	0.690828	0.0335489	0.496248	0.99924	0.837726	0.379748	0.510712	0.572626	0.643084	0.249861	0.942134	0.869115	0.204973	0.347499	0.447998	0.187771	0.515338	
0.658509	0.327284	0.656531	0.506251	0.527052	0.615436	0.0288373	0.471633	0.435291	0.345646	0.292498	0.803926	0.858804	0.00233633	0.632533	0.664019	0.580005	0.285442	0.0417535	0.343212	0.120284	0.940452	0.0781074	0.628425	0.34593	0.239467	0.458099	0.557427	0.667053	0.0514442	
0.27675	0.412756	0.166217	0.207874	0.402532	0.446934	0.800624	0.787807	0.450778	0.182269	0.752983	0.810559	0.10283	0.537112	0.663033	0.284368	0.545301	0.528239	0.448742	0.888052	0.953909	0.649214	0.461835	0.835024	0.00357154	0.148264	0.404328	0.331881	0.570501	0.719332	
0.725239	0.236257	0.916063	0.528538	0.80059	0.132233	0.615689	0.650416	0.273551	0.279763	0.141259	0.477372	0.697365	0.429197	0.043706	0.0859921	0.138971	0.674382	0.422964	0.33665	0.932616	0.7923	0.677728	0.0419455	0.958153	0.525163	0.547972	0.103261	0.837693	0.486637	
0.78783	0.551236	0.239468	0.850951	0.739766	0.868071	0.303894	0.918134	0.157832	0.183129	0.67278	0.469261	0.428745	0.91346	0.615516	0.47529	0.766013	0.570379	0.228489	0.530726	0.177773	0.999057	0.183685	0.716919	0.334644	0.664113	0.308305	0.0659932	0.0370047	0.990007	
