25	25
118.444	0.552221
108.038	0.802268
115.521	0.933989
117.983	0.204555
126.37	0.255207
121.036	0.506426
128.194	0.858728
108.535	0.622491
125.496	0.879001
109.429	0.668829
114.906	0.0555568
119.023	0.631716
119.743	0.874155
113.844	0.879966
104.751	0.236138
115.02	0.164685
107.84	0.560625
125.566	0.223621
116.192	0.24771
103.718	0.530819
121.259	0.91149
105.947	0.635396
102.866	0.537084
109.652	0.108367
107.694	0.856883
21.3958
10.9361
32.6348
3.73804
34.7211
19.915
3.75717
21.673
32.2255
47.3882
25.2314
32.5375
15.2137
20.9716
18.5963
38.4635
1.98381
22.006
42.8592
20.2827
16.11
24.9034
43.329
32.0354
5.79817
0.353092	0.835649	0.488073	0.887011	0.86894	0.245843	0.476574	0.403824	0.140188	0.864623	0.289135	0.921427	0.776988	0.374985	0.628243	0.0381682	0.180145	0.133282	0.314094	0.771074	0.913753	0.681306	0.59164	0.884575	0.619951	
0.194436	0.229654	0.277116	0.340917	0.814648	0.973644	0.658363	0.34449	0.95262	0.257099	0.603018	0.483026	0.378881	0.0984209	0.799828	0.325204	0.888211	0.4425	0.325562	0.12824	0.10903	0.833828	0.625368	0.944532	0.935755	
0.92323	0.39056	0.831477	0.0366855	0.47318	0.192405	0.460398	0.707367	0.114621	0.0579641	0.366733	0.790169	0.0848998	0.342208	0.687068	0.819052	0.930629	0.307909	0.200597	0.478535	0.379305	0.530411	0.292538	0.331807	0.781916	
0.99259	0.378617	0.120718	0.901161	0.203769	0.0830044	0.0580418	0.81292	0.501284	0.926655	0.307795	0.0570496	0.878918	0.355095	0.656279	0.388384	0.591956	0.0379416	0.106982	0.319806	0.195123	0.809815	0.469354	0.623559	0.263016	
0.964852	0.934169	0.664344	0.408924	0.0928851	0.690037	0.0417507	0.925209	0.500664	0.834753	0.086441	0.996678	0.066246	0.372888	0.100599	0.00486152	0.695539	0.561787	0.440336	0.520937	0.909178	0.239553	0.0680112	0.0965281	0.736034	
0.619105	0.393902	0.242629	0.199456	0.993286	0.736149	0.564299	0.535263	0.162105	0.975257	0.299602	0.308613	0.700429	0.471977	0.549414	0.240722	0.659225	0.505144	0.503595	0.444278	0.421262	0.606886	0.947103	0.319011	0.0469913	
0.361276	0.0790739	0.184547	0.616855	0.588536	0.629981	0.325934	0.423978	0.336819	0.876311	0.805027	0.818434	0.310925	0.954862	0.257902	0.105329	0.0202979	0.210016	0.752978	0.89013	0.287169	0.124383	0.405166	0.534538	0.280463	
0.960934	0.646788	0.104887	0.282514	0.671307	0.675655	0.203613	0.901056	0.618298	0.110206	0.675832	0.231481	0.284639	0.0572805	0.16287	0.863377	0.211494	0.655603	0.538423	0.930169	0.942773	0.543492	0.272408	0.572765	0.0508475	
0.736422	0.36983	0.223437	0.903428	0.491738	0.496758	0.152159	0.789058	0.948525	0.880102	0.17108	0.651602	0.618948	0.515579	0.0404008	0.221275	0.00291444	0.846246	0.734766	0.582626	0.175732	0.371785	0.966636	0.604532	0.00691006	
0.342024	0.844239	0.817601	0.0731817	0.541973	0.300217	0.926291	0.85777	0.697082	0.373734	0.997961	0.691294	0.174522	0.366855	0.374885	0.445659	0.65435	0.90611	0.963137	0.844852	0.209566	0.492497	0.897858	0.133467	0.715998	
0.428151	0.462	0.654451	0.802833	0.330275	0.928432	0.749208	0.307536	0.244911	0.618789	0.411013	0.464942	0.989616	0.0506695	0.170796	0.933747	0.903534	0.661887	0.433983	0.382148	0.515508	0.514376	0.515515	0.530276	0.271246	
0.926883	0.954903	0.127312	0.785171	0.252756	0.679183	0.00476864	0.465878	0.938701	0.44391	0.766391	0.554777	0.305208	0.514297	0.287472	0.266436	0.902415	0.217511	0.984163	0.571793	0.458194	0.655831	0.592915	0.749433	0.857916	
0.888895	0.853041	0.863272	0.348693	0.957481	0.0158058	0.926538	0.498259	0.164794	0.820349	0.888788	0.0782898	0.995289	0.00732457	0.428404	0.353474	0.466844	0.664947	0.404508	0.033585	0.882638	0.207796	0.253768	0.613727	0.383596	
0.215618	0.81607	0.980802	0.856952	0.0148554	0.354902	0.295921	0.231314	0.745378	0.936617	0.846787	0.232112	0.433794	0.30469	0.490409	0.552767	0.537464	0.182511	0.943442	0.889955	0.895779	0.0396214	0.533548	0.594469	0.496379	
0.0693578	0.98925	0.0511662	0.705164	0.856786	0.278736	0.849663	0.684751	0.262142	0.996203	0.743722	0.432443	0.116897	0.600811	0.485738	0.00538549	0.496919	0.63279	0.174216	0.952739	0.64999	0.267834	0.982697	0.782194	0.805935	
0.819564	0.893968	0.284325	0.698078	0.642616	0.695086	0.842418	0.626617	0.170238	0.175301	0.418806	0.327561	0.151695	0.267427	0.855768	0.339113	0.588878	0.787214	0.693941	0.589027	0.0400271	0.992565	0.903351	0.965157	0.889501	
0.735984	0.384418	0.906706	0.413226	0.0797999	0.986938	0.144473	0.925266	0.404058	0.915996	0.237313	0.162978	0.69358	0.905131	0.147454	0.889723	0.646516	0.171387	0.0269964	0.629195	0.432408	0.733353	0.954841	0.372276	0.302734	
0.817476	0.457678	0.581992	0.357876	0.379066	0.76214	0.521956	0.450122	0.0744801	0.634848	0.341295	0.717583	0.301485	0.255194	0.942431	0.340405	0.709604	0.78408	0.927766	0.693186	0.1213	0.995343	0.208334	0.700123	0.475024	
0.191684	0.375679	0.703499	0.311489	0.0101096	0.91419	0.145092	0.0338292	0.96262	0.760407	0.0772582	0.429519	0.452199	0.390437	0.0114977	0.2011	0.972249	0.484867	0.19212	0.7738	0.514446	0.694671	0.105559	0.0420751	0.730987	
0.688546	0.258836	0.797838	0.700776	0.609013	0.182335	0.980714	0.0846774	0.0234668	0.886222	0.174453	0.514887	0.251861	0.669296	0.270067	0.184727	0.553938	0.222768	0.12092	0.193506	0.680919	0.603335	0.0420229	0.409524	0.251846	
0.0576139	0.632463	0.873659	0.720957	0.848924	0.126354	0.197055	0.434298	0.334544	0.90699	0.383247	0.511577	0.572927	0.992467	0.140181	0.261435	0.45116	0.32117	0.0655279	0.333605	0.550649	0.509619	0.911868	0.98413	0.982554	
0.0237759	0.826784	0.621036	0.0131246	0.278412	0.79686	0.769701	0.447784	0.0699655	0.154818	0.9049	0.895351	0.0740511	0.223256	0.426809	0.988388	0.565888	0.183232	0.792703	0.577471	0.843725	0.0312639	0.286754	0.61737	0.980223	
0.812659	0.686383	0.185503	0.425979	0.31347	0.646373	0.576324	0.315442	0.777939	0.374264	0.134956	0.867098	0.873469	0.504912	0.0126929	0.209442	0.531289	0.593011	0.60848	0.679919	0.289279	0.989716	0.653678	0.316612	0.508194	
0.425312	0.900366	0.685688	0.558852	0.844773	0.841647	0.685256	0.416695	0.735774	0.997352	0.186324	0.613462	0.33882	0.525046	0.833985	0.389743	0.791233	0.593162	0.406991	0.983872	0.248562	0.114928	0.375944	0.363018	0.976607	
0.250852	0.232329	0.573151	0.81852	0.530967	0.935053	0.690501	0.908906	0.911122	0.977328	0.87824	0.762987	0.948382	0.10221	0.316774	0.325636	0.343841	0.414639	0.299372	0.314423	0.0880287	0.379098	0.50803	0.894649	0.063156	
