15	40
64.7511	0.825397
75.2018	0.108725
70.8741	0.189017
74.9158	0.583856
66.8317	0.956288
73.9089	0.453304
76.9138	0.45795
76.6124	0.788308
62.3263	0.953227
70.7343	0.324977
63.1111	0.704232
72.7193	0.16373
65.9713	0.515554
76.711	0.998821
75.6301	0.109017
41.2806
38.4058
37.4044
45.9214
33.7792
10.214
20.398
28.5219
16.6647
13.0729
7.08746
22.0442
33.0186
39.6742
37.372
8.51235
17.6877
35.2357
27.4837
48.1666
27.4348
20.6674
15.0746
6.51177
39.7126
10.0503
12.526
14.7213
43.3624
42.153
28.5034
32.7482
37.2304
22.7905
3.07694
21.7206
42.3828
20.4909
39.3019
44.4219
0.947527	0.441117	0.563553	0.674138	0.654221	0.256443	0.999348	0.288473	0.427414	0.128382	0.262666	0.348339	0.545351	0.88393	0.0494173	0.895628	0.568578	0.419871	0.962968	0.463513	0.463548	0.855653	0.779628	0.751088	0.884962	0.639241	0.916124	0.0897213	0.586343	0.614037	0.0871444	0.51984	0.690414	0.624901	0.439742	0.494378	0.699862	0.554	0.667187	0.61802	
0.673633	0.374488	0.651508	0.515316	0.359227	0.086976	0.482044	0.932868	0.736212	0.5044	0.330096	0.376208	0.543683	0.225656	0.320075	0.799511	0.0159913	0.925351	0.274349	0.847476	0.59485	0.129718	0.356036	0.9781	0.739596	0.359969	0.921828	0.381253	0.485529	0.678862	0.822141	0.506625	0.186271	0.378063	0.85427	0.524169	0.367038	0.891734	0.626414	0.682327	
0.649117	0.119875	0.137992	0.592	0.699766	0.417001	0.863687	0.81806	0.532385	0.780464	0.362642	0.082933	0.123125	0.176175	0.901529	0.914523	0.82093	0.796019	0.335786	0.0950808	0.717691	0.768372	0.329092	0.144254	0.908336	0.969218	0.998514	0.311986	0.225663	0.24296	0.105703	0.623467	0.608434	0.357714	0.993526	0.248714	0.219916	0.871803	0.838419	0.366668	
0.308584	0.796173	0.892259	0.1222	0.133231	0.528139	0.741429	0.0154912	0.46918	0.610274	0.409662	0.320516	0.306208	0.387223	0.171202	0.90648	0.331429	0.227485	0.794341	0.634493	0.512448	0.400448	0.0897955	0.880205	0.972606	0.449622	0.855082	0.0295551	0.226208	0.682684	0.467096	0.0517849	0.100712	0.545177	0.552377	0.27384	0.382792	0.0546925	0.0717575	0.338329	
0.0302398	0.687807	0.33743	0.492347	0.354806	0.61304	0.934263	0.069045	0.958119	0.410915	0.665615	0.00525263	0.707039	0.0276204	0.0587619	0.81554	0.406172	0.347766	0.998383	0.164333	0.427785	0.778981	0.843047	0.417518	0.848038	0.357439	0.216758	0.505851	0.927639	0.308435	0.670752	0.627197	0.591089	0.415206	0.883758	0.236196	0.125914	0.951567	0.362127	0.659967	
0.371446	0.109027	0.414962	0.955941	0.498297	0.296306	0.141233	0.946238	0.746805	0.881015	0.310951	0.652696	0.335114	0.810726	0.612164	0.844392	0.0328063	0.994444	0.875073	0.00666228	0.733346	0.857657	0.618718	0.0168507	0.360781	0.515356	0.952229	0.731197	0.9085	0.963653	0.407844	0.419761	0.609562	0.0288446	0.53641	0.629704	0.20311	0.582199	0.939349	0.0842101	
0.807133	0.98331	0.660605	0.728124	0.532704	0.58168	0.0636327	0.822882	0.81916	0.458758	0.75748	0.912759	0.462792	0.27804	0.252201	0.176121	0.697094	0.60757	0.46509	0.919637	0.355873	0.895907	0.0746028	0.656076	0.800879	0.647095	0.151602	0.156078	0.798466	0.724471	0.272146	0.159955	0.839501	0.927167	0.884028	0.264987	0.179566	0.763759	0.497839	0.0290957	
0.683241	0.70001	0.707182	0.0110105	0.740932	0.246053	0.602292	0.148807	0.663398	0.2023	0.656993	0.847943	0.187458	0.125206	0.34694	0.761979	0.921062	0.647906	0.419217	0.894561	0.0641649	0.784359	0.209637	0.227854	0.500958	0.835046	0.264838	0.970449	0.522374	0.305997	0.932036	0.819025	0.625431	0.226349	0.767725	0.461931	0.281828	0.444989	0.0286751	0.785871	
0.476323	0.964822	0.961253	0.901118	0.144709	0.673595	0.0094648	0.787704	0.657144	0.556937	0.464034	0.289652	0.704714	0.769733	0.460016	0.997096	0.0561358	0.869173	0.441909	0.00349995	0.152598	0.758173	0.525145	0.12142	0.0454125	0.299608	0.70178	0.81741	0.387112	0.978002	0.998828	0.793028	0.0194717	0.79082	0.8814	0.440625	0.600966	0.50174	0.130482	0.205877	
0.880006	0.330832	0.0453736	0.632527	0.75885	0.354354	0.741073	0.877693	0.605565	0.101506	0.73462	0.617557	0.699944	0.129524	0.60893	0.0338148	0.82323	0.337194	0.522592	0.737112	0.290453	0.560057	0.382289	0.709302	0.975856	0.508813	0.0423667	0.335407	0.126805	0.0690474	0.439606	0.0652893	0.766712	0.374975	0.164493	0.636911	0.310989	0.259427	0.682168	0.0706331	
0.939418	0.502423	0.704787	0.329396	0.596381	0.8881	0.51375	0.406834	0.500997	0.178109	0.763526	0.250004	0.253048	0.246009	0.427352	0.748587	0.0315475	0.551765	0.6755	0.300282	0.572356	0.468133	0.164594	0.842306	0.571351	0.741425	0.0222213	0.379204	0.398153	0.00309165	0.363494	0.892839	0.763666	0.550664	0.58355	0.926345	0.251542	0.0104451	0.86461	0.465034	
0.663261	1.50477e-05	0.128442	0.531582	0.11088	0.952273	0.00351684	0.135787	0.0127571	0.0993631	0.478264	0.294107	0.433512	0.371734	0.476286	0.222737	0.856452	0.350456	0.531316	0.936512	0.692136	0.480113	0.24483	0.845191	0.594701	0.235957	0.452013	0.778902	0.490278	0.568235	0.132995	0.520412	0.418974	0.317167	0.552314	0.473339	0.0333871	0.172384	0.912697	0.995758	
0.505019	0.587819	0.630689	0.749193	0.934066	0.135645	0.870884	0.754174	0.752926	0.415432	0.543264	0.420629	0.469592	0.422609	0.326634	0.915933	0.562075	0.616636	0.855599	0.985102	0.924582	0.892477	0.354714	0.678308	0.921993	0.178833	0.639062	0.743459	0.434728	0.361741	0.120364	0.953744	0.246926	0.0427045	0.953272	0.554339	0.251948	0.766406	0.449818	0.701619	
0.448075	0.231203	0.118305	0.0150315	0.143151	0.625617	0.941511	0.350342	0.52059	0.914908	0.517345	0.182762	0.223832	0.954933	0.589621	0.23702	0.382714	0.19054	0.866973	0.503579	0.201328	0.768445	0.131963	0.128555	0.874645	0.579838	0.0364841	0.214817	0.781743	0.807276	0.363995	0.796712	0.99788	0.0658074	0.920585	0.708237	0.580467	0.108956	0.282582	0.313605	
0.921888	0.220993	0.799693	0.65788	0.185596	0.831112	0.19514	0.686898	0.79469	0.545332	0.898481	0.622743	0.809335	0.806749	0.244249	0.241062	0.694612	0.776966	0.590907	0.617602	0.911351	0.225999	0.622926	0.718656	0.956767	0.27154	0.130155	0.303029	0.563733	0.0308348	0.619299	0.909142	0.649379	0.477858	0.0995288	0.474713	0.283996	0.891864	0.0451973	0.95917	
