20	40
93.339	0.466301
97.3706	0.421865
94.4164	0.666498
84.924	0.645259
90.7108	0.57843
79.2775	0.62524
78.5731	0.891042
88.2786	0.395143
86.5732	0.0886826
92.6568	0.594831
81.1959	0.723877
85.0697	0.565005
84.6881	0.0614661
83.8414	0.840097
80.7175	0.640091
81.7556	0.507143
95.2336	0.667872
96.4816	0.944875
89.6813	0.170175
92.7499	0.299183
16.5139
43.1128
28.2533
23.599
16.7161
5.03443
48.9959
18.3477
30.8708
6.44454
37.5428
44.7679
42.8702
3.03446
6.95054
19.7141
37.6912
16.4396
49.8507
3.26259
6.21097
14.0078
7.51858
6.81355
30.3654
35.5168
44.8491
19.7992
26.2992
10.2568
13.1361
37.0592
41.7907
30.7492
36.5263
37.9872
49.9417
15.0054
48.2701
30.3221
0.617412	0.720943	0.292004	0.391282	0.775472	0.344819	0.483498	0.195041	0.54886	0.875601	0.107812	0.38518	0.659148	0.720347	0.811513	0.279031	0.966979	0.741359	0.203305	0.10766	0.924832	0.274115	0.133547	0.922524	0.280179	0.717804	0.0546751	0.038839	0.195427	0.898371	0.845401	0.00641747	0.8121	0.685055	0.723007	0.919168	0.107855	0.496009	0.754326	0.305606	
0.253844	0.889924	0.742855	0.291319	0.843442	0.899877	0.0349015	0.442469	0.565423	0.23803	0.352115	0.922014	0.497196	0.00532911	0.370258	0.826649	0.0911427	0.687942	0.174656	0.303117	0.654746	0.700356	0.827375	0.250108	0.490128	0.877526	0.527449	0.724477	0.636124	0.965386	0.444821	0.714142	0.738116	0.0658763	0.169232	0.100535	0.616186	0.944319	0.503717	0.222861	
0.619497	0.981046	0.85223	0.790345	0.0946178	0.71935	0.475354	0.15633	0.714168	0.0167547	0.962386	0.677196	0.708382	0.502153	0.227197	0.708711	0.610226	0.677463	0.425539	0.275815	0.946118	0.176062	0.123628	0.119607	0.929222	0.185612	0.701427	0.380667	0.999079	0.136324	0.158175	0.674014	0.925449	0.0501833	0.839545	0.478225	0.578296	0.33387	0.531	0.195136	
0.107724	0.433368	0.857536	0.168878	0.712439	0.444352	0.505463	0.821016	0.252705	0.415743	0.988606	0.14528	0.693425	0.82555	0.821799	0.469789	0.0722306	0.0119494	0.426985	0.849119	0.388511	0.107413	0.666509	0.390386	0.628927	0.815995	0.740545	0.380559	0.149536	0.643898	0.326258	0.281374	0.0987268	0.223815	0.14436	0.31919	0.823671	0.604047	0.485347	0.724834	
0.640408	0.348694	0.609232	0.00152909	0.348752	0.400679	0.199511	0.898798	0.60544	0.0620194	0.29301	0.373372	0.806263	0.940974	0.432613	0.870648	0.626843	0.354163	0.336761	0.495936	0.662419	0.0369031	0.28381	0.982636	0.987632	0.231272	0.525239	0.976746	0.449372	0.357598	0.518947	0.321325	0.673581	0.690649	0.571528	0.0243447	0.697204	0.0162009	0.884089	0.253273	
0.782753	0.0518117	0.653094	0.670916	0.404379	0.780448	0.407649	0.450165	0.917291	0.865132	0.400471	0.269165	0.972199	0.727044	0.21556	0.0808119	0.839282	0.0903465	0.26616	0.581007	0.385519	0.0490786	0.504494	0.945506	0.236325	0.343483	0.385198	0.952803	0.198018	0.606206	0.929552	0.37311	0.684175	0.0732885	0.553009	0.104712	0.865166	0.554445	0.86317	0.191349	
0.259632	0.655478	0.06306	0.779743	0.281545	0.929384	0.266617	0.292963	0.107287	0.869138	0.609986	0.292276	0.868734	0.104674	0.417876	0.262197	0.770904	0.999733	0.934594	0.701833	0.704652	0.490848	0.222365	0.0519289	0.519518	0.69554	0.128495	0.592989	0.986819	0.759194	0.60559	0.524159	0.744994	0.322354	0.323032	0.0800256	0.226065	0.918796	0.305526	0.567148	
0.635554	0.425683	0.502685	0.330727	0.768684	0.75349	0.643799	0.152266	0.480583	0.465387	0.996161	0.52744	0.95039	0.49134	0.855643	0.281773	0.634114	0.20595	0.810657	0.902755	0.67696	0.626382	0.834827	0.0193577	0.422918	0.734312	0.749611	0.334454	0.965372	0.325539	0.660375	0.620203	0.586886	0.0740839	0.180926	0.173812	0.600633	0.0595992	0.0133007	0.232159	
0.299826	0.986891	0.0764046	0.363039	0.701252	0.0903492	0.258162	0.329773	0.972619	0.330533	0.979041	0.260851	0.696967	0.0206857	0.501356	0.442901	0.869923	0.711469	0.251191	0.78983	0.363552	0.475989	0.243732	0.788599	0.203939	0.492277	0.49503	0.68936	0.151178	0.690552	0.416826	0.970186	0.675408	0.838482	0.491691	0.614882	0.610498	0.947583	0.941505	0.282036	
0.126928	0.23357	0.81405	0.669457	0.0665611	0.0239855	0.218223	0.874241	0.631525	0.358047	0.387507	0.231177	0.725553	0.919512	0.338749	0.802313	0.223459	0.929624	0.716051	0.812147	0.42259	0.286911	0.873521	0.134573	0.624787	0.0471311	0.618794	0.639076	0.380227	0.0780305	0.563789	0.85441	0.769444	0.232819	0.712482	0.412697	0.760922	0.861604	0.113817	0.799553	
0.592313	0.510988	0.569271	0.716774	0.250044	0.325182	0.162528	0.183035	0.000214782	0.276693	0.785142	0.568313	0.123909	0.561513	0.589425	0.431337	0.102892	0.110595	0.0468068	0.579164	0.249274	0.20413	0.0980764	0.137855	0.724996	0.50484	0.547507	0.454748	0.958383	0.347635	0.238008	0.455019	0.104765	0.188866	0.741162	0.623073	0.129589	0.692503	0.950395	0.851623	
0.26992	0.43035	0.715681	0.778133	0.40525	0.656613	0.46848	0.73646	0.972513	0.0281999	0.450677	0.700989	0.454171	0.545504	0.222389	0.181691	0.592934	0.977134	0.579748	0.617088	0.277119	0.411982	0.910919	0.43407	0.965005	0.581286	0.626255	0.684325	0.54235	0.277799	0.254774	0.369465	0.622002	0.472665	0.00372047	0.245835	0.0320001	0.399664	0.0709752	0.468788	
0.458332	0.752227	0.783271	0.299395	0.478771	0.490689	0.635091	0.946449	0.485694	0.653361	0.95709	0.732796	0.962908	0.511769	0.542012	0.622033	0.661808	0.517663	0.649657	0.845588	0.183863	0.9125	0.913579	0.816265	0.0368794	0.365219	0.459726	0.864171	0.229099	0.947105	0.70047	0.0581003	0.510889	0.126345	0.421783	0.215469	0.374727	0.015098	0.144896	0.343315	
0.364097	0.0427093	0.295851	0.333689	0.772051	0.248135	0.873372	0.350966	0.0354856	0.417578	0.957726	0.698729	0.704573	0.926018	0.0157739	0.757507	0.539094	0.11322	0.202408	0.978271	0.765624	0.893942	0.42057	0.175229	0.0802947	0.821013	0.903686	0.576608	0.518237	0.739213	0.146983	0.754238	0.319209	0.147233	0.247614	0.771664	0.228654	0.176743	0.451122	0.805619	
0.241024	0.489267	0.19138	0.903888	0.766385	0.0132666	0.509581	0.35247	0.00830302	0.481805	0.410538	0.511354	0.0776883	0.95717	0.137949	0.693048	0.656875	0.116587	0.708211	0.429912	0.056393	0.348059	0.850661	0.0251791	0.0372163	0.781864	0.0833181	0.222893	0.406202	0.242255	0.446599	0.697557	0.850986	0.174972	0.185795	0.391916	0.319382	0.142955	0.0268396	0.863509	
0.512228	0.409299	0.1625	0.422712	0.12449	0.01401	0.0426609	0.922174	0.535192	0.435621	0.767472	0.0820365	0.884801	0.685346	0.653577	0.788591	0.991956	0.782394	0.756793	0.214947	0.355296	0.759048	0.891491	0.350393	0.34585	0.84573	0.668239	0.138789	0.172885	0.714506	0.96782	0.184837	0.516762	0.974373	0.0927339	0.261112	0.862103	0.87809	0.247141	0.750836	
0.0323538	0.0178956	0.60262	0.759567	0.557213	0.273846	0.240373	0.490201	0.770801	0.162572	0.602407	0.828924	0.35237	0.0272649	0.0230244	0.55329	0.35604	0.749421	0.901879	0.701198	0.451364	0.514858	0.552394	0.460155	0.377218	0.152746	0.0494141	0.242345	0.239031	0.60273	0.804631	0.149826	0.447583	0.0865645	0.938549	0.553299	0.808288	0.701519	0.497275	0.834616	
0.877187	0.803067	0.400689	0.446261	0.440639	0.925247	0.237718	0.551218	0.364394	0.292915	0.777146	0.44948	0.182281	0.40899	0.884922	0.278241	0.632311	0.613047	0.231726	0.532659	0.0346134	0.328899	0.147146	0.940515	0.173717	0.707538	0.593232	0.521277	0.582161	0.454715	0.293322	0.296017	0.0851496	0.748488	0.109573	0.267341	0.0729119	0.0446512	0.0887945	0.838121	
0.805875	0.0274042	0.458623	0.344227	0.556694	0.242142	0.0448407	0.160724	0.615354	0.277863	0.861591	0.556666	0.809136	0.561496	0.902714	0.0412728	0.807354	0.125469	0.361927	0.8806	0.703123	0.944849	0.0998047	0.377698	0.177242	0.254833	0.827509	0.825009	0.698304	0.700905	0.644641	0.111166	0.528499	0.557153	0.862348	0.602745	0.100242	0.00543571	0.294378	0.945088	
0.0605723	0.769472	0.240982	0.883982	0.160071	0.149905	0.852455	0.614543	0.394365	0.160907	0.690891	0.544572	0.343743	0.113036	0.295597	0.807032	0.650382	0.582297	0.326075	0.978635	0.387453	0.876618	0.802917	0.361617	0.231837	0.440342	0.640698	0.0956165	0.313708	0.115148	0.84446	0.778713	0.704142	0.132803	0.351848	0.317626	0.35163	0.19612	0.776885	0.51464	
