15	20
72.7447	0.373834
68.8737	0.277569
69.8561	0.678517
71.3706	0.826082
70.227	0.82717
73.3918	0.785792
65.1584	0.0689417
61.4171	0.571548
73.1717	0.588157
66.3104	0.828839
64.5366	0.140145
61.5177	0.136885
70.0666	0.92679
60.2733	0.695815
69.4808	0.78915
29.9048
4.74006
38.8966
37.5819
37.397
6.55859
14.6062
36.7752
35.2232
19.5887
46.6194
46.1514
9.3492
38.5458
22.4105
9.62383
15.2954
14.0514
43.7197
4.2267
0.069823	0.952707	0.54194	0.0323533	0.452496	0.280705	0.416797	0.688666	0.839693	0.625498	0.0588554	0.0505819	0.862994	0.73758	0.505357	0.987187	0.886873	0.367907	0.149315	0.456002	
0.746689	0.970075	0.38149	0.890641	0.229327	0.0915467	0.76134	0.559649	0.281443	0.0872992	0.315681	0.971218	0.0451212	0.688767	0.642338	0.139837	0.527716	0.949244	0.967372	0.129821	
0.496849	0.460242	0.0872149	0.294411	0.959981	0.621741	0.953751	0.777683	0.213142	0.014899	0.0319474	0.4387	0.785427	0.94635	0.146106	0.784202	0.702088	0.323187	0.866838	0.0589185	
0.940198	0.622726	0.572251	0.963913	0.731983	0.0865151	0.851564	0.404993	0.730493	0.848377	0.0141727	0.75943	0.0423016	0.0491552	0.713268	0.323047	0.656757	0.951185	0.574338	0.495704	
0.550479	0.332613	0.857631	0.236098	0.644553	0.511805	0.324696	0.310046	0.0228829	0.125284	0.340954	0.348765	0.710272	0.610185	0.390507	0.824735	0.7657	0.69	0.863039	0.0024077	
0.333015	0.762335	0.509527	0.242115	0.672254	0.960112	0.289426	0.0455511	0.0195452	0.535505	0.309278	0.266068	0.734189	0.189311	0.667872	0.7814	0.027088	0.662293	0.251939	0.622769	
0.2373	0.486904	0.441559	0.135301	0.354615	0.0935493	0.411448	0.673491	0.592338	0.0300578	0.206379	0.365773	0.883043	0.861525	0.0223077	0.113906	0.122252	0.925116	0.347575	0.852303	
0.482208	0.926641	0.955935	0.291695	0.0179385	0.977914	0.261787	0.481363	0.325372	0.0773645	0.590987	0.630426	0.226136	0.0666116	0.050443	0.784334	0.5374	0.129418	0.916357	0.587843	
0.0357895	0.510454	0.254474	0.999102	0.496248	0.713491	0.406745	0.0578324	0.829464	0.53459	0.924315	0.87877	0.35529	0.123209	0.0876893	0.94056	0.122752	0.310949	0.337591	0.724494	
0.99842	0.462502	0.294936	0.11598	0.585091	0.87974	0.644576	0.760098	0.187256	0.611075	0.837973	0.445711	0.901844	0.842965	0.0816163	0.503178	0.892612	0.687948	0.532545	0.166907	
0.405613	0.634513	0.945095	0.203129	0.237317	0.171572	0.414629	0.895106	0.0138177	0.151664	0.722757	0.646117	0.574059	0.797047	0.302086	0.412431	0.498014	0.80393	0.0268629	0.893151	
0.254023	0.613158	0.114537	0.161868	0.673209	0.265459	0.395037	0.816167	0.895417	0.586522	0.46431	0.230516	0.99875	0.0353191	0.724773	0.435002	0.577251	0.600072	0.587487	0.0513832	
0.91275	0.622335	0.0873486	0.701569	0.528245	0.839806	0.975154	0.876375	0.0735301	0.671631	0.250547	0.870573	0.394485	0.612312	0.36438	0.0131481	0.0711267	0.930823	0.0805196	0.28504	
0.824289	0.345337	0.861296	0.595494	0.425561	0.666593	0.93957	0.144165	0.23028	0.200977	0.788401	0.631607	0.749546	0.344825	0.930504	0.978126	0.836553	0.610012	0.565287	0.203616	
0.691283	0.427463	0.828361	0.18905	0.426669	0.133626	0.228283	0.364778	0.277754	0.342367	0.191743	0.227641	0.955691	0.886788	0.152215	0.457345	0.451221	0.128647	0.0957198	0.509155	
