15	30
68.0828	0.854621
67.4223	0.456383
65.7054	0.358212
66.1192	0.0909049
73.0513	0.918965
70.8759	0.764662
69.4959	0.0809005
68.072	0.477922
69.546	0.556863
65.9067	0.725335
74.3416	0.0210912
74.0739	0.477525
67.6452	0.742229
73.0533	0.646476
65.8608	0.616983
34.9064
29.3499
38.1853
2.14334
35.346
1.28085
30.7182
9.69458
30.0482
7.33697
33.9922
39.3283
3.42795
35.5047
48.5919
49.4415
32.7779
25.5005
10.5256
49.2315
22.6283
15.2265
30.7215
1.84225
19.2951
48.8272
12.3633
45.7639
29.616
24.9412
0.772012	0.707044	0.976613	0.103324	0.942025	0.793059	0.890842	0.380008	0.583348	0.0970201	0.0869533	0.030881	0.0778839	0.942827	0.259593	0.0273077	0.618297	0.109552	0.519357	0.568609	0.103297	0.268904	0.188011	0.763044	0.139769	0.562308	0.8416	0.0731157	0.572962	0.554649	
0.304886	0.722532	0.313701	0.394904	0.104973	0.851635	0.868826	0.412627	0.557077	0.346964	0.321044	0.909979	0.915733	0.488648	0.921396	0.0165721	0.493123	0.615666	0.256689	0.81465	0.23281	0.682108	0.326566	0.921574	0.54478	0.616986	0.829145	0.363177	0.485614	0.757126	
0.279152	0.880161	0.444062	0.297746	0.389428	0.693781	0.706325	0.647334	0.226758	0.264637	0.456234	0.960472	0.402987	0.287813	0.317389	0.246846	0.19244	0.276061	0.566812	0.548906	0.274094	0.321958	0.220655	0.750115	0.0201263	0.861802	0.968182	0.0325202	0.33417	0.630296	
0.248772	0.0894892	0.834731	0.930577	0.909938	0.520465	0.638829	0.597448	0.191771	0.0251803	0.165577	0.773817	0.940355	0.107783	0.309556	0.461654	0.499461	0.203528	0.495958	0.290822	0.0947668	0.94649	0.116571	0.263672	0.0977994	0.132364	0.717598	0.365868	0.706402	0.547768	
0.713361	0.232799	0.813861	0.601569	0.624541	0.554335	0.546559	0.130092	0.625228	0.582868	0.00106146	0.207958	0.592104	0.804933	0.601778	0.606913	0.878287	0.474294	0.253511	0.999572	0.28811	0.621412	0.041793	0.880844	0.666851	0.310241	0.841585	0.750406	0.275009	0.827692	
0.982548	0.0458445	0.212187	0.934136	0.232608	0.407385	0.456366	0.469253	0.735841	0.0898317	0.349813	0.227642	0.917684	0.459106	0.0847379	0.143611	0.360761	0.850208	0.551036	0.626112	0.784833	0.115995	0.646739	0.0715436	0.914772	0.527726	0.325596	0.756559	0.0923387	0.281217	
0.471518	0.0379697	0.0821398	0.33625	0.128658	0.874798	0.886387	0.690156	0.341362	0.895242	0.490103	0.692851	0.443224	0.406804	0.568944	0.848842	0.937169	0.00612868	0.789576	0.399548	0.0742925	0.355842	0.509312	0.352269	0.199526	0.836829	0.36633	0.939107	0.725924	0.189591	
0.518431	0.10114	0.666152	0.0778674	0.0934708	0.754871	0.0973647	0.130784	0.541729	0.246906	0.124457	0.557807	0.551486	0.946077	0.608517	0.536309	0.0336034	0.379791	0.0829226	0.69862	0.000910871	0.668195	0.254986	0.925657	0.638471	0.65885	0.370219	0.693316	0.783417	0.363957	
0.742171	0.887734	0.891781	0.922923	0.86432	0.758942	0.328578	0.0443453	0.427751	0.210296	0.281536	0.344067	0.447723	0.285374	0.302651	0.35195	0.936328	0.532214	0.0249669	0.832417	0.36711	0.0597128	0.677726	0.751714	0.496636	0.523479	0.967453	0.0531289	0.398036	0.993706	
0.756246	0.817383	0.0239811	0.351354	0.825082	0.0296144	0.79641	0.37521	0.360317	0.335088	0.0995148	0.768128	0.199838	0.955383	0.770934	0.251099	0.691444	0.0219063	0.852947	0.753053	0.913578	0.774313	0.0953979	0.181843	0.145393	0.529626	0.748396	0.222316	0.0134764	0.528095	
0.248329	0.525733	0.778391	0.465863	0.383289	0.237997	0.80089	0.971021	0.0124303	0.153577	0.758263	0.720423	0.877805	0.98963	0.862082	0.529807	0.289063	0.660835	0.977179	0.806335	0.991778	0.860769	0.143787	0.9961	0.794517	0.289252	0.0875504	0.449019	0.37704	0.144667	
0.939059	0.519378	0.451303	0.431867	0.176346	0.364333	0.824402	0.967108	0.716145	0.274523	0.89288	0.725459	0.412268	0.0492929	0.967642	0.114725	0.652515	0.683155	0.486114	0.482675	0.194879	0.394847	0.518862	0.571306	0.795164	0.536365	0.247521	0.797237	0.821028	0.660215	
0.435562	0.859056	0.908202	0.735991	0.0191594	0.302147	0.0555989	0.643023	0.481315	0.305036	0.00315088	0.821805	0.143339	0.387643	0.622686	0.560784	0.212032	0.910535	0.476206	0.502349	0.54461	0.557583	0.039506	0.558853	0.967375	0.810136	0.520092	0.296548	0.991527	0.234398	
0.622015	0.394229	0.970755	0.0961642	0.189276	0.523132	0.720144	0.591533	0.996497	0.739224	0.337968	0.172075	0.40657	0.704893	0.936517	0.888841	0.105939	0.574646	0.991231	0.218368	0.108563	0.764412	0.361988	0.0788125	0.804733	0.441514	0.293616	0.304803	0.913714	0.921781	
0.54509	0.0497927	0.0436824	0.852087	0.859685	0.783316	0.37071	0.8618	0.673519	0.056944	0.339998	0.649109	0.102728	0.120809	0.81206	0.713579	0.675941	0.81118	0.675451	0.0668603	0.0398471	0.853765	0.62218	0.806998	0.110011	0.213866	0.218065	0.888111	0.354761	0.579611	
