15	30
74.1175	0.551511
65.1495	0.162807
69.6608	0.924256
71.0458	0.432922
64.8607	0.491559
71.2533	0.326328
69.551	0.199132
63.7868	0.887065
72.5682	0.207242
62.0267	0.527897
60.2098	0.811069
62.5779	0.337998
67.3301	0.594502
70.1415	0.801911
62.2584	0.60595
21.1893
48.6843
36.3487
5.42483
24.5571
2.80461
21.9976
25.9499
7.69922
34.6181
36.827
30.1748
43.1276
17.738
36.7209
47.6781
29.7118
37.1083
15.7906
42.6813
34.8367
36.7662
8.36421
13.4355
42.0416
48.2842
44.898
27.2608
15.8795
35.2739
0.858704	0.871413	0.128937	0.926729	0.426905	0.536458	0.996662	0.0844618	0.870226	0.448767	0.573994	0.789208	0.605001	0.984841	0.607764	0.752865	0.629137	0.868191	0.897909	0.39377	0.59785	0.79444	0.401753	0.235506	0.476832	0.586072	0.494181	0.214215	0.663643	0.34761	
0.32166	0.868253	0.0308669	0.399685	0.584098	0.295114	0.165091	0.909258	0.262626	0.993272	0.885267	0.178403	0.213724	0.855983	0.569283	0.47599	0.901146	0.25918	0.420825	0.204415	0.0217735	0.521514	0.739627	0.352773	0.118996	0.0746223	0.110598	0.737152	0.457692	0.362356	
0.638159	0.0258073	0.903876	0.980143	0.747225	0.418629	0.619558	0.63418	0.883267	0.424297	0.044493	0.746368	0.800738	0.275807	0.0188544	0.297359	0.282788	0.992969	0.71312	0.884529	0.260293	0.605364	0.488711	0.942592	0.143602	0.892844	0.929532	0.582526	0.242284	0.534753	
0.491659	0.659086	0.968342	0.820559	0.664006	0.0361129	0.182091	0.265864	0.496995	0.829152	0.831632	0.358365	0.1074	0.467877	0.564311	0.278657	0.521773	0.183542	0.560878	0.800779	0.128698	0.745647	0.923125	0.0364294	0.0457222	0.931742	0.00925891	0.0788879	0.0943497	0.799785	
0.36245	0.510312	0.0383301	0.68985	0.0147207	0.00367298	0.540705	0.231679	0.393581	0.55679	0.51231	0.624692	0.563301	0.620078	0.791411	0.401441	0.238649	0.0649234	0.767981	0.027167	0.249797	0.413259	0.0127698	0.328939	0.367371	0.804371	0.929329	0.320608	0.0694172	0.0471975	
0.531522	0.311837	0.387452	0.274136	0.803043	0.628639	0.475872	0.50626	0.343819	0.624473	0.0714688	0.327553	0.12803	0.501769	0.882726	0.334984	0.84279	0.854275	0.701677	0.783689	0.952792	0.156919	0.297053	0.248973	0.143896	0.942274	0.15887	0.66154	0.0549591	0.600444	
0.180156	0.125607	0.987385	0.088089	0.0200899	0.566436	0.820552	0.599611	0.675113	0.525716	0.553936	0.999354	0.386734	0.764987	0.36272	0.107442	0.0392758	0.947692	0.975837	0.0272316	0.267701	0.488019	0.86636	0.6553	0.678706	0.94916	0.139288	0.750305	0.404708	0.851069	
0.57777	0.584842	0.777155	0.791526	0.87881	0.488102	0.0974723	0.275803	0.331255	0.339172	0.731998	0.575329	0.575199	0.501326	0.851108	0.13296	0.637173	0.748492	0.11002	0.799976	0.872655	0.90298	0.120536	0.848643	0.275095	0.725755	0.294543	0.910486	0.788653	0.141993	
0.784488	0.31382	0.90659	0.457097	0.970633	0.398391	0.794128	0.970084	0.438721	0.821699	0.129785	0.293117	0.449766	0.843862	0.874231	0.0218862	0.741143	0.592931	0.627386	0.896759	0.678071	0.309439	0.858485	0.446283	0.629961	0.727846	0.128004	0.10822	0.542944	0.975681	
0.797656	0.130809	0.554495	0.744906	0.922542	0.603512	0.531122	0.935728	0.0135168	0.458714	0.744695	0.667246	0.528476	0.555915	0.450046	0.841031	0.666055	0.387856	0.764194	0.549246	0.325951	0.840939	0.411121	0.235055	0.168945	0.00362244	0.205869	0.193308	0.33531	0.438782	
0.153099	0.0275749	0.537612	0.286888	0.883289	0.470563	0.0547912	0.954118	0.0630797	0.543292	0.0146894	0.779647	0.674269	0.943984	0.0621422	0.946438	0.331369	0.675503	0.399801	0.713799	0.235436	0.629901	0.155536	0.0959686	0.867215	0.0770764	0.330044	0.56633	0.930425	0.722265	
0.0481052	0.067081	0.46955	0.0143902	0.324506	0.300402	0.864328	0.468108	0.555592	0.736326	0.29189	0.299538	0.592835	0.995742	0.82314	0.127294	0.261261	0.080501	0.839304	0.435337	0.979204	0.107492	0.553415	0.394275	0.740726	0.722587	0.0497132	0.112584	0.0723577	0.15109	
0.260406	0.0226828	0.963135	0.372569	0.855129	0.552707	0.448874	0.417311	0.940272	0.696152	0.445695	0.952963	0.850572	0.918229	0.48394	0.428996	0.262742	0.793136	0.369396	0.827124	0.280698	0.606494	0.0207851	0.289843	0.117431	0.913445	0.310181	0.871067	0.148788	0.114967	
0.0691119	0.845546	0.742165	0.0943782	0.917376	0.57444	0.523447	0.788679	0.739366	0.677033	0.820175	0.545699	0.00209624	0.882979	0.333356	0.134461	0.925446	0.676442	0.0726609	0.413075	0.810123	0.148948	0.859379	0.82674	0.491683	0.352195	0.624901	0.893874	0.446574	0.750581	
0.0817249	0.789369	0.487913	0.168764	0.524973	0.500034	0.222775	0.477689	0.302271	0.21078	0.418276	0.851993	0.533237	0.620613	0.43285	0.689381	0.926683	0.170407	0.1698	0.0671951	0.241579	0.117004	0.253522	0.0728095	0.615386	0.443527	0.450789	0.0794542	0.71995	0.14493	
