20	30
86.3264	0.0319723
85.3532	0.827051
82.4224	0.648603
89.8339	0.71403
93.31	0.155025
95.4844	0.438419
82.2177	0.313354
100.198	0.926891
89.2105	0.198555
83.1451	0.916476
98.2212	0.729411
89.8169	0.679852
100.38	0.445819
81.5733	0.0152509
87.5516	0.121183
84.5308	0.509974
91.622	0.143598
88.1012	0.316015
83.6927	0.86599
92.766	0.94004
48.3012
7.77494
22.269
20.1919
49.1411
6.45551
42.5403
17.3968
40.1867
18.935
28.1853
2.12179
5.96062
13.9242
48.2829
7.61547
6.82124
17.411
30.8573
34.5275
27.6688
41.3219
44.2807
19.6036
23.2105
26.6089
12.6333
40.8299
4.64857
30.6421
0.255603	0.795621	0.656419	0.166503	0.143739	0.246585	0.845101	0.349441	0.540811	0.089575	0.831352	0.899977	0.344478	0.344415	0.0879809	0.787641	0.434243	0.710565	0.154028	0.0644724	0.816885	0.243328	0.967493	0.557881	0.823266	0.116053	0.238278	0.610655	0.568516	0.86888	
0.163645	0.423224	0.376116	0.515565	0.581002	0.722633	0.101366	0.869775	0.142344	0.95435	0.953354	0.0819065	0.498016	0.856483	0.0117869	0.5265	0.363567	0.723368	0.0409343	0.309196	0.729226	0.491971	0.290398	0.458258	0.201077	0.660836	0.930977	0.44743	0.855616	0.689784	
0.471322	0.822124	0.976536	0.987954	0.341589	0.344115	0.219024	0.543728	0.716257	0.325912	0.952224	0.509976	0.657654	0.492528	0.96428	0.247263	0.428195	0.186159	0.853891	0.536084	0.355833	0.384842	0.0344812	0.673101	0.990414	0.57873	0.0678362	0.869044	0.722158	0.930198	
0.580001	0.985518	0.270637	0.831472	0.86769	0.799852	0.186287	0.286269	0.947642	0.232448	0.93658	0.928623	0.984804	0.807212	0.530445	0.644618	0.347763	0.0280311	0.494158	0.951801	0.897733	0.476693	0.248866	0.450094	0.8774	0.841803	0.083691	0.642217	0.29459	0.949385	
0.387681	0.349434	0.0496305	0.707202	0.137658	0.130021	0.823342	0.0445262	0.0599476	0.731211	0.528776	0.899876	0.250448	0.970378	0.327022	0.262453	0.252331	0.402483	0.528879	0.537382	0.489143	0.415992	0.207222	0.770075	0.442917	0.996784	0.155246	0.546196	0.134105	0.920907	
0.547805	0.667526	0.943611	0.499422	0.250678	0.371014	0.813872	0.165045	0.837622	0.425948	0.346877	0.302344	0.729064	0.660122	0.240984	0.292726	0.601617	0.152234	0.531077	0.830692	0.630436	0.552208	0.743665	0.769199	0.838201	0.652762	0.986785	0.685423	0.778097	0.739679	
0.764685	0.673855	0.200819	0.966372	0.135619	0.612551	0.750664	0.29581	0.352926	0.5136	0.254257	0.668096	0.275817	0.302937	0.660326	0.0806958	0.661211	0.0697886	0.21606	0.920088	0.299939	0.812814	0.688843	0.581511	0.0848694	0.360931	0.186454	0.355617	0.211289	0.663778	
0.79121	0.288108	0.319698	0.0779559	0.99712	0.782331	0.708481	0.179325	0.917994	0.799795	0.490364	0.608948	0.169054	0.835205	0.376786	0.4372	0.0781921	0.642879	0.862651	0.709028	0.951587	0.907052	0.2568	0.181797	0.256274	0.315651	0.145521	0.941937	0.135373	0.832735	
0.525307	0.26726	0.368434	0.634308	0.0929303	0.278835	0.513563	0.178012	0.204916	0.789734	0.490898	0.447745	0.136466	0.524721	0.456777	0.286213	0.680106	0.469209	0.740486	0.863783	0.642678	0.993428	0.858161	0.12942	0.387239	0.355941	0.292497	0.502119	0.748038	0.806816	
0.0715104	0.688479	0.898254	0.531589	0.383625	0.0327048	0.315761	0.116572	0.957029	0.811548	0.0872049	0.723892	0.33137	0.638759	0.00999072	0.576521	0.276308	0.702263	0.749197	0.380736	0.468719	0.651589	0.329934	0.438355	0.209537	0.225674	0.0161333	0.131297	0.913065	0.994516	
0.278953	0.821585	0.0977147	0.84475	0.363115	0.794489	0.291133	0.102977	0.123325	0.254869	0.594518	0.881178	0.134298	0.517566	0.759041	0.573966	0.673282	0.603474	0.502916	0.852692	0.00255787	0.253762	0.946736	0.05825	0.466526	0.988862	0.550316	0.826662	0.561928	0.365295	
0.926123	0.470841	0.428834	0.901308	0.633228	0.235286	0.685261	0.698853	0.916687	0.949128	0.271812	0.00673354	0.737094	0.89422	0.126665	0.503911	0.950611	0.787922	0.787415	0.649918	0.0131541	0.135498	0.128574	0.376552	0.903157	0.0331905	0.347416	0.637287	0.959504	0.837721	
0.8799	0.479549	0.947476	0.706121	0.277843	0.819019	0.0612689	0.266559	0.362656	0.744175	0.52793	0.144167	0.635029	0.372877	0.893318	0.0415302	0.937076	0.938222	0.68623	0.926752	0.169067	0.470573	0.770326	0.439633	0.600773	0.0309621	0.214153	0.0750267	0.190871	0.778661	
0.499469	0.98113	0.960931	0.441599	0.0969754	0.239852	0.860888	0.0135887	0.327994	0.622634	0.724297	0.274993	0.00524385	0.398727	0.100859	0.963993	0.662021	0.625504	0.0207481	0.558154	0.384365	0.250487	0.533253	0.726384	0.507311	0.202777	0.745902	0.619055	0.92429	0.522738	
0.531586	0.454102	0.719894	0.500435	0.536648	0.0267008	0.430684	0.900293	0.604154	0.90456	0.309103	0.583428	0.658773	0.306601	0.970457	0.850508	0.258476	0.896008	0.993363	0.186752	0.00584657	0.349405	0.260966	0.191372	0.766379	0.454851	0.623187	0.742424	0.659395	0.846574	
0.17723	0.812457	0.840438	0.147447	0.150877	0.633703	0.663346	0.655286	0.963757	0.682449	0.353982	0.02216	0.0282644	0.0447002	0.749575	0.0686765	0.15225	0.0916806	0.613196	0.70404	0.085064	0.261999	0.837578	0.169888	0.215506	0.250244	0.685577	0.88407	0.320951	0.883251	
0.761254	0.579494	0.725218	0.90743	0.716772	0.0425244	0.461309	0.697712	0.708934	0.109679	0.24288	0.994379	0.709977	0.623094	0.00487267	0.03642	0.179072	0.653177	0.836051	0.42804	0.269612	0.765691	0.223586	0.00838348	0.410932	0.207242	0.338764	0.405597	0.879702	0.555408	
0.226489	0.616274	0.398308	0.431105	0.288647	0.0532024	0.658288	0.974925	0.723581	0.476813	0.346791	0.0850656	0.309282	0.890676	0.139498	0.995344	0.726118	0.154873	0.166392	0.543109	0.676465	0.0920032	0.216946	0.692707	0.522093	0.293432	0.51621	0.422221	0.0604666	0.235693	
0.520747	0.767702	0.435587	0.00866129	0.383895	0.812397	0.735447	0.439652	0.0628538	0.460881	0.117897	0.393722	0.827691	0.209911	0.494794	0.997731	0.899114	0.203234	0.711257	0.220264	0.64424	0.868478	0.0948289	0.0297175	0.532727	0.603914	0.555486	0.522041	0.194347	0.69288	
0.637081	0.291038	0.0685839	0.772498	0.738182	0.108834	0.767976	0.882163	0.300553	0.457907	0.79069	0.266291	0.697223	0.415369	0.334671	0.426085	0.00507719	0.209325	0.453631	0.730424	0.714033	0.632179	0.551712	0.864121	0.420369	0.793737	0.0990372	0.335508	0.778788	0.16396	
