15	30
61.4268	0.511318
71.6521	0.249335
68.342	0.520094
68.301	0.282192
67.239	0.878942
74.1098	0.266662
68.1586	0.674666
69.0762	0.055176
65.7468	0.0865106
66.5663	0.556541
67.946	0.0465672
63.3168	0.168965
67.6389	0.116286
65.1471	0.0461229
65.5895	0.631142
6.57365
5.11133
42.0238
3.21367
6.20261
27.4689
24.7681
12.917
44.424
12.1743
49.9661
29.5204
36.1848
16.1098
29.0766
15.2752
16.0347
6.25458
30.3406
42.6407
39.6612
44.2293
25.994
34.2161
31.2876
45.4064
30.9511
36.3871
19.9049
46.783
0.759532	0.93814	0.267134	0.034665	0.179152	0.586396	0.301188	0.289315	0.569744	0.0237169	0.484061	0.876026	0.721975	0.0233888	0.929206	0.498898	0.467545	0.0692577	0.983015	0.466277	0.659804	0.683906	0.266728	0.0134457	0.756816	0.697716	0.05624	0.757341	0.28792	0.092586	
0.3349	0.315882	0.891299	0.724802	0.253149	0.941708	0.638806	0.269315	0.530975	0.624644	0.947155	0.781254	0.792709	0.255187	0.815456	0.722649	0.00697298	0.91371	0.823294	0.433256	0.436069	0.443118	0.884553	0.502222	0.606994	0.888758	0.440973	0.103706	0.771918	0.0348789	
0.174518	0.427306	0.843334	0.371685	0.286872	0.647233	0.287127	0.268879	0.881005	0.0462989	0.27031	0.359418	0.268654	0.154876	0.656302	0.0764639	0.770771	0.734987	0.525403	0.673118	0.229972	0.320099	0.836074	0.113529	0.723024	0.0246909	0.244434	0.963043	0.226879	0.271037	
0.0426141	0.761005	0.601539	0.109218	0.513542	0.557809	0.585399	0.226177	0.618236	0.650428	0.146922	0.782356	0.00329687	0.462968	0.323087	0.929679	0.12471	0.115282	0.98789	0.948975	0.64445	0.181124	0.569208	0.266104	0.182976	0.690311	0.580798	0.519888	0.122088	0.921316	
0.0181654	0.598859	0.0767621	0.655973	0.579619	0.045907	0.0638217	0.765666	0.716162	0.479948	0.273215	0.123261	0.0169763	0.278294	0.0857445	0.379745	0.61008	0.906098	0.49867	0.445226	0.830999	0.0286032	0.99744	0.704022	0.849985	0.642803	0.900148	0.502821	0.132875	0.19868	
0.580394	0.578885	0.882269	0.41209	0.520083	0.267752	0.0847965	0.61306	0.877691	0.862455	0.648966	0.124073	0.0346468	0.503287	0.378461	0.0194247	0.850991	0.982067	0.59005	0.982807	0.891492	0.464654	0.447951	0.324543	0.105266	0.207877	0.923908	0.309678	0.537278	0.264609	
0.526562	0.968957	0.69617	0.207884	0.182608	0.0684902	0.255593	0.928498	0.695202	0.149211	0.364293	0.00850417	0.0789736	0.0437419	0.52731	0.230701	0.339612	0.948436	0.301512	0.260421	0.168507	0.72982	0.548819	0.363654	0.736948	0.0338899	0.145239	0.997934	0.553991	0.245162	
0.322755	0.658074	0.681676	0.679951	0.295283	0.383297	0.525122	0.618557	0.266856	0.0187428	0.382335	0.107435	0.980496	0.473675	0.292886	0.822865	0.964845	0.214265	0.72361	0.693555	0.280432	0.627688	0.557564	0.45598	0.757974	0.145173	0.857208	0.7913	0.448962	0.284799	
0.206536	0.325899	0.555799	0.989864	0.559136	0.515856	0.366907	0.423746	0.675466	0.163346	0.896497	0.0218744	0.407628	0.509164	0.511	0.659973	0.725254	0.943336	0.562616	0.763302	0.488802	0.0276139	0.873277	0.902042	0.285385	0.0536464	0.817932	0.333155	0.310464	0.448712	
0.980275	0.0525519	0.751186	0.152994	0.59459	0.804177	0.61227	0.602193	0.706209	0.16478	0.945581	0.220076	0.178955	0.51093	0.45744	0.719897	0.678788	0.00324527	0.074217	0.404386	0.266349	0.486237	0.951009	0.921512	0.376911	0.0228609	0.776955	0.339433	0.910355	0.96164	
0.0909558	0.0399297	0.726987	0.743613	0.207772	0.785152	0.158042	0.775197	0.155653	0.470055	0.991982	0.987723	0.834951	0.90553	0.705761	0.190392	0.41859	0.0632714	0.487921	0.17246	0.541471	0.534098	0.892951	0.0102971	0.522069	0.318035	0.269848	0.991995	0.684815	0.319995	
0.171267	0.347622	0.21944	0.747644	0.957646	0.417786	0.361962	0.655866	0.804828	0.0200398	0.760761	0.31059	0.524903	0.53174	0.0507564	0.900751	0.81228	0.478625	0.782668	0.790856	0.502672	0.564776	0.833118	0.407387	0.7631	0.430481	0.780978	0.822316	0.873987	0.184905	
0.664605	0.404107	0.652978	0.842011	0.275207	0.735069	0.544125	0.203068	0.693334	0.542108	0.736916	0.174366	0.805374	0.17514	0.271877	0.563092	0.414557	0.915995	0.978989	0.322647	0.852791	0.763212	0.822963	0.454502	0.0277357	0.478048	0.176279	0.792687	0.370049	0.963166	
0.721875	0.914959	0.335977	0.0320282	0.856047	0.886936	0.175297	0.484183	0.853954	0.314491	0.446624	0.713474	0.65673	0.566457	0.866775	0.0664546	0.388794	0.868098	0.853597	0.494677	0.619354	0.898752	0.400076	0.0663526	0.810671	0.210483	0.713337	0.968619	0.274416	0.9596	
0.734623	0.224657	0.563214	0.678103	0.133527	0.176264	0.956389	0.482881	0.893239	0.0581016	0.691903	0.690522	0.951346	0.49209	0.728591	0.266468	0.291538	0.295781	0.428174	0.203794	0.123608	0.18057	0.515603	0.626186	0.0895087	0.661588	0.264818	0.708513	0.0612568	0.930531	
