25	25
114.893	0.235472
118.231	0.133534
118.452	0.674715
100.435	0.831892
120.326	0.463436
104.159	0.105208
106.225	0.732765
100.485	0.377307
107.958	0.264946
99.3426	0.28914
120.039	0.607543
112.485	0.206482
107.876	0.0893705
118.36	0.932361
116.747	0.142449
101.714	0.887427
100.751	0.881898
106.312	0.115427
106.81	0.648115
102.346	0.0563754
117.686	0.165814
110.305	0.279576
117.375	0.776162
122.462	0.365965
121.8	0.179868
21.7869
1.02929
36.6638
3.74095
23.1722
41.1491
9.01596
39.7904
22.4759
22.1356
1.73104
28.6041
32.6156
2.67789
19.6704
41.0867
20.6358
10.2095
39.9498
37.7466
28.7635
7.8551
38.4928
7.08446
1.93329
0.988899	0.473883	0.280202	0.335103	0.116929	0.264338	0.122764	0.78622	0.635127	0.299961	0.0258279	0.782262	0.55053	0.320852	0.526881	0.872943	0.342628	0.0282218	0.324717	0.579515	0.639014	0.869534	0.704244	0.898257	0.742393	
0.427449	0.213594	0.379131	0.934468	0.015233	0.0239694	0.641498	0.339906	0.39445	0.206105	0.872626	0.825746	0.588278	0.523612	0.200695	0.875366	0.506953	0.944945	0.491052	0.664212	0.811967	0.639437	0.640398	0.796159	0.225446	
0.610607	0.992569	0.0802726	0.65327	0.125917	0.0824141	0.0688631	0.729577	0.368293	0.608158	0.123429	0.109409	0.391502	0.779742	0.756225	0.042083	0.54598	0.0439019	0.85886	0.376176	0.595169	0.00195655	0.239445	0.146284	0.874545	
0.0794221	0.673967	0.775042	0.099087	0.728309	0.474524	0.156088	0.521227	0.982335	0.426872	0.212072	0.909085	0.594294	0.51385	0.492111	0.204941	0.792741	0.684469	0.00259024	0.485884	0.356433	0.874526	0.17395	0.0708287	0.657921	
0.55717	0.887433	0.627938	0.821327	0.498776	0.530577	0.921119	0.571345	0.476449	0.566452	0.550164	0.405779	0.0758622	0.250134	0.89873	0.957921	0.845413	0.262466	0.797368	0.268281	0.121089	0.911485	0.822073	0.509209	0.206316	
0.205664	0.687431	0.047992	0.293805	0.723324	0.328544	0.932952	0.106959	0.142702	0.666548	0.0212844	0.905646	0.795412	0.818792	0.492398	0.0301997	0.422191	0.551606	0.461703	0.160958	0.0589299	0.345387	0.00799383	0.788684	0.580132	
0.500702	0.73073	0.463287	0.298108	0.145388	0.490703	0.0352312	0.73944	0.898799	0.680079	0.530928	0.904936	0.434811	0.240027	0.673725	0.130069	0.208269	0.81038	0.978774	0.206366	0.935109	0.353055	0.359893	0.64197	0.666107	
0.87816	0.331882	0.284635	0.390359	0.89652	0.306645	0.68855	0.305695	0.148836	0.958089	0.279384	0.138487	0.0134772	0.795208	0.293634	0.828108	0.69264	0.866152	0.163038	0.0142195	0.405262	0.600617	0.0276988	0.0507997	0.351429	
0.929191	0.782252	0.210023	0.824792	0.645974	0.699969	0.174334	0.801215	0.569801	0.790167	0.493622	0.95098	0.205462	0.428961	0.0446587	0.901213	0.268268	0.0139499	0.745039	0.821738	0.490144	0.365556	0.608523	0.47986	0.694641	
0.323019	0.501309	0.283558	0.0965358	0.0556414	0.843215	0.312357	0.0145481	0.657456	0.0516672	0.04114	0.0110651	0.0916767	0.0697267	0.811072	0.48122	0.720226	0.343335	0.436064	0.91663	0.387454	0.998862	0.124774	0.256252	0.511495	
0.48381	0.787325	0.50113	0.988517	0.0504084	0.949562	0.711558	0.317866	0.323888	0.117825	0.670927	0.394862	0.848306	0.642782	0.762583	0.200733	0.0468328	0.758164	0.370311	0.535624	0.283857	0.015761	0.450763	0.0904241	0.846152	
0.163419	0.984838	0.52236	0.762449	0.608846	0.0456982	0.179765	0.462119	0.0364324	0.798365	0.537979	0.762501	0.905064	0.944972	0.565256	0.365987	0.672461	0.455778	0.535667	0.11882	0.0414217	0.74896	0.901358	0.541516	0.786833	
0.977047	0.090961	0.459319	0.913658	0.305996	0.550802	0.202348	0.241475	0.699858	0.483151	0.0576772	0.832151	0.278294	0.0850317	0.373755	0.319946	0.532562	0.178578	0.923327	0.506149	0.159628	0.184567	0.622178	0.762455	0.154344	
0.788817	0.475376	0.270621	0.569476	0.292367	0.0484499	0.346208	0.260016	0.966079	0.557521	0.83331	0.177945	0.944631	0.561316	0.0349959	0.374596	0.755844	0.344973	0.555156	0.480289	0.368865	0.365009	0.121112	0.179104	0.230353	
0.102797	0.750818	0.804282	0.0669271	0.310414	0.211467	0.129096	0.463038	0.906605	0.991724	0.424264	0.272177	0.134087	0.47981	0.871131	0.754428	0.843225	0.237312	0.543032	0.448368	0.22581	0.769442	0.0383	0.536772	0.750492	
0.286088	0.752562	0.668532	0.41589	0.445816	0.929775	0.0964488	0.883007	0.919841	0.305386	0.148976	0.07035	0.156668	0.719259	0.141695	0.346048	0.913752	0.164388	0.309119	0.465644	0.473466	0.982287	0.483678	0.851503	0.0251609	
0.431611	0.642235	0.291439	0.880551	0.856983	0.835913	0.795943	0.348504	0.0236528	0.0066673	0.557703	0.301138	0.25774	0.307214	0.0821868	0.637114	0.388136	0.760549	0.442457	0.529476	0.338788	0.196948	0.579579	0.670044	0.828127	
0.83346	0.993059	0.506572	0.891761	0.371337	0.906635	0.772077	0.962283	0.8324	0.393435	0.304766	0.941427	0.0296882	0.933687	0.357447	0.931171	0.0798432	0.986523	0.936829	0.859309	0.557971	0.856456	0.30603	0.402835	0.802382	
0.608926	0.364254	0.062889	0.230513	0.0755054	0.981551	0.454346	0.789735	0.959642	0.552759	0.903001	0.447258	0.0147436	0.902973	0.688361	0.811029	0.747883	0.621851	0.97376	0.951807	0.164528	0.667055	0.395857	0.735067	0.0695639	
0.610486	0.999504	0.923015	0.624275	0.644824	0.0572125	0.235887	0.0695038	0.255973	0.859081	0.798189	0.68984	0.821737	0.168368	0.629273	0.834494	0.0310352	0.991661	0.527049	0.097227	0.453718	0.0675252	0.225931	0.51152	0.928217	
0.720046	0.840205	0.450822	0.313968	0.814698	0.87778	0.655535	0.242442	0.602979	0.767796	0.283288	0.846647	0.859357	0.878131	0.553787	0.134972	0.00818483	0.131805	0.989412	0.247072	0.576837	0.405963	0.383485	0.615033	0.0320682	
0.459401	0.947144	0.241369	0.913779	0.807081	0.0804281	0.379804	0.597303	0.482119	0.588327	0.905128	0.572619	0.00445625	0.870449	0.67773	0.841695	0.635945	0.704712	0.385773	0.651394	0.677222	0.397628	0.900705	0.973471	0.0883759	
0.126243	0.625687	0.22943	0.652108	0.9748	0.289823	0.092043	0.956394	0.0932392	0.178486	0.137717	0.33669	0.199657	0.259913	0.576104	0.757679	0.346057	0.935633	0.654052	0.375455	0.665539	0.0378398	0.137431	0.940359	0.244173	
0.237047	0.349221	0.906503	0.307374	0.127082	0.403679	0.6219	0.513308	0.801012	0.398525	0.378818	0.405228	0.0872814	0.883778	0.744702	0.561535	0.0615255	0.514354	0.481357	0.801929	0.943617	0.481766	0.729439	0.906062	0.550369	
0.679483	0.750938	0.824563	0.322592	0.188408	0.516518	0.901424	0.100741	0.358927	0.445695	0.52428	0.555054	0.252368	0.955802	0.0635403	0.153597	0.210909	0.279001	0.118013	0.133548	0.0494731	0.0829593	0.919943	0.257627	0.205366	
