15	40
62.2679	0.0031659
71.1069	0.311365
71.6652	0.407217
64.1705	0.775732
69.8847	0.0587463
66.2579	0.712331
72.5107	0.464576
63.9419	0.692194
70.9774	0.243
63.2838	0.969481
74.7631	0.760129
61.2368	0.770996
68.5569	0.464874
69.2379	0.988379
75.0872	0.292274
5.27675
28.1775
6.1573
30.6367
34.373
2.69974
35.2839
4.70378
37.1495
26.556
27.8771
33.3587
7.57975
8.9605
12.0227
3.866
18.9121
25.781
16.4559
29.1336
34.7489
32.6535
16.0947
6.81024
41.6048
49.2955
15.6413
17.5819
21.1322
43.0481
22.3317
40.7166
3.51658
47.658
45.965
5.32684
17.9881
19.2937
41.9484
48.2099
0.937149	0.754406	0.564821	0.454996	0.979785	0.722925	0.026987	0.34479	0.552547	0.864157	0.0515312	0.827199	0.525756	0.697881	0.0882618	0.380124	0.0227866	0.275766	0.404711	0.770101	0.506324	0.715694	0.206025	0.565585	0.373133	0.635185	0.379914	0.924599	0.455325	0.692654	0.643561	0.855248	0.1028	0.349275	0.101915	0.814492	0.660603	0.657898	0.934144	0.105294	
0.531173	0.996778	0.116048	0.367991	0.897643	0.955466	0.670418	0.502454	0.0214078	0.133297	0.102649	0.129246	0.736427	0.971217	0.811804	0.626541	0.182094	0.666627	0.176388	0.41985	0.255417	0.339886	0.13103	0.536369	0.45389	0.783019	0.56044	0.287042	0.129617	0.871081	0.444056	0.0977621	0.619536	0.696549	0.850887	0.844648	0.826692	0.975576	0.249908	0.834616	
0.565729	0.00879451	0.406272	0.494099	0.615117	0.258299	0.0655081	0.730843	0.267622	0.945036	0.985037	0.89122	0.551156	0.733124	0.850717	0.315644	0.175744	0.783287	0.180065	0.885607	0.0506103	0.55518	0.966	0.990362	0.44233	0.504074	0.450015	0.321686	0.265676	0.552662	0.237874	0.689078	0.465053	0.275525	0.404828	0.444111	0.803527	0.35945	0.189229	0.166568	
0.895466	0.750998	0.717206	0.346915	0.878516	0.297845	0.560598	0.287749	0.701574	0.420505	0.93566	0.98756	0.531466	0.461339	0.725335	0.28817	0.737051	0.575443	0.575619	0.539746	0.384536	0.112114	0.711137	0.66995	0.104529	0.778836	0.625269	0.345839	0.139218	0.743781	0.425905	0.601075	0.858621	0.871855	0.712661	0.716497	0.398236	0.393679	0.540572	0.553278	
0.841885	0.605488	0.973592	0.496227	0.536948	0.254317	0.792596	0.638209	0.25343	0.552795	0.816169	0.594811	0.566167	0.20673	0.917865	0.839888	0.545167	0.49216	0.0233676	0.311337	0.547659	0.709559	0.533964	0.650869	0.194595	0.395341	0.164248	0.730255	0.440037	0.801204	0.488797	0.262288	0.310062	0.333885	0.962345	0.221521	0.751956	0.751944	0.348875	0.402039	
0.657569	0.796805	0.797797	0.751888	0.982169	0.124907	0.981728	0.352788	0.715266	0.33031	0.497494	0.652275	0.0180554	0.469289	0.198419	0.991359	0.968194	0.567716	0.533928	0.0518459	0.330288	0.943489	0.898073	0.29993	0.0928412	0.908061	0.848245	0.499107	0.364624	0.790832	0.825262	0.628827	0.439575	0.939074	0.0646968	0.857379	0.925232	0.686064	0.284162	0.554377	
0.246082	0.765807	0.894382	0.0778747	0.780063	0.645317	0.642608	0.798125	0.398746	0.0714347	0.781902	0.0486563	0.218504	0.0242344	0.633514	0.978751	0.0293249	0.917634	0.573177	0.180777	0.249445	0.998884	0.77668	0.460669	0.810341	0.00212349	0.344248	0.33306	0.809475	0.0962241	0.0696154	0.684263	0.0307809	0.414414	0.101121	0.128194	0.986387	0.844373	0.848296	0.806914	
0.665347	0.00540148	0.569358	0.911208	0.948328	0.823916	0.784781	0.86439	0.271741	0.557421	0.496362	0.502364	0.894436	0.59641	0.0270119	0.409424	0.061609	0.479758	0.118835	0.32064	0.481428	0.361008	0.0586813	0.601508	0.523225	0.468342	0.313749	0.41844	0.357848	0.675634	0.757386	0.905936	0.37349	0.098276	0.154937	0.580241	0.931707	0.403246	0.216951	0.672386	
0.87638	0.570436	0.987194	0.11417	0.795264	0.898238	0.801267	0.349492	0.826679	0.0872258	0.836957	0.371604	0.954047	0.101625	0.500073	0.222992	0.715313	0.372912	0.372866	0.663054	0.373733	0.900213	0.818686	0.72867	0.811064	0.468702	0.252231	0.355651	0.249046	0.466524	0.0294882	0.521204	0.818025	0.744891	0.986682	0.921311	0.844477	0.0155217	0.902715	0.840374	
0.869248	0.151629	0.852681	0.429229	0.411311	0.601871	0.434	0.283916	0.429631	0.984316	0.394268	0.944574	0.0337196	0.519394	0.825122	0.989601	0.198618	0.418361	0.997348	0.223557	0.753707	0.501361	0.776402	0.815969	0.00140733	0.368001	0.732843	0.534068	0.903134	0.0759093	0.302014	0.0099767	0.695981	0.817921	0.0409703	0.168995	0.312733	0.39511	0.69013	0.853008	
0.20287	0.63245	0.630893	0.637149	0.817064	0.18397	0.471662	0.667297	0.60703	0.817595	0.591099	0.103176	0.587495	0.0319377	0.729249	0.591923	0.0595616	0.419462	0.289283	0.608775	0.803892	0.138382	0.779859	0.249798	0.134786	0.202047	0.0062909	0.988706	0.0649914	0.0661325	0.964084	0.779272	0.546693	0.489909	0.719729	0.096385	0.0260349	0.0570042	0.606478	0.439379	
0.111549	0.189759	0.616728	0.441454	0.201981	0.432993	0.609069	0.318881	0.641804	0.720603	0.185125	0.786949	0.258944	0.156829	0.860987	0.131521	0.141136	0.533986	0.0739342	0.714359	0.961636	0.826545	0.259837	0.406894	0.68715	0.0855289	0.0638367	0.380172	0.0960134	0.217869	0.092506	0.567627	0.425322	0.160052	0.82492	0.950681	0.970883	0.758371	0.903425	0.927949	
0.735283	0.393023	0.0529623	0.378493	0.794799	0.826936	0.473384	0.0833907	0.745872	0.559569	0.273226	0.126014	0.987634	0.178104	0.493641	0.262421	0.275471	0.120609	0.208399	0.271079	0.144844	0.143196	0.580745	0.0950023	0.213758	0.0936538	0.810068	0.625231	0.416244	0.0655858	0.45644	0.145172	0.456162	0.105317	0.780368	0.426515	0.894744	0.0189441	0.152042	0.534632	
0.28121	0.392101	0.100307	0.754833	0.447785	0.0294588	0.2817	0.221257	0.591502	0.0348007	0.731815	0.22432	0.957754	0.229554	0.782117	0.370603	0.116773	0.893128	0.101683	0.136127	0.985368	0.247825	0.692284	0.414694	0.178322	0.345123	0.0528339	0.643264	0.0266836	0.286611	0.71658	0.813846	0.0545968	0.249816	0.650654	0.997891	0.388447	0.276866	0.296889	0.587366	
0.638067	0.938742	0.610335	0.0513585	0.0426722	0.0250423	0.390539	0.0347007	0.214734	0.255823	0.683702	0.862587	0.557821	0.974824	0.879232	0.481085	0.505611	0.980055	0.865848	0.531943	0.341651	0.0279342	0.845143	0.0473539	0.920781	0.279139	0.296076	0.727574	0.919923	0.00696847	0.133667	0.988135	0.824513	0.668788	0.367599	0.741621	0.36599	0.312961	0.270139	0.576644	
