10	20
47.8839	0.780948
46.5753	0.641239
44.2761	0.518129
39.2588	0.527686
39.4587	0.311482
43.4741	0.0785694
43.2741	0.193415
38.8662	0.19714
47.6343	0.477121
47.8343	0.430144
33.7602
43.6957
36.0461
16.8578
40.9763
42.7093
34.2773
37.5089
28.0345
38.1081
26.7453
15.5266
9.24041
11.8745
26.6255
3.14396
49.3801
44.8096
14.12
3.16372
0.0415274	0.682124	0.97539	0.727017	0.567672	0.113366	0.553797	0.735919	0.0435701	0.256732	0.118205	0.100534	0.132799	0.278035	0.31222	0.591561	0.865744	0.39601	0.0179366	0.0670204	
0.953641	0.119358	0.659614	0.459629	0.807552	0.110865	0.339659	0.939504	0.877151	0.479202	0.785602	0.117214	0.0828408	0.0623187	0.807575	0.8434	0.063012	0.327198	0.813917	0.644614	
0.583844	0.501045	0.654553	0.56943	0.782032	0.693203	0.679992	0.0402063	0.28871	0.154517	0.22148	0.0552525	0.299138	0.720584	0.641411	0.783691	0.53288	0.321084	0.485591	0.370418	
0.608387	0.0431628	0.0186592	0.0905687	0.152531	0.757145	0.851353	0.668167	0.787532	0.46134	0.760263	0.690294	0.483462	0.675329	0.23065	0.00325365	0.424458	0.222963	0.246161	0.528563	
0.960685	0.248273	0.406687	0.617214	0.545147	0.469814	0.10744	0.912799	0.0749447	0.752995	0.195405	0.794361	0.902787	0.546329	0.935483	0.551109	0.884915	0.487293	0.940166	0.478918	
0.783077	0.232479	0.201274	0.712811	0.818006	0.765043	0.842187	0.241005	0.542478	0.115682	0.818476	0.843466	0.0103347	0.814143	0.544319	0.289813	0.715178	0.178176	0.206446	0.401407	
0.211712	0.7288	0.256312	0.403541	0.545038	0.104407	0.156807	0.842361	0.36729	0.0034753	0.302229	0.633372	0.32388	0.736011	0.0833146	0.960184	0.754233	0.674776	0.757812	0.664716	
0.500047	0.195144	0.877593	0.433352	0.521075	0.0909029	0.728712	0.865332	0.393689	0.655854	0.514677	0.623521	0.888459	0.0272852	0.946236	0.151347	0.54847	0.89185	0.613007	0.825571	
0.273962	0.0302331	0.48161	0.850122	0.215691	0.48873	0.0351561	0.304208	0.342409	0.227475	0.962475	0.440829	0.0836904	0.737554	0.834259	0.289989	0.654445	0.256508	0.693925	0.258381	
0.898497	0.916352	0.0225777	0.432624	0.0347678	0.0655137	0.0592313	0.75622	0.930506	0.426902	0.520164	0.699691	0.729533	0.353099	0.338033	0.310372	0.143345	0.258169	0.367125	0.974349	
