10	40
43.9232	0.284493
42.7489	0.949586
42.4608	0.933498
46.7207	0.851125
47.3152	0.75396
48.8127	0.648366
46.5454	0.795247
49.3326	0.760108
50.5374	0.272661
49.2706	0.85655
34.3521
33.8052
37.7109
35.5678
32.3606
19.8067
22.1367
3.88622
23.3431
48.7731
9.3954
28.3807
16.3202
6.14598
32.398
49.1177
36.9334
31.1649
31.004
12.4924
37.3374
16.6768
7.10454
42.1833
7.37919
37.6348
16.8625
43.4833
30.3161
9.96078
11.8332
11.8128
24.8257
5.79105
40.2958
22.2778
35.8149
38.5334
12.9209
37.8368
0.78995	0.339786	0.93645	0.57285	0.158284	0.767717	0.517642	0.17307	0.41483	0.15306	0.625936	0.0900939	0.697035	0.295011	0.165747	0.844626	0.548224	0.313812	0.843245	0.97492	0.0542154	0.430114	0.988658	0.2523	0.911058	0.405326	0.84528	0.490872	0.888575	0.928156	0.80359	0.823645	0.236065	0.953996	0.754124	0.49699	0.0804486	0.511794	0.165875	0.120776	
0.656668	0.861913	0.0335444	0.0581857	0.109607	0.524566	0.847925	0.938394	0.876091	0.874575	0.36052	0.997608	0.177079	0.41992	0.337511	0.0798495	0.453845	0.0016496	0.76563	0.486655	0.771286	0.426277	0.538952	0.470495	0.310129	0.0725683	0.923123	0.492783	0.60765	0.566359	0.466185	0.936682	0.735567	0.433663	0.500247	0.744377	0.425486	0.0624482	0.640957	0.121299	
0.541192	0.204762	0.58977	0.069021	0.930471	0.728117	0.629162	0.344071	0.586506	0.314739	0.0750465	0.509373	0.402333	0.652582	0.0769934	0.13597	0.48397	0.215508	0.895175	0.0793472	0.803649	0.018703	0.004373	0.478692	0.862544	0.387794	0.280073	0.346476	0.543341	0.950361	0.63099	0.288573	0.0718618	0.812606	0.858743	0.515076	0.947216	0.832793	0.777765	0.488516	
0.476627	0.35251	0.731381	0.819392	0.325511	0.913268	0.737688	0.225312	0.0469521	0.230231	0.88709	0.289223	0.716051	0.510289	0.635534	0.614009	0.364028	0.648101	0.902453	0.24791	0.580256	0.0377248	0.894976	0.603701	0.756579	0.828805	0.0647239	0.675321	0.510089	0.868773	0.839847	0.99526	0.656813	0.828502	0.377221	0.216351	0.220659	0.905275	0.069705	0.283185	
0.583941	0.197756	0.751227	0.75011	0.21785	0.32216	0.692812	0.505833	0.953456	0.252147	0.891668	0.869314	0.752715	0.86889	0.716538	0.063058	0.66019	0.764603	0.356766	0.377971	0.771951	0.57588	0.764263	0.169479	0.684952	0.373952	0.834839	0.517233	0.414238	0.694743	0.675122	0.549547	0.889889	0.0462465	0.444584	0.0313285	0.925071	0.220638	0.829393	0.783284	
0.184414	0.862165	0.631732	0.815678	0.456454	0.907854	0.322279	0.346906	0.971641	0.39217	0.142435	0.428991	0.534541	0.0174811	0.513796	0.163136	0.359506	0.307724	0.976217	0.747182	0.318545	0.807775	0.511896	0.591721	0.281381	0.642387	0.974372	0.404099	0.453647	0.314922	0.133633	0.969804	0.629273	0.240391	0.694131	0.544899	0.560946	0.283761	0.325291	0.315637	
0.850103	0.129059	0.359254	0.16324	0.146238	0.135588	0.516723	0.763337	0.11729	0.894732	0.500585	0.814369	0.639957	0.968494	0.469106	0.610206	0.038948	0.815096	0.996724	0.215811	0.642145	0.741964	0.752723	0.0643128	0.898342	0.779926	0.291862	0.621691	0.63461	0.0585466	0.361234	0.0736702	0.612294	0.573652	0.864009	0.469655	0.444526	0.720865	0.544619	0.276766	
0.448407	0.642935	0.598843	0.701857	0.984306	0.753815	0.478119	0.640977	0.665846	0.745461	0.221762	0.00703166	0.440601	0.488389	0.108072	0.417825	0.415454	0.0408689	0.222172	0.728458	0.459853	0.0455904	0.997031	0.425853	0.412327	0.969551	0.768646	0.411603	0.977522	0.706682	0.178623	0.854407	0.351054	0.849592	0.155674	0.429743	0.895227	0.998302	0.387952	0.474147	
0.246771	0.560008	0.865105	0.10571	0.804491	0.903393	0.291499	0.949422	0.711686	0.872295	0.459549	0.551267	0.0881229	0.414174	0.378488	0.0751985	0.187373	0.202964	0.709807	0.386245	0.809548	0.700109	0.48621	0.395455	0.899871	0.0541784	0.114416	0.522835	0.685892	0.246402	0.691843	0.762474	0.327843	0.512961	0.880473	0.283489	0.256756	0.844895	0.0265088	0.058122	
0.00674556	0.954646	0.396026	0.236408	0.162927	0.129183	0.914892	0.204806	0.364853	0.81644	0.770192	0.438731	0.549528	0.80558	0.956793	0.505689	0.707833	0.536609	0.338846	0.391732	0.919928	0.836831	0.606003	0.682362	0.00349724	0.636095	0.947812	0.864378	0.197343	0.429309	0.45401	0.273116	0.087206	0.175932	0.287974	0.376077	0.204315	0.0641702	0.676704	0.316127	
