10	30
45.2851	0.824871
44.5977	0.790929
45.772	0.290816
46.1773	0.593322
43.0005	0.786702
40.6789	0.690126
45.4826	0.354712
45.6713	0.735303
45.1879	0.0680599
47.1047	0.655462
37.7638
13.3431
14.9254
30.7469
10.7988
36.9062
43.5846
8.99214
26.4171
22.6835
37.4058
1.80161
31.0225
34.5513
2.86155
3.06453
3.11375
28.456
49.2494
48.1853
25.8699
13.3202
26.8269
42.4337
9.48496
21.4772
5.60671
12.2611
7.58734
48.8414
0.603652	0.476072	0.271684	0.406802	0.679831	0.221019	0.205686	0.373953	0.37214	0.53065	0.221131	0.500211	0.531807	0.964407	0.683411	0.792211	0.551593	0.902539	0.609259	0.524933	0.787049	0.11036	0.133834	0.338221	0.302033	0.876422	0.804085	0.239711	0.114636	0.766292	
0.0576126	0.336229	0.237754	0.383413	0.286111	0.216829	0.0455405	0.408728	0.932648	0.515575	0.849635	0.484199	0.633686	0.167484	0.123147	0.94455	0.998517	0.383558	0.613493	0.560886	0.664082	0.563064	0.48821	0.790835	0.248016	0.550717	0.752799	0.75028	0.348363	0.176918	
0.651215	0.637921	0.181608	0.715352	0.0132174	0.720476	0.354849	0.397775	0.0345584	0.612789	0.652264	0.665771	0.619089	0.109209	0.116621	0.971571	0.091198	0.813913	0.562061	0.425865	0.383821	0.375432	0.723471	0.0054245	0.239646	0.283132	0.391503	0.306554	0.801295	0.824163	
0.503268	0.108811	0.60981	0.197754	0.925038	0.556422	0.478475	0.554031	0.335269	0.456031	0.814093	0.569557	0.533806	0.341361	0.945694	0.507029	0.828307	0.697858	0.980955	0.598742	0.630397	0.861743	0.535347	0.56103	0.370693	0.708604	0.661069	0.346961	0.353676	0.476509	
0.550385	0.913099	0.743936	0.116829	0.283966	0.63389	0.431211	0.673934	0.0689423	0.478731	0.789926	0.708484	0.454829	0.868895	0.835738	0.505573	0.856688	0.0509198	0.0754997	0.18968	0.291601	0.936261	0.506347	0.499095	0.221284	0.342394	0.324972	0.228207	0.737221	0.806995	
0.386816	0.527963	0.947671	0.13114	0.272099	0.435971	0.811613	0.985462	0.588303	0.57651	0.260409	0.111584	0.605327	0.417825	0.162386	0.777128	0.16722	0.165891	0.337475	0.379645	0.279724	0.10425	0.461267	0.442205	0.00460138	0.73132	0.568299	0.447737	0.63485	0.225652	
0.286318	0.0844346	0.0291399	0.237218	0.589881	0.217287	0.615623	0.136404	0.0103204	0.866243	0.0960795	0.0738627	0.507837	0.407667	0.276774	0.802646	0.970647	0.118756	0.237295	0.470008	0.89791	0.130014	0.261044	0.255244	0.028786	0.553675	0.171146	0.817834	0.872563	0.901633	
0.954649	0.637204	0.232115	0.854695	0.765896	0.825942	0.683328	0.898598	0.722675	0.311127	0.286411	0.531241	0.578996	0.482305	0.693555	0.827216	0.0852609	0.41436	0.106887	0.294285	0.974729	0.138536	0.708061	0.0726148	0.334129	0.631501	0.0125353	0.845386	0.892572	0.669186	
0.642822	0.763697	0.76461	0.211063	0.902698	0.815823	0.00156372	0.834635	0.654356	0.490057	0.159948	0.611594	0.568794	0.685231	0.431337	0.503861	0.749943	0.0909509	0.744	0.651223	0.200225	0.293606	0.408252	0.77585	0.556606	0.324866	0.742658	0.44578	0.919674	0.786811	
0.824922	0.44054	0.0482236	0.37319	0.928592	0.0923172	0.0923936	0.307925	0.168898	0.118944	0.91989	0.843933	0.323283	0.789609	0.746488	0.0842504	0.594367	0.406428	0.169982	0.456252	0.582584	0.554753	0.264458	0.715098	0.611543	0.79861	0.712656	0.111634	0.224219	0.0469372	
