15	40
63.388	0.992157
76.8871	0.40259
68.8035	0.0328073
67.9752	0.404975
76.9805	0.282395
75.9377	0.394758
63.0248	0.429414
76.7638	0.687369
66.9396	0.0205919
65.1569	0.589207
76.8637	0.793023
66.7009	0.757035
64.3948	0.233866
76.3366	0.0503035
70.6738	0.767626
13.7914
36.0799
44.4733
43.1553
20.1251
7.38831
3.26795
43.1054
1.25937
45.9563
3.71674
17.7993
23.0136
20.4855
19.1831
25.1487
44.6826
10.5819
42.4551
20.0578
30.1164
26.1428
13.1696
21.2139
39.4208
49.631
44.5995
31.0797
19.6495
8.97376
15.47
16.7739
32.473
34.9377
39.9172
46.5568
24.8974
19.1013
28.6762
42.6132
0.375662	0.551031	0.833113	0.763375	0.29679	0.183068	0.326822	0.9169	0.140327	0.526739	0.952936	0.896963	0.480101	0.960435	0.166692	0.174388	0.465925	0.865744	0.119745	0.5483	0.970307	0.363526	0.366144	0.984402	0.590288	0.23952	0.446053	0.825069	0.98284	0.904134	0.528793	0.63843	0.384005	0.895934	0.358817	0.743664	0.303292	0.499033	0.581413	0.0925374	
0.693927	0.926721	0.999602	0.726654	0.667929	0.0342329	0.316763	0.471429	0.791336	0.419397	0.271387	0.391562	0.00709271	0.692212	0.243897	0.353529	0.633342	0.57032	0.550471	0.609064	0.277392	0.568171	0.0926397	0.338269	0.973339	0.784389	0.56627	0.929498	0.117146	0.11839	0.523049	0.382729	0.0447281	0.624937	0.246898	0.665001	0.454179	0.430173	0.288915	0.491747	
0.857814	0.113562	0.342797	0.472753	0.632472	0.466698	0.247184	0.514301	0.983483	0.947345	0.426399	0.471604	0.181996	0.231316	0.945697	0.62194	0.585901	0.849012	0.0908509	0.885224	0.526734	0.864608	0.981962	0.781704	0.331658	0.170531	0.955362	0.676801	0.848315	0.215841	0.212719	0.444889	0.474702	0.950456	0.760079	0.60861	0.611341	0.948937	0.218146	0.580782	
0.246528	0.0894652	0.800742	0.35746	0.729198	0.313168	0.52143	0.213661	0.942556	0.501216	0.97577	0.79724	0.868896	0.0939549	0.403142	0.240212	0.365995	0.960614	0.505395	0.349373	0.943083	0.294994	0.378157	0.109042	0.799122	0.282942	0.280449	0.888978	0.72761	0.0759246	0.0809866	0.396185	0.761495	0.701972	0.823746	0.283309	0.918594	0.733804	0.152953	0.801609	
0.0671158	0.47805	0.464086	0.403903	0.969857	0.834586	0.134938	0.0842779	0.909526	0.195141	0.104546	0.125423	0.316858	0.768592	0.753189	0.76358	0.519775	0.965927	0.0441341	0.561702	0.586198	0.640412	0.317623	0.642578	0.405851	0.500801	0.507115	0.268172	0.584166	0.17345	0.606125	0.682536	0.606697	0.589256	0.104797	0.541869	0.789575	0.532606	0.827747	0.0642865	
0.662202	0.810574	0.979458	0.191375	0.828668	0.75355	0.908708	0.685	0.781429	0.561169	0.36467	0.805303	0.0458468	0.472839	0.389534	0.736918	0.864065	0.807981	0.379168	0.82786	0.179975	0.033265	0.861484	0.983954	0.605933	0.0932476	0.0806226	0.729418	0.832519	0.961339	0.379036	0.558813	0.685478	0.664918	0.805655	0.116561	0.501297	0.117329	0.105854	0.10784	
0.265329	0.413501	0.30561	0.788548	0.0707542	0.531815	0.0844708	0.440111	0.910183	0.470598	0.762138	0.649556	0.544763	0.266907	0.0635316	0.501264	0.522847	0.0923607	0.951721	0.833401	0.852022	0.331067	0.726543	0.821479	0.404353	0.658771	0.957155	0.0991361	0.534263	0.311228	0.944427	0.768083	0.777817	0.405364	0.0880238	0.401207	0.356308	0.150449	0.416924	0.97979	
0.466133	0.460012	0.231361	0.532816	0.548784	0.78147	0.880316	0.698652	0.90306	0.921548	0.763782	0.207233	0.315976	0.305168	0.807476	0.889871	0.37306	0.224733	0.985786	0.590068	0.82808	0.336985	0.934246	0.665113	0.890868	0.386652	0.622982	0.936471	0.807578	0.11125	0.710625	0.295062	0.900442	0.955695	0.566051	0.224488	0.18576	0.213366	0.374964	0.437181	
0.325546	0.120437	0.820518	0.840185	0.407553	0.743149	0.205026	0.455447	0.888789	0.45534	0.0576083	0.280194	0.558292	0.601592	0.197516	0.294711	0.517807	0.546281	0.41651	0.418589	0.627412	0.144679	0.903454	0.286005	0.579853	0.720995	0.525047	0.992766	0.443368	0.330962	0.808316	0.681224	0.829314	0.370427	0.0360931	0.11	0.481018	0.965482	0.714008	0.348203	
0.942806	0.507029	0.323693	0.800706	0.906698	0.868864	0.622101	0.114456	0.593971	0.220893	0.365611	0.753645	0.60071	0.223007	0.0476089	0.677894	0.305477	0.294966	0.921594	0.064426	0.296353	0.429799	0.539216	0.397403	0.710213	0.309256	0.158933	0.360032	0.849706	0.572701	0.365346	0.299609	0.10671	0.257411	0.283065	0.701321	0.941872	0.158072	0.376036	0.727021	
0.139518	0.281821	0.862672	0.727455	0.334865	0.793364	0.14775	0.422076	0.989882	0.076978	0.371102	0.491112	0.239298	0.761822	0.00155489	0.975578	0.113455	0.652854	0.814715	0.285446	0.753032	0.680667	0.125031	0.107876	0.676547	0.0473796	0.634933	0.0139785	0.0426005	0.493296	0.0435419	0.443356	0.546396	0.717139	0.479796	0.704697	0.76004	0.302827	0.448304	0.215253	
0.112898	0.956349	0.903682	0.235574	0.36284	0.980254	0.306972	0.890049	0.651074	0.165682	0.94148	0.939317	0.255161	0.127504	0.366893	0.345445	0.924608	0.470542	0.309406	0.164619	0.110101	0.862154	0.78415	0.266651	0.217295	0.148064	0.21017	0.269142	0.550087	0.326522	0.650828	0.460786	0.41718	0.0315184	0.438846	0.978081	0.275407	0.604977	0.674405	0.818827	
0.313975	0.615206	0.117531	0.419703	0.963943	0.814771	0.0182648	0.807487	0.868144	0.89072	0.632185	0.0198067	0.309992	0.813633	0.330906	0.173334	0.552888	0.677486	0.701426	0.673012	0.723736	0.67948	0.861774	0.883708	0.696778	0.529182	0.350327	0.746684	0.565593	0.14882	0.673896	0.842899	0.542646	0.147471	0.844051	0.234101	0.438375	0.784723	0.336507	0.573251	
0.989757	0.195556	0.43123	0.973492	0.183934	0.266472	0.273627	0.937184	0.00838837	0.914696	0.836302	0.714475	0.781821	0.48328	0.96831	0.0621107	0.485131	0.18397	0.0388536	0.672922	0.359329	0.379693	0.765062	0.310101	0.794886	0.200969	0.860377	0.639855	0.487132	0.459238	0.0700538	0.919522	0.418219	0.0152209	0.324029	0.000174842	0.492072	0.309078	0.0965839	0.934428	
0.438422	0.83791	0.610618	0.38845	0.498059	0.422647	0.675865	0.479938	0.711128	0.238767	0.698189	0.687572	0.0978606	0.530283	0.10567	0.898696	0.542289	0.867063	0.922204	0.465141	0.640415	0.027825	0.821186	0.374805	0.0141174	0.624157	0.316775	0.998835	0.75747	0.312708	0.746909	0.785611	0.170099	0.264196	0.119605	0.619937	0.468025	0.822704	0.769895	0.745923	
