10	40
48.1437	0.0906161
43.2533	0.14502
46.8964	0.87453
43.615	0.649661
40.912	0.0621663
39.9299	0.690589
46.2176	0.999111
39.2652	0.483877
40.8492	0.926694
42.618	0.287585
49.2985
37.6416
33.7838
4.40023
42.4854
47.0991
19.7646
24.8916
14.7089
22.8547
36.2464
29.6088
33.2001
10.9833
1.24808
37.37
30.1767
28.0463
45.3257
46.0815
25.8696
11.1497
15.6522
32.9674
14.8655
28.2403
6.10784
37.8311
13.354
21.6776
11.2017
37.7966
42.2232
32.3775
3.33763
21.8394
4.90026
43.1261
33.3244
10.0576
0.740603	0.253368	0.576088	0.471542	0.162593	0.855435	0.80412	0.736242	0.872832	0.166751	0.779258	0.540608	0.533106	0.741141	0.742061	0.841516	0.184494	0.231323	0.984295	0.658738	0.989215	0.618558	0.839239	0.161871	0.412582	0.682209	0.01077	0.284207	0.209001	0.689173	0.111467	0.383329	0.864767	0.177409	0.479513	0.944799	0.887631	0.0871227	0.705885	0.405563	
0.213361	0.74751	0.471822	0.322709	0.681016	0.341918	0.966069	0.158664	0.479728	0.426815	0.554188	0.891573	0.100158	0.344959	0.511372	0.727552	0.370313	0.768379	0.846422	0.642552	0.0239965	0.723764	0.515313	0.708929	0.20053	0.622991	0.349785	0.871209	0.551113	0.850192	0.33385	0.267993	0.84906	0.118386	0.967895	0.629589	0.780128	0.0167203	0.875731	0.528585	
0.619592	0.205134	0.199881	0.524644	0.130565	0.682265	0.40508	0.0966536	0.167042	0.736516	0.797557	0.458904	0.268042	0.466986	0.0459848	0.132789	0.066168	0.532578	0.308269	0.0959864	0.449753	0.420683	0.122914	0.826236	0.0534012	0.161444	0.0153346	0.837382	0.79728	0.530106	0.287985	0.109424	0.884518	0.650862	0.552205	0.134315	0.721972	0.81158	0.421929	0.732192	
0.408612	0.00484882	0.938514	0.204554	0.233223	0.938448	0.84498	0.497785	0.487131	0.0871594	0.376285	0.436065	0.772308	0.265094	0.722438	0.549944	0.442199	0.187443	0.865073	0.66107	0.140434	0.535098	0.56946	0.744642	0.301565	0.346246	0.234521	0.273175	0.347859	0.25674	0.555318	0.360435	0.747561	0.286633	0.700958	0.0132211	0.957474	0.788588	0.945708	0.0986012	
0.554564	0.0130579	0.813128	0.113052	0.673789	0.207481	0.588803	0.896628	0.0932088	0.178551	0.160275	0.473344	0.638841	0.60335	0.839442	0.608586	0.20861	0.10413	0.414233	0.218278	0.268341	0.255813	0.516931	0.2573	0.224122	0.539957	0.279265	0.00049873	0.178988	0.476731	0.470265	0.918924	0.205572	0.743291	0.766848	0.281871	0.861529	0.494131	0.183858	0.23012	
0.944665	0.723432	0.320092	0.724563	0.0859629	0.126178	0.18941	0.893028	0.0773588	0.253519	0.401795	0.0290969	0.294043	0.103696	0.780673	0.476398	0.103347	0.715012	0.937928	0.257953	0.884624	0.419238	0.529749	0.0887237	0.869697	0.39245	0.3893	0.58466	0.328766	0.312128	0.961458	0.210942	0.44171	0.299618	0.259018	0.880603	0.593431	0.28925	0.240925	0.401858	
0.293146	0.122916	0.451066	0.556308	0.8622	0.653992	0.0945799	0.948074	0.902828	0.622812	0.764374	0.349757	0.324847	0.630805	0.321139	0.808884	0.183616	0.321851	0.653936	0.590327	0.0772704	0.280047	0.301306	0.53875	0.067374	0.312141	0.525231	0.662793	0.0883107	0.526711	0.140907	0.844114	0.710595	0.648351	0.618337	0.674539	0.289464	0.694079	0.0897018	0.259076	
0.919808	0.66507	0.691465	0.181129	0.356567	0.128406	0.643379	0.665566	0.188014	0.999836	0.523572	0.115505	0.966516	0.131945	0.624601	0.655895	0.905831	0.632682	0.629696	0.31902	0.348315	0.144608	0.884029	0.31088	0.675627	0.497082	0.447378	0.3976	0.478808	0.188856	0.632091	0.002699	0.0696466	0.893287	0.620313	0.519117	0.337683	0.278993	0.179348	0.288775	
0.706973	0.230513	0.339031	0.567541	0.549669	0.658967	0.177534	0.35677	0.659652	0.788995	0.798853	0.759257	0.739824	0.373566	0.0417182	0.173377	0.922486	0.744123	0.387737	0.561291	0.835399	0.906542	0.788002	0.518221	0.586206	0.690641	0.0775378	0.706717	0.602439	0.886443	0.247971	0.147521	0.400085	0.960298	0.304188	0.443645	0.371977	0.859018	0.877618	0.0249164	
0.459781	0.611097	0.647014	0.581669	0.904721	0.0794905	0.515323	0.281107	0.4902	0.873583	0.0122749	0.821215	0.176798	0.344189	0.629501	0.876018	0.757985	0.0539431	0.675283	0.371683	0.695012	0.526684	0.953466	0.175735	0.0639204	0.712983	0.828794	0.685621	0.216832	0.140842	0.390552	0.864489	0.486109	0.202021	0.885904	0.325008	0.988896	0.984346	0.340011	0.461354	
