15	40
70.4775	0.0410666
71.4288	0.659472
75.9763	0.0470348
62.1401	0.878667
72.05	0.903665
74.5417	0.452882
64.1229	0.154933
73.6153	0.810548
69.4673	0.316913
66.7115	0.0274262
67.1388	0.455344
71.2132	0.333728
71.3118	0.658804
74.9437	0.205
61.9969	0.405041
41.1422
43.2982
31.6609
16.7189
24.6399
22.6267
29.4644
1.73574
4.70028
9.56032
35.1417
7.19506
23.1118
46.2353
9.93728
11.2378
41.687
10.2066
17.6809
2.70042
19.3452
15.4384
10.8014
39.0073
45.1345
4.67686
30.4188
8.59034
18.3515
41.187
28.3339
31.9909
27.0775
30.2588
17.2004
35.3694
14.8992
33.7077
11.3654
10.7546
0.712927	0.300577	0.376473	0.837213	0.877278	0.716499	0.0409215	0.351787	0.838846	0.808454	0.546176	0.101096	0.981443	0.144518	0.0804259	0.252115	0.0466357	0.685936	0.28788	0.896449	0.228917	0.245369	0.93227	0.794028	0.48789	0.106829	0.997888	0.0550851	0.467258	0.949432	0.157731	0.872484	0.235942	0.0684395	0.755422	0.873257	0.790052	0.261013	0.322147	0.025249	
0.65524	0.646039	0.146548	0.956534	0.653143	0.756888	0.506883	0.741151	0.55723	0.574183	0.414625	0.48995	0.749702	0.12216	0.53016	0.240394	0.659865	0.159486	0.384589	0.0795085	0.480883	0.907684	0.680273	0.293968	0.601316	0.510306	0.123322	0.816643	0.691255	0.338878	0.845473	0.755285	0.270412	0.459975	0.269148	0.741087	0.00517401	0.932222	0.700183	0.320072	
0.392941	0.739873	0.799692	0.704458	0.800642	0.834684	0.574057	0.926794	0.446793	0.272284	0.845475	0.247788	0.368857	0.493305	0.377332	0.379614	0.829676	0.175826	0.405638	0.862617	0.405034	0.121317	0.364755	0.766648	0.372563	0.0721863	0.494353	0.683149	0.359342	0.215338	0.320865	0.901205	0.515803	0.0271142	0.261982	0.776125	0.966381	0.960218	0.778055	0.0359591	
0.599833	0.771395	0.779342	0.255053	0.78264	0.600109	0.97408	0.503899	0.0554299	0.997702	0.36707	0.712645	0.267249	0.486991	0.141967	0.390234	0.0777534	0.611354	0.541335	0.0963597	0.305457	0.0208654	0.485286	0.143394	0.255029	0.546928	0.19573	0.957802	0.332871	0.453035	0.812678	0.460637	0.533112	0.233211	0.534657	0.617045	0.755761	0.304403	0.436448	0.690434	
0.37142	0.862381	0.206102	0.191989	0.201421	0.947108	0.551195	0.999332	0.222681	0.296723	0.534887	0.893174	0.338796	0.698864	0.843288	0.0552375	0.0415128	0.65817	0.780368	0.166091	0.0730623	0.280308	0.0634449	0.790742	0.997901	0.732553	0.577167	0.695755	0.378404	0.0507225	0.52798	0.575248	0.32766	0.323049	0.329499	0.160377	0.903159	0.850389	0.630539	0.143198	
0.781246	0.912805	0.378632	0.924702	0.703695	0.220775	0.744249	0.411955	0.981739	0.903407	0.526403	0.182756	0.507703	0.659114	0.303765	0.568101	0.581192	0.909976	0.535455	0.770834	0.425413	0.553759	0.473416	0.817058	0.409712	0.87989	0.557216	0.236214	0.533365	0.801219	0.801929	0.0633578	0.951688	0.508502	0.35585	0.733287	0.946589	0.968029	0.503615	0.451337	
0.96671	0.062288	0.324362	0.677219	0.431856	0.536423	0.424053	0.524035	0.569227	0.44388	0.554778	0.561604	0.398107	0.149807	0.570278	0.208104	0.84093	0.59774	0.965904	0.170427	0.188541	0.807794	0.966488	0.317988	0.778347	0.350982	0.583387	0.0329284	0.483434	0.197073	0.489218	0.281163	0.396435	0.548055	0.6255	0.743726	0.3506	0.749563	0.327423	0.433521	
0.554986	0.281879	0.348603	0.327531	0.97212	0.314039	0.617581	0.868911	0.983187	0.372684	0.95174	0.17114	0.0624896	0.899444	0.815796	0.334554	0.420285	0.818074	0.258674	0.1182	0.73973	0.251439	0.0852645	0.39912	0.870264	0.151211	0.218156	0.54085	0.827903	0.964979	0.0503938	0.882776	0.101782	0.338558	0.805495	0.664221	0.913711	0.506994	0.353581	0.578299	
0.922812	0.879044	0.152405	0.655184	0.975715	0.659714	0.00962947	0.768888	0.0830512	0.0322713	0.701886	0.803633	0.0585952	0.82928	0.148426	0.229947	0.838884	0.942901	0.115106	0.758576	0.198873	0.509256	0.606386	0.760241	0.830753	0.0327182	0.33832	0.649716	0.364576	0.177311	0.846575	0.738684	0.990028	0.306346	0.610815	0.315327	0.326643	0.873346	0.38232	0.126661	
0.701274	0.587651	0.378658	0.294914	0.0280157	0.579891	0.564475	0.894332	0.842336	0.541041	0.767939	0.516245	0.29039	0.431408	0.792326	0.455032	0.771509	0.470537	0.389172	0.865252	0.203461	0.49103	0.730707	0.699749	0.998922	0.0383951	0.687035	0.869391	0.455999	0.0225745	0.963558	0.00396639	0.993961	0.403559	0.83784	0.247312	0.950135	0.532649	0.598054	0.907872	
0.582195	0.234425	0.524847	0.649253	0.775576	0.438264	0.880176	0.268409	0.486251	0.921794	0.158278	0.671972	0.944554	0.648579	0.347279	0.31831	0.902702	0.0953266	0.346649	0.046033	0.0157725	0.810414	0.32331	0.575306	0.560979	0.478441	0.898518	0.663193	0.0142109	0.506004	0.575928	0.545538	0.508638	0.977072	0.441548	0.289528	0.703981	0.255768	0.502823	0.153717	
0.906599	0.212027	0.431228	0.586634	0.136165	0.677718	0.455627	0.133841	0.0698775	0.949172	0.880875	0.636375	0.283368	0.38042	0.573857	0.472865	0.755202	0.721746	0.544195	0.267999	0.499795	0.413499	0.263332	0.52511	0.722992	0.236857	0.564085	0.500896	0.82625	0.429952	0.103653	0.688397	0.0262743	0.939837	0.799865	0.405479	0.367401	0.579981	0.781082	0.601177	
0.848294	0.847516	0.13073	0.277741	0.115766	0.185629	0.344339	0.950586	0.60845	0.735282	0.0737005	0.733052	0.101426	0.724315	0.349829	0.723495	0.262335	0.614618	0.125277	0.309383	0.406091	0.34309	0.474185	0.995672	0.933929	0.329033	0.510048	0.246744	0.902382	0.139109	0.564183	0.293032	0.643303	0.647408	0.590498	0.28631	0.629848	0.184957	0.375914	0.736418	
0.737734	0.600838	0.998081	0.436809	0.699834	0.714325	0.973694	0.534467	0.778963	0.304601	0.0338727	0.588102	0.0545213	0.671398	0.0418405	0.257007	0.962159	0.401685	0.331275	0.312942	0.499425	0.116968	0.584467	0.843598	0.760577	0.576893	0.252335	0.372123	0.864205	0.236526	0.75021	0.597951	0.993375	0.77313	0.695064	0.370246	0.637936	0.868357	0.435407	0.191768	
0.537615	0.0184944	0.695012	0.43454	0.277484	0.335775	0.944784	0.264945	0.506036	0.273085	0.752122	0.342804	0.654955	0.518451	0.852625	0.824853	0.900313	0.34834	0.695577	0.629418	0.398494	0.763569	0.367915	0.262796	0.118226	0.24794	0.719016	0.549935	0.53931	0.932655	0.412673	0.192256	0.0757941	0.410385	0.637074	0.0948537	0.834963	0.219609	0.168528	0.995899	
