20	20
82.5816	0.620968
99.9509	0.405717
81.9653	0.578602
91.575	0.627226
88.9602	0.354455
93.0805	0.471724
98.7277	0.636454
94.1935	0.986025
83.3405	0.00688031
100.865	0.294775
90.813	0.482418
90.5088	0.580296
83.4483	0.574616
91.6678	0.255175
95.0263	0.319845
98.3681	0.915668
84.3635	0.0451922
84.7723	0.259077
101.405	0.862669
90.3513	0.238307
8.95404
22.0747
31.3793
11.5988
4.37869
13.012
45.9942
11.8816
16.6768
16.5407
39.6066
2.31269
10.199
42.7193
15.1014
32.1523
24.9861
9.24195
4.72497
1.66268
0.600098	0.300741	0.555186	0.464647	0.521946	0.531458	0.393866	0.296681	0.473331	0.877204	0.815758	0.863395	0.353605	0.106957	0.0315234	0.682904	0.265986	0.886842	0.355462	0.168043	
0.691909	0.513127	0.632643	0.377339	0.301215	0.222124	0.777327	0.916471	0.960067	0.902791	0.428326	0.127121	0.550028	0.197949	0.130747	0.45195	0.687054	0.391806	0.10678	0.683484	
0.926727	0.925118	0.0946218	0.398219	0.368213	0.342065	0.0135438	0.00760692	0.408464	0.538607	0.154923	0.778523	0.749611	0.958649	0.869698	0.829633	0.960344	0.54986	0.457798	0.0361576	
0.0574358	0.295005	0.440376	0.393412	0.253566	0.515269	0.796135	0.657922	0.113393	0.295076	0.919364	0.308827	0.432732	0.765194	0.9192	0.437277	0.731044	0.863408	0.933926	0.663594	
0.823269	0.29387	0.93225	0.899944	0.710516	0.526528	0.833751	0.418996	0.503389	0.626991	0.752232	0.681663	0.396552	0.239967	0.760632	0.413982	0.665793	0.829139	0.462332	0.707801	
0.289576	0.394544	0.688275	0.992585	0.873809	0.7605	0.580048	0.449936	0.849617	0.816063	0.1772	0.0718009	0.643936	0.680474	0.483879	0.104649	0.0765909	0.408326	0.826096	0.230262	
0.686376	0.874728	0.153752	0.423096	0.976732	0.602195	0.00888832	0.138444	0.317113	0.390252	0.407912	0.416224	0.990726	0.332353	0.00559452	0.122342	0.267087	0.322244	0.600992	0.684688	
0.601171	0.0675313	0.559015	0.467861	0.605355	0.782273	0.0936174	0.925563	0.418243	0.0844746	0.571195	0.655886	0.173636	0.895863	0.919771	0.935464	0.00219784	0.812296	0.418585	0.378747	
0.477465	0.858848	0.630888	0.704497	0.180033	0.501118	0.974602	0.978297	0.0346745	0.878906	0.234301	0.817075	0.225038	0.0624352	0.161007	0.358659	0.79641	0.536716	0.242206	0.155674	
0.100581	0.0497098	0.186933	0.477317	0.976539	0.317808	0.251994	0.738964	0.517137	0.500347	0.265938	0.81536	0.394183	0.843468	0.794093	0.368816	0.732147	0.772143	0.796944	0.681644	
0.425849	0.714353	0.926636	0.489922	0.493967	0.637604	0.705099	0.215983	0.659583	0.84504	0.58428	0.395956	0.434703	0.550054	0.566575	0.00945667	0.864409	0.319094	0.636315	0.0642358	
0.690657	0.287855	0.690485	0.889186	0.91237	0.810626	0.199305	0.726723	0.297916	0.531727	0.748919	0.172769	0.266564	0.438346	0.54032	0.325691	0.0946843	0.513089	0.113982	0.463229	
0.423349	0.143531	0.908664	0.711415	0.941835	0.583595	0.754281	0.149215	0.223772	0.411981	0.148414	0.22173	0.176534	0.0193103	0.254971	0.602475	0.357758	0.307434	0.329899	0.973012	
0.789348	0.620578	0.542756	0.874229	0.0113371	0.260804	0.999531	0.480265	0.335666	0.870076	0.562393	0.634784	0.164572	0.0478919	0.726753	0.0763079	0.638774	0.493407	0.0925998	0.180362	
0.0801769	0.0777635	0.941953	0.950026	0.441564	0.512505	0.822479	0.461465	0.00364166	0.0596707	0.4802	0.288668	0.678424	0.231549	0.602415	0.0439834	0.446867	0.449734	0.573259	0.0210054	
0.795836	0.883799	0.993745	0.84756	0.56796	0.85145	0.846553	0.0876201	0.277681	0.537646	0.281754	0.321624	0.466192	0.167756	0.845776	0.0171548	0.872211	0.842735	0.209949	0.810168	
0.689715	0.698155	0.734794	0.614975	0.349776	0.845139	0.239558	0.821486	0.875384	0.446649	0.780791	0.68938	0.343695	0.312729	0.14257	0.474965	0.925168	0.0854428	0.97148	0.248778	
0.525611	0.862483	0.309729	0.479975	0.193848	0.581091	0.199782	0.0460766	0.635979	0.904986	0.577938	0.137377	0.177705	0.723447	0.941092	0.894038	0.984572	0.67748	0.0379598	0.481306	
0.370973	0.884861	0.757911	0.190646	0.537078	0.98012	0.901564	0.990138	0.353896	0.332886	0.436664	0.494616	0.904537	0.932416	0.491944	0.831031	0.0414608	0.468437	0.545437	0.972858	
0.262992	0.325375	0.296355	0.23569	0.103683	0.924347	0.69573	0.889178	0.552189	0.350295	0.490666	0.144079	0.385218	0.682088	0.19987	0.973481	0.492099	0.308223	0.539341	0.65068	
