10	20
46.1125	0.248454
49.2987	0.0827692
46.1405	0.385253
45.6615	0.0072175
47.9985	0.688974
42.9145	0.41268
45.6684	0.710886
46.4614	0.265636
51.3801	0.730533
45.9599	0.931574
48.2889
17.3837
26.8488
9.78743
15.4404
3.49707
27.3153
11.8412
38.1351
44.3114
18.4304
16.8104
44.5353
3.90807
21.248
18.3484
39.1935
36.5388
18.0702
33.548
0.373128	0.649783	0.971845	0.499031	0.738235	0.236269	0.752559	0.751115	0.0825521	0.136577	0.825881	0.0669995	0.354631	0.415818	0.0693112	0.370913	0.745998	0.511347	0.196035	0.857411	
0.0843686	0.637006	0.56924	0.838742	0.385084	0.717482	0.115238	0.853691	0.270013	0.145653	0.981734	0.0897508	0.0024323	0.635241	0.249548	0.419923	0.723813	0.490064	0.870769	0.821077	
0.0594326	0.190941	0.645699	0.964258	0.929177	0.774754	0.998376	0.246316	0.863873	0.525549	0.914078	0.432484	0.347748	0.71372	0.212974	0.337409	0.255691	0.890299	0.903986	0.0868904	
0.41729	0.125494	0.961994	0.659221	0.118103	0.0910042	0.880645	0.224427	0.959139	0.9983	0.872041	0.724711	0.513981	0.195386	0.0330036	0.833453	0.294164	0.453938	0.108785	0.486361	
0.215494	0.958148	0.827216	0.764746	0.917113	0.987755	0.371946	0.853228	0.393207	0.748347	0.375834	0.954023	0.268301	0.318967	0.978809	0.534458	0.109059	0.167094	0.834895	0.604509	
0.610614	0.193733	0.506686	0.852089	0.877421	0.237897	0.225829	0.567739	0.940633	0.312884	0.702644	0.491855	0.968608	0.209524	0.066729	0.88824	0.0231749	0.885082	0.917758	0.65635	
0.181014	0.736815	0.133955	0.979604	0.471295	0.32596	0.770688	0.150648	0.881307	0.238839	0.503791	0.0383514	0.532407	0.208895	0.117159	0.372077	0.24165	0.744866	0.498163	0.894771	
0.569349	0.847859	0.221557	0.269707	0.785153	0.259551	0.581071	0.145429	0.769398	0.0849661	0.425551	0.384105	0.435828	0.554858	0.236631	0.177155	0.476266	0.829645	0.51796	0.537157	
0.986266	0.292823	0.502413	0.55051	0.409553	0.451847	0.384327	0.846355	0.153475	0.792192	0.0581276	0.85112	0.738448	0.949632	0.3658	0.999468	0.0866672	0.553247	0.607997	0.558402	
0.182735	0.901633	0.709773	0.324875	0.422358	0.999668	0.720201	0.892626	0.583529	0.540181	0.930299	0.00399536	0.784057	0.394626	0.991236	0.981739	0.359296	0.759278	0.443418	0.514818	
