20	40
87.7406	0.805233
94.033	0.962405
91.7974	0.963719
80.8775	0.805685
88.3146	0.036184
96.2746	0.617968
89.8114	0.827519
84.5135	0.596563
95.7954	0.507436
94.3347	0.908818
97.18	0.615957
89.0187	0.0554312
82.569	0.816994
80.8799	0.553763
97.704	0.586639
84.2635	0.105599
90.2232	0.685335
82.2636	0.213104
96.3691	0.96773
82.3954	0.944109
2.56419
5.60283
40.374
49.4405
17.0643
10.361
48.072
1.06762
9.2729
16.0309
29.5266
48.7839
15.3527
7.99389
4.95505
31.9396
30.8713
49.5572
42.3102
5.50418
16.2967
10.3409
47.1086
19.4514
5.94377
43.3034
35.8249
36.5969
22.9894
40.6577
16.5321
11.2539
6.71853
5.10079
18.2315
41.2514
6.56208
3.2176
3.83568
36.164
0.274656	0.245856	0.375706	0.290745	0.389973	0.540284	0.0454731	0.463467	0.478934	0.596249	0.737706	0.246991	0.545281	0.393955	0.430821	0.301639	0.688705	0.790302	0.296851	0.391409	0.703667	0.970905	0.791888	0.615743	0.146102	0.628207	0.653445	0.769985	0.792465	0.906059	0.886297	0.754752	0.409237	0.0535834	0.156208	0.751497	0.104436	0.759552	0.476041	0.705079	
0.683664	0.0719959	0.58079	0.373546	0.733992	0.622727	0.936782	0.30356	0.0446041	0.0816887	0.950906	0.0516788	0.47065	0.567281	0.444257	0.533178	0.180548	0.321291	0.204715	0.386497	0.534437	0.877101	0.593928	0.995802	0.22035	0.767969	0.355305	0.336774	0.904278	0.600497	0.969761	0.44022	0.836921	0.545353	0.958572	0.611665	0.471846	0.968319	0.291342	0.87383	
0.212529	0.845389	0.0869334	0.191652	0.132092	0.908534	0.818568	0.320267	0.598452	0.297017	0.332487	0.876295	0.506246	0.536586	0.526784	0.542939	0.750986	0.944465	0.453925	0.244501	0.0603967	0.906127	0.0297628	0.377308	0.40004	0.244472	0.615747	0.843369	0.147864	0.876258	0.137304	0.680163	0.870472	0.286887	0.807821	0.376528	0.198378	0.194788	0.626456	0.113389	
0.139532	0.564255	0.988021	0.144016	0.608702	0.709471	0.862795	0.417175	0.797487	0.893081	0.130577	0.833052	0.150128	0.764615	0.568494	0.109539	0.332792	0.368017	0.161788	0.11781	0.874419	0.135455	0.496605	0.521274	0.264088	0.564391	0.765535	0.42257	0.113616	0.838719	0.508379	0.599352	0.0536751	0.970375	0.426715	0.473956	0.230797	0.00982474	0.0815141	0.61436	
0.365554	0.770869	0.782356	0.643006	0.6069	0.439891	0.530224	0.156269	0.340121	0.322544	0.924263	0.895292	0.0789801	0.545261	0.199471	0.527996	0.682333	0.515812	0.864016	0.191631	0.47931	0.54842	0.854587	0.986229	0.368673	0.404381	0.424279	0.993407	0.769372	0.0986938	0.106459	0.193735	0.426893	0.298822	0.898979	0.136254	0.153768	0.170627	0.349681	0.430921	
0.728623	0.643629	0.0760639	0.738797	0.0718096	0.136158	0.682163	0.991902	0.904371	0.177009	0.905267	0.606635	0.265381	0.0835911	0.172376	0.977735	0.173055	0.0123968	0.402363	0.278414	0.0576602	0.900716	0.506498	0.12982	0.685962	0.658125	0.600002	0.525598	0.584694	0.831648	0.237118	0.0486328	0.320399	0.662203	0.790375	0.971155	0.164818	0.955034	0.716792	0.695453	
0.508815	0.761166	0.535897	0.00637665	0.085526	0.867441	0.253338	0.557136	0.809914	0.592409	0.0689996	0.25781	0.0629855	0.253992	0.591044	0.519729	0.841545	0.639677	0.251521	0.672257	0.780287	0.549483	0.869189	0.51027	0.414344	0.484485	0.448859	0.638452	0.151075	0.396111	0.821591	0.350387	0.290344	0.0825827	0.20042	0.271354	0.720614	0.436232	0.898369	0.0651557	
0.859118	0.689391	0.880919	0.969421	0.759044	0.175247	0.550302	0.346302	0.456992	0.0549111	0.62578	0.0963488	0.533688	0.859404	0.973675	0.521993	0.844249	0.106915	0.35633	0.0972932	0.198139	0.0610045	0.934644	0.102949	0.169345	0.84497	0.277355	0.5621	0.518663	0.530881	0.885268	0.422792	0.45225	0.375839	0.221797	0.734095	0.169916	0.03301	0.461143	0.731488	
0.436651	0.648802	0.0582341	0.00824936	0.855294	0.484128	0.777358	0.757925	0.957944	0.532833	0.279673	0.494399	0.0827149	0.207825	0.459798	0.187588	0.336927	0.264295	0.369256	0.825607	0.724515	0.537032	0.476076	0.293283	0.682403	0.760091	0.850676	0.397689	0.926165	0.486145	0.738053	0.0376516	0.90493	0.433745	0.179687	0.196258	0.764352	0.565629	0.7821	0.890403	
0.083934	0.527952	0.170672	0.300527	0.745284	0.527707	0.643517	0.307744	0.315431	0.766171	0.148025	0.751922	0.865681	0.039986	0.0383891	0.672303	0.616444	0.9606	0.341279	0.187124	0.282273	0.294426	0.6937	0.551979	0.120167	0.875347	0.299355	0.678188	0.842636	0.903641	0.450302	0.0435098	0.53767	0.365889	0.456302	0.960758	0.772705	0.909521	0.199598	0.504254	
0.711368	0.0782103	0.648597	0.376994	0.702628	0.605559	0.891964	0.104957	0.267563	0.521869	0.0932427	0.953877	0.148559	0.763779	0.225539	0.269779	0.412828	0.322369	0.470922	0.0791018	0.199815	0.0494342	0.849885	0.422286	0.672304	0.386754	0.41766	0.591321	0.972278	0.0388925	0.0366527	0.0707445	0.467666	0.671122	0.945163	0.324107	0.176639	0.119101	0.898278	0.646436	
0.0753609	0.0165285	0.0884528	0.280847	0.113541	0.877055	0.358557	0.268008	0.813617	0.750989	0.739781	0.0505478	0.989399	0.237743	0.345591	0.187575	0.452816	0.138961	0.638789	0.849803	0.101502	0.816783	0.712489	0.698375	0.635122	0.426543	0.664969	0.0324181	0.567574	0.178906	0.0292587	0.814506	0.0793822	0.386709	0.124153	0.951108	0.810564	0.914901	0.397374	0.00921401	
0.145404	0.852397	0.454891	0.7672	0.0664979	0.752865	0.536353	0.11845	0.328459	0.320214	0.644667	0.283156	0.137947	0.663997	0.804179	0.795762	0.385328	0.0944585	0.764262	0.880211	0.294838	0.556656	0.532351	0.199815	0.01166	0.691506	0.105801	0.912678	0.460839	0.501008	0.633338	0.429106	0.318323	0.552026	0.666739	0.024677	0.906317	0.109509	0.652336	0.222514	
0.328873	0.798474	0.942795	0.921518	0.242354	0.761461	0.888523	0.31029	0.814867	0.180342	0.214783	0.563424	0.68935	0.131077	0.550516	0.55428	0.616678	0.428431	0.129691	0.386534	0.91794	0.242814	0.557124	0.459682	0.358427	0.698812	0.596099	0.500924	0.121795	0.93378	0.286213	0.694349	0.0923957	0.46926	0.171651	0.0568863	0.505746	0.48816	0.267586	0.411546	
0.893053	0.202622	0.982165	0.990848	0.405854	0.381445	0.315123	0.0573238	0.589049	0.0125122	0.853354	0.735981	0.171065	0.92272	0.909777	0.528525	0.166654	0.695921	0.383753	0.188484	0.421	0.591285	0.291416	0.35535	0.16487	0.406756	0.146805	0.947327	0.615907	0.594477	0.631618	0.00816247	0.554574	0.213258	0.20878	0.719392	0.778729	0.440134	0.786899	0.312161	
0.532844	0.784032	0.673839	0.476439	0.259951	0.103393	0.162818	0.747436	0.539335	0.874113	0.251628	0.297543	0.744528	0.3364	0.279036	0.185924	0.381893	0.887624	0.425139	0.393896	0.695809	0.883742	0.00484152	0.83856	0.288214	0.127141	0.753747	0.805026	0.502502	0.858654	0.118219	0.785404	0.731053	0.512744	0.968805	0.841267	0.539939	0.306912	0.294539	0.0597858	
0.662003	0.723576	0.99743	0.659467	0.156411	0.736544	0.912505	0.000387964	0.705293	0.29217	0.378479	0.73722	0.0188045	0.230404	0.703763	0.872064	0.113658	0.954105	0.696083	0.157451	0.135068	0.385855	0.675233	0.491831	0.881043	0.204847	0.217634	0.663732	0.233104	0.68832	0.959522	0.804636	0.891244	0.312009	0.397736	0.665617	0.793881	0.0894286	0.572442	0.641807	
0.505584	0.23109	0.586328	0.2869	0.261235	0.536988	0.429976	0.851103	0.729696	0.0129063	0.183063	0.156593	0.60053	0.570643	0.547191	0.0578987	0.975807	0.208028	0.947444	0.511946	0.892772	0.781042	0.347801	0.35587	0.840381	0.768829	0.192399	0.0910041	0.949991	0.677956	0.709162	0.873401	0.930668	0.88945	0.414774	0.0212436	0.151293	0.759478	0.760369	0.849842	
0.291687	0.679691	0.5872	0.841049	0.0951627	0.160987	0.168235	0.0101008	0.412393	0.500465	0.709663	0.0148494	0.137541	0.883674	0.352487	0.598345	0.49787	0.675262	0.330933	0.253944	0.746639	0.0890046	0.415732	0.95617	0.307725	0.227965	0.514039	0.6759	0.912921	0.625463	0.117531	0.85952	0.369777	0.7855	0.563801	0.931492	0.551444	0.738864	0.729542	0.855626	
0.440066	0.0929282	0.85174	0.767624	0.0719564	0.42372	0.228133	0.36905	0.409225	0.293358	0.0356758	0.341269	0.669233	0.687285	0.166739	0.107034	0.914045	0.212496	0.496646	0.0963052	0.446253	0.480283	0.532995	0.90525	0.972081	0.952765	0.0257799	0.881113	0.808571	0.467235	0.0918316	0.928073	0.478868	0.857945	0.772656	0.0659274	0.758103	0.897887	0.16268	0.436	
