25	25
120.955	0.437075
110.725	0.278275
106.319	0.103524
117.723	0.176335
110.992	0.252745
104.381	0.479719
107.122	0.538766
119.741	0.251627
120.109	0.120024
115.272	0.0256088
109.707	0.09913
105.83	0.384784
113.683	0.727499
123.365	0.336335
106.878	0.581479
100.138	0.520384
109.45	0.973462
100.945	0.391869
108.696	0.929385
99.6069	0.844838
106.517	0.640506
111.503	0.487639
110.823	0.81081
118.216	0.484127
112.652	0.721446
4.32707
20.9516
15.982
4.03179
45.4159
44.5999
37.4836
25.0108
23.609
28.3848
27.678
43.5762
45.0324
3.53217
42.022
40.872
10.4095
16.4758
1.03559
13.7223
17.2342
22.8657
26.8719
31.7665
21.8491
0.133518	0.0458871	0.635191	0.0303964	0.183332	0.90881	0.825647	0.110601	0.626362	0.214581	0.355533	0.230505	0.304749	0.994637	0.374374	0.470138	0.343113	0.294547	0.938063	0.362601	0.211155	0.426596	0.856644	0.979705	0.222698	
0.79031	0.87208	0.0614375	0.235108	0.833091	0.693118	0.413587	0.434349	0.335566	0.017121	0.400327	0.830147	0.0497751	0.99685	0.979765	0.66149	0.764506	0.196817	0.80314	0.340663	0.705512	0.2984	0.904317	0.830022	0.736392	
0.431575	0.459168	0.193391	0.713534	0.288736	0.647113	0.16678	0.961915	0.0958016	0.809238	0.591612	0.727037	0.769338	0.617749	0.0585669	0.395391	0.416878	0.710867	0.15478	0.347462	0.103517	0.447876	0.263408	0.441371	0.67424	
0.534881	0.820385	0.8114	0.778265	0.0298636	0.743131	0.112496	0.388015	0.544462	0.537865	0.038133	0.701849	0.105394	0.63714	0.70657	0.173045	0.144911	0.784695	0.657549	0.857157	0.233191	0.723999	0.399094	0.00526955	0.83539	
0.399631	0.428428	0.0519885	0.636168	0.463529	0.90429	0.454405	0.0127269	0.317668	0.941111	0.903259	0.985136	0.676182	0.828647	0.991316	0.243534	0.375111	0.444754	0.650412	0.405889	0.974668	0.0941838	0.0325274	0.16971	0.872213	
0.46442	0.87436	0.0966441	0.201595	0.223222	0.10353	0.638537	0.571285	0.0272247	0.714957	0.526173	0.985219	0.494897	0.135249	0.431102	0.634102	0.0205548	0.685021	0.898553	0.976928	0.223922	0.76124	0.440964	0.558396	0.249329	
0.712021	0.50568	0.706797	0.905052	0.741749	0.625353	0.342662	0.694878	0.315143	0.181663	0.997745	0.456329	0.902648	0.723917	0.83837	0.316619	0.996345	0.851914	0.805654	0.438619	0.960036	0.873115	0.376487	0.557683	0.484507	
0.314359	0.136783	0.730693	0.643444	0.0295668	0.98749	0.751758	0.399448	0.215737	0.962786	0.521728	0.590914	0.49093	0.0212964	0.441995	0.929264	0.560982	0.395375	0.714536	0.940073	0.259678	0.170327	0.961058	0.355704	0.753338	
0.730791	0.485138	0.523425	0.114867	0.897288	0.505664	0.909953	0.921693	0.745824	0.164694	0.003264	0.678118	0.197101	0.275731	0.951955	0.97658	0.927856	0.144893	0.121676	0.57383	0.0158779	0.200678	0.17589	0.29471	0.544147	
0.801138	0.50474	0.0371406	0.119553	0.098918	0.259275	0.763192	0.542677	0.0359159	0.69634	0.105392	0.715902	0.393674	0.923602	0.0638588	0.590131	0.953284	0.347994	0.978446	0.371334	0.846534	0.697209	0.187645	0.250118	0.609231	
0.523692	0.316433	0.827259	0.913036	0.881522	0.229551	0.508403	0.200275	0.942962	0.354993	0.220116	0.585292	0.710076	0.159926	0.420137	0.146687	0.907489	0.909057	0.0452951	0.407851	0.0435132	0.318462	0.0670696	0.5749	0.989001	
0.49898	0.359698	0.796657	0.573076	0.265242	0.0981258	0.557297	0.324239	0.234094	0.895068	0.217357	0.515828	0.564959	0.574216	0.257577	0.659443	0.345482	0.749944	0.0366742	0.472877	0.99102	0.840314	0.644335	0.821498	0.755734	
0.073333	0.965953	0.820864	0.372034	0.206622	0.560622	0.697332	0.716639	0.651868	0.122888	0.696394	0.384008	0.308557	0.431178	0.494471	0.167312	0.821396	0.895821	0.31929	0.742711	0.69353	0.837732	0.388615	0.163166	0.347417	
0.618616	0.00787411	0.617762	0.600317	0.0909792	0.14872	0.874692	0.641364	0.534226	0.341829	0.0259357	0.991285	0.683229	0.0874529	0.0916367	0.986313	0.483181	0.0547549	0.159523	0.886082	0.471233	0.72048	0.618972	0.590894	0.601866	
0.802716	0.876171	0.992862	0.58835	0.731673	0.495605	0.810887	0.772076	0.000506701	0.708283	0.735388	0.929363	0.214664	0.206979	0.200725	0.982443	0.901264	0.82798	0.718271	0.246758	0.214607	0.297102	0.873786	0.206876	0.733035	
0.434015	0.31788	0.93298	0.460485	0.0472258	0.20977	0.581665	0.392852	0.587211	0.0519842	0.221438	0.088164	0.945868	0.166283	0.0592526	0.468555	0.397842	0.707786	0.110854	0.753342	0.382179	0.191907	0.132604	0.525641	0.243712	
0.611405	0.805974	0.203239	0.176503	0.0472663	0.525055	0.921729	0.276866	0.830466	0.00999102	0.766335	0.939608	0.498561	0.0964814	0.899278	0.657632	0.118601	0.27918	0.413323	0.0418915	0.0701437	0.557937	0.180811	0.171148	0.935399	
0.39739	0.120675	0.269205	0.368449	0.450625	0.835305	0.993658	0.480983	0.264107	0.806439	0.109375	0.861475	0.0901834	0.744741	0.264519	0.187576	0.691826	0.490275	0.176768	0.490863	0.304637	0.947542	0.976284	0.623282	0.198095	
0.255667	0.396358	0.337034	0.296539	0.416443	0.990968	0.52781	0.0514946	0.741867	0.758048	0.844171	0.249537	0.447868	0.756714	0.11234	0.921106	0.496065	0.810513	0.408841	0.698927	0.844786	0.732498	0.912683	0.261261	0.128974	
0.807029	0.962564	0.00436158	0.366833	0.80811	0.735628	0.180001	0.0144496	0.36476	0.644777	0.813811	0.966637	0.0121067	0.386358	0.211076	0.853725	0.964114	0.109994	0.553174	0.142516	0.0357615	0.502239	0.0140404	0.774128	0.524812	
0.211237	0.10527	0.333716	0.853525	0.520133	0.233351	0.544672	0.143612	0.25562	0.850843	0.546488	0.908534	0.717412	0.858382	0.274699	0.135648	0.263389	0.875265	0.443398	0.614295	0.513423	0.0331427	0.770572	0.375859	0.321459	
0.659592	0.20816	0.297891	0.553846	0.455041	0.280397	0.975064	0.990562	0.0609785	0.882189	0.984163	0.317477	0.843747	0.932958	0.727988	0.295332	0.130469	0.340292	0.652335	0.266107	0.995166	0.940446	0.179705	0.436631	0.533228	
0.271528	0.235301	0.576149	0.735019	0.03316	0.605385	0.143158	0.165347	0.590236	0.835518	0.791137	0.0414337	0.682167	0.841403	0.599307	0.834372	0.759816	0.790405	0.801103	0.669811	0.0679405	0.0166683	0.693359	0.352768	0.490284	
0.0582729	0.895038	0.377253	0.951289	0.533714	0.661506	0.00619211	0.734508	0.111094	0.849797	0.287856	0.0104613	0.632011	0.306712	0.460831	0.11884	0.735583	0.518222	0.0066873	0.709052	0.155908	0.654187	0.622688	0.193697	0.829689	
0.281428	0.875882	0.940779	0.232478	0.75468	0.0839235	0.0420571	0.024918	0.0862619	0.381632	0.381102	0.603358	0.827537	0.887445	0.135969	0.189098	0.163414	0.0827219	0.387823	0.58933	0.423397	0.292309	0.276836	0.328488	0.395344	
