25	25
115.074	0.0135926
115.829	0.403601
108.78	0.78599
109.14	0.394567
97.35	0.316524
101.736	0.341543
111.989	0.241019
101.895	0.291774
103.39	0.172157
117.294	0.541227
98.731	0.635683
101.858	0.531166
115.535	0.915504
98.82	0.389756
97.5981	0.910604
110.525	0.497547
99.1139	0.219639
102.336	0.679884
115.558	0.206922
107.221	0.972357
99.134	0.144932
105.997	0.340609
119.25	0.57712
114.055	0.465873
111.797	0.452911
2.16668
24.3386
37.0525
8.23412
26.2909
45.8171
48.2455
33.8182
12.9211
19.6436
24.7064
18.5573
17.5518
31.6042
32.675
42.908
40.8541
3.028
48.1603
23.7628
15.791
22.4189
39.7661
5.9417
25.9708
0.043131	0.533333	0.989396	0.345499	0.530627	0.402453	0.410007	0.94003	0.640468	0.222863	0.344359	0.819877	0.549285	0.169825	0.133422	0.222633	0.967574	0.192775	0.0980286	0.801216	0.710658	0.688437	0.744178	0.949593	0.357957	
0.791266	0.238777	0.340227	0.636726	0.815834	0.054166	0.0518385	0.500809	0.746652	0.109287	0.446751	0.773049	0.0377505	0.577174	0.372052	0.107857	0.316387	0.723968	0.669322	0.475604	0.812673	0.721909	0.291504	0.220654	0.0835402	
0.334011	0.162247	0.925196	0.632506	0.673016	0.463999	0.383589	0.913713	0.359365	0.117533	0.770282	0.41314	0.121981	0.255502	0.293115	0.308628	0.4007	0.718045	0.52779	0.449984	0.110038	0.734283	0.177305	0.304353	0.497334	
0.944236	0.0817943	0.975091	0.140272	0.786538	0.734611	0.636579	0.778264	0.804358	0.560356	0.559344	0.395216	0.0952753	0.97095	0.0602179	0.726801	0.770683	0.325991	0.321593	0.112161	0.969789	0.0862295	0.168341	0.191553	0.362817	
0.982595	0.884213	0.164704	0.353691	0.416013	0.707859	0.115781	0.358359	0.187904	0.352154	0.675628	0.515177	0.509929	0.503089	0.65324	0.951111	0.753358	0.560593	0.129377	0.210579	0.182532	0.271121	0.760707	0.534168	0.968053	
0.855198	0.843945	0.544679	0.074491	0.694372	0.00609751	0.762312	0.944712	0.151131	0.071588	0.730567	0.727919	0.0503689	0.676627	0.797098	0.351219	0.401331	0.0372281	0.90509	0.127302	0.357326	0.299821	0.0875885	0.715735	0.489334	
0.311024	0.105442	0.127723	0.525888	0.929269	0.317704	0.501651	0.904048	0.823344	0.599866	0.70946	0.637626	0.546087	0.576195	0.879359	0.816086	0.918327	0.936346	0.0155419	0.269436	0.668217	0.416165	0.182467	0.997672	0.0628772	
0.946207	0.630375	0.470487	0.935278	0.525697	0.0717664	0.411093	0.610038	0.804511	0.697756	0.59817	0.237365	0.222391	0.174857	0.31562	0.333838	0.127835	0.539573	0.788935	0.292184	0.62795	0.86785	0.45707	0.244104	0.248055	
0.789873	0.780972	0.838198	0.713106	0.887184	0.877482	0.0040963	0.74093	0.84011	0.285229	0.285969	0.183784	0.879915	0.278963	0.243951	0.312715	0.359754	0.971144	0.0303182	0.328224	0.336972	0.500477	0.518337	0.0897158	0.549928	
0.81937	0.696729	0.923112	0.365492	0.123747	0.627513	0.853217	0.799211	0.574592	0.0924693	0.884074	0.891515	0.247927	0.296744	0.103013	0.936272	0.239228	0.793976	0.11306	0.205951	0.18406	0.685628	0.0933902	0.61172	0.512852	
0.56761	0.646583	0.808125	0.107207	0.301588	0.350405	0.950755	0.521879	0.526258	0.746857	0.65683	0.0498394	0.950749	0.0378229	0.51948	0.115666	0.493413	0.0624584	0.526439	0.564961	0.559554	0.816721	0.534307	0.357369	0.335159	
0.0479917	0.217019	0.781519	0.653444	0.226045	0.0911218	0.801133	0.830314	0.934068	0.48928	0.321052	0.834126	0.164789	0.414833	0.232777	0.526957	0.104614	0.868929	0.710384	0.968668	0.130826	0.0645482	0.590232	0.358984	0.21128	
0.156829	0.51188	0.390405	0.390764	0.483985	0.511525	0.740863	0.495343	0.471401	0.766228	0.620667	0.067782	0.734085	0.444742	0.705764	0.0146807	0.859644	0.470543	0.394256	0.461698	0.911334	0.482543	0.0827785	0.989492	0.462039	
0.172271	0.31779	0.64246	0.500702	0.957996	0.775183	0.25693	0.948126	0.600287	0.570684	0.21608	0.032236	0.501539	0.131574	0.261019	0.818958	0.259722	0.0992362	0.606482	0.117774	0.750492	0.152928	0.766657	0.47208	0.843781	
0.275932	0.805425	0.119402	0.317585	0.23389	0.172814	0.530819	0.673602	0.924102	0.932756	0.626003	0.988421	0.0881619	0.330674	0.335344	0.1046	0.676779	0.0978009	0.459399	0.684842	0.335357	0.156756	0.754613	0.866917	0.693405	
0.0393515	0.4365	0.547429	0.755693	0.833991	0.229565	0.479292	0.0992684	0.971556	0.162322	0.360141	0.421083	0.222323	0.87019	0.998009	0.240015	0.492501	0.18249	0.333787	0.723926	0.0450705	0.505085	0.0731027	0.212912	0.269908	
0.36642	0.635828	0.748643	0.0528093	0.458882	0.863362	0.599612	0.567453	0.674296	0.956379	0.674333	0.571736	0.779987	0.127274	0.992656	0.152067	0.142208	0.169722	0.143809	0.658161	0.739655	0.156923	0.161753	0.678042	0.344552	
0.895246	0.205237	0.0335416	0.410383	0.492424	0.943913	0.23147	0.557517	0.455827	0.55885	0.137668	0.97834	0.387957	0.222037	0.648133	0.422166	0.160242	0.645128	0.786174	0.901978	0.662978	0.508722	0.203823	0.449742	0.293433	
0.17452	0.153592	0.854635	0.975363	0.879696	0.824233	0.337326	0.534399	0.289868	0.173595	0.625806	0.339798	0.629079	0.33341	0.0642597	0.383215	0.268708	0.997758	0.922185	0.210934	0.203144	0.309807	0.931327	0.421956	0.606509	
0.285877	0.480689	0.937958	0.950548	0.996807	0.617992	0.455964	0.588905	0.230336	0.863223	0.832436	0.604658	0.881606	0.0742075	0.89109	0.683024	0.522094	0.0361825	0.48486	0.341343	0.137953	0.404015	0.458314	0.437327	0.287276	
0.422022	0.657438	0.055383	0.275134	0.756641	0.386572	0.34772	0.0528582	0.724752	0.163654	0.084413	0.166153	0.586106	0.904687	0.237702	0.0544603	0.549108	0.673569	0.0741296	0.955903	0.878572	0.366256	0.510972	0.547785	0.482685	
0.0793919	0.743279	0.643905	0.89127	0.753896	0.0524659	0.546948	0.554995	0.491505	0.292827	0.86123	0.28368	0.493087	0.892013	0.42187	0.558007	0.744712	0.0213025	0.319921	0.856662	0.258258	0.48268	0.273927	0.900167	0.868818	
0.794385	0.855096	0.197267	0.536236	0.702638	0.110687	0.894477	0.811114	0.969013	0.7834	0.206848	0.22308	0.511459	0.53635	0.498643	0.212868	0.72608	0.437685	0.694028	0.435444	0.553458	0.653665	0.334877	0.216351	0.17142	
0.757369	0.000623453	0.931395	0.44714	0.49402	0.915583	0.129604	0.795893	0.350134	0.759384	0.965363	0.115492	0.533079	0.0569623	0.0605199	0.267523	0.831028	0.174155	0.222821	0.179833	0.16624	0.769672	0.903224	0.942977	0.248507	
0.345692	0.64534	0.772879	0.671106	0.0608519	0.333717	0.964276	0.697692	0.346399	0.483833	0.201029	0.00271491	0.855715	0.932561	0.2204	0.385042	0.60478	0.423383	0.322578	0.0272963	0.0582394	0.0545854	0.743455	0.374449	0.0803673	
