10	20
46.7808	0.520975
50.6438	0.764601
42.788	0.0854866
45.6333	0.301013
45.6324	0.30545
43.8249	0.552662
47.7135	0.218224
48.4935	0.293904
47.6713	0.521614
42.6736	0.957887
9.35257
6.92448
29.2148
10.5399
28.5356
6.4098
12.8272
48.6854
17.4326
26.5786
29.8109
48.9382
7.60635
9.37104
13.1556
21.8928
44.6137
37.0013
43.523
4.64854
0.281433	0.705266	0.496679	0.377194	0.12719	0.688731	0.432896	0.344305	0.379864	0.185274	0.957199	0.0375862	0.820614	0.650055	0.777729	0.186147	0.449616	0.105987	0.847607	0.972769	
0.427037	0.267588	0.513523	0.364318	0.674801	0.928201	0.172584	0.901391	0.485005	0.129098	0.991401	0.461325	0.220909	0.35112	0.848928	0.829308	0.335574	0.56886	0.859617	0.155613	
0.605774	0.965427	0.849736	0.926312	0.367983	0.916938	0.883393	0.139235	0.215357	0.687361	0.195548	0.0742247	0.565548	0.801048	0.321351	0.681064	0.949643	0.256837	0.355983	0.723804	
0.999321	0.622092	0.255512	0.298896	0.243629	0.687988	0.419506	0.712879	0.212557	0.433006	0.58002	0.856022	0.572961	0.579512	0.404685	0.679758	0.383455	0.966548	0.98843	0.610071	
0.279691	0.812126	0.435179	0.958275	0.665328	0.272024	0.307219	0.317618	0.906813	0.128604	0.294294	0.81559	0.824753	0.611541	0.182513	0.776832	0.429248	0.961521	0.158539	0.103395	
0.84679	0.357167	0.919684	0.00565609	0.497772	0.0305011	0.848743	0.403996	0.396373	0.270539	0.641955	0.605018	0.423509	0.19387	0.840422	0.0975882	0.417917	0.874179	0.566205	0.669142	
0.969917	0.760491	0.173819	0.748458	0.987336	0.340318	0.0570792	0.622554	0.934139	0.287618	0.340926	0.126918	0.391324	0.946359	0.0319183	0.873787	0.76526	0.676662	0.306558	0.607678	
0.218701	0.576821	0.299325	0.543689	0.263376	0.0294731	0.320572	0.211206	0.67043	0.449229	0.708335	0.365606	0.837483	0.141565	0.471895	0.856964	0.539563	0.263076	0.755171	0.396485	
0.66321	0.718893	0.622341	0.616221	0.514174	0.478223	0.862733	0.762113	0.838651	0.539669	0.0891198	0.979283	0.803889	0.232211	0.847253	0.801811	0.34659	0.104726	0.7834	0.991312	
0.034639	0.19953	0.0226157	0.476147	0.851582	0.258591	0.697739	0.517449	0.72499	0.640058	0.00657044	0.444749	0.370252	0.50154	0.198243	0.124189	0.431705	0.77607	0.537647	0.806001	
