15	30
68.0016	0.113746
69.7793	0.00606355
66.4146	0.627797
68.9105	0.623361
60.0343	0.297147
66.5024	0.943504
67.8777	0.53607
60.9032	0.885522
69.7948	0.806892
62.9284	0.199608
65.286	0.597065
69.3923	0.446613
72.8172	0.808677
61.4663	0.434506
72.4813	0.204712
46.6195
9.14385
30.4393
30.3941
49.6518
31.7654
33.118
39.0322
21.8182
17.5641
24.8735
4.24667
20.1233
6.68676
46.8944
48.035
42.7946
27.7664
39.3374
44.7586
31.8879
13.9018
19.2716
37.4429
12.7988
26.5863
9.70236
28.6317
10.9453
48.3837
0.783087	0.00235495	0.255482	0.130177	0.609732	0.693587	0.260003	0.166042	0.156138	0.56809	0.785163	0.767951	0.612253	0.360808	0.312115	0.939222	0.217879	0.493472	0.712912	0.590628	0.984954	0.658569	0.0874748	0.718426	0.218968	0.193007	0.298312	0.293418	0.270785	0.11349	
0.731168	0.264439	0.778291	0.959299	0.456654	0.490956	0.313661	0.248454	0.331552	0.402588	0.274996	0.348512	0.671952	0.135873	0.0192203	0.12871	0.171852	0.453054	0.51984	0.51212	0.636755	0.945904	0.602063	0.643818	0.0915748	0.810035	0.21226	0.49266	0.0461175	0.225049	
0.297051	0.939661	0.224837	0.207162	0.0663422	0.385589	0.221403	0.786489	0.98381	0.636115	0.0759155	0.0871145	0.213266	0.114268	0.268945	0.125585	0.311408	0.0842571	0.0599547	0.20298	0.0105414	0.755615	0.0604871	0.0636102	0.550715	0.724901	0.966864	0.119573	0.542215	0.940881	
0.622164	0.549862	0.476252	0.846196	0.268793	0.144492	0.781425	0.0830054	0.416827	0.876252	0.536702	0.593412	0.906992	0.822645	0.0168061	0.396078	0.986118	0.469831	0.884034	0.13598	0.740152	0.251829	0.56018	0.0242751	0.587127	0.00316953	0.00824821	0.237211	0.376892	0.89072	
0.636685	0.378975	0.0113118	0.20381	0.0574017	0.264985	0.330477	0.863283	0.3272	0.534275	0.89177	0.932718	0.559722	0.216506	0.925777	0.541912	0.471695	0.695084	0.368944	0.571288	0.548372	0.325182	0.0901523	0.161268	0.882603	0.890288	0.254526	0.925031	0.792976	0.396856	
0.684745	0.173521	0.0303961	0.0980562	0.271887	0.213515	0.600213	0.328791	0.142629	0.533275	0.630135	0.307749	0.0401512	0.970076	0.590429	0.657686	0.889397	0.0791311	0.986652	0.0959914	0.214205	0.423767	0.0491549	0.721993	0.789464	0.227314	0.754105	0.160606	0.323312	0.443581	
0.759017	0.924484	0.983731	0.495889	0.641995	0.264338	0.883489	0.95027	0.607939	0.489608	0.93964	0.312395	0.403166	0.492428	0.093191	0.266204	0.814897	0.346302	0.883172	0.883158	0.836749	0.378541	0.707681	0.158025	0.729087	0.744369	0.148621	0.339082	0.372651	0.764443	
0.680254	0.962399	0.147624	0.247172	0.788117	0.636628	0.18128	0.933484	0.683368	0.473719	0.136926	0.180163	0.054178	0.414385	0.740744	0.686809	0.743817	0.480014	0.766375	0.983122	0.715408	0.509667	0.105869	0.0302582	0.175821	0.651855	0.924347	0.801717	0.861525	0.256574	
0.256431	0.0751951	0.795782	0.534175	0.0964587	0.169935	0.940685	0.525482	0.697408	0.0938586	0.605058	0.480381	0.517554	0.881038	0.612022	0.922788	0.821116	0.0680827	0.686613	0.145621	0.628583	0.423094	0.691414	0.233575	0.331764	0.547093	0.0284087	0.597727	0.0302191	0.390752	
0.915666	0.857766	0.71955	0.914258	0.730929	0.0331303	0.931719	0.719081	0.201901	0.454047	0.0397573	0.208966	0.825454	0.727861	0.721459	0.613467	0.470054	0.601045	0.800192	0.15439	0.72433	0.388034	0.95575	0.495924	0.993947	0.040478	0.556371	0.430816	0.998549	0.554517	
0.743176	0.868864	0.708665	0.555246	0.915459	0.736714	0.711386	0.515705	0.0354492	0.648152	0.501386	0.261319	0.871194	0.202671	0.665338	0.0867988	0.381788	0.211825	0.733108	0.913994	0.494955	0.41207	0.12942	0.847148	0.219495	0.515303	0.830649	0.304564	0.882441	0.530109	
0.73573	0.221823	0.956235	0.966242	0.275728	0.456433	0.387051	0.520211	0.509076	0.211251	0.208133	0.552435	0.730247	0.287216	0.504912	0.39182	0.206825	0.413569	0.811871	0.283571	0.480028	0.316643	0.63856	0.624324	0.155646	0.957941	0.568999	0.208761	0.758004	0.365701	
0.97266	0.745823	0.783549	0.0180428	0.899291	0.566302	0.21154	0.601332	0.102817	0.606088	0.882226	0.975887	0.484051	0.721403	0.302571	0.87424	0.847367	0.949599	0.354469	0.420564	0.46339	0.304332	0.403129	0.682421	0.886276	0.0359946	0.284668	0.752036	0.631418	0.488812	
0.860886	0.00338904	0.98147	0.173976	0.0823343	0.192671	0.0287355	0.66102	0.503326	0.567431	0.485643	0.260097	0.157423	0.447641	0.147216	0.644932	0.623893	0.669138	0.0624055	0.756053	0.0230231	0.0733231	0.383039	0.995564	0.976311	0.216781	0.808124	0.228041	0.995543	0.640881	
0.216288	0.909279	0.301424	0.107731	0.907667	0.177976	0.0739095	0.562951	0.975628	0.87584	0.747412	0.651108	0.245547	0.64849	0.687958	0.937194	0.567464	0.137421	0.042715	0.548565	0.273726	0.709239	0.440122	0.674432	0.866157	0.368895	0.0784315	0.968048	0.933403	0.26459	
