20	50
96.4254	0.392718
87.6787	0.995951
88.264	0.500794
81.9654	0.683553
94.8686	0.714382
92.0202	0.549899
85.5773	0.885612
96.4126	0.948387
83.4254	0.470693
90.1494	0.781565
83.5428	0.345809
84.1727	0.130937
94.2163	0.729584
93.8144	0.0202664
89.0826	0.0627532
96.8113	0.883303
95.2503	0.472708
84.4711	0.221205
80.3912	0.185127
81.9748	0.131699
15.6072
49.0921
2.27905
43.3942
29.2377
24.3257
48.117
48.0133
4.76929
38.7778
21.7804
27.9907
20.5142
37.5221
4.33787
43.0659
4.79181
45.6743
6.59718
1.80573
46.5899
46.6853
42.6161
33.5498
19.2344
42.226
9.12902
41.3612
47.1348
22.375
48.0721
44.7457
19.3232
42.8641
8.45629
2.55112
17.9057
38.663
27.5924
15.0128
29.1566
15.14
20.7387
17.5247
12.0223
5.63721
17.4805
7.23606
16.8164
49.3264
0.261688	0.678272	0.897726	0.44061	0.898624	0.346775	0.29956	0.129507	0.817318	0.0614546	0.847459	0.983318	0.516003	0.112121	0.181697	0.59211	0.13677	0.143905	0.990576	0.919022	0.515059	0.433197	0.787393	0.0916964	0.125549	0.326923	0.605813	0.920897	0.188803	0.234423	0.101606	0.779042	0.835011	0.586544	0.777402	0.168574	0.619296	0.702456	0.0315277	0.472865	0.763167	0.0132707	0.819694	0.29611	0.354605	0.254843	0.326128	0.532829	0.913457	0.371084	
0.575968	0.684607	0.0433812	0.0943826	0.827708	0.127049	0.522343	0.888743	0.489099	0.0593587	0.964857	0.470763	0.55814	0.811741	0.693082	0.938428	0.519884	0.592044	0.997163	0.252839	0.377451	0.552332	0.866223	0.265817	0.815753	0.387314	0.0636946	0.749968	0.0860216	0.833723	0.281612	0.916828	0.483367	0.740092	0.8872	0.546628	0.468928	0.676891	0.269564	0.397287	0.418757	0.295651	0.289395	0.817816	0.599822	0.717316	0.0135726	0.308177	0.833154	0.618135	
0.4425	0.0544443	0.656189	0.673337	0.24816	0.207361	0.991117	0.463339	0.201233	0.71722	0.404973	0.238612	0.364943	0.47996	0.776993	0.679491	0.407096	0.281926	0.474469	0.516084	0.188879	0.339776	0.504055	0.469106	0.174559	0.0311231	0.829194	0.563023	0.76396	0.271793	0.170075	0.698666	0.736734	0.413914	0.722608	0.296251	0.994558	0.797971	0.370017	0.184753	0.502553	0.70269	0.682912	0.50122	0.385084	0.409118	0.950979	0.936241	0.489644	0.368472	
0.905096	0.26384	0.0916948	0.142224	0.784273	0.587224	0.284531	0.130115	0.912231	0.0911694	0.814793	0.100355	0.486083	0.147927	0.0850342	0.843801	0.658679	0.597687	0.544508	0.381681	0.260657	0.874473	0.444891	0.614849	0.682323	0.444331	0.414992	0.895825	0.150705	0.650642	0.599062	0.725411	0.583068	0.967512	0.415114	0.513327	0.421443	0.786534	0.468662	0.30492	0.836104	0.146926	0.652624	0.604462	0.728565	0.751117	0.787285	0.0479364	0.715425	0.499041	
0.328696	0.675187	0.0935189	0.711581	0.451121	0.655363	0.278902	0.746623	0.978067	0.718056	0.672756	0.425761	0.438624	0.397549	0.820904	0.030003	0.623339	0.915817	0.330772	0.641465	0.965945	0.938556	0.801054	0.440042	0.604524	0.233285	0.575644	0.290607	0.366431	0.508404	0.971828	0.28882	0.574458	0.629278	0.93008	0.0627171	0.450281	0.268136	0.326795	0.847405	0.919843	0.577812	0.965277	0.158623	0.651075	0.113248	0.48999	0.0500312	0.643475	0.896431	
0.0621072	0.961468	0.596507	0.304107	0.728215	0.554545	0.679571	0.843355	0.210804	0.658073	0.171936	0.915165	0.546266	0.535196	0.742995	0.575967	0.733144	0.294455	0.00262954	0.418084	0.678516	0.0441025	0.340696	0.000881355	0.665132	0.662756	0.528764	0.17362	0.0779805	0.808107	0.167005	0.234819	0.899524	0.434722	0.534574	0.0200864	0.333714	0.197856	0.952602	0.575241	0.479915	0.684439	0.304643	0.468283	0.23187	0.99142	0.938954	0.245588	0.260185	0.148496	
0.518642	0.268856	0.90915	0.849893	0.739044	0.536915	0.169211	0.774785	0.585212	0.233421	0.222666	0.879624	0.421923	0.0977343	0.894903	0.489456	0.453413	0.984913	0.116629	0.0621995	0.340007	0.634332	0.287444	0.401736	0.76192	0.489954	0.983355	0.415155	0.756021	0.942389	0.4079	0.105819	0.478535	0.226302	0.502595	0.764821	0.304171	0.395995	0.349401	0.483078	0.887393	0.684153	0.320812	0.271542	0.0101727	0.886099	0.864992	0.0807627	0.581878	0.887423	
0.39993	0.187895	0.875883	0.25456	0.968282	0.126356	0.162272	0.0706014	0.691122	0.670428	0.648337	0.493851	0.0278756	0.309278	0.0214253	0.136984	0.363585	0.219415	0.611382	0.464154	0.878621	0.0305105	0.85716	0.413239	0.0444236	0.512646	0.630134	0.306627	0.636084	0.597108	0.568666	0.496391	0.638162	0.202069	0.772349	0.319672	0.309372	0.717677	0.272737	0.513537	0.375691	0.211607	0.332402	0.718526	0.486403	0.540221	0.54168	0.422533	0.992988	0.916731	
0.51583	0.261734	0.453064	0.113718	0.181504	0.62288	0.667481	0.703244	0.266492	0.531758	0.170891	0.232787	0.675762	0.0268167	0.238236	0.561711	0.437764	0.168501	0.441762	0.85296	0.381573	0.715831	0.11891	0.737474	0.454058	0.151317	0.35638	0.517687	0.627073	0.276353	0.445555	0.327008	0.233307	0.737634	0.765855	0.0022669	0.245481	0.763857	0.786186	0.386766	0.409622	0.838032	0.427836	0.608413	0.422163	0.366914	0.155312	0.478197	0.574577	0.558797	
0.0180221	0.140318	0.553314	0.375876	0.239034	0.449591	0.655673	0.00379549	0.65226	0.641217	0.209091	0.00694251	0.0783429	0.585462	0.764164	0.724506	0.473646	0.694641	0.917412	0.240144	0.389035	0.372155	0.0259445	0.185854	0.341253	0.0917906	0.484884	0.300587	0.939993	0.508815	0.734731	0.529197	0.758556	0.725659	0.30176	0.666115	0.509444	0.537245	0.500065	0.434315	0.853657	0.759105	0.385477	0.570942	0.801782	0.59408	0.325617	0.484099	0.393284	0.278099	
0.0754187	0.140663	0.749312	0.0244174	0.133132	0.70398	0.826762	0.935661	0.373419	0.333935	0.637997	0.873028	0.0448069	0.54167	0.453694	0.206331	0.464341	0.309095	0.627909	0.59863	0.556896	0.685296	0.149974	0.512325	0.200034	0.0784288	0.62205	0.101843	0.28657	0.342165	0.415873	0.640454	0.176328	0.154103	0.235373	0.567777	0.300829	0.309794	0.240081	0.260548	0.259596	0.11128	0.00294749	0.916814	0.888506	0.638221	0.952007	0.878769	0.276915	0.351157	
0.38683	0.162534	0.512292	0.082899	0.08346	0.13542	0.306832	0.593648	0.107607	0.639451	0.778137	0.528935	0.307898	0.565819	0.264512	0.63607	0.21438	0.884298	0.0107499	0.460632	0.931465	0.453023	0.109607	0.608554	0.0204927	0.607162	0.63646	0.270489	0.993857	0.993729	0.994371	0.84336	0.908782	0.154503	0.388758	0.95238	0.918606	0.0577953	0.752338	0.0317946	0.269206	0.0744543	0.0915652	0.633302	0.876928	0.329307	0.981874	0.89239	0.707424	0.783921	
0.670691	0.0323969	0.253374	0.403387	0.379858	0.115813	0.732782	0.254625	0.183819	0.171085	0.71526	0.718641	0.57377	0.650744	0.387703	0.994238	0.284471	0.44042	0.789828	0.187231	0.571954	0.959385	0.971416	0.693693	0.22849	0.546427	0.277557	0.119196	0.165462	0.1193	0.435774	0.525461	0.583208	0.50372	0.896343	0.298563	0.791995	0.320717	0.44743	0.0844251	0.711566	0.308725	0.82724	0.39048	0.983719	0.014953	0.791447	0.857018	0.123861	0.0772715	
0.0757792	0.942571	0.850369	0.125543	0.903957	0.597466	0.0337781	0.247044	0.681909	0.430998	0.467251	0.665792	0.707573	0.676583	0.905825	0.263602	0.400962	0.513799	0.749856	0.0382757	0.352108	0.583967	0.451421	0.282069	0.665789	0.438386	0.385573	0.051405	0.300481	0.422401	0.534068	0.0130261	0.123549	0.829683	0.21732	0.337217	0.346649	0.757189	0.0322615	0.607318	0.494564	0.556274	0.806612	0.189006	0.442683	0.644633	0.690042	0.403279	0.657139	0.975955	
0.0401634	0.247138	0.923519	0.841569	0.0475595	0.794503	0.437217	0.970939	0.359042	0.0659356	0.236092	0.458874	0.339065	0.0657307	0.603115	0.827796	0.415615	0.0362147	0.20334	0.160107	0.684518	0.271752	0.428571	0.335097	0.0774107	0.281314	0.614126	0.212814	0.741419	0.468921	0.651174	0.226946	0.185033	0.17888	0.0679919	0.769135	0.00742507	0.153788	0.812214	0.329017	0.87633	0.972341	0.949579	0.889674	0.252438	0.595407	0.343764	0.531395	0.566757	0.988733	
0.296313	0.940272	0.220793	0.562853	0.550445	0.105523	0.836997	0.770004	0.445266	0.846618	0.561082	0.506131	0.357786	0.0493838	0.940125	0.75615	0.130287	0.38588	0.789742	0.135729	0.888482	0.590834	0.31044	0.603881	0.970445	0.444072	0.741564	0.990154	0.116605	0.720027	0.620036	0.107286	0.748916	0.48214	0.234506	0.271718	0.780391	0.965231	0.759	0.349688	0.411713	0.234018	0.518656	0.638236	0.913366	0.692236	0.668365	0.689274	0.0148534	0.801196	
0.41838	0.993584	0.523589	0.16925	0.844194	0.615887	0.181073	0.147071	0.183858	0.999397	0.257944	0.445236	0.497399	0.990817	0.388302	0.116033	0.946648	0.081958	0.675694	0.747566	0.731364	0.659997	0.369819	0.620519	0.146222	0.200467	0.633325	0.0323707	0.48626	0.3812	0.188868	0.728296	0.45376	0.881227	0.644329	0.897975	0.763755	0.597189	0.47674	0.181941	0.612104	0.782128	0.234224	0.269856	0.535437	0.0375897	0.837082	0.00707465	0.470567	0.0494358	
0.663251	0.883868	0.757757	0.729995	0.382298	0.326277	0.420261	0.303578	0.416392	0.0446207	0.229496	0.10458	0.588198	0.63683	0.84936	0.561047	0.485723	0.513979	0.748777	0.713774	0.122568	0.509755	0.222032	0.67035	8.21855e-06	0.732808	0.781686	0.92882	0.542915	0.81717	0.00164454	0.2906	0.0324383	0.398095	0.0804486	0.767198	0.661455	0.178513	0.946373	0.000941978	0.888799	0.711647	0.381533	0.595396	0.994046	0.928084	0.711364	0.75938	0.398085	0.252851	
0.797899	0.0693775	0.0877305	0.475427	0.319476	0.439542	0.930175	0.768738	0.169466	0.372649	0.912639	0.592072	0.0935219	0.442299	0.124018	0.0857172	0.494283	0.145969	0.661007	0.977282	0.181351	0.35307	0.392417	0.186807	0.527784	0.71191	0.84813	0.699236	0.772455	0.270515	0.185179	0.222169	0.00488622	0.83216	0.440167	0.514874	0.856389	0.316308	0.27158	0.824614	0.0375963	0.393344	0.324898	0.143409	0.909993	0.907159	0.409867	0.455637	0.770997	0.0633864	
0.497293	0.495659	0.0195762	0.281214	0.339296	0.552116	0.459504	0.393535	0.7701	0.145741	0.221523	0.396227	0.890498	0.434236	0.9793	0.637537	0.619147	0.377719	0.448433	0.577896	0.454627	0.0871921	0.110213	0.447849	0.759468	0.640214	0.735778	0.0459896	0.0675798	0.189573	0.431766	0.242441	0.644584	0.774226	0.680974	0.971293	0.0481742	0.499156	0.00253282	0.508366	0.919371	0.246939	0.935813	0.441044	0.100893	0.830558	0.826234	0.45642	0.139208	0.951072	
