25	25
127.426	0.22859
118.017	0.43296
111.153	0.522025
113.93	0.861131
108.002	0.694319
120.796	0.118329
123.485	0.596086
114.788	0.220568
117.504	0.457993
120.294	0.598341
124.954	0.548071
115.611	0.725313
116.625	0.621058
104.856	0.460892
123.196	0.364719
112.02	0.458462
102.301	0.747316
110.302	0.60164
120.965	0.137597
116.41	0.543644
105.247	0.523382
115.159	0.687423
126.141	0.327377
107.666	0.974526
122.144	0.218371
37.7353
34.4517
15.8601
35.6875
26.8805
21.6902
47.5309
3.89258
36.4684
38.6471
33.1816
10.6734
2.64782
2.89307
24.0061
16.9703
41.8007
17.2447
5.93738
23.9886
5.90441
44.3406
5.59166
17.5123
45.5312
0.20546	0.86823	0.103013	0.778288	0.791299	0.538005	0.635491	0.0899993	0.791975	0.324496	0.861086	0.760833	0.990137	0.0176669	0.173957	0.541304	0.0423299	0.607187	0.948215	0.988551	0.795026	0.566642	0.341865	0.0482346	0.421734	
0.076189	0.241947	0.144444	0.390249	0.979354	0.69012	0.0911985	0.247341	0.461732	0.132985	0.849365	0.716078	0.538681	0.593825	0.948221	0.670272	0.676674	0.121707	0.824575	5.42178e-05	0.719058	0.250342	0.798802	0.865305	0.415193	
0.914243	0.96796	0.810694	0.114654	0.677784	0.354003	0.245083	0.236218	0.942214	0.838888	0.586697	0.202256	0.86931	0.809628	0.4058	0.723823	0.85059	0.891479	0.1293	0.0814765	0.977242	0.0404915	0.120006	0.710842	0.616779	
0.734812	0.880325	0.241537	0.276388	0.562699	0.702307	0.729994	0.652548	0.39146	0.660225	0.0156816	0.988621	0.0390039	0.393874	0.708791	0.481487	0.227767	0.126977	0.524949	0.68794	0.974282	0.494864	0.782127	0.090664	0.952613	
0.640123	0.888687	0.854287	0.917129	0.600347	0.82713	0.292625	0.71244	0.890918	0.956681	0.961804	0.757327	0.899705	0.563498	0.475355	0.150279	0.723174	0.919691	0.124152	0.547624	0.381435	0.598974	0.747725	0.574394	0.972557	
0.125416	0.898558	0.528004	0.273135	0.510394	0.919669	0.650927	0.110497	0.632985	0.0371221	0.78696	0.452441	0.357681	0.940812	0.982105	0.981137	0.647576	0.190397	0.729613	0.637772	0.0306154	0.4761	0.634359	0.57065	0.62423	
0.581253	0.23991	0.378226	0.620808	0.260911	0.0299152	0.48443	0.240585	0.249459	0.551543	0.887654	0.298108	0.578621	0.664891	0.164144	0.852235	0.395841	0.498863	0.774256	0.379612	0.0329944	0.426866	0.415551	0.919954	0.750755	
0.432354	0.801924	0.775757	0.35133	0.983009	0.0523612	0.281842	0.85046	0.877186	0.208448	0.123842	0.0363996	0.0933189	0.45175	0.295828	0.468472	0.228121	0.416453	0.881819	0.811878	0.0401932	0.319595	0.377947	0.617799	0.356037	
0.503504	0.0463265	0.0442917	0.453273	0.862848	0.775669	0.799389	0.994071	0.369002	0.734279	0.344638	0.18975	0.993267	0.741103	0.676693	0.553909	0.991784	0.232453	0.716627	0.963868	0.52474	0.321193	0.33645	0.787828	0.944418	
0.491612	0.462018	0.00980622	0.646591	0.806322	0.642496	0.131542	0.472592	0.428048	0.462983	0.495498	0.796495	0.112845	0.596796	0.628255	0.70333	0.0881135	0.811879	0.465933	0.911216	0.0120803	0.41327	0.270457	0.702205	0.316073	
0.532981	0.215891	0.461143	0.428749	0.579647	0.153697	0.817805	0.211686	0.557632	0.854278	0.179056	0.654545	0.290758	0.331556	0.483253	0.410001	0.913601	0.649983	0.290551	0.548167	0.0793363	0.864345	0.652143	0.193465	0.277607	
0.679866	0.723186	0.433024	0.268248	0.0574451	0.857079	0.10253	0.0192196	0.841992	0.0763732	0.81666	0.742126	0.486429	0.0923564	0.631819	0.920905	0.608055	0.689373	0.984328	0.488855	0.93585	0.413399	0.244712	0.489133	0.37215	
0.914848	0.960543	0.208906	0.23878	0.325509	0.79478	0.272509	0.152079	0.290174	0.404346	0.114035	0.017723	0.724819	0.425047	0.381177	0.119544	0.351048	0.744736	0.00813394	0.0682322	0.141489	0.10929	0.276315	0.116324	0.711744	
0.259835	0.55376	0.893374	0.0765186	0.79054	0.926424	0.181131	0.390117	0.149069	0.98254	0.388438	0.0107963	0.809622	0.716711	0.765128	0.583692	0.253132	0.795052	0.356239	0.825965	0.565525	0.391171	0.696935	0.116294	0.115194	
0.555756	0.332162	0.688089	0.298003	0.398705	0.302417	0.936753	0.627203	0.914427	0.888795	0.785688	0.437215	0.814203	0.895008	0.115372	0.548632	0.391075	0.976164	0.561981	0.0260334	0.813332	0.660565	0.10302	0.840484	0.498716	
0.173438	0.999651	0.234269	0.0131111	0.0454948	0.760118	0.326989	0.517346	0.788236	0.189739	0.257057	0.878304	0.019214	0.867313	0.47973	0.964807	0.897382	0.8121	0.79582	0.766237	0.954332	0.637453	0.146852	0.261088	0.88211	
0.527805	0.797148	0.736226	0.226826	0.63584	0.834699	0.0120894	0.696045	0.347476	0.413306	0.121577	0.332036	0.171906	0.408152	0.815435	0.382026	0.634133	0.792119	0.649773	0.472203	0.308329	0.102612	0.407291	0.886035	0.581311	
0.238268	0.89428	0.108886	0.867539	0.631586	0.219492	0.639214	0.406934	0.759652	0.715037	0.460009	0.72843	0.393269	0.645378	0.498084	0.444631	0.325154	0.560894	0.515313	0.872569	0.0916737	0.512769	0.307628	0.955013	0.015098	
0.691538	0.9041	0.560343	0.109511	0.425063	0.997498	0.149391	0.0484412	0.808787	0.363097	0.17104	0.845994	0.0304105	0.953983	0.515012	0.28776	0.0326754	0.729448	0.711921	0.128757	0.491317	0.172919	0.750007	0.29538	0.536019	
0.107288	0.829204	0.0311159	0.756727	0.889046	0.471531	0.357026	0.686921	0.479777	0.330998	0.845885	0.646348	0.791633	0.292479	0.728664	0.239868	0.342025	0.589496	0.0394434	0.0769587	0.655659	0.438347	0.0511077	0.314721	0.0578346	
0.250301	0.596902	0.971292	0.214645	0.232653	0.69264	0.376718	0.832158	0.346387	0.502077	0.0747182	0.189438	0.719173	0.971106	0.896569	0.456289	0.000869083	0.446337	0.000670843	0.360286	0.598862	0.372793	0.318601	0.685373	0.838139	
0.94431	0.888448	0.139859	0.908571	0.425719	0.777027	0.789815	0.0416468	0.89175	0.739375	0.384425	0.296834	0.359984	0.168403	0.0602983	0.274457	0.590063	0.109901	0.28384	0.390316	0.518306	0.672695	0.664299	0.44805	0.091409	
0.988607	0.0988575	0.91186	0.537085	0.95083	0.376118	0.252771	0.219963	0.373826	0.340635	0.487193	0.0389758	0.668154	0.395592	0.545681	0.563956	0.893926	0.0720339	0.869931	0.698969	0.968089	0.765452	0.497814	0.187885	0.677804	
0.951595	0.809075	0.899664	0.768529	0.638057	0.851519	0.143234	0.784869	0.145351	0.392669	0.718942	0.299456	0.474213	0.366107	0.942738	0.326356	0.853961	0.570431	0.826706	0.55734	0.391485	0.0120332	0.802012	0.6557	0.0624733	
0.629727	0.831185	0.376831	0.408238	0.125172	0.557982	0.159763	0.438434	0.511218	0.761987	0.366002	0.929809	0.423611	0.354716	0.921019	0.197594	0.533573	0.991181	0.421476	0.301359	0.395531	0.352849	0.111899	0.477336	0.560722	
