20	20
89.8018	0.462117
92.5062	0.50812
85.904	0.0711545
83.894	0.628882
87.3567	0.23897
86.3614	0.614022
99.8577	0.12302
96.5808	0.485184
101.082	0.743173
99.1284	0.767378
97.368	0.107049
82.7288	0.000281774
92.7937	0.224418
86.5266	0.905985
98.4557	0.987709
96.0562	0.06224
88.1428	0.266023
89.1638	0.373921
83.0533	0.514553
81.9083	0.114598
33.7755
18.4878
36.0128
43.6252
48.882
12.9066
23.3157
8.93644
49.8376
1.35181
6.37595
42.1698
6.66816
47.7991
46.4475
2.07677
21.1609
40.2884
39.3584
9.34712
0.972419	0.857452	0.341882	0.56721	0.00216902	0.907094	0.688401	0.671096	0.432803	0.970441	0.969922	0.232743	0.818727	0.569382	0.0966366	0.00723471	0.902222	0.380168	0.863463	0.985185	
0.883269	0.571755	0.0735251	0.424685	0.0438402	0.962849	0.535032	0.300182	0.0858392	0.164453	0.572716	0.648868	0.322177	0.0818177	0.803442	0.552484	0.601687	0.759923	0.254719	0.416967	
0.0609923	0.656048	0.316199	0.271482	0.435889	0.592397	0.486793	0.983899	0.861209	0.572049	0.92515	0.257551	0.853246	0.585182	0.523701	0.307649	0.505294	0.453672	0.750563	0.0258043	
0.43099	0.364914	0.683169	0.728069	0.522595	0.724239	0.0871236	0.618929	0.0938061	0.737325	0.787016	0.312959	0.032965	0.780249	0.608072	0.103846	0.949204	0.141852	0.965768	0.894366	
0.717451	0.355505	0.785735	0.0709259	0.509756	0.765799	0.325457	0.319739	0.94194	0.266346	0.400882	0.463026	0.311055	0.940582	0.920198	0.939311	0.294488	0.68603	0.630168	0.780663	
0.356123	0.607041	0.0974483	0.888167	0.357155	0.548636	0.694418	0.99598	0.800214	0.230868	0.438042	0.0280632	0.71156	0.445854	0.828163	0.649384	0.441351	0.876683	0.212965	0.169264	
0.462876	0.308585	0.371709	0.503933	0.755323	0.998528	0.718067	0.161073	0.373464	0.926531	0.952541	0.628715	0.038116	0.464975	0.316834	0.647016	0.295669	0.947629	0.912527	0.701743	
0.869324	0.569487	0.520838	0.499359	0.617737	0.438775	0.37749	0.471589	0.60364	0.991229	0.421287	0.818555	0.292023	0.856347	0.412224	0.897732	0.21121	0.69674	0.369421	0.430604	
0.583623	0.308015	0.440313	0.500287	0.906196	0.675692	0.101194	0.622485	0.614324	0.073488	0.796437	0.788272	0.489514	0.0519616	0.806569	0.526871	0.47943	0.756669	0.228805	0.127324	
0.468972	0.668578	0.979439	0.49404	0.533132	0.262603	0.301998	0.366785	0.622569	0.572557	0.0353827	0.847567	0.354938	0.628383	0.658536	0.929506	0.0228304	0.170449	0.352616	0.0186974	
0.159343	0.945766	0.264509	0.583973	0.843086	0.687021	0.250832	0.750165	0.740168	0.0450528	0.28204	0.836815	0.136648	0.259218	0.708463	0.302957	0.993552	0.354869	0.441527	0.314336	
0.799034	0.198068	0.0525819	0.953975	0.806447	0.19058	0.364861	0.269418	0.427106	0.976421	0.701757	0.24578	0.475805	0.876171	0.503985	0.772089	0.0185268	0.802862	0.880018	0.629492	
0.588812	0.940324	0.395042	0.533801	0.810342	0.900663	0.425623	0.330521	0.524727	0.775689	0.585248	0.367525	0.71366	0.909697	0.181427	0.553322	0.946272	0.259909	0.0264535	0.411573	
0.496373	0.214833	0.928963	0.0510452	0.452994	0.753466	0.745967	0.071763	0.65631	0.884702	0.0139627	0.0733606	0.0537147	0.841295	0.122239	0.0795135	0.279867	0.569818	0.98461	0.40833	
0.501255	0.649248	0.840409	0.323896	0.0896775	0.606848	0.185453	0.121262	0.704272	0.684969	0.597729	0.496883	0.10307	0.182483	0.230418	0.0650865	0.724424	0.0949066	0.289649	0.498851	
0.047298	0.766747	0.891892	0.282693	0.354608	0.428941	0.745412	0.378011	0.864777	0.900321	0.464437	0.773969	0.492239	0.404101	0.381651	0.730251	0.949346	0.797441	0.14722	0.908017	
0.0212196	0.223385	0.46917	0.377865	0.294101	0.530111	0.903199	0.528613	0.541865	0.451868	0.194424	0.261302	0.350155	0.208373	0.655967	0.815696	0.720697	0.656354	0.18043	0.858334	
0.39192	0.070925	0.014646	0.600921	0.00825342	0.499918	0.728809	0.754728	0.660335	0.0874646	0.568877	0.275868	0.850397	0.438752	0.131697	0.657887	0.395805	0.686498	0.35769	0.872466	
0.186543	0.0728406	0.325722	0.0207838	0.342851	0.292935	0.0548341	0.564277	0.237693	0.181595	0.333909	0.358007	0.871835	0.591651	0.936398	0.88015	0.0668831	0.47923	0.389919	0.486916	
0.459938	0.861549	0.14203	0.296918	0.638276	0.406826	0.982136	0.546356	0.627026	0.804541	0.328719	0.205131	0.879434	0.706722	0.879479	0.230029	0.523666	0.0315833	0.507613	0.103081	
