10	30
47.9406	0.0318603
44.804	0.668972
43.1334	0.841721
43.7688	0.694765
40.283	0.646469
48.0579	0.649991
44.4933	0.805874
44.2676	0.931563
43.3044	0.565223
43.7785	0.65591
27.0526
45.5857
20.0814
22.1688
43.9775
41.876
21.0865
13.8642
28.3077
2.65563
28.3581
15.4852
12.9086
11.1207
18.9467
12.4644
42.2209
2.10249
26.338
24.464
48.948
35.7378
37.1894
11.5151
20.7963
42.785
16.3026
32.9944
44.9731
35.9757
0.363608	0.178956	0.257429	0.132978	0.770451	0.216769	0.267939	0.549991	0.25679	0.97289	0.77516	0.184472	0.757237	0.903705	0.924332	0.598187	0.85009	0.948049	0.58164	0.320432	0.400136	0.501342	0.120774	0.84949	0.0173115	0.304237	0.847776	0.00961619	0.223765	0.134396	
0.421068	0.194718	0.917675	0.93655	0.780185	0.00265051	0.61434	0.977738	0.33437	0.0962183	0.904498	0.516588	0.818671	0.153497	0.408505	0.255242	0.537294	0.922417	0.929674	0.853318	0.621404	0.0359309	0.818591	0.876203	0.199327	0.850262	0.00660442	0.755961	0.161876	0.754701	
0.181305	0.137375	0.530337	0.678889	0.42898	0.0577446	0.679754	0.953695	0.179076	0.877929	0.117781	0.297521	0.0725826	0.28067	0.0838133	0.244731	0.387857	0.422154	0.725878	0.786176	0.122066	0.471239	0.00351233	0.028622	0.106432	0.809796	0.894306	0.643966	0.482319	0.781882	
0.881181	0.486905	0.0942342	0.528843	0.705367	0.350015	0.721945	0.992902	0.105402	0.0279271	0.290076	0.614341	0.17226	0.93477	0.365703	0.379581	0.534318	0.0144478	0.09749	0.725863	0.35109	0.102009	0.00513821	0.57626	0.116282	0.956538	0.260386	0.439848	0.766733	0.566841	
0.589163	0.875754	0.666209	0.703879	0.32732	0.0348301	0.999822	0.225754	0.949246	0.744332	0.0120513	0.414911	0.106887	0.655969	0.65922	0.816733	0.257872	0.46352	0.628726	0.869654	0.255059	0.488986	0.611867	0.689426	0.0652322	0.212306	0.728019	0.24674	0.0548826	0.70442	
0.754813	0.952928	0.356823	0.629533	0.42723	0.877786	0.770115	0.228397	0.0472773	0.430773	0.133118	0.289857	0.72648	0.721466	0.0109772	0.581677	0.292128	0.514352	0.0982721	0.207656	0.0956118	0.140075	0.606364	0.78085	0.542256	0.398331	0.201536	0.940474	0.949522	0.274504	
0.431192	0.733171	0.33233	0.860978	0.719256	0.828514	0.172756	0.8373	0.680865	0.0835725	0.130503	0.3266	0.822273	0.431764	0.986546	0.577153	0.264071	0.0945495	0.140619	0.0694904	0.112767	0.671641	0.545065	0.771816	0.83662	0.610806	0.0133461	0.168333	0.591163	0.674564	
0.373096	0.909107	0.0146099	0.76601	0.967269	0.150033	0.0143601	0.500446	0.0586521	0.71973	0.0208311	0.408496	0.137593	0.258205	0.611748	0.084635	0.907209	0.9764	0.352464	0.985426	0.967913	0.414904	0.32711	0.988204	0.946186	0.571034	0.528465	0.863286	0.64932	0.533221	
0.0623927	0.636034	0.122042	0.0749419	0.676361	0.898582	0.425956	0.164557	0.607513	0.392301	0.300511	0.242954	0.537463	0.325177	0.677719	0.802445	0.823021	0.899437	0.639914	0.0193355	0.571482	0.021455	0.641748	0.278496	0.403553	0.686764	0.773674	0.234004	0.057397	0.781001	
0.97129	0.573909	0.189885	0.470183	0.677459	0.764231	0.533614	0.612328	0.46889	0.61662	0.352921	0.175766	0.729689	0.57031	0.266525	0.519778	0.538183	0.783658	0.725493	0.64229	0.198362	0.78317	0.276898	0.455746	0.948243	0.522649	0.0607738	0.583413	0.688749	0.988026	
