10	30
43.7385	0.778321
41.8118	0.38359
43.4583	0.985935
46.4655	0.256253
43.9396	0.956377
48.9483	0.212763
47.8987	0.586983
41.5359	0.886678
49.4516	0.830514
42.6535	0.461896
17.208
18.143
33.5769
30.4471
14.4064
7.04066
13.731
36.8061
10.9908
30.9886
27.3314
3.68831
32.6499
13.2205
3.43378
17.3021
5.96917
46.8673
7.37008
46.9939
19.6859
31.1642
9.80699
12.3352
11.4937
10.9139
10.2244
17.7104
37.3286
38.1398
0.949203	0.754659	0.891225	0.0138525	0.22612	0.311554	0.0379653	0.189193	0.0511152	0.0656926	0.158769	0.295201	0.18388	0.484689	0.844875	0.136816	0.727381	0.211172	0.168292	0.0914888	0.692267	0.116316	0.346337	0.540292	0.995236	0.584972	0.0782053	0.424903	0.610639	0.795849	
0.727033	0.750831	0.71064	0.475318	0.611719	0.376988	0.282269	0.537273	0.741854	0.866133	0.892327	0.273163	0.0650955	0.578079	0.535444	0.17384	0.0466149	0.841947	0.214412	0.6196	0.606887	0.200207	0.125316	0.948873	0.686964	0.556583	0.022044	0.93818	0.476687	0.375267	
0.037818	0.276235	0.0415053	0.457831	0.69215	0.625351	0.816069	0.235086	0.407795	0.0158841	0.547496	0.175076	0.340542	0.572457	0.273971	0.900688	0.408666	0.68558	0.805153	0.570117	0.992609	0.635579	0.636225	0.568229	0.511952	0.0775829	0.648653	0.881185	0.280548	0.468696	
0.794236	0.149718	0.122738	0.843695	0.992259	0.816155	0.164054	0.0725249	0.979038	0.554108	0.464487	0.741273	0.921978	0.584423	0.719841	0.465293	0.960979	0.575306	0.251914	0.517461	0.89812	0.603857	0.196657	0.0941968	0.524415	0.277901	0.00994182	0.62762	0.90771	0.376888	
0.286174	0.687614	0.337026	0.269934	0.549646	0.565989	0.522624	0.79118	0.652358	0.236505	0.316415	0.358359	0.484126	0.0859541	0.137389	0.295321	0.5628	0.755764	0.913015	0.719398	0.40461	0.645206	0.372792	0.242873	0.270685	0.622633	0.301968	0.229425	0.00667145	0.603371	
0.727749	0.352956	0.607886	0.711019	0.615949	0.91105	0.29706	0.308935	0.987157	0.95404	0.183223	0.496576	0.893371	0.940011	0.575744	0.625907	0.659066	0.227161	0.0151503	0.0928952	0.469068	0.233958	0.613798	0.146373	0.317472	0.916447	0.769125	0.634716	0.56601	0.371025	
0.98718	0.940127	0.885751	0.251702	0.702776	0.703361	0.116747	0.0673969	0.309693	0.71891	0.467333	0.318733	0.785763	0.920939	0.489108	0.299697	0.963108	0.945617	0.369082	0.165915	0.636225	0.340306	0.764721	0.782294	0.271169	0.882084	0.775772	0.372641	0.553849	0.0270693	
0.963562	0.18267	0.311983	0.837715	0.788846	0.0578099	0.80127	0.653355	0.753095	0.435857	0.867974	0.442483	0.297107	0.865547	0.413104	0.848234	0.579562	0.157849	0.616059	0.772397	0.982459	0.708989	0.764559	0.338206	0.847912	0.228142	0.515469	0.280691	0.188168	0.271809	
0.770321	0.0269705	0.546953	0.850449	0.215868	0.410211	0.994642	0.906195	0.584341	0.237854	0.20464	0.00876755	0.694985	0.688209	0.04882	0.581318	0.488042	0.498287	0.327162	0.0782573	0.534534	0.9215	0.382449	0.749609	0.879872	0.380093	0.741927	0.773355	0.620919	0.0435188	
0.436355	0.575759	0.742313	0.313374	0.783094	0.0934459	0.890743	0.733723	0.407562	0.879127	0.685485	0.615867	0.0836897	0.987322	0.532447	0.553695	0.244276	0.972082	0.809264	0.0156152	0.107245	0.162609	0.293875	0.201014	0.120153	0.387853	0.728904	0.627573	0.405533	0.626174	
