10	40
41.495	0.101686
41.0366	0.400193
44.4097	0.34799
41.9829	0.225134
42.6354	0.493679
48.6223	0.527454
44.4537	0.528512
42.4238	0.354446
48.0934	0.832113
43.4945	0.0796036
34.368
34.1468
18.4639
28.9807
45.3371
21.9206
21.8741
10.1264
28.1277
12.0724
10.2218
26.425
30.1051
26.368
19.0461
32.8983
17.6174
15.7783
47.5641
29.9846
34.3342
32.6266
31.539
21.4438
38.8754
24.4437
31.5546
9.20304
22.6205
38.7556
25.1368
11.5806
11.0477
37.7917
44.2971
40.2343
7.57456
16.9294
11.7694
25.9162
0.483889	0.647372	0.767859	0.437168	0.636001	0.0689947	0.714661	0.257228	0.29908	0.997008	0.526043	0.506258	0.733515	0.827612	0.888263	0.541799	0.52759	0.805064	0.372539	0.101406	0.140366	0.187406	0.443722	0.540212	0.880055	0.515451	0.948752	0.942617	0.783014	0.521439	0.0999518	0.945742	0.369016	0.890804	0.421828	0.0354312	0.305966	0.0581424	0.342637	0.822337	
0.101666	0.114516	0.429674	0.131724	0.600329	0.586256	0.207941	0.285566	0.998621	0.0232419	0.547863	0.2158	0.263947	0.753263	0.330577	0.677718	0.733067	0.931229	0.374575	0.0134833	0.851471	0.123017	0.199541	0.459466	0.501058	0.351499	0.445527	0.514084	0.212862	0.216101	0.911093	0.132464	0.377782	0.2453	0.65077	0.0486771	0.418108	0.904375	0.908508	0.432183	
0.277361	0.877017	0.661242	0.0538171	0.421388	0.512601	0.907229	0.930119	0.231348	0.0581539	0.180045	0.238108	0.628264	0.634483	0.450506	0.155059	0.904787	0.934595	0.187911	0.927913	0.144713	0.987727	0.760755	0.0570094	0.765191	0.688354	0.151822	0.974121	0.50296	0.966003	0.611075	0.673824	0.303442	0.884846	0.720457	0.546529	0.311438	0.905797	0.181908	0.79112	
0.562033	0.214024	0.883714	0.118686	0.628439	0.314962	0.158591	0.938329	0.236146	0.48916	0.471674	0.951272	0.970489	0.192213	0.667611	0.145235	0.453453	0.638876	0.0851818	0.303316	0.870329	0.643949	0.111168	0.443075	0.953235	0.00999195	0.965758	0.190015	0.751832	0.414933	0.778759	0.73281	0.0684553	0.939109	0.923356	0.839966	0.755008	0.844009	0.188859	0.0980902	
0.878093	0.679921	0.330233	0.239375	0.877635	0.147345	0.606305	0.493842	0.85445	0.467002	0.663074	0.766359	0.815506	0.917304	0.542057	0.380457	0.699316	0.744471	0.517306	0.981952	0.395382	0.997948	0.732881	0.667933	0.155179	0.963739	0.054515	0.930139	0.331254	0.966009	0.0191919	0.716636	0.385959	0.186079	0.170594	0.757151	0.626748	0.800334	0.332515	0.138578	
0.385271	0.99086	0.31039	0.349341	0.265046	0.915905	0.940415	0.165905	0.0175958	0.863687	0.230761	0.863225	0.938577	0.800891	0.783337	0.558885	0.791438	0.104242	0.492787	0.88305	0.446369	0.971742	0.25216	0.242068	0.987996	0.638201	0.882914	0.15729	0.204783	0.216599	0.923851	0.40048	0.716502	0.0238589	0.60935	0.470462	0.556161	0.677329	0.159239	0.101556	
0.0959016	0.209625	0.636314	0.933107	0.164283	0.916151	0.566235	0.955447	0.671668	0.325357	0.0358537	0.199748	0.714573	0.644141	0.433669	0.0237832	0.713373	0.974463	0.846865	0.452949	0.215519	0.696849	0.320464	0.471751	0.142581	0.703214	0.773802	0.49456	0.431319	0.296336	0.764023	0.0814147	0.730207	0.57104	0.946465	0.808976	0.13079	0.656664	0.549741	0.857909	
0.783527	0.961234	0.298362	0.890976	0.573469	0.902202	0.0226053	0.389498	0.955996	0.430218	0.240427	0.0751924	0.943926	0.382838	0.28495	0.338413	0.784962	0.616004	0.854224	0.0367454	0.888048	0.859655	0.553071	0.518143	0.44603	0.192852	0.928638	0.822456	0.383429	0.718811	0.33383	0.300994	0.0859457	0.105937	0.897546	0.934343	0.629434	0.54327	0.453967	0.124143	
0.28116	0.940582	0.0571579	0.47648	0.0156843	0.94245	0.153688	0.590084	0.158819	0.0476108	0.115662	0.317488	0.28251	0.50772	0.847682	0.482263	0.752317	0.598013	0.895015	0.331123	0.0731181	0.134636	0.687246	0.3684	0.821753	0.385615	0.869425	0.566702	0.233342	0.0420525	0.242677	0.500347	0.234127	0.526463	0.855011	0.369312	0.274348	0.0430502	0.20627	0.192736	
0.212038	0.896528	0.717463	0.793007	0.200519	0.365756	0.275995	0.0431469	0.170891	0.0180583	0.165668	0.0721381	0.852793	0.43935	0.602774	0.380917	0.811289	0.0860317	0.730847	0.159706	0.134775	0.373811	0.552328	0.369811	0.142287	0.3611	0.231131	0.768634	0.794395	0.650067	0.0515494	0.946067	0.860973	0.894415	0.63917	0.834038	0.276782	0.0715727	0.807883	0.162873	
