10	40
48.8354	0.646503
41.3784	0.129751
41.705	0.582379
40.86	0.222532
42.4911	0.0636001
47.7631	0.934071
40.6411	0.118655
42.0578	0.520631
45.4911	0.148383
49.6343	0.411488
36.6489
2.22627
9.33782
34.3732
12.8474
45.9946
35.7812
29.1403
42.4839
43.9928
27.3624
37.3079
3.71078
28.2768
49.4191
1.70152
8.34668
25.6186
39.6947
22.2207
39.3427
36.429
21.1218
34.3755
46.4001
4.92999
18.6204
22.1206
46.9601
26.9854
11.4615
46.4847
9.7781
37.7138
19.3027
31.9781
30.8698
49.5249
23.8008
31.7886
0.608943	0.500364	0.0939352	0.368652	0.150101	0.857738	0.337502	0.12811	0.415433	0.787145	0.688879	0.390425	0.146306	0.478619	0.662394	0.884672	0.132325	0.898848	0.188461	0.111174	0.908246	0.43396	0.50056	0.450247	0.978044	0.158573	0.885279	0.887715	0.619884	0.771387	0.873837	0.0239223	0.947773	0.534347	0.0581794	0.214587	0.521888	0.107653	0.694214	0.623495	
0.0865613	0.3092	0.789018	0.117211	0.457864	0.812995	0.897661	0.0156401	0.190744	0.701475	0.854451	0.469621	0.999444	0.00479079	0.234807	0.671748	0.0503623	0.360615	0.200677	0.151382	0.581247	0.931722	0.179141	0.0143629	0.434956	0.993642	0.991754	0.2785	0.865535	0.325205	0.520819	0.871346	0.280142	0.128727	0.860442	0.382255	0.866731	0.545397	0.696965	0.808931	
0.0546625	0.5023	0.91053	0.433614	0.276909	0.610396	0.598649	0.0102248	0.145649	0.260544	0.495372	0.150164	0.263863	0.572563	0.326413	0.292065	0.362708	0.175361	0.209589	0.712264	0.433449	0.967758	0.393279	0.77099	0.383396	0.697876	0.12493	0.500078	0.060833	0.74775	0.452982	0.0307661	0.46045	0.317697	0.744688	0.876592	0.0654449	0.557515	0.803602	0.345523	
0.846097	0.824439	0.771656	0.922591	0.793354	0.113188	0.391719	0.402215	0.238555	0.665707	0.714885	0.686523	0.756102	0.244561	0.776732	0.634922	0.349944	0.695089	0.371115	0.895956	0.378798	0.176311	0.176856	0.341138	0.185291	0.420777	0.704693	0.676929	0.204169	0.780697	0.799457	0.445737	0.364852	0.135973	0.0294746	0.245239	0.367252	0.944617	0.765729	0.922477	
0.772293	0.571496	0.856059	0.999468	0.275377	0.605181	0.976887	0.656643	0.769955	0.362981	0.758357	0.410228	0.244909	0.688555	0.00390067	0.308577	0.951711	0.732757	0.123305	0.134476	0.679153	0.24383	0.30151	0.782381	0.575254	0.416257	0.649358	0.317821	0.444599	0.321212	0.679676	0.482787	0.873189	0.950331	0.00502106	0.111196	0.995372	0.694856	0.941818	0.508154	
0.205902	0.522717	0.835834	0.528659	0.543713	0.980258	0.745933	0.00174141	0.431045	0.871546	0.0560633	0.924109	0.717153	0.39058	0.00904617	0.443747	0.179274	0.800609	0.855832	0.728799	0.0248659	0.342703	0.210774	0.423635	0.255075	0.192757	0.781999	0.346465	0.703577	0.827464	0.343179	0.0815098	0.216441	0.781362	0.679094	0.212071	0.60713	0.941059	0.516232	0.242728	
0.579628	0.430276	0.602525	0.101942	0.0127114	0.794429	0.555192	0.171855	0.865996	0.245081	0.57013	0.840861	0.752187	0.94651	0.109024	0.452232	0.431976	0.847976	0.52531	0.494845	0.916195	0.0404626	0.718438	0.678397	0.392614	0.782569	0.698216	0.547785	0.379683	0.217905	0.286812	0.0940917	0.305078	0.640533	0.407828	0.792423	0.169812	0.649113	0.699097	0.336299	
0.56088	0.943766	0.830581	0.906563	0.246066	0.0747197	0.0564703	0.148968	0.257996	0.0136679	0.323605	0.804026	0.195555	0.108474	0.349897	0.579838	0.449783	0.838386	0.354758	0.756182	0.641697	0.281066	0.040922	0.881273	0.156157	0.44754	0.527153	0.0842468	0.873935	0.45477	0.838127	0.35886	0.526993	0.874785	0.767584	0.423371	0.598799	0.332548	0.195026	0.0219866	
0.865096	0.192395	0.525552	0.440204	0.755993	0.857927	0.894471	0.115961	0.834932	0.0194903	0.380533	0.103607	0.877102	0.154961	0.598435	0.866716	0.920283	0.758793	0.899447	0.218438	0.884861	0.090474	0.556032	0.486647	0.587511	0.845387	0.315454	0.620404	0.589575	0.022052	0.41193	0.473366	0.158213	0.374445	0.121892	0.77338	0.997407	0.389349	0.274493	0.49971	
0.0833069	0.846631	0.859405	0.828561	0.912047	0.330992	0.350191	0.231743	0.721255	0.71432	0.714281	0.332731	0.697667	0.862315	0.749356	0.638728	0.426914	0.892917	0.368203	0.300725	0.9058	0.560336	0.678645	0.0687053	0.933614	0.0223743	0.967128	0.143381	0.729101	0.351396	0.420404	0.359602	0.648636	0.411695	0.735978	0.35853	0.965988	0.813442	0.412013	0.521556	
