10	30
43.9133	0.202879
43.8238	0.270759
46.035	0.893936
48.3075	0.646561
42.4468	0.589894
40.7652	0.997547
47.1812	0.0639499
41.054	0.380992
42.1475	0.0618738
45.5077	0.217683
45.1952
46.6373
44.3564
21.1757
29.8403
24.3276
23.2075
21.3756
8.4337
30.6176
5.536
17.6405
30.6898
4.3123
37.7928
5.5124
22.5672
29.1198
12.5189
4.43275
12.9227
35.5814
24.5365
5.2997
22.1936
49.0352
43.5885
41.4522
14.1628
40.3501
0.376958	0.514357	0.80965	0.250044	0.998116	0.0688556	0.422537	0.795162	0.828317	0.780711	0.390145	0.082981	0.575239	0.634378	0.704829	0.145989	0.623986	0.594218	0.160306	0.654848	0.480578	0.356646	0.896726	0.792223	0.630055	0.258069	0.79943	0.244602	0.633337	0.573952	
0.368542	0.575572	0.940241	0.24205	0.057905	0.279731	0.24003	0.834593	0.780609	0.144839	0.576786	0.994914	0.446159	0.475177	0.935451	0.513929	0.608507	0.862893	0.208507	0.208499	0.301695	0.946006	0.859231	0.40901	0.850512	0.31629	0.173804	0.333929	0.597481	0.503801	
0.863266	0.570966	0.135635	0.46542	0.934395	0.577219	0.207031	0.427911	0.509473	0.293477	0.74994	0.40516	0.377422	0.60539	0.446451	0.223882	0.229669	0.882034	0.692019	0.536517	0.923003	0.234375	0.697653	0.095554	0.133024	0.0967408	0.277781	0.769593	0.984126	0.023055	
0.70098	0.618237	0.345946	0.762573	0.572229	0.830439	0.279375	0.626261	0.406257	0.20564	0.416953	0.0458229	0.781151	0.0329029	0.307633	0.391697	0.75039	0.655158	0.180226	0.74292	0.3749	0.955166	0.127296	0.722588	0.74926	0.256491	0.935131	0.0973213	0.940274	0.0471977	
0.467721	0.945884	0.571654	0.448202	0.149048	0.309675	0.487068	0.919833	0.147128	0.59381	0.551813	0.997122	0.999501	0.0615823	0.67435	0.238059	0.962346	0.790331	0.516853	0.183724	0.223232	0.752858	0.2856	0.217905	0.998943	0.933847	0.452285	0.968244	0.470349	0.509168	
0.601457	0.672953	0.765507	0.93245	0.114213	0.446549	0.0990053	0.537829	0.168488	0.892547	0.68107	0.551021	0.523527	0.15361	0.0139846	0.229367	0.62094	0.590172	0.621503	0.869579	0.368679	0.593853	0.755489	0.88835	0.540213	0.383659	0.43686	0.0559157	0.408676	0.0898443	
0.0977603	0.480543	0.335029	0.119124	0.842481	0.33203	0.268488	0.754013	0.580463	0.0731311	0.0203614	0.0187351	0.148492	0.207411	0.304043	0.822363	0.984578	0.31229	0.453567	0.544534	0.981788	0.785287	0.0917457	0.229257	0.0257611	0.934857	0.435636	0.745946	0.0931564	0.0262849	
0.517741	0.227846	0.598605	0.232511	0.978749	0.923117	0.0609461	0.639438	0.726037	0.269638	0.312581	0.871619	0.331169	0.812864	0.269045	0.597182	0.646255	0.0573776	0.0500413	0.590916	0.138815	0.164969	0.579192	0.184066	0.693802	0.608893	0.789942	0.881584	0.632967	0.992804	
0.574815	0.349145	0.814703	0.113667	0.585342	0.37372	0.111326	0.623863	0.760632	0.407826	0.520898	0.501099	0.957992	0.109521	0.42594	0.520322	0.612173	0.0243141	0.21636	0.855455	0.74921	0.769111	0.869358	0.0388074	0.765706	0.788382	0.534163	0.0830144	0.384181	0.923148	
0.90362	0.689888	0.389638	0.57717	0.180265	0.169526	0.791868	0.949364	0.572919	0.297648	0.599057	0.0757835	0.439191	0.483106	0.397625	0.443751	0.338006	0.675006	0.133384	0.355943	0.670695	0.411515	0.342193	0.609484	0.575228	0.544338	0.0438273	0.295689	0.942837	0.271436	
