20	50
85.8249	0.728395
94.1534	0.409745
83.2069	0.483496
90.8844	0.00433662
96.2445	0.128236
97.1456	0.398625
100.713	0.187217
100.513	0.825399
81.857	0.801613
87.6232	0.831563
96.0194	0.617931
82.4768	0.877777
88.0367	0.295637
91.2306	0.185053
84.742	0.202987
87.7948	0.971482
89.6604	0.438438
93.6193	0.433212
81.7672	0.940241
96.5524	0.0636629
36.3858
1.01677
13.0377
32.7566
17.3773
43.6434
13.3234
45.1593
40.1582
49.8175
20.8777
26.1628
40.0619
46.1767
28.8743
25.3521
15.8111
46.0454
16.8215
42.245
11.1356
24.1785
15.2355
41.32
24.1963
29.8082
1.41742
26.0947
12.409
3.76822
33.0054
2.63205
48.2728
29.425
15.8922
19.0454
5.41425
20.8118
25.3323
2.29054
25.8553
16.5003
42.1292
22.9633
17.6279
31.256
32.92
39.9227
34.6145
31.9706
0.815846	0.787611	0.41481	0.888559	0.352053	0.92969	0.805364	0.627061	0.502913	0.789613	0.125611	0.0218617	0.0403956	0.0896201	0.737489	0.693765	0.944294	0.313943	0.670971	0.933671	0.198282	0.220323	0.00396791	0.839688	0.645706	0.326214	0.828802	0.364708	0.865105	0.74884	0.627091	0.748795	0.148325	0.0383575	0.671042	0.389923	0.913541	0.802924	0.077285	0.358411	0.72251	0.282667	0.810345	0.928416	0.682712	0.959684	0.708186	0.393222	0.988095	0.26229	
0.598	0.0606314	0.0242937	0.968311	0.347923	0.962142	0.503615	0.409373	0.31937	0.48014	0.991595	0.864656	0.953758	0.772925	0.556349	0.839753	0.345073	0.314769	0.695168	0.87762	0.00114866	0.786549	0.627042	0.636902	0.879277	0.327377	0.33379	0.996705	0.523927	0.968212	0.29847	0.939363	0.791997	0.0616322	0.852637	0.973295	0.530987	0.430668	0.626766	0.898084	0.840776	0.431707	0.405566	0.731911	0.884108	0.706384	0.360235	0.0920933	0.538323	0.26999	
0.0470053	0.220085	0.949788	0.02374	0.270035	0.765116	0.863145	0.90666	0.307742	0.968521	0.150489	0.139279	0.644285	0.153463	0.635051	0.541318	0.464537	0.557953	0.290299	0.183277	0.902256	0.250945	0.639881	0.454118	0.196911	0.997091	0.378363	0.25944	0.708861	0.496772	0.970432	0.497668	0.44127	0.277181	0.803632	0.457526	0.312323	0.826482	0.539238	0.939247	0.334537	0.956981	0.49685	0.263211	0.0251826	0.356438	0.053219	0.51779	0.694037	0.270882	
0.342424	0.915122	0.613132	0.420225	0.755238	0.366665	0.162142	0.850735	0.788321	0.0242816	0.0247163	0.727633	0.689147	0.192595	0.390354	0.0548406	0.954245	0.233617	0.567929	0.480162	0.961203	0.591	0.470701	0.293354	0.600284	0.318435	0.367746	0.573365	0.449071	0.315707	0.425511	0.536381	0.464439	0.0866191	0.115591	0.633837	0.798375	0.105062	0.593652	0.436258	0.538218	0.861115	0.264161	0.583267	0.886825	0.029321	0.328517	0.466541	0.324534	0.275465	
0.934134	0.745367	0.158972	0.767201	0.940862	0.857857	0.786472	0.21882	0.0393984	0.416554	0.582318	0.190906	0.694206	0.589241	0.279204	0.884525	0.584531	0.89029	0.564123	0.357752	0.758051	0.689829	0.456416	0.933373	0.71706	0.0443196	0.662986	0.771311	0.538904	0.785761	0.391188	0.74897	0.65603	0.188357	0.850128	0.604115	0.88763	0.585584	0.275958	0.916336	0.549414	0.64144	0.892397	0.908833	0.724062	0.238953	0.089997	0.547446	0.00770042	0.678043	
0.30691	0.543341	0.598812	0.976012	0.546222	0.364992	0.411079	0.527591	0.349229	0.869188	0.441345	0.692363	0.18938	0.527627	0.268906	0.728481	0.600733	0.916427	0.0598248	0.509679	0.979911	0.26805	0.60956	0.104495	0.241647	0.912366	0.422114	0.19506	0.4206	0.87894	0.985885	0.231342	0.434645	0.300829	0.106298	0.41056	0.769455	0.350942	0.498952	0.316629	0.1495	0.120377	0.408618	0.817408	0.579664	0.258411	0.783637	0.0652341	0.623719	0.264692	
0.934992	0.596922	0.242742	0.125479	0.0104879	0.308393	0.168012	0.258949	0.879089	0.811872	0.40681	0.572455	0.499185	0.866098	0.646989	0.636672	0.377736	0.796881	0.746635	0.120895	0.233816	0.523295	0.602943	0.420783	0.31139	0.862656	0.0264282	0.927949	0.110771	0.71246	0.51088	0.98935	0.73765	0.600654	0.0123574	0.974659	0.566254	0.6599	0.877989	0.617493	0.764123	0.570013	0.155306	0.400109	0.712496	0.334553	0.0902684	0.524243	0.568721	0.443481	
0.937454	0.911438	0.375804	0.306576	0.31285	0.231326	0.0425433	0.850485	0.873683	0.66239	0.614295	0.974228	0.953588	0.961807	0.464681	0.56885	0.947518	0.0195482	0.68697	0.809864	0.940772	0.793296	0.944109	0.0634888	0.383394	0.65816	0.29178	0.343805	0.517719	0.82744	0.66895	0.946235	0.377604	0.148234	0.3317	0.176386	0.514726	0.641263	0.110783	0.925744	0.00164386	0.315602	0.496594	0.465116	0.621512	0.262978	0.728467	0.912912	0.682018	0.105404	
0.0965255	0.359355	0.275288	0.478048	0.576637	0.779299	0.401259	0.541139	0.375558	0.364177	0.508568	0.491517	0.0224261	0.620248	0.0901027	0.644819	0.399128	0.211528	0.393591	0.111095	0.825237	0.780408	0.342837	0.480596	0.09102	0.734914	0.758693	0.0692578	0.309261	0.214409	0.943285	0.284677	0.025364	0.933631	0.259908	0.751674	0.722982	0.36476	0.515997	0.140145	0.833682	0.343717	0.35268	0.894452	0.459547	0.27187	0.691974	0.261496	0.886692	0.395361	
0.34382	0.927811	0.726129	0.289395	0.302324	0.0454112	0.871974	0.210792	0.0884157	0.346647	0.663478	0.450448	0.938846	0.143933	0.0697355	0.125711	0.892106	0.810676	0.627643	0.455635	0.368461	0.868552	0.791738	0.15654	0.0321516	0.377458	0.742701	0.255106	0.71513	0.534328	0.10857	0.499257	0.23146	0.406617	0.119737	0.841848	0.25789	0.528213	0.779944	0.459636	0.903129	0.128949	0.840666	0.547313	0.107827	0.926636	0.194231	0.935925	0.517335	0.861314	
0.803801	0.582003	0.461196	0.178206	0.967344	0.594057	0.967997	0.299544	0.776226	0.765452	0.299821	0.872079	0.262738	0.515165	0.102502	0.535061	0.677346	0.810298	0.675423	0.411969	0.284688	0.148968	0.36907	0.478291	0.225431	0.774154	0.389869	0.50383	0.602783	0.52566	0.190291	0.738745	0.827757	0.736054	0.20666	0.029753	0.783647	0.853044	0.284051	0.901541	0.359098	0.778895	0.542721	0.970145	0.785046	0.958724	0.490538	0.580441	0.132524	0.359379	
0.130089	0.220512	0.289026	0.692158	0.433419	0.962782	0.613116	0.378686	0.859575	0.229328	0.412912	0.0771064	0.923419	0.0930852	0.832314	0.982873	0.551625	0.700984	0.486227	0.153806	0.178565	0.334403	0.362846	0.303099	0.768179	0.730797	0.448401	0.368707	0.222032	0.421901	0.860212	0.88792	0.871097	0.925502	0.045142	0.905514	0.561656	0.51331	0.61401	0.97946	0.70572	0.19131	0.173348	0.128488	0.115908	0.261013	0.869027	0.132384	0.312352	0.0457122	
0.607513	0.370996	0.501032	0.144837	0.420725	0.884139	0.120725	0.671992	0.394256	0.513776	0.335656	0.950604	0.904574	0.130848	0.904526	0.881595	0.214785	0.851686	0.817727	0.808293	0.537771	0.943954	0.0102245	0.154505	0.230309	0.776644	0.3628	0.400496	0.463286	0.40267	0.274949	0.65674	0.231782	0.446952	0.622172	0.306023	0.369056	0.282538	0.146446	0.519242	0.0115068	0.220029	0.61361	0.88082	0.306765	0.747452	0.761303	0.161282	0.121064	0.729428	
0.355585	0.0950842	0.256021	0.866001	0.564655	0.673809	0.226353	0.534455	0.747884	0.850908	0.951911	0.474456	0.849587	0.32957	0.520271	0.0610871	0.83238	0.482937	0.102821	0.638782	0.279861	0.160214	0.643984	0.410917	0.609106	0.222714	0.193581	0.563943	0.305918	0.423456	0.637513	0.861865	0.624926	0.0352451	0.744839	0.120727	0.107851	0.705163	0.195611	0.678803	0.712397	0.622463	0.000849427	0.363105	0.747673	0.778626	0.785767	0.715112	0.90955	0.150805	
0.0131737	0.516224	0.181324	0.0780279	0.311235	0.226733	0.151304	0.562071	0.975346	0.405752	0.0421883	0.997838	0.508773	0.903048	0.100912	0.394799	0.117704	0.957138	0.631272	0.326035	0.663055	0.168345	0.713559	0.816199	0.715606	0.436846	0.605338	0.757587	0.193285	0.828951	0.589259	0.114227	0.406281	0.604191	0.277039	0.26955	0.49939	0.304197	0.778297	0.881817	0.377114	0.598471	0.826432	0.582685	0.186576	0.905842	0.707848	0.214065	0.469936	0.199469	
0.366546	0.430346	0.0184192	0.240814	0.378168	0.32756	0.433118	0.678955	0.684765	0.297154	0.0459238	0.511275	0.638301	0.524957	0.886894	0.191188	0.797753	0.915255	0.669393	0.992303	0.0624684	0.927819	0.237213	0.166003	0.316948	0.0835762	0.0724987	0.180545	0.253461	0.620807	0.586835	0.100834	0.554916	0.625093	0.372812	0.577856	0.140444	0.374054	0.842222	0.355387	0.869484	0.00318635	0.983038	0.419474	0.626305	0.668661	0.279241	0.999379	0.317243	0.932195	
0.338583	0.724127	0.0913901	0.156795	0.719893	0.335206	0.834895	0.437384	0.526247	0.51783	0.81127	0.0136387	0.0649414	0.812752	0.44155	0.899382	0.515798	0.208451	0.104069	0.786656	0.124234	0.664107	0.637013	0.796476	0.955015	0.0371144	0.44787	0.42132	0.926088	0.931962	0.370105	0.0215177	0.285061	0.954438	0.809847	0.130279	0.578621	0.567518	0.351912	0.0759643	0.714996	0.577264	0.761666	0.133599	0.801749	0.948314	0.0791743	0.525105	0.116697	0.0403499	
0.255906	0.529537	0.966298	0.373445	0.253197	0.0583658	0.0688982	0.964554	0.508668	0.0478934	0.911021	0.26209	0.223307	0.700739	0.882138	0.654474	0.544435	0.295888	0.601283	0.396144	0.358509	0.74134	0.536804	0.385382	0.445787	0.128035	0.828902	0.842697	0.807507	0.448026	0.567455	0.928215	0.955169	0.360488	0.50141	0.625791	0.0984733	0.505705	0.851806	0.589102	0.0975158	0.354235	0.645779	0.520151	0.547867	0.3553	0.283003	0.356958	0.759282	0.802212	
0.76592	0.473118	0.483331	0.527703	0.836031	0.877757	0.447175	0.95052	0.301721	0.495058	0.697551	0.0131972	0.662817	0.638441	0.122435	0.916484	0.702053	0.938753	0.546248	0.459929	0.164031	0.679744	0.393536	0.75315	0.348633	0.222239	0.918912	0.976623	0.121397	0.103017	0.572618	0.787476	0.498777	0.35934	0.839733	0.677921	0.99669	0.0350131	0.242678	0.993003	0.297292	0.722369	0.243209	0.138272	0.3481	0.450133	0.432011	0.520179	0.755489	0.743442	
0.799301	0.513956	0.851649	0.191899	0.872951	0.480385	0.319774	0.981121	0.727051	0.201151	0.288431	0.28007	0.950198	0.937658	0.545675	0.751006	0.137842	0.354517	0.195512	0.642836	0.548644	0.903133	0.820088	0.0564569	0.497701	0.551707	0.567199	0.214922	0.280768	0.163793	0.00340154	0.819866	0.708097	0.0906877	0.496546	0.0414837	0.707501	0.43246	0.0695321	0.246169	0.1989	0.53245	0.0057891	0.950097	0.189255	0.00141892	0.200471	0.281142	0.706258	0.3066	
