20	30
86.1748	0.239816
83.091	0.776966
87.8232	0.53053
93.6755	0.850564
95.2736	0.753161
83.0881	0.00471106
79.6133	0.600008
96.6616	0.175762
95.5081	0.874139
80.6123	0.159745
85.0823	0.621025
96.9801	0.16536
84.0367	0.440744
89.4221	0.0540697
82.2484	0.862516
95.6967	0.356072
96.8007	0.662265
79.432	0.419325
96.867	0.282816
87.5406	0.909146
45.9117
19.3922
43.928
39.1579
37.0154
27.4149
15.2887
12.4122
19.75
47.3305
10.1063
3.93071
45.6904
37.0386
16.8012
25.5437
7.53708
9.09025
22.6415
5.38882
35.7341
23.7575
24.5723
43.2151
48.1442
34.5406
10.9201
38.0415
5.60752
10.6338
0.833531	0.288981	0.745955	0.0157717	0.700764	0.778061	0.0471065	0.0175748	0.899805	0.694529	0.680996	0.72498	0.972028	0.419209	0.919659	0.833496	0.989516	0.865402	0.660401	0.742528	0.299394	0.748451	0.959161	0.722961	0.410957	0.443462	0.349696	0.00760391	0.752931	0.181242	
0.784665	0.705576	0.734393	0.441855	0.143317	0.303449	0.798305	0.382868	0.405529	0.245866	0.904706	0.5671	0.220002	0.284329	0.934464	0.685946	0.747337	0.472936	0.564413	0.182558	0.335434	0.473928	0.196987	0.240047	0.156878	0.912263	0.553258	0.700613	0.478584	0.728216	
0.891875	0.342617	0.943264	0.874979	0.059294	0.804045	0.128203	0.80844	0.73765	0.624771	0.00815299	0.809737	0.840764	0.410925	0.332212	0.434786	0.0811537	0.39017	0.206479	0.404063	0.777683	0.755401	0.0367234	0.810289	0.950971	0.135356	0.786981	0.95475	0.186956	0.395709	
0.514859	0.0898057	0.199461	0.156013	0.0787858	0.728417	0.490405	0.0576693	0.936087	0.616625	0.101841	0.719172	0.286869	0.869522	0.487588	0.991482	0.623789	0.111167	0.739803	0.00490129	0.514807	0.281207	0.51849	0.873997	0.349653	0.851787	0.825121	0.370497	0.988661	0.737032	
0.276744	0.629785	0.307278	0.116557	0.00226105	0.755256	0.455039	0.112503	0.691383	0.265464	0.216288	0.229154	0.0291875	0.520972	0.316623	0.4277	0.191775	0.268148	0.577925	0.0969349	0.493867	0.849302	0.412356	0.610648	0.555464	0.469063	0.421229	0.733139	0.428032	0.293575	
0.0517382	0.375458	0.44748	0.10202	0.950821	0.481198	0.658618	0.907968	0.823314	0.976043	0.207113	0.0321354	0.151576	0.366956	0.221082	0.374597	0.326835	0.283452	0.942946	0.0639623	0.500269	0.757605	0.321799	0.202251	0.839835	0.214898	0.947824	0.960314	0.682955	0.216669	
0.597872	0.0129804	0.726308	0.0515156	0.642882	0.410351	0.769186	0.436039	0.819185	0.658525	0.199858	0.37402	0.0896674	0.515384	0.0762026	0.0744752	0.3806	0.689793	0.806258	0.419336	0.826451	0.204259	0.293055	0.908576	0.340852	0.426641	0.822811	0.392416	0.278204	0.629287	
0.714385	0.95183	0.819772	0.484258	0.0382218	0.0660375	0.598227	0.233585	0.930927	0.646947	0.0212033	0.93985	0.0895117	0.3215	0.311545	0.575069	0.652687	0.122461	0.0203945	0.745705	0.680143	0.35765	0.0902483	0.00357065	0.650171	0.767576	0.0280323	0.811633	0.0533412	0.620975	
0.0210427	0.0914101	0.263263	0.823806	0.495689	0.163699	0.156233	0.406159	0.447462	0.935763	0.00488348	0.23394	0.105351	0.649459	0.93501	0.880531	0.200981	0.96717	0.256132	0.148939	0.175645	0.621341	0.179918	0.437177	0.536112	0.912485	0.525866	0.285852	0.0268442	0.950539	
0.183485	0.599275	0.38854	0.672234	0.00518447	0.420274	0.760288	0.0907083	0.774755	0.808781	0.588203	0.196056	0.344534	0.512788	0.300405	0.763318	0.743533	0.760825	0.579968	0.722317	0.722727	0.725221	0.0417167	0.515566	0.716139	0.439098	0.298949	0.925154	0.512579	0.440544	
0.796508	0.0409867	0.135331	0.60082	0.617042	0.183865	0.260421	0.629562	0.730181	0.377916	0.543105	0.320543	0.738745	0.230901	0.718469	0.975895	0.210851	0.351494	0.766936	0.766272	0.298498	0.0666438	0.385564	0.995873	0.632972	0.2848	0.00830766	0.062587	0.787269	0.68681	
0.15195	0.970292	0.737214	0.840225	0.441666	0.500288	0.668944	0.734385	0.0922792	0.82578	0.347153	0.657508	0.274473	0.10602	0.341503	0.800204	0.47281	0.193273	0.489454	0.113811	0.065239	0.118752	0.2839	0.411649	0.680463	0.594919	0.295998	0.479328	0.263921	0.429217	
0.473248	0.94817	0.578067	0.633545	0.837268	0.647143	0.322812	0.484833	0.746413	0.97381	0.729381	0.346544	0.987367	0.833147	0.869721	0.0629306	0.450478	0.838655	0.0428128	0.246411	0.434017	0.60114	0.540566	0.339691	0.538309	0.566896	0.64406	0.678448	0.275968	0.107031	
0.0532347	0.157352	0.887354	0.969902	0.129989	0.524685	0.571032	0.324588	0.0536369	0.177349	0.577621	0.0861934	0.600158	0.995774	0.0728021	0.833175	0.993474	0.702967	0.913655	0.796638	0.670174	0.259821	0.692702	0.587746	0.557513	0.357137	0.312195	0.295259	0.580158	0.680514	
0.863445	0.674237	0.0650944	0.24163	0.634744	0.130224	0.754769	0.12835	0.293306	0.619177	0.56254	0.735491	0.748016	0.841361	0.125433	0.574249	0.0623054	0.61019	0.261665	0.499518	0.805684	0.866917	0.318914	0.285648	0.938961	0.745781	0.398241	0.346481	0.636993	0.436158	
0.847895	0.0988756	0.826097	0.913586	0.646639	0.67679	0.170071	0.582769	0.973261	1.32104e-05	0.308286	0.815933	0.94229	0.334787	0.546226	0.147476	0.7797	0.433116	0.586514	0.278158	0.674738	0.748386	0.879124	0.458113	0.0905957	0.78839	0.49336	0.997181	0.360751	0.600638	
0.110002	0.388783	0.783235	0.0730056	0.457026	0.421743	0.499049	0.399949	0.953729	0.0905516	0.487608	0.322942	0.0979735	0.908604	0.348117	0.803214	0.800277	0.916072	0.533667	0.888357	0.520316	0.602278	0.446511	0.722344	0.199975	0.38795	0.651911	0.865541	0.119166	0.541361	
0.412895	0.00876376	0.332984	0.151207	0.510738	0.501825	0.468456	0.576947	0.554772	0.401175	0.609678	0.445384	0.0707559	0.963676	0.0198965	0.841706	0.345361	0.613447	0.832129	0.222773	0.00193014	0.00188907	0.434675	0.954092	0.671215	0.973988	0.600053	0.657314	0.901436	0.938829	
0.757561	0.534008	0.366908	0.53187	0.0226768	0.0455377	0.0485985	0.854106	0.728188	0.885782	0.844828	0.0934789	0.291773	0.150738	0.228245	0.21742	0.713305	0.237145	0.919128	0.964288	0.651387	0.701162	0.90262	0.149802	0.743409	0.0540684	0.0780868	0.460236	0.41378	0.867514	
0.727981	0.44258	0.403757	0.665273	0.331523	0.679833	0.984732	0.0486307	0.0856763	0.394153	0.0976744	0.706906	0.466925	0.182352	0.312164	0.899638	0.477931	0.770532	0.189126	0.35217	0.490732	0.851008	0.284136	0.678818	0.629915	0.0821333	0.593472	0.155211	0.620651	0.108299	
