10	30
46.6853	0.0233782
43.5483	0.805594
42.711	0.333775
46.0868	0.928377
39.1605	0.352508
44.2251	0.912847
47.7261	0.531817
45.8648	0.600208
47.1525	0.394129
39.6745	0.785797
17.5452
9.04558
41.0078
7.71388
17.1341
39.6775
30.9271
23.0982
33.7933
43.3533
32.7127
12.5674
45.6679
1.73424
42.8323
12.452
37.5962
25.2557
5.72918
21.3968
4.33251
19.5793
16.2804
48.932
49.7106
14.4407
17.0034
37.1758
8.67046
37.2976
0.691052	0.303519	0.0468271	0.033126	0.975505	0.585932	0.690712	0.0757711	0.408707	0.856562	0.130452	0.356037	0.817245	0.762829	0.0302165	0.265208	0.520601	0.324339	0.72443	0.138522	0.631941	0.184071	0.183113	0.789165	0.455508	0.892943	0.772896	0.891166	0.892225	0.0479729	
0.136784	0.59752	0.406079	0.932677	0.544479	0.990071	0.890984	0.565179	0.167099	0.0630825	0.90787	0.120273	0.0439246	0.881529	0.820624	0.693203	0.398263	0.525986	0.925784	0.0824444	0.737224	0.777376	0.510184	0.897159	0.864154	0.720094	0.715932	0.386761	0.654525	0.824175	
0.689319	0.273598	0.844585	0.950093	0.18302	0.258701	0.759097	0.0764258	0.276519	0.495167	0.890149	0.221395	0.47233	0.346786	0.607459	0.30865	0.901559	0.136928	0.843003	0.875503	0.00165399	0.414445	0.0558537	0.701283	0.987315	0.178548	0.20431	0.244201	0.439868	0.820615	
0.565538	0.795214	0.895712	0.263022	0.834627	0.0068457	0.376052	0.403067	0.50297	0.34752	0.468757	0.210465	0.35166	0.361378	0.989196	0.522402	0.78002	0.0124282	0.114082	0.737529	0.683819	0.525869	0.774014	0.30084	0.304811	0.365853	0.884283	0.640317	0.0865886	0.191298	
0.801489	0.940771	0.353474	0.891766	0.665246	0.143296	0.670827	0.0732681	0.262862	0.518784	0.469234	0.74925	0.81116	0.292558	0.41566	0.0680547	0.459151	0.814254	0.40155	0.727507	0.280129	0.28471	0.114467	0.348738	0.0611793	0.718386	0.79247	0.156153	0.791498	0.795176	
0.0250528	0.729825	0.806184	0.470651	0.881726	0.00843794	0.558378	0.372375	0.693204	0.428121	0.415982	0.262374	0.434101	0.686532	0.901602	0.113657	0.376934	0.185518	0.920921	0.402046	0.127998	0.844425	0.26937	0.902338	0.576823	0.721787	0.0438677	0.0270731	0.65401	0.0815031	
0.481615	0.379688	0.590098	0.1011	0.447957	0.727092	0.198636	0.133659	0.82371	0.416367	0.449602	0.680932	0.273585	0.302914	0.3441	0.572137	0.278387	0.104757	0.0970876	0.235433	0.397883	0.290819	0.332309	0.336065	0.503705	0.49135	0.998163	0.656423	0.763859	0.811529	
0.553794	0.732949	0.655632	0.380129	0.623954	0.495384	0.250138	0.486421	0.541927	0.921628	0.0257939	0.402313	0.102375	0.387626	0.617447	0.98918	0.979721	0.531069	0.06935	0.379193	0.369022	0.44295	0.20268	0.852408	0.756822	0.459384	0.265351	0.998612	0.913345	0.588703	
0.445218	0.169348	0.201631	0.0362975	0.368537	0.848716	0.364801	0.0141721	0.170489	0.0202387	0.823316	0.979732	0.858995	0.944952	0.61585	0.123427	0.100968	0.334988	0.0697624	0.950792	0.504211	0.140889	0.477609	0.790007	0.798892	0.510496	0.0139333	0.400512	0.258792	0.515952	
0.618207	0.136409	0.206434	0.15569	0.296135	0.74862	0.435656	0.760101	0.436814	0.726712	0.976565	0.868609	0.649096	0.780958	0.680402	0.0898583	0.516506	0.171173	0.877314	0.213623	0.434909	0.380049	0.0154648	0.656407	0.0305539	0.584564	0.629845	0.370285	0.867857	0.157267	
