10	40
44.132	0.199382
38.7086	0.0777242
43.6104	0.639716
41.8852	0.320793
41.0733	0.474552
46.9531	0.578139
43.2353	0.512034
45.2843	0.909878
44.3825	0.106628
44.5086	0.099659
49.4772
12.1231
10.6004
36.056
45.464
14.7429
38.0541
28.3691
19.1222
37.5375
41.5417
48.2548
35.8471
22.965
45.7917
28.5739
40.0085
43.746
33.4886
5.22603
28.331
2.15593
34.2569
3.25548
20.7893
44.5193
6.50084
38.6244
36.6124
4.82986
3.28843
38.7173
35.3858
12.4099
28.1166
44.2818
16.1235
45.8637
4.95382
5.89073
0.442291	0.489162	0.658941	0.138813	0.213135	0.111823	0.140641	0.697756	0.236514	0.0400682	0.000599381	0.87345	0.439546	0.478809	0.11434	0.143411	0.116154	0.850707	0.457591	0.210374	0.943825	0.938489	0.261638	0.902501	0.0457608	0.466126	0.219603	0.400559	0.58816	0.476149	0.209292	0.991206	0.460444	0.341369	0.882682	0.0445887	0.206843	0.0312779	0.405921	0.0603379	
0.0357084	0.329836	0.000358133	0.482922	0.104236	0.594371	0.670538	0.324289	0.580935	0.341263	0.991026	0.212372	0.952942	0.891875	0.0419957	0.695476	0.780283	0.600554	0.335584	0.65307	0.204042	0.236455	0.0213076	0.883317	0.899184	0.353533	0.688972	0.571162	0.158093	0.457273	0.0448437	0.285607	0.901701	0.139625	0.224272	0.212975	0.150116	0.785033	0.529607	0.983474	
0.723778	0.263814	0.315605	0.0127278	0.0295756	0.311989	0.0394932	0.381562	0.798528	0.703898	0.778818	0.927761	0.940537	0.0426217	0.201727	0.217127	0.0834146	0.052598	0.796711	0.813239	0.711902	0.359727	0.556761	0.812526	0.755086	0.626126	0.740814	0.138161	0.300864	0.93205	0.217916	0.381222	0.0541495	0.530955	0.125121	0.198493	0.054853	0.527451	0.311215	0.363267	
0.827541	0.44556	0.195751	0.0302256	0.475536	0.105182	0.487749	0.718301	0.370642	0.868304	0.906204	0.280288	0.0850979	0.285565	0.299344	0.504301	0.447621	0.629288	0.37949	0.232205	0.887264	0.62669	0.884644	0.464232	0.711353	0.166135	0.416239	0.760632	0.901117	0.925012	0.0467047	0.305697	0.165994	0.51748	0.246135	0.610477	0.933686	0.0465303	0.491293	0.514852	
0.849895	0.175875	0.556766	0.497816	0.121292	0.387881	0.584736	0.699778	0.63816	0.851903	0.816429	0.0454442	0.0292737	0.978335	0.43182	0.737557	0.794248	0.613057	0.509469	0.470131	0.133553	0.796875	0.901429	0.606155	0.755296	0.0566091	0.364807	0.276483	0.260815	0.464435	0.190161	0.735031	0.866894	0.74823	0.439423	0.684611	0.236062	0.32299	0.272146	0.312551	
0.935489	0.518633	0.000336447	0.791354	0.237661	0.690285	0.743505	0.397397	0.970021	0.546578	0.00868463	0.0398826	0.841438	0.875591	0.239451	0.72066	0.266049	0.706774	0.664661	0.684583	0.67091	0.417081	0.680539	0.247851	0.321344	0.616435	0.22394	0.156462	0.786123	0.736224	0.94542	0.167044	0.719403	0.954037	0.735438	0.821217	0.613753	0.907552	0.415328	0.431366	
0.885049	0.591939	0.363012	0.492907	0.925064	0.0112475	0.669176	0.206539	0.319983	0.510905	0.043859	0.0301918	0.379744	0.563245	0.76317	0.898495	0.700543	0.952909	0.933638	0.206457	0.964419	0.10043	0.35649	0.934978	0.0225256	0.363501	0.73447	0.12167	0.800339	0.784857	0.917618	0.903536	0.770571	0.688791	0.0791525	0.926237	0.34865	0.589923	0.523007	0.307845	
0.755056	0.453472	0.630505	0.619323	0.449854	0.004766	0.464394	0.70158	0.0690431	0.734187	0.531785	0.358103	0.477856	0.067797	0.497592	0.0834346	0.66895	0.477544	0.781801	0.0536457	0.324131	0.308515	0.139042	0.858656	0.233249	0.318957	0.258989	0.810894	0.414692	0.813331	0.111436	0.914992	0.312702	0.625104	0.77742	0.792046	0.580529	0.169941	0.303268	0.688495	
0.952793	0.626881	0.196958	0.66078	0.112718	0.626128	0.992369	0.432056	0.67315	0.155132	0.522552	0.216638	0.329186	0.0753846	0.195565	0.225431	0.705597	0.738313	0.928404	0.336592	0.0846961	0.435274	0.563076	0.52714	0.96158	0.0672684	0.999621	0.77998	0.603735	0.403326	0.448275	0.997065	0.246656	0.206575	0.498294	0.455771	0.374347	0.379185	0.579243	0.523084	
0.267873	0.56271	0.804426	0.712674	0.480614	0.496991	0.549713	0.0631834	0.675901	0.379635	0.161757	0.844497	0.33203	0.740499	0.302499	0.144228	0.227255	0.107894	0.401695	0.82406	0.0441854	0.724883	0.898992	0.353508	0.241442	0.906857	0.811807	0.378865	0.678232	0.879631	0.293897	0.039671	0.0232072	0.666011	0.151415	0.215457	0.0677212	0.328545	0.729945	0.0947885	
