20	50
85.3431	0.904292
81.1672	0.803696
85.9745	0.376596
89.1281	0.0973504
87.8015	0.69902
100.786	0.93847
88.3883	0.557225
92.4256	0.193882
92.7467	0.755423
95.2679	0.0559915
92.7926	0.531952
90.5945	0.396125
97.9009	0.742431
92.7464	0.939462
86.0776	0.444517
93.0851	0.665972
80.8484	0.659624
83.3933	0.246839
84.1122	0.352092
81.9484	0.42134
35.0018
5.31972
3.87195
4.74677
2.88978
29.1754
14.8554
39.3047
29.4771
12.8164
15.1305
13.521
17.9388
36.9448
8.65729
15.5288
24.0794
18.4605
20.4938
43.3065
49.9923
3.11914
49.4792
40.5603
42.5095
33.3119
6.55145
30.4482
42.8174
45.7183
24.6866
20.2021
23.0004
20.2952
21.8819
11.5304
13.4269
49.8994
6.1641
12.6208
12.9367
26.2372
4.40437
47.4075
43.8977
35.8358
42.7653
33.4851
21.4468
31.9899
0.738368	0.847612	0.360429	0.759284	0.163056	0.836207	0.0617627	0.745015	0.979245	0.837155	0.71665	0.95227	0.800026	0.509693	0.410565	0.98882	0.703948	0.946684	0.403517	0.504867	0.472325	0.610355	0.33201	0.668225	0.891266	0.837322	0.62836	0.0457132	0.0231005	0.267859	0.154294	0.213789	0.0416053	0.527603	0.896401	0.867412	0.322345	0.861011	0.381236	0.279789	0.511307	0.33468	0.17029	0.288581	0.514848	0.679768	0.815635	0.471181	0.822655	0.664385	
0.447574	0.976966	0.400303	0.620805	0.33052	0.736557	0.087524	0.205634	0.0990685	0.930804	0.0644123	0.813787	0.411129	0.202156	0.184866	0.0277105	0.848303	0.613213	0.497778	0.15473	0.68258	0.916933	0.489133	0.241068	0.222429	0.411271	0.652421	0.940879	0.430711	0.666034	0.338941	0.263702	0.172985	0.866481	0.660335	0.219217	0.93237	0.464052	0.433748	0.441355	0.91125	0.127411	0.271365	0.229266	0.322144	0.570021	0.0317767	0.127298	0.930589	0.173811	
0.383526	0.361106	0.187495	0.493856	0.52287	0.911641	0.918128	0.968359	0.590693	0.920612	0.079343	0.794362	0.247029	0.458862	0.238181	0.0865362	0.261837	0.897058	0.349524	0.604664	0.525448	0.895903	0.313789	0.5997	0.586836	0.505599	0.983087	0.710949	0.418058	0.587176	0.267129	0.0937275	0.102583	0.834892	0.982091	0.142286	0.568401	0.973638	0.441175	0.615491	0.554153	0.47047	0.547521	0.333036	0.874251	0.0102811	0.923523	0.943179	0.457285	0.0713854	
0.21495	0.0442569	0.725869	0.131982	0.725517	0.98543	0.0622149	0.67402	0.177413	0.132273	0.596195	0.187879	0.0191042	0.353793	0.296325	0.495003	0.0690134	0.346145	0.417279	0.533701	0.991397	0.381228	0.0590223	0.532672	0.338842	0.692619	0.360551	0.511403	0.212095	0.956286	0.322755	0.526006	0.741593	0.788865	0.504006	0.388507	0.323115	0.741642	0.618431	0.745213	0.8902	0.57465	0.28772	0.655196	0.175243	0.286273	0.00365589	0.866419	0.0543818	0.402204	
0.321557	0.108073	0.741062	0.328373	0.786951	0.789724	0.624281	0.383323	0.787508	0.344185	0.0945409	0.156869	0.903946	0.824482	0.0892696	0.0505296	0.508957	0.554555	0.639181	0.791445	0.13721	0.035475	0.988363	0.518513	0.766637	0.100717	0.0932487	0.0331833	0.978202	0.886096	0.71458	0.0922229	0.61773	0.000870772	0.377001	0.940058	0.712432	0.607034	0.185114	0.758067	0.98634	0.99559	0.748855	0.906057	0.320755	0.563659	0.545312	0.868808	0.44922	0.2192	
0.832019	0.536356	0.77004	0.620777	0.662953	0.224059	0.908633	0.870239	0.695591	0.423728	0.577649	0.876099	0.207173	0.936686	0.477275	0.254848	0.29176	0.738075	0.673811	0.761085	0.347952	0.0268213	0.907234	0.603577	0.0517477	0.081561	0.234155	0.386964	0.929229	0.0763293	0.530717	0.394744	0.168808	0.0417972	0.215235	0.0866899	0.454171	0.633613	0.913883	0.996774	0.842195	0.797315	0.399345	0.675832	0.281732	0.200404	0.406951	0.661706	0.768114	0.122315	
0.0683235	0.99458	0.373336	0.802492	0.0743562	0.693121	0.319964	0.947771	0.614767	0.434139	0.377175	0.431012	0.102385	0.0580024	0.372594	0.695926	0.323572	0.144839	0.375087	0.178039	0.952516	0.118918	0.394934	0.971444	0.0921076	0.935375	0.881402	0.103208	0.56043	0.423134	0.725238	0.493628	0.400066	0.257292	0.602782	0.941237	0.636673	0.356318	0.765476	0.639346	0.017246	0.562482	0.738745	0.204443	0.734594	0.0513085	0.300717	0.308891	0.875624	0.429881	
0.73072	0.800218	0.245159	0.0948741	0.515555	0.808464	0.751562	0.333634	0.75625	0.384831	0.0933809	0.957641	0.22618	0.278656	0.68786	0.115321	0.539804	0.639768	0.498513	0.492537	0.918141	0.254631	0.594522	0.459982	0.245264	0.968503	0.517243	0.937443	0.109538	0.316776	0.0335197	0.87661	0.90212	0.336686	0.392461	0.213887	0.981479	0.910826	0.0777358	0.439115	0.124639	0.278213	0.246154	0.298071	0.13844	0.829277	0.344481	0.472375	0.148384	0.614833	
0.583156	0.118561	0.794918	0.804292	0.21494	0.708596	0.489921	0.299445	0.235223	0.766263	0.881172	0.619155	0.575501	0.101607	0.457135	0.79341	0.589844	0.0253213	0.345196	0.980425	0.626041	0.882934	0.514529	0.730309	0.682657	0.347645	0.15829	0.609667	0.943101	0.935246	0.00116748	0.666945	0.453843	0.738298	0.0732035	0.630938	0.387576	0.343809	0.481851	0.97192	0.42033	0.205427	0.86029	0.345222	0.901588	0.755383	0.177243	0.484387	0.961914	0.0279874	
0.621752	0.150126	0.671886	0.805505	0.839323	0.35912	0.333276	0.349848	0.355355	0.799559	0.386121	0.771726	0.468245	0.964036	0.333845	0.40843	0.843753	0.00977843	0.352265	0.696075	0.631467	0.627921	0.51157	0.895696	0.435557	0.458026	0.280145	0.973311	0.997312	0.881291	0.870416	0.270698	0.550655	0.504109	0.408004	0.481515	0.0701174	0.705055	0.343265	0.00750079	0.845483	0.710493	0.878209	0.465092	0.190556	0.961736	0.964294	0.409472	0.0917624	0.168729	
0.0115062	0.206276	0.979595	0.895786	0.443359	0.242542	0.71794	0.444928	0.573106	0.881066	0.598091	0.0444045	0.0208244	0.703634	0.0583944	0.709317	0.308464	0.561036	0.460838	0.184398	0.237553	0.463806	0.808274	0.859218	0.742712	0.409354	0.311379	0.124476	0.940026	0.921983	0.161133	0.0958565	0.487567	0.618015	0.169286	0.971067	0.536185	0.982608	0.392175	0.250623	0.436005	0.370875	0.347917	0.958691	0.106029	0.691638	0.489069	0.592275	0.625641	0.0838284	
0.439884	0.61158	0.479914	0.0208213	0.642502	0.667097	0.574439	0.385426	0.786038	0.287348	0.954708	0.0966512	0.159957	0.669174	0.55532	0.991987	0.399217	0.316813	0.62231	0.720703	0.445507	0.216022	0.133832	0.387992	0.70752	0.719564	0.853703	0.672047	0.516289	0.09271	0.362916	0.411722	0.526913	0.81106	0.0248638	0.975304	0.725165	0.363386	0.405849	0.246752	0.541926	0.734453	0.477964	0.363812	0.587895	0.670405	0.197368	0.423954	0.503108	0.982086	
0.0981126	0.470026	0.961766	0.666252	0.118603	0.848897	0.353982	0.510378	0.167611	0.522665	0.221736	0.142301	0.505356	0.853543	0.307855	0.26632	0.906221	0.141343	0.893737	0.310009	0.838765	0.968909	0.777463	0.778456	0.413109	0.331517	0.63766	0.538765	0.592488	0.564568	0.209716	0.806154	0.519161	0.992966	0.421639	0.201258	0.381583	0.552669	0.755386	0.332712	0.41681	0.251307	0.731413	0.498698	0.824479	0.506836	0.301311	0.00904758	0.899155	0.830145	
0.00587956	0.0891276	0.121579	0.0404475	0.545969	0.960616	0.460311	0.970738	0.290012	0.604396	0.85664	0.457669	0.963492	0.915235	0.020423	0.612334	0.599708	0.824271	0.556611	0.180116	0.280482	0.310329	0.778135	0.324089	0.503515	0.770353	0.609728	0.302489	0.59497	0.683609	0.504307	0.416713	0.116948	0.832991	0.847767	0.835766	0.043772	0.644686	0.402003	0.245783	0.377049	0.787046	0.967382	0.346937	0.35857	0.634434	0.812585	0.067661	0.57389	0.495876	
0.624513	0.212551	0.663664	0.81221	0.203982	0.349572	0.949587	0.43573	0.554236	0.679753	0.185592	0.584245	0.187	0.142202	0.912064	0.16724	0.544669	0.0595626	0.928003	0.0209276	0.390627	0.794494	0.351994	0.646	0.359648	0.527075	0.704055	0.451961	0.316287	0.192436	0.626189	0.576656	0.849153	0.182394	0.620544	0.424599	0.235447	0.188308	0.48565	0.572636	0.54258	0.290958	0.981165	0.4306	0.208577	0.793012	0.703783	0.0201436	0.234506	0.111112	
0.819165	0.0412777	0.668995	0.98859	0.394692	0.788447	0.593599	0.64947	0.242172	0.588393	0.150308	0.706909	0.617076	0.471724	0.186454	0.310872	0.119475	0.0632274	0.395574	0.197542	0.221923	0.586543	0.577807	0.337822	0.0237116	0.138437	0.254603	0.0350522	0.511657	0.696912	0.49198	0.550653	0.26717	0.281663	0.148407	0.0383784	0.67439	0.232339	0.630355	0.477026	0.646862	0.211627	0.156595	0.953292	0.678479	0.797911	0.317037	0.0210279	0.773778	0.901107	
0.499672	0.888629	0.262523	0.361568	0.639154	0.502273	0.0702679	0.665044	0.461087	0.861804	0.565527	0.482585	0.717355	0.935496	0.729072	0.892789	0.988584	0.304304	0.844392	0.692117	0.658413	0.400144	0.794171	0.149052	0.807684	0.579501	0.564269	0.987125	0.0108571	0.428224	0.410962	0.485277	0.740223	0.011958	0.593801	0.504551	0.644646	0.763166	0.104453	0.586801	0.999214	0.376473	0.448923	0.993604	0.362659	0.645809	0.350481	0.423576	0.87735	0.126705	
0.95265	0.01278	0.733737	0.320464	0.278125	0.418237	0.613183	0.779123	0.468447	0.399828	0.707245	0.568268	0.786486	0.956927	0.49779	0.465655	0.741783	0.572277	0.826981	0.942996	0.565751	0.999273	0.120736	0.78185	0.615812	0.767689	0.594645	0.797512	0.99984	0.558833	0.443482	0.652401	0.704523	0.0691046	0.262789	0.734911	0.588327	0.658942	0.247554	0.257007	0.647214	0.817503	0.0957299	0.994865	0.378984	0.699692	0.370113	0.301746	0.209502	0.639391	
0.506918	0.369205	0.627244	0.0970554	0.754073	0.784506	0.214675	0.287873	0.656903	0.983143	0.647624	0.598111	0.922171	0.848406	0.122928	0.635232	0.735689	0.854444	0.895804	0.469411	0.224767	0.00236916	0.5821	0.876041	0.231838	0.186842	0.621885	0.164558	0.224356	0.26498	0.0536837	0.55728	0.79947	0.22591	0.765236	0.378699	0.932267	0.546406	0.342529	0.540874	0.177263	0.954492	0.981113	0.506033	0.312571	0.83687	0.0604896	0.779524	0.0133692	0.109606	
0.280854	0.771485	0.345408	0.669291	0.951256	0.705168	0.872374	0.866006	0.326678	0.889793	0.0671244	0.050737	0.885655	0.339273	0.537147	0.659731	0.104908	0.525448	0.71736	0.175797	0.479978	0.273761	0.673602	0.410791	0.390144	0.716339	0.0729895	0.869709	0.391602	0.426352	0.710484	0.0502383	0.369215	0.0711716	0.78819	0.542198	0.795804	0.0339686	0.456391	0.523954	0.779976	0.713725	0.559584	0.126249	0.697369	0.22996	0.588869	0.27839	0.00241082	0.219045	
