15	40
61.5742	0.629822
71.2965	0.296485
63.8358	0.314059
63.9797	0.751757
62.6054	0.0678917
72.2894	0.52231
72.3065	0.600918
59.1232	0.548821
66.4377	0.314864
62.3016	0.418776
62.2431	0.41832
70.0036	0.555806
70.5043	0.668122
65.1017	0.290266
60.7902	0.0709985
30.4259
34.7254
27.6164
29.3615
7.70521
49.55
28.4987
41.2421
1.58234
12.2285
7.89454
2.4092
1.54139
6.30662
38.6761
7.42814
21.2058
30.7147
46.9765
39.4153
43.5577
35.178
18.6827
3.98567
46.7963
29.9574
4.3364
30.8206
15.2154
18.0918
41.0838
11.0628
5.1732
44.5645
40.666
20.8637
27.4085
27.9654
35.7217
16.3721
0.720601	0.943774	0.504957	0.742922	0.358773	0.369525	0.735386	0.265948	0.511121	0.928478	0.712738	0.16532	0.148672	0.605456	0.818488	0.450885	0.449061	0.565118	0.466608	0.189911	0.556761	0.048337	0.276617	0.710034	0.0156115	0.336934	0.400608	0.134704	0.674949	0.641738	0.532799	0.960328	0.532353	0.407955	0.16623	0.696869	0.0980633	0.289451	0.874705	0.856555	
0.506803	0.307232	0.964333	0.837795	0.1121	0.321271	0.494555	0.40043	0.497864	0.960653	0.633332	0.0305283	0.266626	0.0734616	0.124244	0.89405	0.378596	0.567494	0.460591	0.275103	0.689544	0.766352	0.66715	0.671584	0.413868	0.757557	0.313521	0.679259	0.0548066	0.444939	0.23072	0.919118	0.637307	0.0899211	0.276995	0.97115	0.36638	0.55599	0.107375	0.322217	
0.436225	0.453427	0.0524586	0.595687	0.226717	0.690349	0.935827	0.944616	0.644329	0.431767	0.349386	0.519441	0.581235	0.384933	0.0722015	0.092175	0.220207	0.0367004	0.241405	0.459428	0.266349	0.78844	0.327175	0.465268	0.370525	0.100419	0.295431	0.00216373	0.214999	0.662412	0.51729	0.476342	0.116479	0.436643	0.884244	0.719364	0.296184	0.758023	0.0684111	0.281306	
0.089751	0.145321	0.897487	0.310003	0.869394	0.448625	0.244109	0.0670332	0.390513	0.0247765	0.366152	0.19291	0.0315833	0.805907	0.223326	0.900887	0.985107	0.985069	0.83141	0.265384	0.209785	0.562962	0.276986	0.498851	0.110532	0.254977	0.149995	0.611446	0.072568	0.128704	0.253747	0.0346423	0.543472	0.590329	0.394837	0.742297	0.222758	0.244913	0.201809	0.646755	
0.995592	0.059168	0.344659	0.940405	0.457193	0.871987	0.0759244	0.289216	0.071881	0.689459	0.122517	0.894417	0.381016	0.864135	0.871693	0.0623438	0.00456933	0.445922	0.907521	0.612863	0.254319	0.874152	0.883585	0.355043	0.597702	0.0419418	0.194213	0.522143	0.382873	0.619242	0.9561	0.647626	0.510941	0.00257522	0.971531	0.814096	0.156934	0.367495	0.918131	0.0770826	
0.46686	0.671057	0.419195	0.766003	0.525618	0.248787	0.632342	0.720856	0.540441	0.0644055	0.0228934	0.281614	0.104598	0.415274	0.543988	0.691195	0.273385	0.149386	0.840582	0.978022	0.192582	0.889099	0.454451	0.616806	0.10458	0.984384	0.791439	0.112143	0.927916	0.303367	0.414583	0.833724	0.197716	0.221802	0.629752	0.195657	0.908454	0.0317312	0.162292	0.98923	
0.83381	0.500937	0.142511	0.923036	0.656159	0.0870554	0.469056	0.327385	0.689544	0.747057	0.72928	0.562794	0.956962	0.745556	0.619632	0.267532	0.184963	0.830259	0.958889	0.81779	0.465365	0.746057	0.108569	0.57153	0.48855	0.799853	0.183503	0.949359	0.379282	0.393942	0.614883	0.961859	0.863702	0.155938	0.562471	0.997722	0.847871	0.701399	0.705182	0.260747	
0.0912055	0.725351	0.158469	0.556907	0.916175	0.731968	0.151964	0.562433	0.62151	0.068058	0.0428786	0.34687	0.102177	0.71866	0.188908	0.158394	0.482849	0.0499775	0.852412	0.47525	0.763315	0.90942	0.845347	0.0150661	0.145054	0.181992	0.699814	0.596717	0.884394	0.352288	0.279139	0.516976	0.940948	0.677764	0.590886	0.726986	0.504336	0.956983	0.226072	0.547625	
0.14187	0.724621	0.185149	0.1837	0.624762	0.624053	0.0808808	0.864069	0.718114	0.443883	0.545379	0.308249	0.803776	0.162047	0.310302	0.283689	0.408187	0.633588	0.202639	0.130739	0.791336	0.392267	0.450344	0.620348	0.812333	0.13949	0.112109	0.979329	0.691341	0.878333	0.400245	0.197832	0.369293	0.572762	0.818471	0.711738	0.306007	0.0686566	0.371328	0.895579	
0.793714	0.601681	0.91254	0.583177	0.383	0.548353	0.283005	0.0157251	0.428377	0.817281	0.73383	0.618081	0.101274	0.0326706	0.2494	0.742659	0.685513	0.849486	0.239166	0.656864	0.726026	0.257146	0.12002	0.396004	0.191461	0.178634	0.917045	0.617927	0.27781	0.344757	0.722426	0.157665	0.568672	0.685512	0.925002	0.751607	0.492538	0.622265	0.500877	0.0998689	
0.554224	0.737535	0.125866	0.734644	0.0716881	0.516215	0.592605	0.45192	0.457124	0.591753	0.391955	0.207299	0.994938	0.318437	0.731371	0.90763	0.699264	0.707291	0.152671	0.790702	0.577373	0.29642	0.0207783	0.484976	0.173232	0.0365624	0.0668995	0.259281	0.865078	0.895463	0.665892	0.325374	0.733426	0.352046	0.400171	0.0191919	0.121752	0.311441	0.558793	0.81742	
0.81735	0.553624	0.327994	0.51028	0.70536	0.154917	0.921291	0.928157	0.581653	0.882192	0.082957	0.986998	0.00651433	0.745449	0.768022	0.167545	0.516636	0.650232	0.115504	0.138988	0.57583	0.907463	0.725437	0.793469	0.21547	0.92488	0.542892	0.11195	0.00830768	0.0496176	0.58376	0.448368	0.0522739	0.760937	0.764106	0.0191517	0.690107	0.152331	0.367118	0.970215	
0.342827	0.534355	0.848538	0.86047	0.614665	0.552865	0.510972	0.959258	0.698747	0.996136	0.837274	0.661305	0.67969	0.64445	0.850928	0.571116	0.276639	0.168197	0.826038	0.792211	0.924977	0.604053	0.707307	0.585395	0.319367	0.373777	0.502564	0.215183	0.298983	0.400149	0.326232	0.437576	0.616637	0.113928	0.540834	0.475324	0.975553	0.330996	0.769041	0.732184	
0.210469	0.760934	0.437798	0.922232	0.244199	0.30761	0.0742842	0.555333	0.71228	0.90696	0.0256795	0.157523	0.538912	0.799246	0.882557	0.965921	0.591866	0.667681	0.877753	0.244706	0.907462	0.130413	0.989629	0.99645	0.0390294	0.573504	0.932877	0.721801	0.153647	0.360044	0.537769	0.966288	0.31419	0.983774	0.36492	0.0172737	0.0226892	0.0259149	0.353027	0.70797	
0.015073	0.601943	0.469039	0.948857	0.660767	0.128179	0.793422	0.494335	0.0559233	0.484524	0.611229	0.325752	0.696592	0.309822	0.560691	0.326284	0.269449	0.979944	0.17192	0.178999	0.332103	0.298278	0.182156	0.55062	0.219629	0.962285	0.14048	0.366833	0.995429	0.741299	0.801028	0.0876876	0.816562	0.874604	0.072537	0.44106	0.34816	0.890963	0.792838	0.422904	
