25	25
102.001	0.736729
111.17	0.228241
102.264	0.553388
100.197	0.310241
105.773	0.0853278
107.151	0.152473
120.149	0.474208
121.597	0.890161
123.246	0.372389
124.482	0.517766
109.774	0.595267
117.327	0.06485
105.756	0.904169
107.887	0.936032
105.191	0.855909
101.85	0.156188
110.475	0.519472
105.192	0.44044
111.611	0.562381
122.701	0.577283
104.73	0.873906
118.479	0.28888
103.88	0.341434
104.013	0.517394
103.449	0.578666
20.0498
24.5411
16.1239
35.3564
49.3589
7.86859
31.2841
15.5063
14.0326
46.082
27.8404
25.5117
36.2965
20.0559
23.5051
27.1804
25.1725
4.52557
42.1075
1.09485
35.4953
20.9342
16.0545
4.33279
29.5911
0.942432	0.441735	0.528989	0.765609	0.671012	0.161483	0.520137	0.639245	0.708087	0.654091	0.719518	0.634779	0.304433	0.490075	0.712873	0.00101122	0.659669	0.145581	0.388207	0.288564	0.784103	0.622407	0.738873	0.85204	0.666343	
0.534718	0.991457	0.0135491	0.507834	0.574881	0.142113	0.030147	0.540667	0.379981	0.11786	0.543321	0.835347	0.661092	0.145393	0.855771	0.532416	0.239009	0.573956	0.80891	0.399525	0.348756	0.675635	0.642436	0.621577	0.0840388	
0.626106	0.707259	0.143935	0.807226	0.448344	0.872406	0.851261	0.912814	0.549956	0.196486	0.301185	0.86438	0.209475	0.960999	0.836246	0.898713	0.115263	0.279401	0.424622	0.822878	0.977675	0.898852	0.132365	0.732525	0.842248	
0.372186	0.450002	0.962353	0.0588258	0.20885	0.0458376	0.280531	0.684453	0.952156	0.463887	0.953412	0.643684	0.399165	0.491174	0.0660407	0.964492	0.590921	0.412382	0.242473	0.857599	0.674303	0.804858	0.939797	0.679364	0.63332	
0.100107	0.300024	0.403145	0.501573	0.374357	0.11484	0.840499	0.066807	0.767082	0.133073	0.565787	0.990914	0.444907	0.858457	0.660597	0.971527	0.694025	0.727257	0.00569567	0.178	0.4456	0.142464	0.447751	0.461561	0.660391	
0.773364	0.321265	0.914233	0.763407	0.570357	0.287097	0.895903	0.061923	0.68032	0.414741	0.30636	0.319335	0.5737	0.636393	0.88169	0.778092	0.825109	0.685491	0.979511	0.292801	0.572842	0.618973	0.24818	0.245033	0.606395	
0.302008	0.232929	0.555363	0.19719	0.634714	0.72462	0.312413	0.604882	0.624356	0.352049	0.922548	0.976355	0.255525	0.687323	0.785139	0.213994	0.954829	0.222872	0.772877	0.676848	0.899052	0.752076	0.0597805	0.863323	0.327723	
0.107671	0.835648	0.354233	0.533476	0.42302	0.127328	0.364561	0.271619	0.620674	0.359913	0.104004	0.384292	0.725737	0.0245587	0.792424	0.553307	0.851908	0.700018	0.259173	0.842777	0.744694	0.651429	0.0148081	0.677984	0.0556416	
0.535928	0.758392	0.467292	0.720278	0.127035	0.493605	0.173495	0.734268	0.742188	0.0771592	0.170189	0.491349	0.755797	0.672222	0.267509	0.202674	0.0218402	0.307405	0.27486	0.916112	0.904924	0.638069	0.379565	0.841797	0.967468	
0.784338	0.466719	0.625404	0.717039	0.366982	0.808067	0.438027	0.838323	0.894084	0.618384	0.679621	0.852011	0.447818	0.507086	0.821943	0.432766	0.680348	0.34414	0.366117	0.402232	0.288776	0.437617	0.175246	0.303508	0.352435	
0.808947	0.476154	0.155683	0.852359	0.739916	0.54602	0.692691	0.690129	0.551298	0.908494	0.750747	0.57107	0.406616	0.87235	0.196835	0.301188	0.742522	0.121591	0.501727	0.961113	0.0448383	0.928557	0.296796	0.784394	0.405699	
0.459428	0.904687	0.653086	0.467133	0.105067	0.3718	0.255165	0.0932225	0.140263	0.745047	0.299028	0.817788	0.212107	0.455398	0.0493535	0.172788	0.215887	0.0629861	0.081418	0.944688	0.280726	0.964407	0.671805	0.89731	0.715166	
0.123936	0.849832	0.323838	0.521485	0.931455	0.138627	0.653393	0.104828	0.404115	0.158672	0.968077	0.397025	0.827488	0.270307	0.805542	0.0345993	0.316604	0.0402242	0.207369	0.00317361	0.350063	0.0170453	0.726028	0.40586	0.2189	
0.158332	0.841009	0.912915	0.655938	0.952973	0.226445	0.493274	0.25502	0.67797	0.176453	0.635492	0.0776868	0.598318	0.299042	0.592275	0.283048	0.957403	0.474229	0.335553	0.130643	0.766661	0.00784192	0.205479	0.302781	0.113602	
0.332418	0.792792	0.0750166	0.118839	0.808369	0.717479	0.432327	0.371737	0.00549499	0.944271	0.652904	0.923463	0.29621	0.590639	0.786494	0.841846	0.25256	0.66948	0.55449	0.157393	0.921379	0.0161138	0.392769	0.0227959	0.333928	
0.160196	0.554049	0.90311	0.629943	0.239721	0.635426	0.341359	0.767614	0.30232	0.640005	0.941053	0.323273	0.549073	0.928044	0.458954	0.0201422	0.605024	0.946036	0.746968	0.622237	0.852728	0.494227	0.687085	0.217295	0.830221	
0.382256	0.45997	0.790071	0.822493	0.67531	0.599402	0.272944	0.397574	0.553381	0.32107	0.252084	0.257125	0.146406	0.119852	0.87624	0.355445	0.609183	0.275948	0.260216	0.515091	0.520499	0.0381939	0.650787	0.308331	0.591408	
0.710485	0.093695	0.682125	0.302693	0.48479	0.356611	0.850763	0.582568	0.923959	0.581801	0.81318	0.65327	0.631144	0.110685	0.456098	0.809652	0.942923	0.0031753	0.0420008	0.539049	0.483623	0.324942	0.789221	0.0287934	0.195438	
0.197492	0.534376	0.552762	0.453442	0.0918822	0.117112	0.241439	0.94715	0.867392	0.319765	0.651701	0.585424	0.814382	0.0632757	0.669867	0.973918	0.0935999	0.110284	0.169352	0.687472	0.234453	0.879594	0.938671	0.961558	0.0447074	
0.394266	0.0447589	0.506106	0.184967	0.497968	0.90651	0.815488	0.525571	0.941254	0.19379	0.150402	0.463573	0.535151	0.658332	0.49238	0.289844	0.730286	0.692707	0.294093	0.367845	0.208349	0.45583	0.797455	0.350792	0.641649	
0.969428	0.884305	0.884302	0.865898	0.698433	0.991543	0.597696	0.349995	0.218256	0.795908	0.163081	0.0869862	0.103187	0.518563	0.399967	0.346994	0.768146	0.481674	0.558723	0.821328	0.104475	0.646556	0.236773	0.753636	0.283248	
0.292961	0.696571	0.798895	0.394349	0.502128	0.201548	0.944418	0.293796	0.0617037	0.575138	0.0936904	0.585926	0.78421	0.819789	0.125374	0.294979	0.641734	0.278053	0.474367	0.942972	0.986228	0.918115	0.965422	0.277538	0.0689209	
0.8037	0.19997	0.864956	0.561826	0.565525	0.0490671	0.935106	0.694819	0.167716	0.717253	0.347948	0.0961729	0.63192	0.937212	0.798656	0.659542	0.288866	0.889684	0.281417	0.60085	0.559964	0.528974	0.0395282	0.16798	0.608425	
0.756531	0.28018	0.95082	0.290376	0.0673084	0.0974102	0.788821	0.0451386	0.135721	0.501237	0.717076	0.258825	0.47194	0.147794	0.757901	0.703557	0.315406	0.802486	0.578327	0.524865	0.625591	0.0425494	0.442253	0.373185	0.063143	
0.326798	0.114243	0.239031	0.408415	0.536627	0.418841	0.13329	0.00959618	0.541298	0.0468296	0.489668	0.295681	0.0249101	0.513802	0.0911527	0.177334	0.719363	0.396181	0.168013	0.674696	0.506849	0.735138	0.756488	0.744046	0.521197	
