20	40
83.354	0.190425
79.6752	0.119557
80.7769	0.808829
87.3187	0.619255
79.9283	0.654741
83.6757	0.36645
85.6607	0.130141
96.6253	0.401873
78.7033	0.142219
89.5174	0.157945
81.8908	0.329322
93.6328	0.605028
89.152	0.823744
84.3298	0.0241448
92.1333	0.738534
95.9202	0.787978
80.5274	0.869864
79.972	0.0275938
91.1387	0.680289
94.4968	0.495175
8.29885
20.9141
2.96667
42.8281
10.1438
7.46842
35.2145
28.3715
39.544
25.3686
37.6925
46.2259
27.0905
8.80707
24.0419
46.3504
1.02594
16.5675
29.9795
30.7184
33.3201
17.5814
14.5722
11.8889
34.0254
36.1459
15.8801
48.8325
46.3621
46.311
10.9932
20.0977
17.9101
44.9157
27.5889
21.3769
4.27769
27.2513
17.5221
49.2113
0.49589	0.468251	0.665299	0.21104	0.0158488	0.551196	0.456123	0.465818	0.368473	0.855259	0.0843178	0.547514	0.0932761	0.196743	0.0648357	0.631123	0.0227272	0.567631	0.698437	0.132067	0.31514	0.254598	0.723744	0.129494	0.143033	0.625409	0.629639	0.540938	0.107806	0.254084	0.0900535	0.744138	0.451382	0.803179	0.588699	0.36608	0.197352	0.262226	0.880797	0.531015	
0.163573	0.866439	0.904933	0.436612	0.193374	0.856193	0.883667	0.521048	0.119815	0.672403	0.754981	0.45053	0.275361	0.0847723	0.11674	0.615772	0.568844	0.576512	0.839836	0.808206	0.84745	0.253509	0.65747	0.897851	0.892343	0.126412	0.0633418	0.0556681	0.605179	0.579245	0.164076	0.421785	0.567464	0.347602	0.407038	0.958588	0.616033	0.731574	0.0955659	0.543744	
0.328229	0.318152	0.629601	0.39941	0.554364	0.231551	0.435943	0.297666	0.618804	0.278857	0.717347	0.43531	0.387435	0.462055	0.137557	0.039039	0.449954	0.456036	0.460218	0.909502	0.636087	0.795294	0.284667	0.558951	0.878125	0.441565	0.85929	0.575994	0.856328	0.508517	0.626666	0.273774	0.222623	0.798126	0.00240674	0.695361	0.339621	0.0714616	0.749079	0.396483	
0.348904	0.0235631	0.639147	0.224519	0.730262	0.834299	0.179198	0.845207	0.816738	0.419338	0.325388	0.191767	0.269284	0.801925	0.954364	0.189	0.298736	0.996179	0.123907	0.71472	0.0233591	0.870422	0.514447	0.708116	0.658745	0.958309	0.852916	0.718788	0.988081	0.0134387	0.534303	0.567133	0.326498	0.817936	0.787754	0.136347	0.896502	0.997886	0.0996184	0.446685	
0.437515	0.0503367	0.0109705	0.241899	0.828465	0.317144	0.594323	0.614961	0.485124	0.876932	0.331501	0.913315	0.182862	0.153614	0.779322	0.133298	0.930375	0.552175	0.486482	0.0299828	0.537349	0.407243	0.604074	0.133704	0.610562	0.0268361	0.893812	0.554987	0.885623	0.0823725	0.32094	0.515947	0.785486	0.039491	0.945194	0.19844	0.0558782	0.899862	0.383696	0.128336	
0.026626	0.495255	0.824848	0.440063	0.135551	0.305451	0.579967	0.976066	0.636752	0.847859	0.821464	0.978885	0.791297	0.597539	0.625767	0.707259	0.616819	0.629098	0.957868	0.775744	0.472711	0.608157	0.681353	0.0393324	0.135656	0.612309	0.849872	0.569778	0.360133	0.0664703	0.161688	0.60342	0.180288	0.340139	0.632661	0.116424	0.0159056	0.525031	0.762994	0.104267	
0.0251925	0.252457	0.63864	0.0603363	0.16746	0.0528914	0.834172	0.0990279	0.375563	0.805233	0.0618745	0.135702	0.890139	0.195356	0.5303	0.677916	0.795917	0.0463451	0.62271	0.124639	0.413655	0.920709	0.641174	0.23424	0.0801468	0.445217	0.998239	0.479852	0.0989917	0.579716	0.588683	0.917925	0.338152	0.503504	0.138334	0.134444	0.0332725	0.405561	0.0648468	0.586663	
0.745146	0.832223	0.0633877	0.738401	0.680787	0.470617	0.689128	0.00308999	0.867519	0.54408	0.680244	0.116292	0.81086	0.642684	0.562886	0.837739	0.355641	0.454426	0.969573	0.898322	0.354127	0.859572	0.28912	0.00314319	0.44968	0.561504	0.359683	0.470872	0.267976	0.247872	0.268156	0.0461573	0.885956	0.348182	0.165923	0.60354	0.679062	0.199764	0.906095	0.238487	
0.849913	0.302275	0.57504	0.381392	0.694492	0.183741	0.0767867	0.648212	0.0127923	0.261157	0.426654	0.636612	0.441964	0.550242	0.899389	0.410282	0.57096	0.538869	0.0375365	0.16315	0.652488	0.885027	0.136737	0.932247	0.476476	0.376179	0.272388	0.790202	0.105138	0.252067	0.0864412	0.369457	0.460326	0.478884	0.368853	0.926478	0.129562	0.574029	0.540284	0.785532	
0.0154144	0.715019	0.217804	0.161833	0.937835	0.708186	0.526756	0.454233	0.471082	0.0453856	0.763921	0.999588	0.796199	0.153747	0.444629	0.642971	0.311115	0.561816	0.254282	0.643622	0.800192	0.0111617	0.0408903	0.699916	0.353375	0.440215	0.434395	0.775246	0.393353	0.628693	0.296523	0.338776	0.0824833	0.713062	0.896754	0.555286	0.451527	0.643142	0.590436	0.553783	
0.459781	0.212456	0.422557	0.807241	0.25154	0.0691131	0.322955	0.948932	0.586021	0.455219	0.48692	0.873214	0.498824	0.777419	0.678743	0.165123	0.308712	0.984014	0.435087	0.215285	0.403158	0.740229	0.715261	0.582375	0.742671	0.304221	0.767806	0.880158	0.69899	0.00991913	0.02637	0.456416	0.99723	0.181547	0.492226	0.018847	0.391922	0.623937	0.756217	0.771146	
0.10276	0.735765	0.453406	0.470356	0.92096	0.18951	0.168942	0.62397	0.160205	0.968621	0.102439	0.124391	0.3933	0.648761	0.738897	0.418099	0.337477	0.944316	0.582364	0.752622	0.467275	0.411992	0.0368729	0.150364	0.939942	0.303482	0.139238	0.0888696	0.505509	0.637882	0.883483	0.779226	0.835718	0.40223	0.0104101	0.348474	0.264479	0.108356	0.53304	0.840369	
0.957219	0.490754	0.653612	0.11547	0.990109	0.338054	0.527634	0.823256	0.13958	0.611028	0.654205	0.122408	0.595575	0.294225	0.373617	0.836681	0.285026	0.363123	0.866787	0.196766	0.472912	0.0223105	0.180292	0.595943	0.496258	0.705735	0.216354	0.86576	0.4964	0.110557	0.636947	0.0889758	0.473268	0.225411	0.491249	0.848009	0.594811	0.186068	0.107053	0.602429	
0.956635	0.789001	0.930735	0.530785	0.42716	0.448712	0.0969511	0.838488	0.72696	0.255385	0.863406	0.219991	0.606054	0.411148	0.77867	0.824017	0.736038	0.128819	0.96625	0.248992	0.667025	0.949287	0.017858	0.174524	0.656869	0.113167	0.926752	0.493268	0.142722	0.139206	0.0894967	0.345754	0.990621	0.880919	0.294216	0.385854	0.723648	0.177143	0.346244	0.598646	
0.439932	0.88791	0.429233	0.695589	0.825916	0.231421	0.573097	0.171236	0.734556	0.326031	0.845691	0.377822	0.147003	0.846185	0.31653	0.441223	0.984367	0.514945	0.775842	0.596842	0.100782	0.798238	0.463905	0.517637	0.0177875	0.875843	0.822144	0.45088	0.184873	0.63178	0.112812	0.956496	0.0804952	0.507489	0.425862	0.901096	0.545477	0.286867	0.712053	0.790222	
0.814311	0.496945	0.916004	0.4729	0.668498	0.891282	0.360565	0.781273	0.0116988	0.377247	0.276024	0.889566	0.355147	0.937225	0.587156	0.976737	0.553551	0.349169	0.215222	0.915967	0.521619	0.557959	0.559556	0.163913	0.860919	0.218158	0.736172	0.0262231	0.744421	0.681012	0.384367	0.865061	0.527284	0.445467	0.189555	0.3137	0.454544	0.0682655	0.472572	0.622335	
0.285554	0.792785	0.9754	0.790607	0.102565	0.0767727	0.473894	0.852799	0.406051	0.657979	0.0276693	0.728813	0.339661	0.443896	0.730777	0.0879879	0.901953	0.981284	0.984127	0.0866661	0.196503	0.7599	0.688274	0.661985	0.776519	0.654016	0.488283	0.772151	0.614609	0.607309	0.785158	0.0435514	0.547369	0.658068	0.221218	0.91964	0.42407	0.287912	0.386804	0.265368	
0.681391	0.167233	0.0139197	0.222975	0.201907	0.969088	0.543986	0.148451	0.21416	0.224431	0.896957	0.934828	0.901956	0.326161	0.813425	0.118551	0.829634	0.114898	0.719008	0.214183	0.298176	0.720005	0.609793	0.610594	0.397666	0.157727	0.14284	0.132821	0.746946	0.341982	0.827009	0.681518	0.658655	0.983723	0.878322	0.895165	0.773518	0.245452	0.836507	0.0416523	
0.0749995	0.909933	0.229485	0.0638369	0.754465	0.535647	0.241885	0.896847	0.419249	0.172541	0.613846	0.519967	0.513189	0.559811	0.0942773	0.327106	0.705005	0.379497	0.647269	0.949486	0.96406	0.0175906	0.3122	0.968687	0.14435	0.980766	0.567227	0.607975	0.282618	0.896039	0.142268	0.281565	0.153998	0.927113	0.727566	0.80154	0.0535283	0.234781	0.259698	0.264513	
0.911076	0.566222	0.429135	0.549529	0.433642	0.690717	0.934251	0.967397	0.270442	0.674967	0.594092	0.350881	0.873955	0.278885	0.105136	0.0157683	0.805948	0.899649	0.992521	0.649266	0.659683	0.611165	0.367694	0.0531125	0.268301	0.269871	0.630516	0.138135	0.369547	0.912314	0.0715608	0.844333	0.26011	0.139082	0.589652	0.30269	0.287959	0.26184	0.939456	0.37877	
