10	30
41.2444	0.501975
43.7583	0.837904
41.4229	0.63915
49.7067	0.647935
48.1798	0.0506114
40.6206	0.847613
48.3327	0.331888
48.0442	0.798499
48.4308	0.341158
46.1679	0.745948
13.0747
37.7529
16.5153
11.7277
34.5306
46.1192
29.4717
34.4546
32.29
1.69772
19.1715
36.2525
23.6684
38.6676
47.2313
8.23651
27.0843
19.4931
29.6242
34.9789
41.7418
34.673
49.8879
39.0691
37.4977
46.6686
41.7053
10.5666
32.5519
24.288
0.373107	0.545663	0.366075	0.476682	0.107952	0.0946896	0.0152506	0.568635	0.770264	0.876327	0.0149655	0.823293	0.72499	0.11308	0.452138	0.455871	0.675579	0.641315	0.4989	0.170411	0.314956	0.634451	0.924703	0.287654	0.472739	0.157501	0.686149	0.505897	0.876029	0.480357	
0.398435	0.427077	0.243912	0.774291	0.760011	0.649864	0.768787	0.000111048	0.587814	0.93604	0.420969	0.567713	0.388447	0.720973	0.64694	0.748636	0.268265	0.343635	0.0357118	0.278539	0.797789	0.263153	0.809897	0.778087	0.834365	0.0361533	0.201397	0.270713	0.0227479	0.0856139	
0.997797	0.0252617	0.785685	0.903938	0.716102	0.56412	0.980644	0.569603	0.955617	0.526835	0.838898	0.644677	0.714728	0.045232	0.0818051	0.337243	0.176374	0.605595	0.898687	0.415716	0.964497	0.917473	0.858859	0.980718	0.807397	0.16059	0.630536	0.498043	0.724597	0.857953	
0.26487	0.87849	0.360247	0.0317319	0.700433	0.495243	0.251648	0.259083	0.82802	0.896487	0.715779	0.117242	0.527109	0.827687	0.967272	0.359187	0.812721	0.687086	0.396396	0.296932	0.800045	0.152201	0.568318	0.212717	0.635797	0.858089	0.172296	0.435295	0.0707421	0.608068	
0.0494193	0.677857	0.0449656	0.119158	0.281659	0.673285	0.727839	0.36467	0.738248	0.231178	0.962791	0.559112	0.771579	0.820114	0.568402	0.545011	0.984253	0.554358	0.132773	0.812425	0.105262	0.420888	0.365202	0.310345	0.648866	0.878052	0.448326	0.510732	0.265144	0.843882	
0.353869	0.724626	0.646452	0.648646	0.392346	0.0590739	0.671807	0.314398	0.363072	0.361492	0.844696	0.0260623	0.91981	0.504673	0.149355	0.0695848	0.399378	0.383662	0.969297	0.5818	0.0138009	0.902877	0.291892	0.791543	0.0376224	0.158765	0.780221	0.118817	0.390285	0.403095	
0.895109	0.716025	0.95382	0.980581	0.280267	0.542759	0.625928	0.103885	0.706868	0.680101	0.206715	0.874711	0.258895	0.512269	0.937305	0.880693	0.105271	0.261503	0.0104868	0.71241	0.850351	0.556886	0.50937	0.452688	0.110989	0.0446085	0.518214	0.31472	0.734675	0.82595	
0.864182	0.118348	0.55841	0.411445	0.800256	0.787354	0.276776	0.701645	0.0274862	0.419432	0.60128	0.317958	0.79859	0.985778	0.246739	0.308664	0.763503	0.979926	0.777303	0.680393	0.508782	0.803623	0.0246229	0.706928	0.093232	0.430909	0.721733	0.966885	0.6956	0.356751	
0.0179724	0.129395	0.23207	0.251332	0.266706	0.795684	0.0359947	0.287615	0.409132	0.582307	0.155307	0.227744	0.604741	0.695022	0.171969	0.639654	0.542144	0.165982	0.198981	0.723263	0.13345	0.623811	0.253956	0.684904	0.0595244	0.919998	0.774354	0.627748	0.612045	0.970528	
0.974494	0.0822129	0.269926	0.651039	0.689975	0.12149	0.933163	0.0164242	0.444912	0.852272	0.69049	0.910258	0.312562	0.408084	0.0388366	0.579476	0.479551	0.799444	0.960696	0.937192	0.111821	0.944726	0.260475	0.354854	0.21769	0.61511	0.12545	0.207738	0.803316	0.517909	
