25	25
102.05	0.897819
98.4237	0.762121
98.1716	0.0119003
97.6073	0.65522
99.3313	0.944196
105.47	0.248422
97.8118	0.257427
119.359	0.102078
119.244	0.790704
109.416	0.359722
106.219	0.910531
117.908	0.757474
98.2512	0.138616
108.24	0.85458
101.226	0.661748
113.946	0.326846
105.146	0.198678
115.436	0.396255
96.7484	0.636958
96.276	0.434589
98.1893	0.802014
115.153	0.0910075
101.243	0.371548
105.722	0.155012
101.531	0.641701
38.2877
26.8445
26.5778
24.0627
21.5209
32.0703
31.8527
49.4908
39.5815
23.663
41.8704
19.2457
34.5841
2.97251
41.1046
45.0072
22.871
29.7871
14.327
43.3185
11.6724
28.7014
31.0396
20.2985
10.9357
0.87013	0.683556	0.723813	0.705893	0.398066	0.674878	0.633495	0.752514	0.289922	0.682767	0.74651	0.12344	0.818425	0.328295	0.143377	0.876884	0.363767	0.207012	0.369184	0.313042	0.391863	0.601953	0.81933	0.995966	0.910363	
0.949737	0.0628389	0.640317	0.322959	0.950284	0.647135	0.564303	0.643896	0.861574	0.296833	0.0873762	0.688957	0.648301	0.77951	0.115878	0.80784	0.16386	0.418282	0.553921	0.969101	0.691273	0.45431	0.524512	0.609732	0.990031	
0.211378	0.0127204	0.13382	0.0891908	0.943298	0.809101	0.871598	0.188783	0.452591	0.0411638	0.065097	0.669173	0.259928	0.208328	0.525386	0.125264	0.448339	0.601674	0.612031	0.422527	0.663853	0.446519	0.0574492	0.257009	0.740054	
0.336005	0.891083	0.601711	0.121988	0.683622	0.431593	0.370103	0.564715	0.975323	0.33356	0.277319	0.87268	0.98458	0.463973	0.761306	0.749783	0.0440694	0.859769	0.130606	0.601182	0.870877	0.879039	0.0218695	0.776703	0.160319	
0.679005	0.57148	0.390477	0.305181	0.895173	0.214047	0.108702	0.278856	0.80069	0.192355	0.499652	0.989403	0.414319	0.49661	0.349755	0.182467	0.822494	0.969509	0.319631	0.102669	0.799256	0.2699	0.815604	0.139599	0.668877	
0.724901	0.53263	0.355062	0.604073	0.716115	0.812616	0.858216	0.604937	0.958114	0.222926	0.166107	0.330942	0.446533	0.638781	0.0932373	0.587822	0.0320598	0.318414	0.155345	0.343987	0.728815	0.33384	0.696216	0.580834	0.703641	
0.754133	0.298571	0.194641	0.575135	0.720943	0.318169	0.490526	0.54376	0.328571	0.503135	0.72288	0.956862	0.780344	0.166205	0.911157	0.750821	0.404143	0.848085	0.0358346	0.723684	0.0904087	0.128156	0.137643	0.32258	0.417831	
0.7678	0.613514	0.223793	0.780837	0.343877	0.0848616	0.839848	0.795344	0.753191	0.283279	0.324665	0.393928	0.314759	0.949025	0.493653	0.568049	0.797473	0.460813	0.0793821	0.0943686	0.722656	0.650924	0.437138	0.67327	0.342536	
0.0825838	0.0930375	0.0813848	0.974177	0.942827	0.296684	0.619738	0.863139	0.295946	0.689182	0.675531	0.318812	0.446475	0.133191	0.438886	0.507198	0.528719	0.106182	0.76491	0.331123	0.854943	0.541289	0.748154	0.379287	0.109963	
0.803863	0.562387	0.423209	0.627984	0.143189	0.655761	0.917055	0.158029	0.111753	0.0521728	0.383396	0.838734	0.703695	0.236203	0.9883	0.163434	0.695199	0.021144	0.846442	0.563564	0.42099	0.637223	0.729499	0.157266	0.637382	
0.832112	0.52979	0.298549	0.25237	0.574034	0.215393	0.507884	0.0931833	0.545523	0.345265	0.540473	0.108654	0.124474	0.777158	0.453188	0.240194	0.0758255	0.431253	0.559205	0.850827	0.425288	0.507773	0.605419	0.0995452	0.0888932	
0.892368	0.257862	0.920858	0.250003	0.805668	0.886388	0.188652	0.144026	0.803821	0.0899027	0.0809034	0.213907	0.244853	0.0982476	0.545178	0.705181	0.518462	0.497081	0.974855	0.455631	0.195558	0.667171	0.179458	0.629796	0.0478951	
0.689007	0.536267	0.0372313	0.43283	0.350086	0.304073	0.475145	0.601224	0.0290788	0.894828	0.429418	0.179967	0.523238	0.343289	0.818636	0.631734	0.96387	0.13065	0.622632	0.797403	0.0345123	0.818167	0.843426	0.382256	0.448173	
0.982378	0.201372	0.504284	0.0620254	0.145356	0.036695	0.0749454	0.909418	0.148525	0.669131	0.651015	0.317914	0.514278	0.70613	0.434744	0.29373	0.130181	0.418121	0.291976	0.975085	0.0745568	0.207696	0.816737	0.562865	0.818284	
0.334039	0.711479	0.966067	0.0215438	0.94849	0.716887	0.115254	0.195389	0.39843	0.894833	0.422177	0.722254	0.455254	0.693922	0.884663	0.88402	0.499364	0.23469	0.0378396	0.290597	0.322431	0.888785	0.484268	0.771049	0.308808	
0.259797	0.89814	0.550063	0.662468	0.464751	0.727204	0.355583	0.557511	0.220159	0.416344	0.841224	0.751708	0.204478	0.73218	0.414689	0.868118	0.0625213	0.907858	0.0429454	0.269053	0.51427	0.619104	0.585908	0.65051	0.265351	
0.737602	0.21787	0.381824	0.780768	0.353778	0.17897	0.306582	0.362317	0.712502	0.416866	0.678674	0.809174	0.177999	0.503515	0.277098	0.0386097	0.0451282	0.655425	0.182313	0.67733	0.049499	0.278215	0.138159	0.25006	0.914112	
0.414882	0.00185134	0.05619	0.992211	0.933419	0.895244	0.595813	0.474513	0.243011	0.421049	0.725845	0.0832736	0.486286	0.601398	0.544239	0.610232	0.568785	0.490211	0.0417559	0.547788	0.0567793	0.207854	0.402939	0.924472	0.14863	
0.303853	0.997956	0.0360229	0.37614	0.555148	0.0270226	0.546685	0.380264	0.949833	0.721425	0.0394728	0.169738	0.788242	0.906618	0.0605055	0.197687	0.369835	0.0591935	0.020179	0.667029	0.668527	0.51838	0.155525	0.314374	0.746147	
0.415861	0.870367	0.334066	0.805079	0.432586	0.804009	0.0374171	0.903076	0.418563	0.0790938	0.139372	0.726871	0.973798	0.713775	0.677302	0.242687	0.325526	0.994027	0.243271	0.182974	0.547054	0.950867	0.686022	0.125179	0.929548	
0.511085	0.360611	0.120757	0.258586	0.206336	0.340717	0.352497	0.503231	0.550436	0.972887	0.901713	0.916289	0.442636	0.876428	0.621426	0.021441	0.121318	0.715884	0.206095	0.766164	0.324319	0.382064	0.782827	0.957725	0.837961	
0.793478	0.354832	0.0243541	0.795913	0.102908	0.430058	0.937104	0.43373	0.0439678	0.109968	0.852746	0.0270804	0.458665	0.822491	0.234816	0.342829	0.603815	0.680496	0.4788	0.929041	0.72983	0.0590832	0.94873	0.0465694	0.417555	
0.690702	0.498401	0.511698	0.00120641	0.453747	0.993803	0.0776863	0.10363	0.173	0.516796	0.108431	0.738945	0.400871	0.404518	0.889882	0.410794	0.28235	0.383813	0.00730831	0.914411	0.825551	0.179838	0.0505035	0.326612	0.0941103	
0.896529	0.31762	0.781468	0.326594	0.59052	0.423701	0.0809091	0.88553	0.303829	0.700724	0.315992	0.39575	0.564293	0.0242231	0.0932584	0.316034	0.381072	0.506768	0.929642	0.469577	0.678156	0.915697	0.124806	0.178501	0.0888052	
0.275819	0.145493	0.120809	0.800237	0.457383	0.588146	0.39336	0.568941	0.65312	0.76338	0.118689	0.724692	0.22865	0.700704	0.0979623	0.711587	0.0313025	0.285945	0.525381	0.41133	0.743746	0.0107547	0.00743419	0.777952	0.513676	
