25	25
118.75	0.513512
117.313	0.490374
114.258	0.280416
101.482	0.2672
120.707	0.0948831
103.011	0.0401372
119.608	0.700544
110.251	0.0254417
110.396	0.562384
103.464	0.464517
113.636	0.801943
113.413	0.811817
116.203	0.905283
110.744	0.749149
117.614	0.714385
117.848	0.359411
119.907	0.972841
121.796	0.934637
108.424	0.317765
117.207	0.0707989
122.449	0.515585
116.029	0.211149
101.739	0.952327
119.779	0.139384
117.52	0.961172
22.8895
46.3522
14.4493
10.3336
3.58375
28.1024
40.3928
25.486
9.22212
48.0883
1.09202
1.24251
16.9221
10.9259
32.3139
43.0088
7.71335
38.6895
40.4746
4.18504
49.6177
39.9449
47.7297
49.3083
17.0855
0.82809	0.556862	0.89814	0.408224	0.382898	0.248396	0.500198	0.668344	0.119976	0.757577	0.586017	0.476007	0.256136	0.494279	0.186054	0.531867	0.737623	0.492526	0.602881	0.894053	0.446311	0.580799	0.63634	0.295371	0.416948	
0.358937	0.79234	0.725253	0.0757025	0.808284	0.867979	0.444798	0.636851	0.150682	0.293032	0.816681	0.147416	0.622348	0.97552	0.246365	0.559391	0.438944	0.0459069	0.455334	0.359755	0.356048	0.00930105	0.913988	0.499728	0.165896	
0.534354	0.972238	0.754402	0.709369	0.758832	0.617713	0.646059	0.561531	0.836492	0.26425	0.405025	0.990213	0.077851	0.208954	0.908274	0.200257	0.164542	0.419834	0.733861	0.525678	0.252385	0.868947	0.638915	0.0600314	0.0660741	
0.597742	0.290313	0.203893	0.835323	0.00402706	0.298382	0.561728	0.464524	0.626263	0.0821723	0.737571	0.102109	0.824525	0.000264038	0.000932312	0.348581	0.118911	0.32638	0.864321	0.811542	0.417085	0.43395	0.0716549	0.100812	0.529048	
0.262251	0.100309	0.694388	0.594915	0.963392	0.260998	0.684645	0.120539	0.27471	0.331277	0.994622	0.443588	0.321848	0.0535258	0.164283	0.734185	0.181918	0.4051	0.0794093	0.176747	0.37679	0.561249	0.622906	0.193741	0.806195	
0.0536683	0.563607	0.223411	0.995953	0.603733	0.253679	0.103721	0.425244	0.674567	0.467379	0.0480848	0.528393	0.98426	0.212442	0.63638	0.467583	0.195448	0.928504	0.266594	0.405228	0.521553	0.850572	0.200138	0.356265	0.23136	
0.304606	0.107451	0.101295	0.481976	0.127496	0.559711	0.0271951	0.506144	0.914926	0.192912	0.878108	0.909135	0.737506	0.138226	0.199315	0.382361	0.431094	0.916558	0.68003	0.239174	0.119694	0.797739	0.867935	0.520444	0.863655	
0.347994	0.524659	0.47432	0.126095	0.0806242	0.0422012	0.543792	0.603917	0.884302	0.138754	0.951267	0.545109	0.706049	0.409832	0.388434	0.420467	0.609898	0.499974	0.919444	0.738828	0.560409	0.584298	0.752565	0.600649	0.217751	
0.508028	0.933167	0.927274	0.0840858	0.664159	0.691069	0.112309	0.464481	0.771866	0.247291	0.316195	0.597302	0.818704	0.649604	0.335272	0.173796	0.423918	0.910635	0.637239	0.92958	0.0124758	0.435903	0.618027	0.798415	0.452876	
0.919177	0.441875	0.950107	0.648952	0.239421	0.980379	0.752266	0.59617	0.55625	0.987896	0.327383	0.481277	0.918597	0.438716	0.533634	0.925315	0.569087	0.807998	0.179074	0.529167	0.538695	0.896259	0.774432	0.995549	0.717261	
0.296171	0.477185	0.325118	0.224894	0.514139	0.53368	0.281278	0.443056	0.51874	0.102856	0.24905	0.48758	0.0930227	0.622897	0.830725	0.329777	0.314296	0.649328	0.579783	0.688929	0.639638	0.065859	0.336298	0.223314	0.230489	
0.669909	0.0398168	0.405376	0.92601	0.685985	0.881552	0.0146638	0.700873	0.852162	0.797998	0.286209	0.987839	0.469934	0.437248	0.0772511	0.532786	0.105013	0.176612	0.724511	0.203889	0.556287	0.546748	0.440292	0.0188408	0.796913	
0.775196	0.259615	0.0579179	0.246978	0.768901	0.921928	0.750496	0.982841	0.12427	0.89583	0.442513	0.291226	0.107958	0.596841	0.270616	0.0333455	0.0308314	0.450744	0.544056	0.926147	0.864992	0.998083	0.35346	0.587937	0.483865	
0.442115	0.181247	0.668227	0.568491	0.124756	0.782196	0.22384	0.811844	0.395283	0.161465	0.801064	0.207172	0.700183	0.780277	0.31009	0.257606	0.607796	0.981371	0.462361	0.552046	0.476072	0.829389	0.323316	0.90836	0.0510249	
0.871641	0.511349	0.142638	0.992684	0.824111	0.425982	0.330908	0.328577	0.924202	0.230945	0.3146	0.4634	0.811138	0.882461	0.99513	0.937468	0.518382	0.572799	0.127332	0.987111	0.297157	0.913079	0.618306	0.643888	0.0454634	
0.464718	0.634911	0.757524	0.839141	0.814287	0.87521	0.470933	0.0423583	0.982729	0.00941622	0.139985	0.731895	0.850335	0.136352	0.168467	0.213073	0.989938	0.600974	0.13337	0.450167	0.000843565	0.975021	0.894753	0.137238	0.717973	
0.0458125	0.0443998	0.599889	0.80816	0.116148	0.340905	0.630106	0.524026	0.69043	0.470599	0.202252	0.47333	0.973925	0.960823	0.735323	0.0106454	0.348538	0.946803	0.218658	0.954949	0.433654	0.811926	0.212153	0.935195	0.00248805	
0.572556	0.818206	0.0896382	0.243411	0.18754	0.303901	0.541996	0.838972	0.674402	0.885687	0.408035	0.0189913	0.733157	0.417568	0.139298	0.872108	0.338588	0.87427	0.587192	0.416063	0.659235	0.871222	0.959312	0.683744	0.695197	
0.9746	0.0666355	0.286197	0.399425	0.215301	0.779265	0.798455	0.968201	0.25676	0.722711	0.49337	0.243085	0.239056	0.152736	0.383308	0.371907	0.206706	0.378054	0.52544	0.0683649	0.380466	0.317729	0.913038	0.268646	0.942587	
0.339119	0.268146	0.734972	0.653899	0.221518	0.483248	0.576247	0.800814	0.701262	0.541022	0.876549	0.0902332	0.741209	0.987402	0.171886	0.858966	0.235388	0.0316838	0.0578373	0.146591	0.830823	0.597193	0.0864579	0.674418	0.210108	
0.251536	0.980002	0.40317	0.465667	0.106733	0.898555	0.128301	0.867446	0.718961	0.5202	0.467772	0.588495	0.882828	0.740965	0.417954	0.584269	0.750774	0.100346	0.176898	0.0495081	0.624471	0.548951	0.0985165	0.886766	0.370404	
0.239105	0.162584	0.134102	0.427486	0.887707	0.124027	0.183867	0.820664	0.920735	0.875917	0.170675	0.54565	0.824584	0.342505	0.252402	0.301182	0.630649	0.193277	0.282417	0.758475	0.439674	0.980376	0.910571	0.0781981	0.219579	
0.357701	0.644816	0.0470342	0.872608	0.750754	0.374339	0.82659	0.775733	0.569821	0.0535105	0.474018	0.370842	0.167418	0.267878	0.915732	0.191652	0.017031	0.804333	0.0326263	0.113924	0.0472234	0.413236	0.357866	0.670533	0.981169	
0.297714	0.288309	0.9605	0.171197	0.0247539	0.246167	0.637338	0.323238	0.75888	0.369523	0.48829	0.0311191	0.18311	0.949429	0.507548	0.699318	0.733923	0.376744	0.441325	0.487767	0.144809	0.967251	0.252122	0.285324	0.66028	
0.339886	0.79861	0.387709	0.673774	0.713252	0.835782	0.561657	0.453715	0.710829	0.880721	0.468368	0.0821149	0.750292	0.731117	0.302658	0.994364	0.949913	0.0812028	0.505353	0.530984	0.631898	0.0484421	0.646029	0.82925	0.934864	
