10	20
43.889	0.424901
40.3033	0.626451
45.4537	0.642671
49.039	0.425802
41.5126	0.744655
49.2856	0.572999
48.2687	0.364845
43.9571	0.103154
46.6141	0.879205
39.9667	0.319207
22.6287
36.9369
48.8732
17.6618
6.07127
41.6836
16.0552
20.1322
35.1858
45.0111
4.69416
20.5772
20.5385
47.7657
15.8562
7.10851
11.9653
20.5665
45.5104
36.9384
0.929316	0.79926	0.374624	0.0443415	0.329317	0.72601	0.481706	0.00575656	0.123049	0.809305	0.147875	0.087935	0.656073	0.166983	0.291348	0.253914	0.783348	0.875752	0.712034	0.953863	
0.0140275	0.828573	0.0243598	0.640311	0.0333849	0.275529	0.382123	0.723309	0.209521	0.621437	0.764905	0.500387	0.90494	0.801098	0.620118	0.367086	0.0234906	0.322696	0.322147	0.954601	
0.483466	0.582416	0.490874	0.308439	0.133568	0.603182	0.379223	0.537203	0.196488	0.885852	0.314788	0.176004	0.0659265	0.799143	0.943478	0.837398	0.0630857	0.111049	0.927454	0.975137	
0.0514695	0.527629	0.236279	0.565339	0.734972	0.675071	0.0429909	0.361769	0.903018	0.952132	0.189371	0.832328	0.169477	0.213118	0.0916195	0.51798	0.0402767	0.0174285	0.955131	0.132581	
0.335372	0.521116	0.870229	0.0982975	0.344071	0.665011	0.116883	0.602546	0.645261	0.559785	0.179627	0.598713	0.449947	0.265848	0.531302	0.889974	0.0151463	0.440827	0.246111	0.986177	
0.748062	0.60441	0.413326	0.177984	0.859619	0.947946	0.820251	0.0475143	0.232666	0.835688	0.458524	0.59298	0.541177	0.598936	0.689672	0.878238	0.785857	0.87346	0.53075	0.0672629	
0.199844	0.947713	0.983532	0.196678	0.166517	0.0215069	0.739025	0.819223	0.436432	0.926772	0.833709	0.492131	0.694244	0.454046	0.277252	0.981397	0.0635468	0.62636	0.466018	0.717127	
0.646682	0.610441	0.093645	0.240975	0.817492	0.928004	0.293892	0.122634	0.721294	0.113252	0.443998	0.276135	0.536976	0.424681	0.252289	0.584707	0.666351	0.740941	0.286737	0.594313	
0.777514	0.466812	0.354287	0.791731	0.24621	0.92619	0.610233	0.181689	0.335588	0.940609	0.211245	0.569148	0.161107	0.173161	0.45498	0.755532	0.447766	0.846659	0.356158	0.271944	
0.265527	0.985705	0.0472045	0.828811	0.895337	0.220689	0.307798	0.904003	0.341151	0.487648	0.0130178	0.423404	0.845041	0.451275	0.861547	0.358428	0.923319	0.967635	0.361214	0.977381	
