20	20
85.9971	0.718001
88.4893	0.943747
83.2749	0.926968
92.8428	0.830144
82.3398	0.572061
86.0531	0.784099
92.3121	0.13951
91.6777	0.570609
92.5857	0.186421
90.0748	0.272382
83.7513	0.207467
86.4095	0.794219
85.944	0.687566
90.6724	0.244189
88.3324	0.588801
90.6071	0.167985
90.2273	0.840296
98.062	0.444763
97.9316	0.947881
91.422	0.630383
36.8868
9.79505
46.0762
30.2336
22.0044
35.8933
1.66792
18.8278
48.4929
35.8204
30.6935
19.1367
6.88019
5.92895
25.7074
20.6819
36.9825
6.57157
10.7748
41.7812
0.206803	0.241524	0.613539	0.587151	0.782937	0.823369	0.521704	0.716385	0.454683	0.451357	0.36385	0.0724415	0.994302	0.216583	0.0312205	0.698831	0.14822	0.747527	0.898455	0.850267	
0.281951	0.397132	0.848865	0.963903	0.0400963	0.695599	0.801817	0.469239	0.778636	0.817637	0.560641	0.52771	0.635447	0.265262	0.651206	0.659514	0.284434	0.124109	0.214596	0.563739	
0.162436	0.754365	0.682799	0.322337	0.960625	0.42092	0.919195	0.786061	0.408425	0.864292	0.0389354	0.661681	0.272153	0.775312	0.362437	0.0765667	0.0769775	0.60899	0.028045	0.740427	
0.157185	0.260062	0.448677	0.636935	0.673798	0.856357	0.4285	0.194611	0.333095	0.582072	0.772036	0.727214	0.39463	0.127398	0.689928	0.0505098	0.0791876	0.610735	0.868202	0.324083	
0.976597	0.832837	0.066332	0.768921	0.791397	0.784863	0.14714	0.540532	0.992121	0.784476	0.0451738	0.310544	0.259085	0.954737	0.0852429	0.177831	0.914492	0.195424	0.968565	0.160837	
0.626021	0.700318	0.994315	0.760704	0.943488	0.904284	0.662425	0.848667	0.117637	0.737995	0.37181	0.0430347	0.811189	0.96363	0.965276	0.456114	0.0720728	0.686834	0.924071	0.657589	
0.0687162	0.540413	0.493741	0.0547832	0.673677	0.760521	0.349433	0.212406	0.081915	0.663871	0.571109	0.465076	0.0384571	0.551868	0.392859	0.58269	0.514755	0.906459	0.852303	0.650842	
0.665922	0.922313	0.16545	0.78703	0.697617	0.328275	0.741961	0.762164	0.323897	0.117354	0.758977	0.68638	0.608469	0.784017	0.408321	0.708699	0.233905	0.96872	0.15836	0.338689	
0.29888	0.870765	0.22666	0.623592	0.944755	0.111436	0.651584	0.242005	0.0820823	0.305425	0.399391	0.164933	0.416838	0.919515	0.0232588	0.428572	0.020887	0.551646	0.157255	0.224283	
0.852432	0.197441	0.698466	0.968846	0.939307	0.888633	0.985297	0.51219	0.421535	0.45582	0.985533	0.590884	0.598312	0.64307	0.6103	0.0288337	0.196656	0.249305	0.476142	0.33058	
0.945933	0.226273	0.101556	0.915004	0.408342	0.0250144	0.749782	0.403706	0.168394	0.822183	0.811238	0.631448	0.0774756	0.53118	0.408831	0.138951	0.668508	0.504497	0.330515	0.612258	
0.951617	0.299047	0.966264	0.667293	0.57573	0.440652	0.274611	0.572171	0.43174	0.137212	0.49111	0.0389689	0.0776226	0.812343	0.691994	0.386691	0.352466	0.0672154	0.256052	0.768621	
0.172774	0.902699	0.491207	0.462564	0.977504	0.481516	0.135492	0.950582	0.953438	0.60034	0.373408	0.399496	0.724495	0.618647	0.162831	0.826644	0.228077	0.00123182	0.406534	0.134787	
0.756956	0.140131	0.0388657	0.0353789	0.132103	0.147696	0.63435	0.984108	0.625079	0.513522	0.394324	0.54064	0.420396	0.341832	0.802179	0.034797	0.216534	0.590234	0.0404403	0.20046	
0.914859	0.496094	0.509315	0.843521	0.731884	0.226402	0.53595	0.072243	0.960891	0.0755943	0.212618	0.348587	0.498556	0.448333	0.452278	0.628087	0.700771	0.976152	0.537784	0.750149	
0.485268	0.434715	0.669904	0.0719477	0.195562	0.616258	0.7106	0.661936	0.219311	0.268468	0.718383	0.348255	0.403375	0.14067	0.302183	0.761337	0.583723	0.827192	0.506652	0.853949	
0.228062	0.144101	0.599575	0.9945	0.27221	0.367887	0.694087	0.0658844	0.868106	0.927808	0.557714	0.0300272	0.0878683	0.134098	0.151498	0.647824	0.129869	0.989557	0.823137	0.200509	
0.105792	0.0825899	0.0531718	0.794616	0.912714	0.442762	0.82269	0.236132	0.301845	0.797985	0.711776	0.296084	0.462749	0.731911	0.147568	0.561773	0.0596992	0.43228	0.939157	0.667594	
0.685374	0.344574	0.524825	0.135263	0.400769	0.00354239	0.993886	0.114081	0.420913	0.221195	0.345259	0.405993	0.422737	0.971354	0.984748	0.407685	0.946031	0.677348	0.882779	0.46506	
0.143812	0.786989	0.734815	0.711443	0.800364	0.648797	0.365377	0.0549906	0.0948592	0.33756	0.47234	0.0228387	0.630617	0.729262	0.321673	0.634804	0.505984	0.144076	0.328256	0.122982	
