20	40
83.7092	0.506626
87.7111	0.642031
81.8923	0.872076
91.3052	0.240194
88.8495	0.772067
92.3436	0.682494
96.5063	0.234663
95.1497	0.10977
99.5413	0.0544658
83.2875	0.28725
89.8134	0.755828
85.3506	0.105511
84.86	0.827963
81.6922	0.0690016
90.1949	0.459902
100.407	0.303668
81.9555	0.364587
94.135	0.968222
93.184	0.0283408
86.6045	0.812918
45.7635
10.0096
46.5388
47.453
2.12084
7.26913
6.83954
12.8322
21.2575
21.4802
37.425
4.087
16.5796
48.2804
6.72219
32.5023
42.9725
14.412
2.31924
33.3844
15.982
14.1895
34.8077
3.2632
42.6348
47.1892
29.3727
35.8382
30.5615
30.2489
19.0603
34.9689
18.6844
25.392
43.5883
29.513
1.93406
29.5827
1.25272
21.5439
0.461621	0.851039	0.100437	0.927558	0.673304	0.672085	0.329705	0.614268	0.773572	0.284001	0.407644	0.204564	0.2725	0.543494	0.416635	0.888023	0.113994	0.962487	0.622467	0.603275	0.671424	0.72656	0.61769	0.734969	0.101225	0.798698	0.492536	0.379125	0.133387	0.0205341	0.267684	0.97266	0.586224	0.989675	0.828534	0.529001	0.760616	0.977753	0.853862	0.418478	
0.988063	0.751376	0.855874	0.881899	0.232015	0.917207	0.125431	0.536784	0.295336	0.747305	0.0941739	0.0638121	0.315059	0.859998	0.751829	0.255359	0.417204	0.429219	0.426059	0.182618	0.0141922	0.439908	0.34607	0.793922	0.750485	0.113766	0.647771	0.781625	0.797006	0.0739513	0.878239	0.569707	0.133183	0.566634	0.636992	0.103066	0.531259	0.108547	0.144098	0.345159	
0.406804	0.608064	0.577059	0.260854	0.88946	0.707385	0.38795	0.963855	0.0822243	0.392316	0.651573	0.360541	0.267858	0.768934	0.284267	0.722894	0.0175114	0.893622	0.403671	0.374122	0.0180366	0.194221	0.745474	0.909068	0.786749	0.98738	0.88799	0.188451	0.803182	0.954197	0.814135	0.160047	0.689399	0.963102	0.341853	0.19208	0.0451595	0.9734	0.843614	0.311963	
0.0640725	0.713319	0.611549	0.159648	0.374534	0.993809	0.877007	0.00568965	0.323233	0.698593	0.505975	0.55968	0.962366	0.0699418	0.475904	0.631299	0.211089	0.0251744	0.372367	0.142973	0.906972	0.579981	0.532714	0.792984	0.306187	0.7762	0.508491	0.53436	0.372782	0.659159	0.759743	0.536741	0.416623	0.429512	0.0507306	0.253141	0.903256	0.148944	0.463257	0.749244	
0.0336805	0.342016	0.831875	0.944615	0.602387	0.83165	0.404178	0.405399	0.827935	0.768075	0.907778	0.376031	0.716911	0.574471	0.839084	0.0480519	0.433894	0.620866	0.49916	0.153503	0.17715	0.915839	0.292895	0.834962	0.693616	0.867247	0.354175	0.30481	0.73421	0.405248	0.0310868	0.263214	0.301278	0.219197	0.185637	0.875093	0.544124	0.168109	0.321318	0.162419	
0.530284	0.0583392	0.92977	0.361392	0.541902	0.752084	0.361348	0.665761	0.631464	0.812971	0.243953	0.163003	0.0527277	0.740955	0.440795	0.421372	0.893288	0.412087	0.130424	0.380054	0.460762	0.741792	0.538049	0.261965	0.106616	0.523403	0.379741	0.0733102	0.439796	0.173673	0.165776	0.361271	0.257756	0.437654	0.0965567	0.999981	0.540907	0.398757	0.47915	0.308012	
0.404457	0.585074	0.855752	0.686764	0.253983	0.808811	0.955784	0.0264882	0.456628	0.144032	0.126611	0.359202	0.976647	0.388659	0.615354	0.539812	0.306644	0.199465	0.415315	0.534612	0.562297	0.338567	0.0555757	0.959071	0.00147941	0.826339	0.696665	0.444306	0.835161	0.947599	0.343776	0.140537	0.535926	0.617754	0.00955594	0.362759	0.228255	0.0674963	0.941431	0.444241	
0.644104	0.147017	0.90285	0.803527	0.0867886	0.798681	0.191677	0.141256	0.431462	0.557337	0.857973	0.528128	0.531498	0.418502	0.477277	0.567642	0.956383	0.242036	0.431424	0.28041	0.0544788	0.0146017	0.269807	0.339744	0.870176	0.786287	0.773164	0.471531	0.116149	0.44206	0.290908	0.663447	0.588139	0.477427	0.601704	0.313408	0.641305	0.934622	0.0186492	0.577153	
0.3732	0.752078	0.258599	0.745258	0.475582	0.28139	0.188566	0.855778	0.910006	0.123767	0.582646	0.375902	0.483427	0.401345	0.42917	0.926248	0.898022	0.33258	0.117499	0.176789	0.117082	0.523818	0.221884	0.789384	0.0897333	0.0133544	0.2928	0.224366	0.0255828	0.121589	0.791632	0.446167	0.591021	0.0854169	0.109716	0.35657	0.109485	0.128543	0.652028	0.408309	
0.632666	0.590481	0.790205	0.552547	0.872992	0.340962	0.853895	0.392987	0.239028	0.279018	0.609036	0.472662	0.0976543	0.771521	0.979311	0.222206	0.694339	0.354474	0.627618	0.930387	0.402325	0.34042	0.922695	0.666503	0.571748	0.606223	0.751603	0.570036	0.649935	0.764948	0.858787	0.17408	0.218506	0.641527	0.420155	0.762579	0.226448	0.593823	0.601616	0.28542	
0.881932	0.892137	0.849489	0.059777	0.373619	0.707108	0.315753	0.245056	0.618578	0.73309	0.180175	0.283084	0.132938	0.944763	0.959037	0.378434	0.82124	0.968085	0.0375057	0.612853	0.934312	0.402997	0.779318	0.252941	0.265669	0.042385	0.574896	0.245918	0.466658	0.520438	0.231102	0.574093	0.899996	0.28144	0.0741911	0.737171	0.637424	0.409689	0.975869	0.674095	
0.574501	0.136226	0.138079	0.795119	0.500253	0.861118	0.248168	0.273215	0.285195	0.349453	0.574001	0.993432	0.796044	0.973314	0.1854	0.958581	0.694405	0.311252	0.014744	0.147126	0.273854	0.904276	0.0426071	0.0717347	0.253836	0.146418	0.103124	0.0729238	0.997083	0.394579	0.648707	0.993553	0.469295	0.139579	0.365976	0.264766	0.911497	0.773895	0.33589	0.864303	
0.762777	0.896527	0.702288	0.537738	0.576347	0.380468	0.964395	0.638375	0.54068	0.388813	0.284707	0.989897	0.70356	0.409163	0.463437	0.649024	0.522722	0.787817	0.731835	0.47786	0.916136	0.593253	0.971612	0.124957	0.0279263	0.887488	0.851174	0.999949	0.970102	0.908737	0.43326	0.184164	0.653718	0.697947	0.288225	0.862569	0.271805	0.138526	0.441968	0.357412	
0.67024	0.485844	0.94183	0.718492	0.341912	0.907154	0.93688	0.941729	0.650006	0.978097	0.292247	0.364844	0.522278	0.87151	0.105439	0.797891	0.14635	0.149371	0.628379	0.563152	0.999233	0.254798	0.976093	0.37529	0.330289	0.712999	0.495378	0.649009	0.371322	0.425295	0.0488413	0.523729	0.686131	0.397791	0.665364	0.732213	0.380418	0.270069	0.807807	0.0676742	
0.707248	0.20924	0.166255	0.444702	0.422554	0.701235	0.108135	0.878858	0.730039	0.511791	0.0535668	0.137154	0.645434	0.687454	0.460034	0.146896	0.913462	0.861576	0.48499	0.857551	0.260074	0.372974	0.859221	0.255471	0.488027	0.824994	0.305588	0.636136	0.0501726	0.410509	0.771754	0.408314	0.44268	0.0528418	0.778223	0.0278228	0.820622	0.11435	0.91546	0.784326	
0.0403339	0.505721	0.394488	0.885904	0.227625	0.242978	0.153102	0.278291	0.95605	0.91574	0.349337	0.0272454	0.399971	0.47123	0.92747	0.466445	0.28036	0.927722	0.684423	0.0882482	0.77444	0.9419	0.131758	0.544996	0.856543	0.453868	0.763485	0.25713	0.309277	0.209084	0.932253	0.28732	0.947945	0.865685	0.880281	0.0447829	0.226192	0.499676	0.258243	0.49548	
0.710625	0.814027	0.228497	0.955709	0.290312	0.711441	0.544401	0.314889	0.147591	0.905665	0.36246	0.570255	0.740512	0.343486	0.274251	0.980182	0.0264821	0.187959	0.710876	0.588428	0.300724	0.576476	0.719737	0.152652	0.0596958	0.683844	0.284806	0.530382	0.156512	0.824327	0.124091	0.745836	0.772712	0.506273	0.924956	0.791093	0.535959	0.182731	0.642789	0.912845	
0.247454	0.83689	0.899682	0.80956	0.580145	0.756941	0.747524	0.59738	0.287146	0.761958	0.649875	0.0587738	0.219366	0.608173	0.929047	0.326201	0.932453	0.240108	0.260955	0.531287	0.253205	0.296127	0.437556	0.716625	0.669486	0.621316	0.4997	0.299878	0.356964	0.760663	0.152893	0.238695	0.353038	0.036735	0.582616	0.742879	0.106398	0.986073	0.660585	0.0410943	
0.943737	0.268841	0.0205995	0.907296	0.48026	0.0373491	0.320171	0.31437	0.659653	0.109435	0.962765	0.956143	0.630935	0.485487	0.584465	0.37776	0.52939	0.576419	0.30902	0.48118	0.891911	0.356065	0.574324	0.242867	0.73187	0.869887	0.916076	0.497989	0.236606	0.238179	0.0482728	0.686828	0.86928	0.750731	0.822131	0.0499196	0.928909	0.656115	0.272461	0.19114	
0.500647	0.173281	0.327645	0.501031	0.93365	0.337355	0.415011	0.351618	0.472251	0.48391	0.992693	0.427711	0.155589	0.872011	0.00509997	0.480309	0.788071	0.44714	0.488011	0.184011	0.883883	0.183237	0.886986	0.422296	0.75947	0.914662	0.21211	0.234655	0.567736	0.274123	0.215852	0.850208	0.888676	0.764845	0.605774	0.988247	0.525479	0.979945	0.414295	0.402064	
