20	50
98.6902	0.210177
85.8309	0.827864
95.5583	0.72399
83.1668	0.288026
89.5568	0.62766
100.446	0.152476
89.0841	0.17811
84.1942	0.549099
101.279	0.965027
97.1593	0.42406
92.6863	0.355755
91.491	0.898504
86.4422	0.305874
91.3633	0.331217
89.7709	0.254972
90.5145	0.598333
87.2044	0.672639
85.8338	0.737181
91.7118	0.0988509
82.6453	0.345959
36.2725
1.80319
39.5909
9.16212
27.3327
27.7458
28.6549
32.9271
4.21705
39.9864
33.9146
33.4872
3.72957
34.0702
29.918
23.3571
15.9975
48.1193
33.782
34.0709
47.1771
49.7054
43.7518
32.928
19.5801
28.6367
34.2872
26.4611
1.01229
33.0979
40.1917
12.0935
25.057
33.5399
22.0247
32.0409
34.3184
13.6576
14.9455
8.52709
28.4129
5.8722
3.1349
34.0517
25.3538
42.7775
6.86983
45.8051
11.7297
49.5591
0.0624639	0.136001	0.172775	0.978231	0.787852	0.360334	0.564104	0.338667	0.160668	0.986095	0.216507	0.35391	0.817158	0.254085	0.171969	0.278085	0.825133	0.314511	0.300612	0.301643	0.923008	0.134755	0.35158	0.440416	0.552492	0.650491	0.795809	0.129216	0.200722	0.357689	0.167276	0.578046	0.371804	0.281024	0.415982	0.726988	0.689186	0.048268	0.550769	0.243043	0.280486	0.936028	0.254184	0.552551	0.542792	0.539028	0.714191	0.270009	0.257016	0.920002	
0.449183	0.399695	0.472736	0.861804	0.86146	0.380598	0.737092	0.812367	0.292077	0.252133	0.464247	0.961699	0.285576	0.915783	0.984686	0.885149	0.0873597	0.946751	0.421528	0.682141	0.607979	0.762163	0.649549	0.499763	0.62479	0.109384	0.00396781	0.954482	0.419979	0.744483	0.294888	0.548971	0.254758	0.220858	0.811639	0.159253	0.157094	0.0486632	0.63601	0.799723	0.0282244	0.276305	0.797519	0.727801	0.76244	0.336361	0.445243	0.0679635	0.852605	0.552264	
0.0575155	0.192229	0.25203	0.64522	0.814567	0.623137	0.731992	0.954142	0.0691909	0.0431127	0.379758	0.414148	0.769314	0.0675597	0.747378	0.431293	0.972036	0.225475	0.647975	0.90799	0.216845	0.902827	0.0379089	0.651511	0.578195	0.435259	0.129903	0.864775	0.535146	0.120613	0.608378	0.211504	0.842908	0.6252	0.410728	0.353359	0.858524	0.528469	0.473619	0.443183	0.234258	0.745835	0.760954	0.68779	0.637241	0.274075	0.680923	0.397351	0.342165	0.616127	
0.831961	0.143922	0.292443	0.370086	0.254697	0.757197	0.488329	0.865187	0.242475	0.426373	0.173468	0.976188	0.833866	0.387531	0.815497	0.624734	0.418366	0.595741	0.295211	0.180201	0.624723	0.398222	0.105492	0.682632	0.895791	0.452818	0.264197	0.264866	0.747273	0.557101	0.671161	0.535061	0.0646562	0.378744	0.964307	0.328097	0.661293	0.259713	0.213621	0.504369	0.44288	0.0818387	0.514654	0.384562	0.132364	0.505158	0.917918	0.560126	0.435099	0.364872	
0.841407	0.280791	0.851929	0.72117	0.45558	0.817912	0.906113	0.826956	0.180162	0.935599	0.284913	0.227397	0.527096	0.429154	0.92174	0.908916	0.731696	0.42664	0.662871	0.964759	0.339737	0.634718	0.747746	0.319931	0.406044	0.0561473	0.990191	0.760518	0.55163	0.543718	0.571633	0.670956	0.425702	0.480499	0.94707	0.385713	0.690194	0.86116	0.770394	0.46337	0.521517	0.626597	0.450867	0.277427	0.712832	0.752305	0.51469	0.167419	0.586407	0.779227	
0.365014	0.23052	0.917804	0.669493	0.287176	0.243553	0.857854	0.445164	0.847857	0.736113	0.862683	0.854698	0.85508	0.930022	0.417672	0.464506	0.239152	0.675415	0.495779	0.761294	0.626917	0.452875	0.938691	0.996953	0.642502	0.768024	0.566264	0.277937	0.797507	0.936064	0.111429	0.255941	0.169382	0.990279	0.754495	0.460287	0.251894	0.331184	0.983509	0.96727	0.730878	0.90058	0.869006	0.0687465	0.419327	0.853575	0.374361	0.873918	0.163332	0.665666	
0.961353	0.218558	0.521485	0.781488	0.272379	0.226499	0.800594	0.27898	0.658932	0.227819	0.421481	0.0758398	0.690681	0.832087	0.110244	0.521029	0.0118683	0.140626	0.15757	0.550019	0.172672	0.281699	0.384274	0.509325	0.490911	0.93014	0.291118	0.611709	0.926779	0.613268	0.659014	0.655883	0.562003	0.740268	0.391794	0.417149	0.0924331	0.351762	0.325786	0.0846014	0.70695	0.163044	0.0942559	0.129515	0.313551	0.86572	0.1959	0.978429	0.968574	0.169893	
0.18074	0.223224	0.425437	0.193232	0.672047	0.0153576	0.526605	0.963367	0.889942	0.798142	0.296589	0.899712	0.44349	0.0616634	0.86208	0.419276	0.638124	0.897612	0.612357	0.173938	0.60939	0.158755	0.477565	0.152263	0.592702	0.384508	0.870203	0.245752	0.16887	0.167695	0.396515	0.748796	0.963481	0.587564	0.820266	0.189655	0.253244	0.656623	0.476496	0.0477625	0.0356768	0.567706	0.552169	0.946044	0.850193	0.276687	0.310092	0.829353	0.127128	0.603017	
0.654054	0.3002	0.513462	0.647084	0.114406	0.514201	0.672494	0.620141	0.293558	0.672973	0.144993	0.197696	0.426993	0.613646	0.797605	0.460339	0.0535419	0.825774	0.0489157	0.0142903	0.353114	0.767804	0.309624	0.542154	0.217316	0.166563	0.0319785	0.329812	0.408937	0.976266	0.573454	0.562481	0.719242	0.982232	0.991251	0.697627	0.0351932	0.973734	0.943016	0.419548	0.179265	0.836473	0.392734	0.106517	0.517507	0.690082	0.791228	0.314605	0.591429	0.256808	
0.585543	0.284577	0.801078	0.63664	0.19945	0.0505052	0.300372	0.745865	0.124635	0.76225	0.426641	0.435898	0.874897	0.389338	0.0397311	0.59503	0.335027	0.854466	0.122616	0.527042	0.395607	0.715081	0.625593	0.193976	0.39053	0.0654031	0.741712	0.87571	0.0481647	0.850707	0.710471	0.908275	0.954672	0.710598	0.675752	0.0988473	0.844352	0.13617	0.177211	0.297701	0.674517	0.916121	0.571094	0.565428	0.770479	0.0493158	0.811911	0.795294	0.816803	0.472361	
0.105636	0.811609	0.763655	0.253822	0.0852303	0.714194	0.445692	0.263464	0.437083	0.372422	0.887985	0.505088	0.932612	0.291659	0.974579	0.846972	0.804986	0.289419	0.206582	0.948679	0.991161	0.421349	0.855095	0.515338	0.289557	0.918729	0.0883063	0.730519	0.601569	0.756722	0.727262	0.251699	0.373254	0.393225	0.806703	0.673441	0.89648	0.280624	0.753565	0.760955	0.74581	0.100066	0.486529	0.363516	0.834104	0.619023	0.227563	0.13647	0.449051	0.236082	
0.950577	0.507758	0.604424	0.780318	0.579258	0.372676	0.301638	0.0369732	0.94429	0.656202	0.769167	0.0495823	0.35843	0.972905	0.390573	0.361269	0.67251	0.648526	0.315814	0.719591	0.878003	0.66438	0.537909	0.370587	0.645665	0.333286	0.215555	0.165714	0.247286	0.706726	0.989478	0.0410341	0.745971	0.459939	0.370061	0.234348	0.351973	0.71891	0.681598	0.246457	0.0638735	0.252189	0.224519	0.719932	0.916428	0.686603	0.974	0.735563	0.169366	0.366578	
0.797313	0.976757	0.951852	0.0271982	0.961374	0.495936	0.668568	0.733724	0.951948	0.645548	0.319856	0.972543	0.425682	0.299889	0.638979	0.336533	0.994176	0.142429	0.140634	0.419463	0.815916	0.890739	0.855342	0.916155	0.249453	0.404586	0.0323094	0.0868584	0.103955	0.703603	0.901592	0.780353	0.7911	0.132822	0.590736	0.605568	0.0943096	0.550191	0.275246	0.584835	0.408069	0.203531	0.335334	0.44364	0.0730099	0.542679	0.34253	0.721361	0.472851	0.802833	
0.932059	0.437782	0.386611	0.550129	0.858815	0.640722	0.170604	0.56632	0.527279	0.970953	0.474094	0.578508	0.817125	0.197572	0.831291	0.763195	0.173972	0.971702	0.239064	0.423087	0.620176	0.821178	0.600287	0.495436	0.556309	0.453517	0.195781	0.874975	0.488299	0.895438	0.078982	0.138791	0.266088	0.375584	0.405653	0.366798	0.972407	0.944327	0.920126	0.298316	0.3575	0.0177935	0.050326	0.130377	0.908566	0.418769	0.889106	0.397572	0.759323	0.553668	
0.00953002	0.913881	0.44796	0.797373	0.0166425	0.491526	0.216817	0.496528	0.551534	0.252801	0.285452	0.189313	0.148715	0.934789	0.294021	0.71954	0.908286	0.598697	0.92548	0.293233	0.925785	0.452986	0.921872	0.772654	0.218057	0.772723	0.116164	0.155257	0.248062	0.445483	0.608835	0.224284	0.346764	0.926684	0.564478	0.629275	0.588562	0.887931	0.552459	0.616282	0.537482	0.20546	0.80051	0.354193	0.845292	0.398625	0.236228	0.554677	0.448139	0.264207	
0.512696	0.502832	0.139659	0.35357	0.186823	0.997194	0.271636	0.409591	0.116623	0.216283	0.879454	0.960946	0.0885748	0.742937	0.136469	0.838963	0.510112	0.977497	0.755469	0.430051	0.318411	0.72793	0.499326	0.866817	0.608952	0.58783	0.978077	0.538677	0.00614546	0.911725	0.937272	0.821139	0.0817273	0.540052	0.339749	0.43508	0.118481	0.000714928	0.424656	0.016218	0.283069	0.409408	0.0415762	0.778175	0.668116	0.683253	0.114371	0.973751	0.971252	0.210088	
0.887714	0.495329	0.721803	0.513984	0.649689	0.781028	0.0828131	0.16532	0.0459089	0.0611776	0.977739	0.927266	0.271178	0.372648	0.435689	0.988689	0.471885	0.414333	0.333079	0.00522564	0.631831	0.134564	0.453953	0.135326	0.301449	0.0918434	0.980606	0.514497	0.588716	0.142026	0.990297	0.392627	0.64774	0.0392783	0.901709	0.235945	0.0387584	0.347783	0.42239	0.207313	0.655806	0.205313	0.985884	0.619804	0.373455	0.81119	0.65175	0.248988	0.234305	0.397252	
0.603542	0.520152	0.130805	0.770792	0.623952	0.981554	0.230783	0.259739	0.503211	0.788066	0.852304	0.750256	0.215938	0.810094	0.627409	0.849903	0.90171	0.50332	0.894996	0.0876625	0.0398336	0.732591	0.508217	0.506654	0.788521	0.852527	0.00698379	0.157959	0.213455	0.678376	0.873069	0.844995	0.784815	0.233121	0.972379	0.401285	0.659758	0.858498	0.655823	0.366751	0.708505	0.282465	0.653824	0.879436	0.948471	0.37589	0.297202	0.746973	0.943847	0.536184	
0.694927	0.768337	0.676157	0.397229	0.284579	0.132051	0.779855	0.676498	0.381674	0.462365	0.975349	0.30396	0.166388	0.0950952	0.130547	0.846695	0.77268	0.0321728	0.819387	0.233494	0.74404	0.275694	0.33486	0.887871	0.0144199	0.296758	0.208194	0.273913	0.521404	0.480429	0.855079	0.0528962	0.135722	0.349816	0.565976	0.0144673	0.933273	0.491541	0.576465	0.725176	0.676087	0.650084	0.460586	0.738215	0.356504	0.318593	0.770668	0.275465	0.455136	0.761898	
0.93646	0.884845	0.00242317	0.136576	0.860332	0.196176	0.198668	0.747705	0.364722	0.41273	0.650442	0.778967	0.997177	0.0456362	0.687068	0.328595	0.0142136	0.735696	0.716168	0.439583	0.750211	0.963608	0.0276922	0.0307181	0.892506	0.494607	0.302822	0.483439	0.0523664	0.336431	0.790859	0.311691	0.845284	0.783506	0.934813	0.502903	0.506309	0.345067	0.992877	0.997215	0.843695	0.142286	0.0632584	0.617405	0.45731	0.342238	0.21183	0.790931	0.0247021	0.724606	
