15	30
61.9438	0.0534127
70.04	0.114291
58.201	0.0659998
68.3751	0.270111
67.0588	0.688138
67.9672	0.56668
70.8854	0.426224
62.1371	0.770258
61.5799	0.0497973
69.8371	0.190553
71.6803	0.580515
67.2327	0.188458
64.6812	0.0752548
68.2217	0.0187984
71.5853	0.564632
4.26217
9.33235
39.1763
17.2513
22.1289
14.1515
45.1728
47.6981
7.88935
22.112
16.4693
42.1465
4.54326
18.7052
7.44695
47.9898
47.9565
14.319
26.7819
39.43
5.34622
46.2502
33.087
35.2084
2.75836
31.2357
40.2404
6.12724
24.9669
7.84338
0.517758	0.923285	0.425579	0.299458	0.116644	0.679068	0.79204	0.664327	0.433908	0.492693	0.673926	0.167112	0.18438	0.307031	0.652833	0.124056	0.160277	0.975704	0.234404	0.226445	0.429944	0.718799	0.46094	0.089873	0.969805	0.943314	0.546204	0.702134	0.962647	0.426845	
0.765309	0.138372	0.359134	0.0468898	0.534517	0.308312	0.0338863	0.0114473	0.378258	0.0783786	0.0795872	0.223703	0.309977	0.474	0.620835	0.296277	0.669054	0.767144	0.256481	0.85204	0.68131	0.918519	0.67474	0.0761094	0.977961	0.899116	0.380407	0.350747	0.830312	0.00948361	
0.962393	0.536264	0.232142	0.909082	0.832361	0.463144	0.029336	0.0265275	0.436446	0.127399	0.28176	0.563187	0.688876	0.0910067	0.935059	0.506577	0.861293	0.73863	0.558446	0.884905	0.353852	0.564813	0.691546	0.401504	0.0795175	0.340336	0.850922	0.432728	0.222475	0.132041	
0.288536	0.533869	0.285681	0.316041	0.0962913	0.839807	0.75564	0.393711	0.126717	0.444673	0.52574	0.392181	0.227144	0.092391	0.691352	0.167728	0.752066	0.931527	0.368916	0.978552	0.353856	0.87527	0.334947	0.058437	0.803699	0.606367	0.666846	0.438032	0.0653279	0.451437	
0.458804	0.748959	0.703919	0.349939	0.768468	0.555695	0.59153	0.175222	0.41321	0.970852	0.0369511	0.305794	0.953949	0.989682	0.554675	0.33766	0.521234	0.359211	0.739566	0.517355	0.140228	0.186071	0.517767	0.920418	0.275143	0.65168	0.182739	0.412226	0.0601783	0.424226	
0.0957362	0.658341	0.399639	0.344992	0.678298	0.181941	0.432892	0.787273	0.162837	0.389847	0.471607	0.477917	0.765008	0.408285	0.560644	0.172647	0.199137	0.630613	0.588088	0.153333	0.918361	0.720857	0.401407	0.177275	0.992241	0.908706	0.734991	0.160651	0.662374	0.581056	
0.751934	0.838759	0.436687	0.948697	0.568632	0.766798	0.593016	0.848334	0.381281	0.493618	0.660052	0.650123	0.820077	0.37542	0.179424	0.0456901	0.557946	0.162502	0.93006	0.260914	0.601449	0.0408867	0.1973	0.19205	0.214605	0.740905	0.909656	0.0317918	0.195415	0.324272	
0.7864	0.243904	0.634698	0.300571	0.85707	0.887121	0.87288	0.210349	0.0648688	0.6453	0.483001	0.59222	0.233869	0.0496104	0.953517	0.449091	0.84381	0.975069	0.691706	0.488261	0.735598	0.0177431	0.107144	0.303597	0.00667056	0.85561	0.778847	0.526148	0.955392	0.655295	
0.529348	0.210729	0.797736	0.683057	0.456516	0.491889	0.0897624	0.599767	0.734016	0.456968	0.395477	0.594386	0.182485	0.39563	0.200491	0.017892	0.275803	0.841346	0.123461	0.167143	0.0467476	0.211294	0.876522	0.103075	0.947728	0.467915	0.725815	0.583591	0.159435	0.26463	
0.464314	0.505143	0.518189	0.717345	0.52963	0.482171	0.433996	0.0589639	0.844367	0.539486	0.829489	0.282192	0.704774	0.801736	0.0706497	0.868585	0.503494	0.870016	0.686401	0.447984	0.193401	0.707007	0.402818	0.735979	0.623343	0.527403	0.625605	0.0604566	0.269058	0.025232	
0.308319	0.263715	0.0599526	0.1151	0.830708	0.66804	0.148484	0.80884	0.403374	0.257074	0.310155	0.845271	0.655417	0.892475	0.624936	0.637295	0.211443	0.210528	0.0558684	0.102965	0.655357	0.646609	0.451999	0.262897	0.722714	0.610806	0.559135	0.341482	0.81516	0.71251	
0.79778	0.813014	0.427142	0.571542	0.750919	0.982169	0.988062	0.41559	0.785766	0.86441	0.75127	0.377804	0.124562	0.561142	0.721587	0.532942	0.066475	0.755515	0.596947	0.646978	0.81483	0.919087	0.0693333	0.45066	0.718706	0.552458	0.19343	0.491028	0.33511	0.482279	
0.27809	0.751623	0.467047	0.799936	0.514042	0.115591	0.047892	0.834642	0.497916	0.556911	0.122291	0.0931626	0.069411	0.103563	0.736906	0.759446	0.104721	0.571696	0.460814	0.651468	0.0245862	0.982071	0.37213	0.0374165	0.922504	0.411892	0.394949	0.479098	0.0438199	0.0286224	
0.790415	0.0669895	0.129492	0.133579	0.577133	0.694726	0.0384755	0.785705	0.0366332	0.271787	0.485629	0.968612	0.729727	0.655213	0.483749	0.86078	0.803896	0.578741	0.557011	0.963333	0.148988	0.984416	0.00549829	0.0112063	0.761065	0.442952	0.0157219	0.399593	0.566567	0.345802	
0.868617	0.0675258	0.581834	0.284071	0.174022	0.402471	0.880533	0.964558	0.646223	0.132648	0.321538	0.193036	0.281131	0.644699	0.210064	0.830027	0.445992	0.587119	0.822257	0.0218943	0.103338	0.869122	0.129759	0.982847	0.194503	0.330561	0.688776	0.573207	0.48488	0.279359	
