25	25
108.202	0.796551
101.692	0.975496
116.692	0.644182
106.78	0.627212
124.798	0.617198
105.29	0.483217
126.198	0.363283
116.827	0.85989
122.032	0.273145
126.551	0.279027
123.367	0.539952
119.15	0.377982
111.218	0.410228
112.601	0.00890175
123.583	0.94276
118.96	0.202224
121.601	0.0260398
111.586	0.81097
116.077	0.101784
114.026	0.195742
114.713	0.312092
101.897	0.652475
123.172	0.87907
102.303	0.0718697
103.919	0.046196
6.84916
38.48
36.713
22.4738
31.909
40.5295
28.9408
24.4146
6.37937
40.8966
15.9733
10.5245
36.3934
38.4015
29.6668
44.1743
7.47401
27.7916
42.3571
43.2391
5.57169
34.905
45.1742
42.0271
19.5884
0.382952	0.481474	0.551889	0.166361	0.271028	0.817096	0.37486	0.294964	0.146654	0.914244	0.0279944	0.826891	0.0271862	0.074311	0.0567526	0.35548	0.478838	0.166558	0.444645	0.000147251	0.431352	0.669938	0.272748	0.581552	0.994861	
0.264455	0.451335	0.849122	0.601457	0.418731	0.0904671	0.912349	0.185995	0.38538	0.629022	0.729163	0.785846	0.569138	0.683429	0.591031	0.70136	0.95093	0.160811	0.692852	0.465932	0.88772	0.291801	0.882271	0.232455	0.480477	
0.826494	0.180877	0.59636	0.551202	0.352411	0.362979	0.978667	0.734213	0.66263	0.872592	0.398417	0.578507	0.336813	0.628499	0.0761073	0.401118	0.88672	0.278997	0.549304	0.868826	0.0510617	0.998161	0.24829	0.530755	0.0115859	
0.942566	0.983802	0.134105	0.257456	0.192731	0.309568	0.938251	0.869383	0.933314	0.830073	0.173664	0.541056	0.613815	0.320213	0.794667	0.119776	0.186947	0.881271	0.424744	0.0743642	0.666923	0.996881	0.549755	0.877318	0.170774	
0.491411	0.524492	0.492099	0.903913	0.425974	0.0608077	0.703746	0.908	0.0276693	0.590844	0.529008	0.570315	0.651906	0.0979732	0.197616	0.661383	0.261879	0.17214	0.754434	0.736727	0.0689923	0.0427429	0.516704	0.978462	0.415911	
0.502141	0.684296	0.242621	0.178975	0.797367	0.809526	0.586633	0.0861657	0.611686	0.619584	0.580165	0.991377	0.719776	0.958565	0.0431509	0.711642	0.224532	0.612584	0.845868	0.268804	0.450318	0.515448	0.727797	0.0284513	0.00208209	
0.270896	0.4364	0.354826	0.384853	0.997669	0.522476	0.739028	0.647189	0.138309	0.0989451	0.724074	0.998138	0.790198	0.522498	0.196291	0.836733	0.336784	0.784623	0.185331	0.787826	0.860527	0.515308	0.033118	0.915055	0.582369	
0.182236	0.628425	0.756346	0.854151	0.117264	0.309871	0.685453	0.638987	0.489424	0.55113	0.501218	0.596481	0.814918	0.452315	0.228838	0.985703	0.818645	0.645761	0.359056	0.0782375	0.658225	0.956345	0.79377	0.583089	0.141073	
0.319497	0.398847	0.950148	0.655444	0.637055	0.629468	0.362396	0.840178	0.629579	0.458901	0.931179	0.91897	0.681344	0.331903	0.348745	0.277566	0.269624	0.4178	0.575589	0.574015	0.0437824	0.60468	0.91669	0.797537	0.741924	
0.39833	0.814258	0.74564	0.957762	0.01034	0.845356	0.720076	0.483893	0.926272	0.291065	0.948512	0.0813385	0.706128	0.544718	0.631945	0.978068	0.40153	0.216224	0.135316	0.878198	0.628013	0.636093	0.0688324	0.717821	0.476669	
0.599445	0.743918	0.253018	0.916101	0.192702	0.987508	0.671856	0.135132	0.26494	0.0494677	0.678576	0.777266	0.075888	0.246205	0.801321	0.671575	0.122193	0.138592	0.770906	0.419466	0.39804	0.0818497	0.0586645	0.96321	0.075871	
0.550323	0.835266	0.513426	0.535469	0.576245	0.780119	0.434784	0.121956	0.422598	0.26385	0.806253	0.349176	0.46068	0.799225	0.288047	0.629523	0.0493068	0.638072	0.978574	0.179494	0.4676	0.615777	0.816972	0.0526141	0.563177	
0.00593634	0.682078	0.169514	0.673219	0.0654797	0.372893	0.798771	0.243254	0.234656	0.0213891	0.773411	0.392821	0.646257	0.531766	0.87185	0.413713	0.559891	0.980421	0.490996	0.809639	0.786246	0.806742	0.290908	0.595184	0.500927	
0.529764	0.374061	0.377507	0.464865	0.145422	0.833919	0.360689	0.92086	0.479563	0.933675	0.922268	0.446426	0.105028	0.236502	0.431831	0.276143	0.283235	0.0100987	0.644913	0.5084	0.356505	0.996324	0.609423	0.981692	0.53037	
0.499732	0.666566	0.121666	0.427116	0.957125	0.957825	0.557931	0.696696	0.958579	0.633659	0.392837	0.387222	0.869533	0.89508	0.764433	0.940199	0.346993	0.176822	0.400992	0.356846	0.0679875	0.4497	0.561469	0.214173	0.519946	
0.905098	0.0777578	0.386717	0.789217	0.576928	0.56154	0.232988	0.0704699	0.637839	0.889833	0.388473	0.667842	0.657422	0.208457	0.713359	0.0181247	0.855788	0.939963	0.538318	0.963219	0.667234	0.263504	0.116768	0.918462	0.949283	
0.863417	0.758408	0.77483	0.962611	0.259119	0.467452	0.488897	0.571727	0.957294	0.571445	0.366961	0.509675	0.199142	0.292822	0.0308451	0.421668	0.258928	0.971423	0.582146	0.173631	0.498387	0.661928	0.389289	0.405064	0.243375	
0.966277	0.757106	0.309837	0.13316	0.966596	0.791909	0.257615	0.281567	0.885314	0.150726	0.217566	0.159149	0.230748	0.776341	0.0719791	0.96996	0.150639	0.669156	0.950651	0.961309	0.201007	0.914955	0.376938	0.3663	0.517076	
0.27659	0.123084	0.0835006	0.671745	0.721949	0.433938	0.106488	0.0522857	0.410982	0.727245	0.507125	0.0297017	0.959879	0.253863	0.13073	0.705289	0.501183	0.249837	0.920024	0.135444	0.612128	0.376618	0.661398	0.826686	0.861017	
0.371036	0.820457	0.93795	0.52544	0.710648	0.337853	0.77427	0.0553706	0.135656	0.562677	0.259251	0.603118	0.51592	0.395497	0.411008	0.402908	0.518737	0.677644	0.680236	0.696617	0.822422	0.904944	0.664085	0.113705	0.252752	
0.941047	0.897447	0.808706	0.328748	0.951818	0.655238	0.611664	0.238481	0.563017	0.945932	0.132103	0.803141	0.483035	0.239621	0.998175	0.0327439	0.741572	0.0788411	0.887389	0.101742	0.132486	0.154937	0.286636	0.336845	0.379156	
0.0810843	0.473091	0.720519	0.850044	0.272793	0.371275	0.99624	0.604597	0.916066	0.702121	0.975264	0.108998	0.13111	0.0634098	0.866685	0.991603	0.629743	0.249658	0.806882	0.153721	0.953397	0.782513	0.655801	0.201395	0.418407	
0.805903	0.106131	0.283227	0.267149	0.498641	0.264403	0.962606	0.55421	0.273159	0.142695	0.253096	0.422785	0.636949	0.830121	0.695332	0.489775	0.554255	0.512124	0.360378	0.873616	0.277203	0.085388	0.662913	0.710484	0.394955	
0.660152	0.723335	0.409151	0.153386	0.21925	0.640097	0.696024	0.733709	0.0545632	0.0487765	0.340006	0.23724	0.275024	0.907406	0.281472	0.51763	0.12337	0.864993	0.0431704	0.453977	0.147173	0.33154	0.322747	0.403229	0.784872	
0.850395	0.170137	0.441814	0.697175	0.42689	0.260269	0.148171	0.491429	0.744237	0.251234	0.253848	0.244669	0.28698	0.633674	0.151693	0.348231	0.280113	0.482955	0.278439	0.693279	0.0598737	0.848433	0.188383	0.847948	0.163822	
