20	40
99.5823	0.469616
101.294	0.939581
94.6335	0.535363
91.4238	0.140245
93.4457	0.730876
86.2921	0.988245
93.6475	0.776053
91.7255	0.852532
96.1886	0.917812
97.5845	0.632815
83.8344	0.285624
82.6119	0.585562
86.2785	0.362367
89.5978	0.963172
83.9378	0.255732
82.1842	0.551893
84.1419	0.386905
98.8061	0.165998
95.7902	0.354529
99.8555	0.455269
49.4931
22.7169
35.6757
42.1161
17.4667
44.345
23.1737
22.7669
35.1975
30.4084
28.9769
18.8352
49.5677
8.52269
40.7555
6.78087
25.3893
12.8945
1.80751
12.8908
48.7957
35.3845
48.1894
37.8643
26.862
37.8813
35.1658
25.8382
25.9643
43.7289
4.52253
1.47636
9.69078
20.0764
16.3257
9.3127
25.3881
31.7097
29.0129
18.5588
0.918562	0.966361	0.929045	0.0311127	0.168233	0.525958	0.200123	0.978014	0.463278	0.790918	0.423669	0.507567	0.17013	0.948524	0.140248	0.215537	0.746634	0.307939	0.198239	0.875049	0.0366298	0.590455	0.127237	0.911985	0.716701	0.901454	0.818346	0.260576	0.759605	0.596684	0.909919	0.991499	0.584689	0.463709	0.547543	0.984758	0.120796	0.74896	0.0785089	0.493146	
0.36342	0.0199033	0.0968399	0.538166	0.760618	0.486514	0.364802	0.00837906	0.163345	0.615127	0.766252	0.20587	0.508542	0.832843	0.870458	0.215792	0.732543	0.648629	0.13883	0.412846	0.160674	0.786987	0.213572	0.699885	0.619779	0.52316	0.211038	0.489976	0.908561	0.201415	0.700304	0.313597	0.429045	0.724461	0.304487	0.764731	0.991237	0.445889	0.821821	0.948004	
0.0778023	0.866816	0.235221	0.766552	0.0585314	0.680452	0.458665	0.219432	0.639947	0.499594	0.274533	0.959545	0.938717	0.3671	0.649715	0.00751491	0.488533	0.637771	0.698074	0.72626	0.60844	0.0591353	0.218644	0.424739	0.9411	0.686611	0.559424	0.583258	0.259992	0.366529	0.661435	0.352415	0.0177335	0.00585654	0.87684	0.43912	0.232719	0.404877	0.304164	0.674236	
0.0671232	0.486097	0.281418	0.119683	0.77625	0.977466	0.74929	0.307489	0.185206	0.377546	0.323638	0.259165	0.362354	0.271234	0.107999	0.176811	0.818956	0.72342	0.447934	0.521294	0.667186	0.242573	0.593435	0.0188199	0.413523	0.153284	0.935284	0.150164	0.709209	0.401513	0.880366	0.0166852	0.0634129	0.655095	0.189996	0.617193	0.94174	0.628757	0.348856	0.5752	
0.721845	0.779641	0.583672	0.934377	0.532794	0.644305	0.104788	0.755223	0.771289	0.616932	0.139486	0.275228	0.248705	0.916814	0.810601	0.997105	0.2472	0.753858	0.92835	0.495321	0.962149	0.667972	0.495378	0.851702	0.623946	0.248238	0.333934	0.746921	0.000442717	0.239689	0.581673	0.0906554	0.699075	0.271973	0.609164	0.937198	0.420491	0.697138	0.663664	0.973835	
0.885973	0.0348201	0.507573	0.949045	0.827747	0.0479117	0.0361932	0.482393	0.627733	0.285037	0.469569	0.797364	0.233128	0.638916	0.138426	0.15147	0.433558	0.506316	0.978676	0.304966	0.171758	0.130906	0.252607	0.549284	0.0171111	0.737821	0.983718	0.524072	0.804302	0.982897	0.324042	0.923109	0.0079116	0.0954017	0.6621	0.803228	0.713979	0.669359	0.531872	0.183705	
0.0830259	0.346194	0.0103801	0.120664	0.949886	0.34698	0.167891	0.814024	0.99859	0.791454	0.618097	0.521368	0.949879	0.67299	0.146077	0.374016	0.697993	0.978145	0.0298314	0.96308	0.566041	0.526106	0.180176	0.732337	0.146808	0.84804	0.72482	0.938631	0.849774	0.526335	0.994812	0.642237	0.178924	0.522227	0.761601	0.0814938	0.730179	0.788214	0.138346	0.763889	
0.564783	0.862461	0.944511	0.087479	0.747644	0.179938	0.712446	0.164003	0.374166	0.628446	0.537652	0.260339	0.484861	0.0689318	0.112421	0.752451	0.977105	0.273827	0.956507	0.0857529	0.600767	0.0439323	0.906689	0.493543	0.533761	0.463428	0.96271	0.642213	0.121045	0.727424	0.361099	0.46379	0.079174	0.128125	0.0083929	0.47025	0.272328	0.655995	0.210862	0.606058	
0.612359	0.344012	0.361908	0.680486	0.904296	0.481279	0.398973	0.6634	0.0812179	0.32093	0.477659	0.046519	0.513136	0.131478	0.621028	0.918025	0.727815	0.707048	0.343288	0.84228	0.204471	0.947383	0.81531	0.91362	0.12799	0.365631	0.113259	0.878013	0.0996335	0.297363	0.485119	0.722949	0.69189	0.151425	0.492032	0.547491	0.310088	0.985072	0.248345	0.631538	
0.683274	0.708018	0.749961	0.917715	0.197564	0.458849	0.514033	0.17209	0.562732	0.485438	0.107994	0.502487	0.72549	0.306546	0.790729	0.677044	0.275948	0.865676	0.5608	0.281664	0.561828	0.374665	0.460995	0.477481	0.33367	0.0658046	0.564231	0.824248	0.564964	0.343566	0.701563	0.879355	0.224784	0.420748	0.0203415	0.112239	0.875941	0.965844	0.382912	0.552616	
0.449905	0.369883	0.959555	0.505617	0.0631643	0.883279	0.318475	0.521075	0.789511	0.85576	0.0913291	0.77432	0.699353	0.142981	0.770322	0.842959	0.0147114	0.0196532	0.516789	0.468935	0.0608728	0.830359	0.945391	0.110709	0.0131256	0.00235053	0.491021	0.590161	0.131015	0.361423	0.503856	0.541618	0.771971	0.385502	0.387445	0.402437	0.31693	0.464699	0.00761717	0.216534	
0.967012	0.394339	0.00674733	0.729628	0.017616	0.482038	0.981118	0.866725	0.0163695	0.69765	0.919473	0.331984	0.732301	0.812918	0.0884429	0.815914	0.382778	0.734599	0.972978	0.055027	0.690112	0.0592652	0.0976315	0.261506	0.33973	0.937108	0.0881237	0.767355	0.101153	0.0159075	0.518246	0.134033	0.951245	0.840288	0.470935	0.42904	0.921448	0.225694	0.871305	0.271084	
0.443427	0.702637	0.27491	0.603173	0.906394	0.0937144	0.703265	0.893776	0.802923	0.177758	0.623639	0.250924	0.819411	0.0338908	0.439687	0.0379951	0.848657	0.944364	0.0797828	0.400705	0.0377863	0.79095	0.547922	0.527976	0.112993	0.936493	0.591705	0.656754	0.924407	0.331335	0.408199	0.0604881	0.642688	0.904201	0.693648	0.582152	0.581247	0.106237	0.0148217	0.908526	
0.10871	0.451373	0.960563	0.846214	0.763568	0.702826	0.556126	0.114254	0.336204	0.788291	0.00108715	0.694639	0.476563	0.540704	0.955453	0.0973951	0.0212055	0.38256	0.818207	0.664133	0.741568	0.217993	0.996171	0.859107	0.751331	0.49092	0.438383	0.751682	0.363931	0.943936	0.923684	0.600856	0.97294	0.676698	0.264652	0.530523	0.390321	0.513311	0.766026	0.456165	
0.918059	0.685439	0.36131	0.863068	0.887589	0.26055	0.853381	0.0113277	0.313595	0.277948	0.118152	0.0495332	0.975913	0.640139	0.406016	0.669897	0.419965	0.759934	0.268684	0.334111	0.47108	0.419163	0.589962	0.435915	0.529972	0.656111	0.310888	0.847621	0.331517	0.251421	0.347576	0.569953	0.0720305	0.173174	0.578012	0.545876	0.72822	0.988082	0.649177	0.187673	
0.326071	0.420266	0.799537	0.283304	0.429495	0.127846	0.787731	0.524367	0.408413	0.694168	0.805964	0.00532108	0.831951	0.43011	0.279485	0.203291	0.708417	0.874586	0.0691176	0.862369	0.0873348	0.751231	0.581644	0.865128	0.39598	0.562946	0.403002	0.0290992	0.496473	0.385604	0.634865	0.240281	0.285328	0.213753	0.0293109	0.604699	0.58777	0.972793	0.412914	0.635522	
0.938265	0.329721	0.287724	0.563221	0.825338	0.204843	0.949241	0.289616	0.830175	0.938635	0.27798	0.055259	0.585899	0.210377	0.292475	0.737565	0.00151173	0.88667	0.925733	0.61302	0.380386	0.61209	0.866338	0.995369	0.973171	0.384679	0.509017	0.849577	0.78542	0.246732	0.277639	0.378897	0.624181	0.334429	0.240505	0.838368	0.683304	0.836319	0.452796	0.663681	
0.777405	0.485407	0.0895951	0.359787	0.800878	0.554881	0.558666	0.871476	0.731995	0.543128	0.455694	0.906703	0.873817	0.395898	0.476142	0.643778	0.869932	0.624911	0.8489	0.456871	0.819059	0.557807	0.114965	0.200024	0.0459248	0.636881	0.69547	0.81941	0.399738	0.653096	0.844089	0.512716	0.815087	0.75002	0.235049	0.582527	0.698581	0.110226	0.923353	0.961884	
0.754068	0.573139	0.774292	0.933651	0.37205	0.58532	0.416942	0.34861	0.463214	0.480688	0.874461	0.74716	0.00592557	0.22298	0.629322	0.841183	0.1943	0.234566	0.651661	0.840807	0.0482757	0.131828	0.925946	0.802542	0.370827	0.723447	0.378165	0.794381	0.0858802	0.644931	0.163778	0.404938	0.932202	0.17574	0.66089	0.124199	0.165763	0.537055	0.68305	0.00467017	
0.332037	0.861224	0.594814	0.451016	0.380789	0.444236	0.779245	0.912293	0.697072	0.186933	0.621967	0.0608042	0.805041	0.153836	0.999873	0.575505	0.0702115	0.904673	0.31709	0.542202	0.269503	0.443021	0.92934	0.473807	0.18052	0.12177	0.971422	0.799903	0.888034	0.760852	0.768662	0.827599	0.660825	0.824508	0.393601	0.184124	0.0953309	0.958559	0.457064	0.748263	
