15	30
72.3202	0.96467
73.8652	0.969862
64.3784	0.137579
64.8251	0.178019
62.4514	0.399084
65.5654	0.446862
65.3621	0.8819
68.5368	0.915596
69.8463	0.262037
66.7289	0.925998
62.8754	0.108525
63.116	0.602905
74.7413	0.717977
74.1538	0.81531
72.0858	0.149371
47.5477
22.3799
12.8296
15.8101
38.8624
5.89773
36.7889
45.3638
9.54745
31.3617
43.7383
26.7663
11.4553
11.0192
47.0429
48.3028
35.4572
39.9284
47.1581
13.929
33.1647
26.6033
13.9506
4.11353
46.1724
6.87969
24.3797
3.8408
17.8849
38.5846
0.807469	0.871987	0.980591	0.696709	0.466616	0.807611	0.341802	0.158121	0.21967	0.276091	0.413379	0.361345	0.0132596	0.557849	0.92311	0.998511	0.178367	0.784723	0.611738	0.369502	0.123402	0.828516	0.123129	0.78485	0.100387	0.968344	0.161542	0.0819434	0.985185	0.176154	
0.73149	0.618232	0.366722	0.745703	0.155354	0.453865	0.497895	0.38731	0.851852	0.47457	0.155478	0.112316	0.590655	0.468786	0.653693	0.604487	0.630753	0.43703	0.152162	0.504744	0.695697	0.392309	0.141635	0.259842	0.107224	0.21632	0.952294	0.333059	0.985968	0.908989	
0.85698	0.053315	0.796711	0.312922	0.431948	0.047519	0.645732	0.110112	0.619184	0.877253	0.109351	0.485587	0.457223	0.129405	0.0776543	0.421753	0.580709	0.846037	0.691752	0.989263	0.0333077	0.348592	0.734841	0.640839	0.331821	0.719715	0.56134	0.608868	0.296293	0.761051	
0.764118	0.298356	0.917588	0.170675	0.0768917	0.216899	0.223511	0.632884	0.20777	0.460585	0.322025	0.701462	0.813611	0.0993726	0.0271541	0.957976	0.805674	0.261554	0.752776	0.163461	0.249427	0.411714	0.576511	0.905976	0.366852	0.84069	0.545756	0.863	0.144808	0.258495	
0.677876	0.87048	0.897881	0.790124	0.0740055	0.857825	0.211196	0.135918	0.602136	0.802518	0.733712	0.266289	0.68398	0.495366	0.440199	0.664263	0.536626	0.366457	0.933879	0.385243	0.848837	0.894881	0.27031	0.953948	0.656822	0.258389	0.774098	0.356582	0.241483	0.857761	
0.599998	0.622074	0.402107	0.35221	0.0904915	0.543903	0.482801	0.787565	0.889865	0.784629	0.428128	0.449385	0.693939	0.0907038	0.214869	0.398101	0.912253	0.469222	0.506704	0.248036	0.857056	0.394601	0.139307	0.780143	0.362799	0.123957	0.644231	0.672195	0.559515	0.939695	
0.0280299	0.174115	0.949512	0.231015	0.832658	0.192458	0.249301	0.497571	0.894233	0.53137	0.349674	0.317667	0.897588	0.972513	0.0375863	0.719636	0.903043	0.746087	0.898145	0.545625	0.573402	0.682706	0.887598	0.477036	0.480515	0.852245	0.45058	0.434292	0.286618	0.0403461	
0.584169	0.607038	0.796069	0.299237	0.063332	0.412631	0.823891	0.6323	0.814239	0.20978	0.00610633	0.778673	0.801981	0.364551	0.809407	0.196137	0.42118	0.354117	0.325354	0.147403	0.403923	0.498804	0.695484	0.934873	0.798398	0.978559	0.352346	0.0769177	0.688951	0.693456	
0.911786	0.149258	0.883084	0.0207034	0.928472	0.817678	0.67718	0.169681	0.497834	0.570362	0.239836	0.95214	0.751252	0.519605	0.109683	0.174635	0.346317	0.845214	0.985568	0.520396	0.634244	0.067854	0.175648	0.277201	0.454114	0.867781	0.56967	0.0710607	0.829705	0.0697056	
0.145446	0.567026	0.935694	0.305109	0.0605717	0.142107	0.523737	0.0401044	0.355705	0.992293	0.377527	0.455014	0.287937	0.364047	0.274092	0.364221	0.393312	0.0332478	0.805447	0.426317	0.399873	0.640664	0.22007	0.949608	0.390656	0.339923	0.344867	0.0684305	0.469454	0.937011	
0.450537	0.0252338	0.98202	0.682069	0.696025	0.486514	0.58162	0.974924	0.988199	0.279967	0.0495415	0.804197	0.524088	0.666219	0.0496764	0.0705992	0.483604	0.343028	0.618208	0.514781	0.207994	0.761943	0.725601	0.478629	0.11083	0.932268	0.601908	0.812307	0.140711	0.877707	
0.579102	0.530691	0.438326	0.331262	0.00712816	0.831216	0.0523355	0.996578	0.372452	0.3907	0.59613	0.850521	0.61606	0.507884	0.602659	0.819398	0.463613	0.932821	0.727193	0.176822	0.962593	0.43342	0.926841	0.416416	0.639405	0.357804	0.202056	0.471613	0.821863	0.200345	
0.383296	0.0158309	0.770436	0.457914	0.294911	0.71411	0.655324	0.788817	0.528606	0.646293	0.982792	0.233613	0.215005	0.692509	0.585763	0.0860271	0.71035	0.586887	0.227434	0.178192	0.97733	0.54783	0.541614	0.109452	0.968884	0.622516	0.489537	0.513561	0.161949	0.234628	
0.224189	0.7655	0.480679	0.156347	0.317868	0.995062	0.549328	0.0382193	0.302588	0.895993	0.336191	0.992635	0.434087	0.539411	0.242888	0.424485	0.60245	0.0916959	0.861678	0.640169	0.995739	0.36195	0.274316	0.681783	0.739456	0.12052	0.665639	0.799765	0.612707	0.64551	
0.460384	0.613265	0.711881	0.627158	0.217239	0.833607	0.487873	0.152308	0.220986	0.0945462	0.0668073	0.314275	0.132872	0.600906	0.803056	0.204039	0.546119	0.601869	0.531521	0.107543	0.281424	0.97379	0.182666	0.618608	0.325791	0.992043	0.17142	0.64558	0.451558	0.962478	
