20	30
86.82	0.370544
97.0672	0.455588
88.526	0.822676
94.1051	0.0493101
92.5799	0.0554621
85.6236	0.128065
97.8939	0.626235
94.3369	0.237118
82.709	0.911792
87.7563	0.880192
82.1514	0.413237
96.4904	0.0305934
87.1998	0.117237
93.2028	0.628781
83.8046	0.727174
100.242	0.554055
95.7515	0.256567
81.893	0.655969
93.9589	0.695882
97.4993	0.501145
38.6729
15.4177
42.0534
12.2886
31.7249
39.0481
27.3364
6.90642
14.6001
31.682
44.8247
5.61699
25.7436
42.4095
6.19814
32.001
4.23459
14.6218
5.30302
27.0512
14.4404
33.9341
41.6356
35.9859
9.88247
7.26292
46.6593
35.038
45.3124
45.0269
0.92535	0.681717	0.977852	0.220334	0.18267	0.822006	0.563827	0.0599555	0.419642	0.965354	0.223743	0.661508	0.90145	0.311123	0.759253	0.259396	0.727409	0.772934	0.113669	0.356278	0.84659	0.565688	0.0187221	0.338792	0.181107	0.651098	0.179864	0.725212	0.741011	0.910571	
0.399974	0.371899	0.840716	0.836377	0.3744	0.366325	0.666641	0.0420079	0.844306	0.694155	0.964475	0.646658	0.710682	0.271666	0.608008	0.147335	0.231148	0.180595	0.662523	0.933832	0.646039	0.042972	0.634983	0.426304	0.521504	0.488983	0.728496	0.805212	0.0256148	0.663032	
0.0352482	0.384141	0.264522	0.547628	0.469328	0.0689043	0.968702	0.257399	0.966114	0.740293	0.56454	0.956388	0.730488	0.0211273	0.465597	0.982864	0.284521	0.460304	0.48318	0.863924	0.651856	0.658816	0.741866	0.81482	0.478409	0.936139	0.876646	0.731726	0.462391	0.347142	
0.834641	0.295517	0.204937	0.195469	0.470169	0.523113	0.321627	0.285495	0.70935	0.861052	0.134808	0.710344	0.250587	0.717014	0.135793	0.0964532	0.163977	0.503727	0.848776	0.725097	0.809018	0.370214	0.895924	0.723824	0.367907	0.00666032	0.803245	0.553969	0.570317	0.7741	
0.174803	0.60046	0.369459	0.737888	0.0236917	0.499167	0.933478	0.0287154	0.78997	0.980827	0.680602	0.607861	0.00204496	0.441352	0.224077	0.276319	0.219735	0.590665	0.00145447	0.30839	0.813257	0.0210207	0.612989	0.982929	0.134217	0.649602	0.836389	0.0604369	0.352429	0.0859116	
0.897364	0.20496	0.487069	0.175665	0.813724	0.366639	0.955046	0.070958	0.280197	0.90477	0.065638	0.85789	0.624992	0.292782	0.811867	0.906266	0.252933	0.778489	0.974973	0.746173	0.880933	0.182128	0.570595	0.00695046	0.558662	0.289765	0.43613	0.624047	0.582927	0.236071	
0.527829	0.516491	0.577769	0.263826	0.780483	0.305517	0.103415	0.718224	0.323862	0.418535	0.61149	0.760694	0.214441	0.338807	0.206753	0.375633	0.513881	0.56424	0.711433	0.953748	0.929222	0.705602	0.16006	0.816688	0.855728	0.225255	0.270324	0.984172	0.199839	0.990168	
0.617664	0.430991	0.560097	0.86603	0.848483	0.0482211	0.422931	0.590592	0.257666	0.936115	0.610752	0.374488	0.0951319	0.89791	0.886327	0.133026	0.0936234	0.624821	0.831465	0.766372	0.195862	0.685745	0.430995	0.456488	0.764787	0.100181	0.33877	0.497923	0.166571	0.296099	
0.907606	0.641223	0.167333	0.463573	0.401269	0.177117	0.625097	0.549357	0.330189	0.0442455	0.659899	0.121786	0.970066	0.828566	0.0124469	0.407364	0.506144	0.163906	0.248259	0.716439	0.684381	0.72732	0.942649	0.672097	0.360729	0.0231836	0.789587	0.127404	0.819427	0.234843	
0.885737	0.280335	0.728858	0.100135	0.530598	0.892024	0.915036	0.848846	0.897501	0.402122	0.122427	0.131073	0.337545	0.99493	0.251593	0.273363	0.945888	0.35955	0.457319	0.440911	0.824637	0.388624	0.594045	0.711632	0.4468	0.736281	0.995856	0.029309	0.196429	0.145918	
0.0509684	0.0741184	0.46554	0.338727	0.781609	0.472919	0.725873	0.358668	0.572588	0.388523	0.451864	0.831048	0.994164	0.304635	0.969078	0.0585924	0.967401	0.248563	0.776231	0.422679	0.0636557	0.684409	0.765413	0.7001	0.777724	0.911299	0.3413	0.0613547	0.301461	0.858399	
0.587835	0.77726	0.0407716	0.436394	0.723531	0.0322677	0.0588096	0.938842	0.232752	0.381697	0.139973	0.33542	0.47133	0.145457	0.119115	0.83132	0.148085	0.886099	0.726517	0.0855446	0.653331	0.550197	0.168186	0.416494	0.372478	0.845111	0.259005	0.799873	0.308026	0.207291	
0.0216299	0.82445	0.0143802	0.520984	0.615761	0.108558	0.375633	0.76297	0.0158143	0.607854	0.194323	0.69745	0.157297	0.207924	0.850126	0.202999	0.976595	0.288493	0.93398	0.588528	0.535322	0.471973	0.842632	0.406706	0.503181	0.272157	0.939546	0.578321	0.831049	0.0480545	
0.396349	0.619908	0.452226	0.112154	0.143714	0.158561	0.528368	0.0456666	0.947988	0.27725	0.305011	0.504033	0.515083	0.278321	0.477682	0.648915	0.0834478	0.0914703	0.794487	0.26597	0.955293	0.161635	0.0131352	0.181179	0.174645	0.0297496	0.99691	0.947414	0.481848	0.672269	
0.144305	0.89584	0.53009	0.0933944	0.487429	0.091582	0.248153	0.670965	0.825011	0.227844	0.700786	0.698658	0.0799204	0.220767	0.695974	0.323701	0.227193	0.82276	0.594644	0.929754	0.51346	0.808782	0.450964	0.796135	0.955197	0.633309	0.93124	0.197933	0.532297	0.186074	
0.96719	0.886843	0.0738197	0.575173	0.05536	0.637371	0.117429	0.145772	0.861369	0.161858	0.954078	0.040363	0.748598	0.224509	0.329449	0.435894	0.683894	0.113446	0.570721	0.853136	0.256189	0.783821	0.80551	0.716284	0.0482306	0.0479871	0.525042	0.213921	0.951131	0.0984813	
0.547463	0.920305	0.662194	0.0588158	0.440281	0.656324	0.924595	0.576344	0.142594	0.813326	0.695043	0.636637	0.845152	0.961112	0.96793	0.990178	0.43177	0.67619	0.90606	0.280427	0.0105638	0.338923	0.779914	0.530878	0.510342	0.982858	0.717047	0.735434	0.919708	0.515942	
0.418041	0.805222	0.153388	0.630466	0.575845	0.92277	0.0255986	0.534311	0.56165	0.68785	0.373551	0.0927646	0.956907	0.504894	0.348896	0.0613224	0.358217	0.126835	0.59952	0.91692	0.138393	0.283973	0.277775	0.101278	0.983282	0.565563	0.601594	0.418729	0.456808	0.566055	
0.973698	0.274536	0.884329	0.469987	0.444397	0.154929	0.789981	0.584612	0.311358	0.424332	0.932076	0.971276	0.635021	0.366043	0.358781	0.735934	0.178893	0.897713	0.863374	0.227737	0.692701	0.697029	0.434995	0.420597	0.686592	0.135669	0.347769	0.732407	0.0240079	0.372551	
0.410579	0.117261	0.0269575	0.804806	0.759666	0.0710134	0.211119	0.660965	0.414538	0.988015	0.378137	0.0419694	0.604658	0.85447	0.0212611	0.0189085	0.845698	0.892833	0.47599	0.490085	0.151175	0.820655	0.0282591	0.626185	0.651967	0.970379	0.011947	0.0938471	0.766418	0.831775	
