10	30
43.1431	0.625593
38.1999	0.669055
46.7614	0.428076
44.9074	0.733422
45.7382	0.186447
38.2882	0.272843
47.0488	0.367055
39.0889	0.539348
43.6963	0.0442003
41.3107	0.697855
48.3663
41.3351
38.3917
34.5561
25.6397
22.7803
27.7757
49.5951
47.3804
9.88629
10.9654
18.6731
29.2521
10.9069
10.9869
18.2582
14.955
2.01877
4.59852
42.3429
6.12756
3.69156
43.8329
49.2452
5.64084
41.0808
19.8558
24.8767
7.4382
35.8339
0.0805689	0.635031	0.763132	0.098668	0.33916	0.724476	0.641363	0.121798	0.694964	0.811245	0.989835	0.880347	0.420781	0.0220388	0.821155	0.795544	0.778241	0.360004	0.160434	0.283995	0.19403	0.702769	0.179683	0.590942	0.702474	0.839633	0.51877	0.869495	0.996503	0.238101	
0.447168	0.853009	0.618617	0.148012	0.702191	0.287359	0.856968	0.872491	0.0981169	0.0224744	0.198415	0.68397	0.370248	0.191443	0.0269406	0.540919	0.0205764	0.284063	0.461906	0.206928	0.896018	0.399803	0.0758096	0.619322	0.259152	0.341208	0.135867	0.844495	0.366807	0.323068	
0.313823	0.114374	0.552455	0.926605	0.230231	0.187807	0.272962	0.638611	0.52199	0.888948	0.127412	0.995029	0.841798	0.902793	0.355789	0.664266	0.183641	0.050531	0.531193	0.115411	0.552613	0.217654	0.689213	0.034804	0.629662	0.82945	0.757891	0.289889	0.376078	0.314053	
0.678866	0.507642	0.443973	0.238697	0.901814	0.629357	0.0155564	0.254472	0.958253	0.970739	0.435945	0.786221	0.13714	0.607889	0.0970665	0.397799	0.308235	0.0881855	0.596171	0.542022	0.93904	0.927805	0.264045	0.803724	0.545935	0.914249	0.000329391	0.325834	0.00280083	0.741426	
0.190999	0.225557	0.567771	0.948175	0.682515	0.828499	0.992006	0.528455	0.395783	0.018412	0.90387	0.900696	0.241605	0.0764629	0.0169164	0.777553	0.962868	0.27708	0.554571	0.0772083	0.896204	0.601218	0.391177	0.0844274	0.640719	0.135786	0.218968	0.490752	0.717686	0.446696	
0.802748	0.185124	0.48225	0.111458	0.406457	0.20312	0.124894	0.572841	0.799961	0.793099	0.948694	0.12564	0.0179128	0.267848	0.440399	0.789948	0.299163	0.271262	0.764788	0.357197	0.528516	0.513719	0.0464202	0.913454	0.97808	0.646562	0.705874	0.179416	0.596515	0.62145	
0.670752	0.467573	0.438326	0.138062	0.00251229	0.182652	0.0300831	0.800936	0.565817	0.210321	0.0773244	0.400132	0.924096	0.828061	0.871217	0.128067	0.0920571	0.60187	0.290362	0.0992853	0.871999	0.773415	0.800949	0.793768	0.00362856	0.548079	0.981803	0.303665	0.159305	0.392828	
0.245211	0.166984	0.740873	0.986971	0.40376	0.761531	0.0508973	0.907297	0.244286	0.171408	0.124252	0.951197	0.904302	0.468342	0.00215923	0.592474	0.590868	0.96288	0.581415	0.104768	0.274813	0.284174	0.927689	0.65677	0.821021	0.490071	0.666813	0.287289	0.596739	0.811335	
0.70488	0.591614	0.879566	0.407297	0.287887	0.71669	0.876193	0.26724	0.259979	0.702935	0.753903	0.977779	0.499852	0.669741	0.276572	0.306836	0.17739	0.114032	0.872937	0.752615	0.650532	0.626032	0.631506	0.110039	0.0383227	0.230028	0.00887232	0.491059	0.528474	0.118029	
0.121639	0.0661447	0.0223612	0.562297	0.168244	0.342084	0.450524	0.143725	0.0912185	0.504671	0.16466	0.166866	0.207661	0.251611	0.00310976	0.0211739	0.640525	0.739431	0.399155	0.485015	0.424034	0.440292	0.981827	0.955354	0.522446	0.0452273	0.984124	0.527214	0.351901	0.429363	
