15	40
72.3497	0.676789
65.7585	0.43978
70.0075	0.882853
59.3606	0.258713
67.6821	0.299513
72.0511	0.985279
68.7137	0.688529
64.4233	0.63908
65.2773	0.991152
62.6476	0.318932
60.0808	0.752437
69.0195	0.118068
67.5955	0.102978
63.5148	0.0333688
63.5833	0.536957
43.9203
18.0298
45.4538
38.3829
38.511
47.4079
26.3673
32.2819
2.72515
5.19988
4.05908
42.7663
49.406
19.49
34.577
32.2122
3.86997
9.31632
40.4434
15.4885
27.8269
3.10346
16.5429
48.4518
49.8422
3.35118
18.8917
49.0087
35.9231
42.1895
27.5278
39.2956
14.2973
47.1486
22.4321
45.8891
39.4693
8.92014
48.3299
28.9999
0.743105	0.305557	0.477891	0.401999	0.638549	0.342184	0.862831	0.554914	0.172504	0.215536	0.656215	0.679074	0.554544	0.419897	0.690309	0.561903	0.391503	0.105178	0.30448	0.296221	0.828154	0.958982	0.348513	0.804359	0.584489	0.625142	0.0084013	0.563993	0.667718	0.145669	0.630766	0.404817	0.112258	0.0425558	0.184049	0.0429819	0.912569	0.935821	0.043297	0.645372	
0.346018	0.249973	0.445739	0.384186	0.537994	0.245977	0.509772	0.16853	0.232897	0.656627	0.027435	0.40015	0.547726	0.495438	0.573763	0.349525	0.913178	0.144889	0.0871819	0.633385	0.329942	0.255594	0.399566	0.58921	0.279872	0.778373	0.618198	0.00484328	0.874117	0.559418	0.1904	0.968588	0.589274	0.0822261	0.682191	0.733594	0.140975	0.884262	0.743591	0.42114	
0.95441	0.321399	0.328682	0.747945	0.843223	0.4582	0.209316	0.467799	0.861009	0.167926	0.749376	0.660927	0.141718	0.694032	0.351891	0.0493269	0.584956	0.19133	0.996229	0.0325408	0.169639	0.0305202	0.860257	0.30614	0.471282	0.23128	0.368105	0.393171	0.942202	0.342599	0.182713	0.743137	0.55214	0.195423	0.867843	0.744854	0.873352	0.218508	0.859398	0.546412	
0.422982	0.376561	0.843938	0.0504209	0.797186	0.412659	0.662464	0.43395	0.715179	0.372852	0.133919	0.919112	0.072511	0.724608	0.412108	0.876558	0.463498	0.647483	0.191701	0.405139	0.0225392	0.623394	0.547926	0.496819	0.452457	0.818487	0.460422	0.45569	0.0826341	0.731638	0.310535	0.0352786	0.248085	0.687111	0.108792	0.270896	0.177221	0.0738357	0.774874	0.961486	
0.974202	0.59828	0.522888	0.305133	0.164189	0.0800725	0.422427	0.155509	0.606019	0.627742	0.602285	0.970412	0.570832	0.327736	0.70445	0.602054	0.992885	0.199065	0.890508	0.117043	0.199019	0.205132	0.687074	0.274483	0.135541	0.321474	0.401109	0.189801	0.874254	0.158274	0.269381	0.014822	0.265185	0.787493	0.765224	0.273917	0.179471	0.0151104	0.428473	0.159565	
0.246097	0.802496	0.98524	0.287801	0.595125	0.441164	0.321055	0.101302	0.551119	0.841827	0.775613	0.852244	0.544602	0.79727	0.943196	0.033457	0.106768	0.292714	0.986718	0.642049	0.0251572	0.0189144	0.616093	0.941336	0.398436	0.565007	0.817896	0.464785	0.238187	0.633987	0.936509	0.833683	0.369637	0.623907	0.306856	0.851358	0.022155	0.893991	0.315514	0.304189	
0.228673	0.216717	0.706894	0.146954	0.768231	0.617693	0.416685	0.979061	0.699985	0.540133	0.37554	0.211917	0.38444	0.557858	0.82798	0.849906	0.920546	0.943332	0.977059	0.620111	0.143056	0.119914	0.252453	0.487711	0.43617	0.483039	0.37275	0.479127	0.777205	0.942643	0.99727	0.0371844	0.347994	0.0855232	0.651446	0.127948	0.557313	0.600455	0.316899	0.385705	
0.369763	0.830861	0.221534	0.266926	0.0544051	0.961894	0.25344	0.683029	0.459634	0.893729	0.22293	0.0655314	0.00786272	0.141206	0.199371	0.814379	0.211434	0.930193	0.552395	0.644017	0.593207	0.0490493	0.335174	0.47865	0.62006	0.114907	0.515836	0.848258	0.675165	0.636647	0.950825	0.204896	0.598762	0.982972	0.154011	0.00503717	0.324077	0.312578	0.499582	0.508479	
0.372883	0.271249	0.618568	0.881958	0.94134	0.141886	0.0444318	0.326826	0.378979	0.258422	0.992863	0.558708	0.185082	0.902918	0.933419	0.592219	0.210623	0.293471	0.213084	0.924692	0.0377054	0.37342	0.341217	0.86825	0.633513	0.681497	0.423848	0.0844379	0.0974668	0.635779	0.475882	0.0220292	0.279349	0.871383	0.117059	0.360977	0.0427401	0.914994	0.682316	0.175381	
0.572891	0.00135994	0.582223	0.998836	0.704586	0.804192	0.0292704	0.684467	0.577888	0.512509	0.600715	0.651343	0.305719	0.230763	0.927341	0.548015	0.446038	0.500058	0.354715	0.954495	0.064972	0.342199	0.0463425	0.596236	0.695267	0.34519	0.834758	0.828215	0.424548	0.0220597	0.903049	0.994754	0.908077	0.967407	0.520801	0.900915	0.234611	0.218149	0.759563	0.465437	
0.778958	0.607318	0.235231	0.218237	0.0852251	0.370255	0.304429	0.461617	0.967209	0.631325	0.988016	0.1104	0.940592	0.943042	0.0610183	0.634653	0.259227	0.440131	0.974625	0.535104	0.273954	0.709787	0.661479	0.161818	0.486843	0.106415	0.791224	0.584228	0.553797	0.902559	0.879785	0.379375	0.719161	0.702535	0.961018	0.0738237	0.351601	0.803422	0.514815	0.000346236	
0.473155	0.0146023	0.717384	0.245779	0.11899	0.657044	0.0696426	0.207718	0.917663	0.803443	0.83584	0.934189	0.165927	0.953758	0.0785357	0.167498	0.335023	0.867749	0.366307	0.33875	0.0388873	0.0204988	0.0246022	0.0139134	0.9685	0.834976	0.603114	0.543081	0.392346	0.703178	0.18561	0.0565897	0.640826	0.542362	0.569385	0.937953	0.741222	0.99608	0.250012	0.922697	
0.714693	0.106832	0.96856	0.533552	0.737392	0.471411	0.591335	0.386915	0.81623	0.53784	0.722247	0.0733804	0.205687	0.936544	0.11943	0.680718	0.392387	0.957504	0.00506203	0.0293855	0.768435	0.116221	0.796836	0.73592	0.243092	0.579289	0.410128	0.328278	0.567437	0.792392	0.555125	0.192783	0.205944	0.946449	0.801004	0.84478	0.599253	0.295006	0.873056	0.805449	
0.918562	0.0348086	0.289716	0.652356	0.0688712	0.26398	0.518598	0.23278	0.407202	0.298773	0.112322	0.370798	0.693825	0.969469	0.196025	0.128376	0.0947275	0.871623	0.896765	0.297612	0.964335	0.564141	0.308194	0.994873	0.124626	0.903019	0.167179	0.516028	0.765252	0.395884	0.670481	0.902616	0.5407	0.438967	0.666968	0.793213	0.974554	0.700646	0.919776	0.0715464	
0.0525293	0.711566	0.435541	0.111546	0.926871	0.240383	0.139528	0.707631	0.360761	0.456333	0.824558	0.657156	0.523143	0.159909	0.0645903	0.5464	0.186831	0.785998	0.709546	0.942884	0.522273	0.441585	0.812024	0.0133477	0.519407	0.142924	0.217935	0.438017	0.296859	0.849526	0.537924	0.671052	0.597047	0.185497	0.529477	0.303628	0.557373	0.959508	0.238898	0.330359	
