20	20
89.4502	0.987882
89.0924	0.92393
96.4354	0.797664
95.7965	0.208219
96.644	0.486515
83.5447	0.438325
92.913	0.4774
94.6965	0.462641
81.5433	0.825382
84.9005	0.52864
100.876	0.433375
92.1972	0.829506
93.6576	0.917178
92.5499	0.344002
97.1231	0.258051
93.7183	0.90428
91.6285	0.97893
99.522	0.514186
81.8149	0.7635
99.5983	0.805137
6.48782
9.6631
30.0953
18.2711
38.0393
38.8296
40.7754
41.8084
45.7711
22.3214
21.4349
31.0474
11.9026
21.5053
22.7575
7.1117
34.1818
43.2896
1.69307
26.6031
0.246529	0.669214	0.955944	0.473606	0.971394	0.0448554	0.480293	0.511458	0.694049	0.0917038	0.275589	0.414992	0.507712	0.506228	0.587607	0.738316	0.861771	0.134953	0.0269069	0.482071	
0.453465	0.311032	0.80461	0.335504	0.0437972	0.440765	0.00141517	0.544436	0.0176148	0.477132	0.911426	0.856956	0.949706	0.147802	0.328712	0.975238	0.188001	0.19039	0.116353	0.900748	
0.540316	0.842039	0.261038	0.767872	0.144611	0.89974	0.709328	0.703375	0.0470528	0.546282	0.373137	0.878756	0.18395	0.214557	0.118241	0.990581	0.433594	0.370856	0.588089	0.671557	
0.788015	0.437062	0.898059	0.107058	0.158481	0.867074	0.304833	0.997544	0.119805	0.835751	0.359777	0.46198	0.456474	0.619316	0.92174	0.630074	0.408176	0.693632	0.777895	0.212177	
0.752333	0.226192	0.116105	0.292453	0.317204	0.13541	0.94378	0.71362	0.512294	0.37448	0.159481	0.168979	0.327923	0.280164	0.0251387	0.906181	0.840233	0.327824	0.537236	0.701888	
0.528273	0.570075	0.208091	0.16868	0.7134	0.415272	0.31191	0.283133	0.98178	0.439232	0.621978	0.836564	0.476333	0.691733	0.989488	0.445584	0.0395436	0.959456	0.112711	0.621713	
0.995559	0.0771822	0.710722	0.747816	0.595708	0.355565	0.568537	0.422772	0.35883	0.971063	0.81972	0.203155	0.900626	0.710538	0.080148	0.686333	0.820266	0.556613	0.655999	0.154104	
0.793491	0.956428	0.793273	0.394824	0.575176	0.0971026	0.594401	0.083016	0.524043	0.748884	0.11758	0.511805	0.270287	0.13917	0.879927	0.00365133	0.943579	0.91916	0.106216	0.564451	
0.915728	0.246644	0.71081	0.407447	0.667644	0.128743	0.439459	0.138634	0.252179	0.764856	0.840576	0.398522	0.414065	0.920155	0.982447	0.6016	0.551477	0.996618	0.958544	0.781071	
0.98338	0.992257	0.905614	0.899611	0.717976	0.307031	0.393274	0.703327	0.302998	0.346242	0.722063	0.0468564	0.628889	0.854046	0.426547	0.665443	0.99661	0.705564	0.0100171	0.781591	
0.127828	0.0813334	0.911213	0.254789	0.915661	0.241893	0.796365	0.809521	0.192365	0.548916	0.088579	0.758181	0.710811	0.254098	0.363981	0.176778	0.321709	0.548569	0.142668	0.969534	
0.947161	0.312214	0.836367	0.418573	0.0549022	0.257801	0.102259	0.709821	0.56289	0.263009	0.130226	0.26016	0.81401	0.846229	0.732635	0.750856	0.811717	0.733469	0.126118	0.337097	
0.18359	0.025215	0.371466	0.418254	0.6637	0.422086	0.243426	0.735374	0.926991	0.457516	0.451839	0.106077	0.749165	0.269323	0.0991586	0.44539	0.596974	0.600417	0.072641	0.97397	
0.795385	0.891817	0.401313	0.33848	0.327649	0.077972	0.967055	0.234479	0.223616	0.14943	0.516595	0.066507	0.453912	0.465736	0.969999	0.00673305	0.944606	0.412748	0.263325	0.374726	
0.101248	0.213195	0.287838	0.970316	0.326838	0.240677	0.281248	0.359321	0.574767	0.67221	0.899123	0.940876	0.703314	0.242699	0.917197	0.439054	0.0655683	0.593795	0.179854	0.526146	
0.580765	0.30958	0.530011	0.0377509	0.57598	0.752861	0.210625	0.688927	0.129958	0.0968001	0.751671	0.0538558	0.89973	0.651494	0.811242	0.0322813	0.327262	0.3428	0.623551	0.636006	
0.294473	0.757814	0.219546	0.845811	0.383629	0.913823	0.3033	0.902104	0.651495	0.594675	0.991704	0.659364	0.96927	0.0115654	0.0514103	0.719942	0.223517	0.695187	0.581562	0.449944	
0.338877	0.217273	0.0221507	0.188696	0.750159	0.40291	0.604752	0.0589117	0.390992	0.355532	0.896999	0.082122	0.936198	0.0138222	0.482232	0.0211386	0.678237	0.438228	0.423132	0.882151	
0.696368	0.702884	0.631724	0.963957	0.840363	0.965038	0.469007	0.404821	0.110234	0.645477	0.883774	0.303566	0.450112	0.536185	0.591944	0.297703	0.905041	0.857453	0.400272	0.565893	
0.974847	0.594575	0.864962	0.0469058	0.913164	0.89059	0.0781246	0.8968	0.904707	0.933115	0.262021	0.238253	0.688481	0.769177	0.279915	0.588131	0.202422	0.720934	0.564585	0.152577	
