20	20
96.6967	0.19929
99.7404	0.703021
98.903	0.720587
89.0504	0.420681
93.3858	0.323587
86.408	0.472583
94.7462	0.0762119
97.642	0.877212
93.1552	0.805565
88.3835	0.925607
88.2149	0.379098
93.3564	0.165056
88.9355	0.429226
96.0321	0.771488
85.5955	0.610219
92.1422	0.257255
99.4542	0.179548
88.3427	0.471456
84.2487	0.461875
88.1505	0.667439
1.98375
32.8227
25.9512
36.682
14.87
34.082
19.7869
32.072
27.5518
49.9583
26.7893
40.9967
5.90548
43.9022
19.63
36.1564
49.9421
12.373
15.9965
45.0556
0.710634	0.931809	0.788431	0.26947	0.464276	0.222265	0.1103	0.176054	0.886228	0.378708	0.155724	0.660608	0.275375	0.66152	0.00547012	0.0449861	0.497236	0.786915	0.850772	0.322302	
0.499352	0.163566	0.204351	0.596053	0.892121	0.4884	0.154439	0.392099	0.991822	0.202419	0.900762	0.599704	0.6696	0.121588	0.733859	0.0674615	0.520565	0.998143	0.0819371	0.334497	
0.857243	0.0126456	0.383141	0.607765	0.937086	0.318166	0.38876	0.14325	0.398768	0.5548	0.172198	0.0664385	0.48681	0.612716	0.462001	0.544828	0.268481	0.121466	0.524901	0.833607	
0.762195	0.332066	0.868342	0.63268	0.950892	0.0689941	0.816516	0.781611	0.723771	0.658529	0.207814	0.98626	0.636996	0.851281	0.445786	0.842105	0.0259544	0.39049	0.719062	0.187828	
0.024751	0.946888	0.272968	0.47768	0.733983	0.528663	0.697442	0.345741	0.831692	0.337037	0.00369212	0.155727	0.0293459	0.386881	0.929458	0.424631	0.888687	0.453007	0.709162	0.369555	
0.456014	0.0429857	0.504062	0.607536	0.982929	0.36083	0.225213	0.360698	0.762685	0.0153378	0.205675	0.703281	0.939052	0.620598	0.224258	0.151938	0.949429	0.351197	0.872154	0.404521	
0.0363319	0.889839	0.0441307	0.577933	0.284799	0.159475	0.35514	0.147185	0.732898	0.21575	0.493249	0.319247	0.0933215	0.481093	0.871624	0.335865	0.127207	0.196241	0.3018	0.20812	
0.180081	0.53084	0.0293353	0.322751	0.822876	0.868449	0.148456	0.317989	0.97781	0.778622	0.213825	0.344452	0.80963	0.0529717	0.960109	0.0558473	0.802474	0.894039	0.948332	0.564904	
0.533524	0.966427	0.781331	0.889545	0.895045	0.919464	0.907417	0.805477	0.762886	0.330132	0.842217	0.576805	0.506106	0.122227	0.569799	0.223049	0.949961	0.417008	0.827256	0.789183	
0.703122	0.700485	0.736132	0.358167	0.109451	0.121916	0.858441	0.479662	0.419253	0.278415	0.463238	0.090313	0.298243	0.294149	0.36467	0.511689	0.600313	0.257684	0.600986	0.767566	
0.314438	0.61283	0.427184	0.675448	0.324693	0.537725	0.490791	0.538939	0.190877	0.135558	0.365918	0.737149	0.641124	0.138404	0.185047	0.158173	0.445454	0.4013	0.0790195	0.789902	
0.554043	0.293476	0.12508	0.70505	0.400693	0.515334	0.956941	0.470808	0.0467363	0.811083	0.641022	0.558632	0.831087	0.764724	0.498052	0.341286	0.676604	0.816027	0.803949	0.600058	
0.0999218	0.0599216	0.424804	0.979412	0.666813	0.942527	0.0521944	0.805433	0.129606	0.106206	0.739558	0.904057	0.00445914	0.641663	0.855741	0.210098	0.753231	0.524123	0.637864	0.743051	
0.0556844	0.880308	0.589412	0.830915	0.829077	0.566846	0.77834	0.47168	0.602262	0.308612	0.141867	0.57314	0.431469	0.469514	0.277488	0.525197	0.289521	0.497161	0.151929	0.24974	
0.618046	0.609294	0.951884	0.475475	0.962462	0.0366695	0.722903	0.249062	0.610227	0.611254	0.0348582	0.357532	0.735536	0.672598	0.921382	0.506776	0.473136	0.828847	0.542955	0.554115	
0.492978	0.896794	0.487143	0.599155	0.784524	0.842886	0.83242	0.273718	0.447552	0.80294	0.130253	0.962412	0.291535	0.716588	0.47856	0.0885671	0.193243	0.422783	0.313749	0.109954	
0.856272	0.686936	0.768866	0.240003	0.831592	0.425389	0.499535	0.207872	0.680162	0.295615	0.57482	0.836495	0.1545	0.928585	0.391672	0.67215	0.279735	0.938903	0.135548	0.215945	
0.478053	0.0132989	0.315477	0.199252	0.599968	0.488519	0.830423	0.641817	0.976492	0.787843	0.612017	0.335695	0.251944	0.5248	0.96279	0.19979	0.607374	0.100988	0.383389	0.928852	
0.334214	0.767757	0.774685	0.800205	0.753304	0.876913	0.9759	0.50808	0.820446	0.233073	0.71102	0.773424	0.356088	0.769936	0.19244	0.157538	0.824127	0.00638454	0.53941	0.010156	
0.553543	0.603384	0.740876	0.52659	0.49235	0.0351247	0.0859393	0.331638	0.927007	0.1191	0.563706	0.0768576	0.874861	0.993432	0.509863	0.0861966	0.158175	0.689337	0.470291	0.586121	
