15	20
61.7221	0.512324
66.204	0.257594
66.9624	0.948683
68.0431	0.815661
56.4408	0.77372
59.3235	0.598725
63.2686	0.0262108
55.5632	0.640321
59.4271	0.332375
67.2807	0.26956
63.5777	0.227347
63.7377	0.0950208
60.2632	0.0364642
66.7673	0.407401
65.7075	0.702973
4.23393
14.0051
49.6314
30.0916
16.5073
42.445
48.613
36.6872
1.24303
22.6504
20.1738
31.0118
5.14927
34.0894
11.2316
32.5537
8.17388
13.4751
32.8428
44.216
0.742843	0.946914	0.476879	0.0775175	0.21998	0.460238	0.553361	0.563453	0.151139	0.0669004	0.756482	0.227149	0.572959	0.592447	0.0207532	0.199936	0.689786	0.194423	0.972878	0.30793	
0.433538	0.551355	0.793983	0.467018	0.560529	0.51629	0.562633	0.1823	0.473782	0.58178	0.679668	0.998113	0.336027	0.77413	0.570252	0.379126	0.741065	0.409467	0.342122	0.4375	
0.715531	0.766561	0.0536929	0.00813296	0.470593	0.29497	0.592553	0.931124	0.188535	0.750353	0.19861	0.930994	0.144886	0.84614	0.488799	0.522161	0.886673	0.719485	0.876437	0.207748	
0.978472	0.490922	0.657771	0.0518667	0.561581	0.455691	0.0340157	0.715374	0.0588028	0.0883152	0.844534	0.365521	0.35027	0.711997	0.162978	0.270492	0.173308	0.128361	0.647855	0.67196	
0.616872	0.826639	0.94437	0.321673	0.146214	0.710601	0.0884671	0.492865	0.572695	0.837105	0.382392	0.601184	0.112072	0.36182	0.92777	0.848286	0.708568	0.599053	0.579175	0.0453497	
0.56253	0.430135	0.232821	0.360251	0.290297	0.591657	0.791277	0.95221	0.268169	0.566623	0.314375	0.577067	0.276267	0.319255	0.895367	0.391483	0.214397	0.347574	0.58036	0.948543	
0.825042	0.348071	0.799497	0.50212	0.435656	0.351026	0.219418	0.463309	0.179139	0.167631	0.13157	0.432679	0.878077	0.73128	0.801208	0.0849024	0.385589	0.0678534	0.198532	0.514872	
0.715492	0.603593	0.586563	0.664023	0.429774	0.404427	0.0166743	0.993462	0.600984	0.480136	0.216016	0.0494765	0.493762	0.402475	0.194643	0.995042	0.0423441	0.478455	0.364052	0.969021	
0.875657	0.324326	0.307221	0.610048	0.64845	0.81415	0.822343	0.427744	0.695392	0.437573	0.544291	0.154502	0.642946	0.67039	0.144063	0.238875	0.0446772	0.377533	0.817954	0.403154	
0.309673	0.9801	0.430495	0.883997	0.781066	0.454601	0.0604673	0.170778	0.484279	0.480204	0.51964	0.266596	0.212577	0.675245	0.950401	0.131036	0.0263918	0.246453	0.187289	0.0667332	
0.0254037	0.928764	0.542403	0.373073	0.254729	0.370875	0.114234	0.0693118	0.571504	0.437568	0.141965	0.649294	0.179392	0.0902211	0.18588	0.0714627	0.852614	0.349572	0.795807	0.133004	
0.578325	0.461322	0.685235	0.411736	0.845735	0.297875	0.416141	0.00914317	0.0186355	0.129276	0.245702	0.580487	0.491537	0.692644	0.684541	0.270754	0.459367	0.366041	0.419522	0.292874	
0.380997	0.269355	0.319819	0.570228	0.215342	0.167114	0.891235	0.991821	0.343806	0.0930822	0.0608937	0.313826	0.392546	0.384416	0.0934154	0.116461	0.562711	0.201695	0.955225	0.50725	
0.168637	0.0797405	0.993957	0.280159	0.0832751	0.149356	0.118883	0.0444703	0.212783	0.0749005	0.343081	0.242982	0.0578617	0.679914	0.429165	0.416608	0.730818	0.543067	0.138051	0.161847	
0.935685	0.100543	0.93713	0.784384	0.669589	0.678854	0.744702	0.920795	0.658474	0.497563	0.639431	0.550254	0.631411	0.756841	0.252828	0.807835	0.453634	0.44145	0.204312	0.660528	
