10	40
41.8621	0.0195592
50.9829	0.422742
50.577	0.670333
50.3637	0.389343
46.0953	0.66449
49.4693	0.389083
44.5215	0.616794
50.293	0.783535
42.0526	0.903829
42.0168	0.758192
18.4273
35.2616
46.0385
18.3619
31.2029
20.0173
26.5835
45.1627
49.589
28.268
47.3208
48.201
26.3772
49.1977
42.0095
1.48536
15.6004
16.2371
37.8102
4.49543
26.5216
5.84423
13.673
3.13452
7.11554
28.7102
31.343
36.436
7.43555
11.4911
28.1031
41.7495
42.9695
29.9787
44.6752
25.0365
14.0426
4.2749
30.903
43.9119
0.362047	0.385859	0.881383	0.272639	0.623551	0.0216956	0.270214	0.383827	0.704742	0.366418	0.510123	0.0317501	0.924232	0.941209	0.334732	0.0589923	0.290033	0.0821584	0.472758	0.227693	0.931539	0.791882	0.50602	0.746137	0.593928	0.713688	0.959906	0.261557	0.0744853	0.788416	0.331373	0.399062	0.19365	0.956198	0.0824746	0.663676	0.799398	0.533769	0.992467	0.889549	
0.650728	0.40746	0.73099	0.610249	0.685427	0.973305	0.564594	0.103167	0.225661	0.0686729	0.797872	0.926958	0.37104	0.774476	0.885911	0.190602	0.926651	0.59705	0.963843	0.621456	0.0893466	0.285623	0.82371	0.436529	0.292716	0.346088	0.0862301	0.573677	0.312424	0.599673	0.403185	0.194299	0.971104	0.226934	0.845763	0.624095	0.696293	0.599797	0.691392	0.983993	
0.00994583	0.759251	0.677573	0.114201	0.628002	0.809383	0.35245	0.196092	0.208965	0.763161	0.294687	0.979238	0.0657288	0.185274	0.976192	0.676534	0.850231	0.170935	0.559187	0.0300908	0.923885	0.328263	0.886183	0.841713	0.845047	0.0923205	0.00867307	0.203727	0.332746	0.866294	0.00870259	0.0305997	0.751358	0.0562688	0.237168	0.520938	0.626713	0.451857	0.17462	0.151008	
0.47775	0.0738762	0.0429859	0.438326	0.901276	0.00373743	0.849516	0.273573	0.579473	0.254482	0.554267	0.952409	0.703752	0.60783	0.612521	0.959235	0.8416	0.515857	0.0756081	0.0514946	0.143031	0.0608316	0.121465	0.0677921	0.934415	0.848156	0.238548	0.581951	0.300427	0.158224	0.778566	0.759726	0.985618	0.363874	0.566877	0.00340178	0.650505	0.256697	0.731779	0.700783	
0.520751	0.568939	0.833345	0.49831	0.784526	0.992644	0.745684	0.708858	0.175666	0.787789	0.419236	0.353096	0.25206	0.555281	0.57698	0.367502	0.648677	0.0905354	0.0802753	0.242836	0.290931	0.156199	0.909585	0.709789	0.886238	0.824634	0.12354	0.835015	0.757906	0.0186167	0.0164	0.175905	0.701383	0.00998906	0.0520471	0.0579877	0.896154	0.899614	0.152757	0.288451	
0.372929	0.281785	0.926904	0.603881	0.0830801	0.0547101	0.886168	0.118328	0.845679	0.655132	0.941625	0.694782	0.686685	0.439594	0.293753	0.192595	0.816042	0.70022	0.964051	0.57794	0.547341	0.236278	0.691841	0.761238	0.415151	0.327123	0.24959	0.021114	0.326348	0.934781	0.658655	0.349427	0.615038	0.534791	0.203457	0.380555	0.494533	0.430932	0.273204	0.754453	
0.77407	0.859334	0.248249	0.820027	0.786696	0.0713033	0.194255	0.918886	0.553024	0.876749	0.435492	0.560773	0.232331	0.566613	0.035852	0.51659	0.733141	0.683413	0.0917882	0.0218747	0.67968	0.273317	0.954252	0.77307	0.329584	0.456881	0.493377	0.0295919	0.702736	0.963194	0.892534	0.95164	0.0875705	0.610232	0.328305	0.460393	0.79254	0.635008	0.931272	0.156951	
0.632122	0.601567	0.381276	0.695933	0.666736	0.179005	0.696946	0.633323	0.720674	0.963982	0.83153	0.297828	0.477351	0.397907	0.383944	0.642325	0.804896	0.695204	0.707209	0.705225	0.408454	0.557192	0.657119	0.370136	0.403273	0.450283	0.546562	0.837601	0.253018	0.804713	0.962103	0.935635	0.746633	0.994089	0.392867	0.270896	0.711926	0.897499	0.153941	0.986233	
0.732724	0.0940259	0.608059	0.887734	0.167735	0.452277	0.880895	0.817732	0.167817	0.894737	0.370396	0.804747	0.333972	0.368349	0.832736	0.757984	0.569367	0.481403	0.995498	0.65355	0.604238	0.270371	0.647299	0.599451	0.367838	0.654278	0.569736	0.798998	0.48454	0.778145	0.462175	0.0057077	0.619158	0.924497	0.804684	0.200793	0.374396	0.470026	0.136256	0.777066	
0.256143	0.170606	0.991771	0.121885	0.997333	0.20769	0.616598	0.892912	0.65283	0.727725	0.950469	0.423598	0.396629	0.308218	0.26298	0.932036	0.514232	0.984637	0.927164	0.0459016	0.924072	0.131108	0.820319	0.389992	0.437439	0.109558	0.13501	0.2862	0.775408	0.0589606	0.499516	0.965958	0.140116	0.146577	0.616852	0.379052	0.974868	0.42848	0.552817	0.539102	
