15	20
64.2079	0.823658
74.7704	0.334101
62.3917	0.19097
63.5276	0.201915
63.6176	0.968651
64.7914	0.956888
72.3062	0.00845965
74.462	0.750427
68.3834	0.690388
63.1923	0.50938
68.1077	0.817545
61.3769	0.418387
61.0618	0.627493
61.5963	0.564849
65.8505	0.978079
48.7207
24.7149
12.755
17.2158
32.4447
21.1225
42.9733
4.0716
41.1559
45.2401
26.6296
45.398
43.0697
7.32282
36.561
23.9164
48.2236
23.1865
12.1716
28.8378
0.322162	0.0235484	0.196647	0.449773	0.217311	0.883881	0.742896	0.0125226	0.384103	0.557939	0.733795	0.247177	0.586227	0.854816	0.0069887	0.60575	0.795504	0.91531	0.527163	0.690175	
0.959324	0.801851	0.570048	0.1033	0.711721	0.59283	0.451942	0.188289	0.317608	0.787035	0.547907	0.293177	0.36935	0.214753	0.132663	0.433603	0.555684	0.908593	0.163812	0.182197	
0.49506	0.919614	0.746687	0.235747	0.900939	0.496563	0.0457453	0.884726	0.267482	0.954494	0.0913496	0.499643	0.374888	0.940606	0.394279	0.856039	0.0845109	0.977444	0.0905393	0.832934	
0.599907	0.276086	0.265711	0.0331407	0.691244	0.312088	0.167856	0.560139	0.446883	0.923931	0.117555	0.745356	0.753508	0.607486	0.758783	0.0551045	0.59982	0.446234	0.600542	0.857042	
0.722002	0.972158	0.333044	0.95569	0.497872	0.367357	0.905765	0.902655	0.89818	0.850082	0.777134	0.285681	0.272168	0.653967	0.302889	0.81512	0.723988	0.12711	0.977347	0.299633	
0.472169	0.413784	0.372546	0.00186443	0.599048	0.973455	0.361201	0.803284	0.0348462	0.357247	0.0139168	0.829494	0.395998	0.891669	0.209654	0.578601	0.968025	0.400442	0.292582	0.572468	
0.459258	0.228481	0.71994	0.0913068	0.0286255	0.454329	0.322156	0.0441766	0.690403	0.715596	0.294823	0.0522334	0.935529	0.447021	0.00321731	0.492077	0.382065	0.157367	0.375652	0.595589	
0.0252176	0.0333026	0.73576	0.721422	0.0584569	0.719674	0.626657	0.44865	0.926035	0.0988916	0.267291	0.810771	0.973786	0.467116	0.646166	0.120794	0.207534	0.509093	0.647291	0.436506	
0.522651	0.987071	0.276348	0.767561	0.233447	0.0132551	0.27992	0.44005	0.297139	0.683972	0.677307	0.722929	0.349143	0.35146	0.577174	0.272822	0.830295	0.300242	0.86173	0.548479	
0.870934	0.972359	0.85293	0.617003	0.606812	0.650348	0.923667	0.636785	0.591657	0.580103	0.549265	0.469817	0.192528	0.802594	0.355918	0.115157	0.514547	0.0631373	0.098782	0.922033	
0.0203575	0.591101	0.140116	0.650964	0.853826	0.29865	0.709576	0.371004	0.155456	0.469633	0.542029	0.348971	0.488926	0.29892	0.0869892	0.57343	0.215178	0.0885875	0.622409	0.179299	
0.947909	0.225317	0.986863	0.0961909	0.193346	0.996647	0.497016	0.379709	0.542602	0.442007	0.454078	0.858941	0.192051	0.465958	0.119607	0.79725	0.589853	0.68513	0.373425	0.783664	
0.533413	0.654054	0.0953594	0.833291	0.763486	0.1996	0.149545	0.617886	0.824728	0.987251	0.0903629	0.422315	0.845161	0.411556	0.940091	0.20025	0.960942	0.389323	0.00133396	0.815502	
0.258465	0.541463	0.135992	0.357272	0.502772	0.371857	0.393418	0.886806	0.287471	0.975245	0.995142	0.747746	0.825086	0.681984	0.678328	0.941105	0.661068	0.484125	0.298403	0.67214	
0.173846	0.42292	0.819675	0.556277	0.432666	0.383564	0.781185	0.89964	0.246764	0.960892	0.298396	0.0768749	0.0296878	0.112867	0.501923	0.19774	0.931805	0.591034	0.178539	0.664379	
