20	30
83.0646	0.744545
83.3978	0.220335
94.1858	0.603209
90.4644	0.0361901
79.8612	0.482379
91.6938	0.414487
81.0653	0.143783
91.7082	0.00492159
84.6376	0.865014
77.1045	0.713764
83.3923	0.373724
95.2669	0.351216
89.7617	0.456923
94.3805	0.911301
92.7512	0.326268
84.3359	0.490858
91.3381	0.377551
81.9313	0.403938
81.1429	0.305857
85.0636	0.672219
2.59148
16.2072
10.4036
25.0714
44.8736
6.98473
32.4668
2.60849
24.2334
37.9514
43.0525
20.1091
37.5256
19.7707
16.6966
27.6929
35.6053
43.9463
18.2663
40.7196
1.09084
37.3223
49.5669
7.70127
7.39418
25.0116
6.1887
48.6259
47.7681
35.6382
0.60279	0.0499641	0.843751	0.470252	0.525533	0.40538	0.975839	0.516379	0.310717	0.734716	0.0728262	0.0737565	0.313948	0.884904	0.294946	0.0813004	0.228095	0.947995	0.122427	0.978681	0.156525	0.36678	0.104257	0.776235	0.140915	0.102061	0.693163	0.284641	0.154929	0.64103	
0.539376	0.502683	0.628833	0.425361	0.23393	0.625899	0.328138	0.90825	0.777316	0.114313	0.695751	0.793228	0.119766	0.555934	0.336635	0.893781	0.392631	0.631297	0.287263	0.677601	0.330466	0.225833	0.985662	0.627737	0.0625175	0.481284	0.700926	0.0410606	0.676229	0.981414	
0.744449	0.891155	0.216852	0.422709	0.782476	0.021289	0.172791	0.451044	0.864447	0.259802	0.746088	0.585191	0.667324	0.640579	0.812487	0.831335	0.0499293	0.822767	0.850238	0.182698	0.0308816	0.0269813	0.531527	0.118959	0.557417	0.333269	0.975902	0.623515	0.736553	0.986408	
0.654111	0.722603	0.135664	0.574666	0.39094	0.615712	0.262707	0.211904	0.83372	0.245532	0.537813	0.697461	0.292842	0.703097	0.976302	0.381623	0.761568	0.975989	0.167312	0.934562	0.352948	0.0597458	0.0117603	0.726017	0.185983	0.476671	0.244439	0.620848	0.0873448	0.645335	
0.373043	0.26106	0.445829	0.130589	0.0856581	0.0624594	0.299554	0.400572	0.241887	0.200255	0.381472	0.509079	0.647314	0.502888	0.560004	0.814059	0.231208	0.769668	0.015303	0.422661	0.165603	0.887749	0.930211	0.559853	0.296147	0.587281	0.114372	0.171421	0.167556	0.971294	
0.959432	0.269407	0.298748	0.483963	0.19985	0.48531	0.873123	0.87305	0.0724373	0.336734	0.584842	0.728747	0.831061	0.42311	0.434814	0.277062	0.447881	0.903732	0.0226728	0.316879	0.930427	0.424633	0.527404	0.67098	0.563823	0.231272	0.0716409	0.276663	0.405827	0.924694	
0.377678	0.737755	0.0125802	0.489147	0.00621121	0.395304	0.746898	0.601384	0.766446	0.621249	0.898932	0.221588	0.307607	0.51575	0.963659	0.140052	0.0646977	0.423665	0.616981	0.0258879	0.913016	0.229531	0.645304	0.689903	0.838059	0.642878	0.70062	0.952223	0.221484	0.834844	
0.772967	0.799889	0.682188	0.674173	0.835497	0.510283	0.202815	0.782761	0.371458	0.473228	0.130811	0.807834	0.814817	0.914037	0.0909481	0.237682	0.446471	0.646493	0.269257	0.175553	0.830976	0.181222	0.823593	0.0534146	0.160812	0.746742	0.121285	0.627531	0.300838	0.296309	
0.099865	0.506977	0.736122	0.953716	0.985695	0.021529	0.130879	0.715366	0.266997	0.906983	0.475188	0.666001	0.438602	0.57652	0.967793	0.310976	0.594601	0.681266	0.889226	0.935861	0.270508	0.957331	0.236283	0.248243	0.236254	0.808282	0.389958	0.0176887	0.528494	0.963643	
0.664805	0.287224	0.0413215	0.685892	0.88081	0.352993	0.0961248	0.871348	0.735439	0.694409	0.191719	0.161747	0.2393	0.181707	0.610295	0.885958	0.0571926	0.987373	0.85137	0.0809658	0.0531181	0.633043	0.58963	0.941957	0.864984	0.614336	0.506806	0.211372	0.78612	0.218811	
0.332962	0.681401	0.841402	0.937409	0.314302	0.296853	0.234286	0.0057966	0.849589	0.000776848	0.574667	0.765529	0.0679642	0.405047	0.436704	0.911913	0.273639	0.24238	0.171325	0.572509	0.936903	0.249844	0.57212	0.275584	0.764792	0.60162	0.412596	0.433712	0.230886	0.261285	
0.0727128	0.549689	0.521547	0.756572	0.740412	0.913784	0.517165	0.578243	0.970219	0.354959	0.142041	0.0894575	0.367085	0.425696	0.230081	0.862323	0.949764	0.315729	0.632324	0.372197	0.516827	0.888279	0.620552	0.134622	0.350897	0.0777143	0.0978846	0.220272	0.255926	0.624975	
0.0580095	0.0551369	0.429757	0.639705	0.408664	0.129809	0.24821	0.46789	0.654601	0.520647	0.599433	0.547227	0.69745	0.274655	0.798029	0.0981212	0.87231	0.984276	0.952872	0.260164	0.320726	0.795173	0.34218	0.126574	0.0613392	0.846622	0.504317	0.944374	0.464221	0.0683236	
0.484336	0.337219	0.0970378	0.847588	0.825825	0.471788	0.858081	0.0449178	0.0513756	0.792755	0.88318	0.907302	0.0596983	0.183795	0.0291263	0.645842	0.87757	0.0742012	0.0758699	0.404562	0.477684	0.695771	0.0992571	0.446167	0.382819	0.141965	0.00552109	0.58342	0.73452	0.493998	
0.441624	0.253662	0.132628	0.329191	0.206098	0.958963	0.637594	0.274167	0.326455	0.5278	0.660486	0.301804	0.0716143	0.143617	0.0288022	0.105295	0.669047	0.427178	0.213015	0.120865	0.591503	0.505938	0.248362	0.966142	0.225928	0.91248	0.581538	0.567875	0.963084	0.0652484	
0.42338	0.0806169	0.849135	0.522456	0.902758	0.151324	0.879405	0.173806	0.185309	0.621181	0.608132	0.200904	0.246911	0.225415	0.344392	0.420952	0.307894	0.541069	0.954505	0.603181	0.625828	0.455444	0.644509	0.60707	0.973406	0.0437099	0.924823	0.42444	0.0194881	0.204472	
0.418403	0.184551	0.779036	0.838478	0.485	0.281414	0.556457	0.897224	0.434346	0.383998	0.862855	0.181622	0.688207	0.00579225	0.228324	0.331001	0.627726	0.257474	0.920735	0.827137	0.582073	0.21387	0.124847	0.395851	0.0889586	0.42771	0.170551	0.115934	0.0621999	0.588656	
0.865207	0.54765	0.262658	0.192962	0.668616	0.728182	0.292604	0.379577	0.939319	0.842485	0.644086	0.411568	0.62016	0.759278	0.256015	0.0947965	0.762303	0.949019	0.419016	0.555462	0.226962	0.0380616	0.36849	0.991518	0.427737	0.56716	0.395549	0.0437317	0.84619	0.789976	
0.569941	0.800046	0.0314622	0.611851	0.238952	0.146805	0.922369	0.857202	0.049998	0.166165	0.509875	0.369411	0.693508	0.46834	0.243441	0.0915108	0.534877	0.218472	0.180789	0.0742543	0.416578	0.330042	0.340207	0.251305	0.782736	0.429579	0.97105	0.24445	0.54631	0.478511	
0.0469451	0.634401	0.511541	0.594959	0.254439	0.336105	0.981946	0.238133	0.734635	0.0370145	0.306334	0.567433	0.898272	0.381607	0.396021	0.906034	0.556191	0.615741	0.196839	0.450096	0.926372	0.847641	0.88247	0.870151	0.678861	0.129745	0.0601058	0.786023	0.993062	0.841962	
