15	40
62.7825	0.739797
60.6987	0.0777005
69.1433	0.877519
60.435	0.607492
70.7817	0.217708
72.9938	0.775937
70.0897	0.960012
72.9737	0.435256
71.3812	0.928637
60.3446	0.111527
66.1394	0.107879
69.4011	0.722259
64.5603	0.0266325
64.9162	0.566986
70.9928	0.208731
42.0603
28.9303
8.46885
42.0272
44.5825
14.1056
37.9194
13.0037
9.90185
6.07254
34.0405
48.1885
43.7156
45.0416
10.2877
34.0563
16.3974
5.27447
46.2576
9.33721
24.1609
21.7619
37.2623
27.0453
21.7367
46.4918
25.0966
27.7998
30.5385
3.50752
12.5185
10.5873
3.51639
16.73
7.75707
46.3876
49.693
18.6788
18.0977
13.9882
0.568903	0.498563	0.521149	0.377313	0.939008	0.571199	0.458728	0.897151	0.854262	0.593992	0.523169	0.232978	0.423043	0.147907	0.854484	0.568796	0.96868	0.690763	0.966924	0.692459	0.295468	0.573126	0.648414	0.0286059	0.451365	0.919543	0.737419	0.367078	0.297485	0.87017	0.628977	0.626725	0.990287	0.398002	0.860613	0.36004	0.0394013	0.375977	0.054663	0.258705	
0.703961	0.0787127	0.339546	0.762066	0.886361	0.246212	0.937557	0.327274	0.400882	0.42877	0.871606	0.180079	0.293782	0.847959	0.589591	0.876991	0.235341	0.595809	0.124693	0.394281	0.273616	0.950592	0.0750033	0.674869	0.781942	0.675994	0.124381	0.798762	0.673677	0.808215	0.607562	0.521159	0.304691	0.178519	0.628689	0.701313	0.548117	0.636714	0.949081	0.0250026	
0.0422664	0.577219	0.473598	0.486009	0.358162	0.010403	0.341506	0.51478	0.691846	0.863939	0.886348	0.107225	0.168961	0.71391	0.0695571	0.600999	0.595529	0.416179	0.0133315	0.0510214	0.0032425	0.403268	0.421451	0.0649015	0.645868	0.536645	0.979367	0.917473	0.561403	0.714623	0.535363	0.128136	0.0533568	0.352356	0.315094	0.0780245	0.751053	0.75871	0.0223675	0.589117	
0.537867	0.798373	0.944632	0.017745	0.0872942	0.266304	0.366978	0.0208451	0.183805	0.0169779	0.237794	0.36731	0.40728	0.611735	0.624127	0.08631	0.825954	0.57419	0.247669	0.520344	0.583667	0.822975	0.0447281	0.929319	0.222676	0.487517	0.980387	0.0608662	0.0577793	0.406391	0.830683	0.688586	0.432393	0.196526	0.620309	0.230205	0.157068	0.211146	0.0694132	0.523585	
0.634978	0.961068	0.563316	0.487414	0.796438	0.0229705	0.49992	0.107567	0.539478	0.688806	0.103986	0.931927	0.440023	0.393656	0.688189	0.885179	0.142648	0.103958	0.0349454	0.894206	0.99322	0.0436218	0.967013	0.878651	0.931884	0.721955	0.391293	0.986188	0.7374	0.664601	0.343875	0.490893	0.510714	0.0479147	0.900962	0.190446	0.375405	0.38434	0.547756	0.190797	
0.0909256	0.00786738	0.120309	0.957025	0.542956	0.444663	0.561097	0.894452	0.468902	0.39349	0.0524331	0.618579	0.117469	0.0580603	0.00186918	0.24133	0.51345	0.35041	0.0787792	0.955531	0.84743	0.351967	0.978916	0.301054	0.282965	0.617539	0.767185	0.867725	0.0824737	0.873958	0.0111698	0.347622	0.371608	0.542302	0.799409	0.757775	0.491652	0.99684	0.426804	0.96017	
0.702367	0.984762	0.319993	0.708985	0.280609	0.778509	0.846868	0.0223403	0.565563	0.558939	0.38883	0.0318134	0.254384	0.491412	0.199031	0.756843	0.0772939	0.134568	0.253368	0.591308	0.133134	0.184534	0.64674	0.593339	0.425599	0.286091	0.437657	0.434398	0.582373	0.0494422	0.80854	0.883684	0.191963	0.599617	0.694369	0.55824	0.306713	0.480761	0.227332	0.0486137	
0.828272	0.244067	0.609512	0.980717	0.827977	0.534891	0.594445	0.349175	0.251117	0.52973	0.0945185	0.696694	0.346837	0.940512	0.411172	0.899527	0.36539	0.820252	0.307879	0.339324	0.674995	0.544234	0.149263	0.586123	0.700737	0.108944	0.727278	0.522976	0.294042	0.030388	0.652981	0.0887305	0.807094	0.715485	0.172694	0.135156	0.840833	0.277203	0.92083	0.0263001	
0.203326	0.576228	0.815871	0.0575542	0.529157	0.0681104	0.653539	0.914231	0.6901	0.675963	0.789525	0.688587	0.0979521	0.84255	0.358982	0.541314	0.0982172	0.690119	0.176166	0.156959	0.959698	0.202403	0.186169	0.862249	0.810474	0.424518	0.831443	0.774295	0.545899	0.401273	0.919394	0.835168	0.714739	0.945929	0.298638	0.883455	0.61405	0.0970147	0.478111	0.677234	
0.628777	0.49288	0.973171	0.194622	0.298142	0.510153	0.917647	0.41317	0.641732	0.995156	0.938137	0.0375811	0.579441	0.200667	0.156795	0.117932	0.14622	0.545222	0.21161	0.38348	0.810452	0.0779369	0.33911	0.252201	0.711367	0.759488	0.382392	0.33687	0.143131	0.654076	0.375961	0.937539	0.823706	0.320406	0.245245	0.904839	0.0582416	0.425457	0.7212	0.534263	
0.206368	0.76839	0.468711	0.159808	0.749484	0.746503	0.969812	0.279528	0.318549	0.15172	0.625067	0.498283	0.685408	0.198584	0.870827	0.484799	0.621799	0.55558	0.577015	0.564774	0.486261	0.439437	0.368446	0.354159	0.834568	0.938124	0.223344	0.998598	0.0308527	0.875712	0.204972	0.390309	0.263244	0.510965	0.656947	0.799475	0.20603	0.0945761	0.373091	0.212771	
0.799057	0.107041	0.964025	0.983205	0.941859	0.557503	0.832222	0.774087	0.484876	0.210795	0.0276233	0.575915	0.991319	0.174394	0.216773	0.681017	0.930361	0.626654	0.285791	0.309866	0.317484	0.823908	0.634365	0.269246	0.641907	0.804334	0.305357	0.161695	0.681382	0.692831	0.786869	0.164979	0.511117	0.511458	0.697968	0.260943	0.223155	0.387174	0.937131	0.255465	
0.0929458	0.428232	0.713748	0.405271	0.21543	0.945621	0.676338	0.0418475	0.501068	0.173139	0.53712	0.761549	0.109627	0.645875	0.412044	0.618608	0.679696	0.262992	0.488283	0.16091	0.0213354	0.819325	0.133784	0.310599	0.520136	0.789333	0.50707	0.991891	0.699078	0.713503	0.717816	0.044796	0.958247	0.206903	0.567303	0.446692	0.637416	0.222246	0.811805	0.333389	
0.637341	0.585658	0.421368	0.0506885	0.949603	0.102031	0.845533	0.517301	0.775924	0.484301	0.509831	0.675065	0.689733	0.427419	0.889289	0.188614	0.23391	0.904593	0.172753	0.905197	0.549613	0.976546	0.300452	0.395143	0.767466	0.849915	0.967323	0.666345	0.124041	0.568534	0.449516	0.700437	0.247643	0.181908	0.463249	0.433953	0.614351	0.251135	0.492527	0.15441	
0.345458	0.855142	0.964118	0.0748619	0.852322	0.60773	0.207114	0.497528	0.495604	0.306119	0.883007	0.401227	0.040762	0.295019	0.25897	0.554291	0.828019	0.495471	0.710646	0.86239	0.0519695	0.420481	0.960112	0.320543	0.806683	0.985222	0.730632	0.473024	0.0125491	0.267282	0.5474	0.728871	0.394403	0.671873	0.415684	0.0420055	0.323859	0.301369	0.716631	0.182393	
