10	30
48.5543	0.512802
44.5174	0.794766
43.929	0.316881
45.0834	0.0803972
43.4982	0.224789
46.9577	0.279497
47.692	0.218398
47.3479	0.114437
49.4223	0.739764
47.6655	0.547374
45.7682
33.6992
16.6287
21.8268
45.717
34.7138
2.08148
26.6514
22.2059
31.957
42.7705
8.26248
47.5002
4.71426
46.8469
37.0731
10.9393
8.97618
44.4029
16.6611
24.3404
43.5782
26.5944
35.0747
42.653
16.7883
29.4616
33.8895
35.7183
2.48294
0.637796	0.166768	0.0135829	0.983678	0.366321	0.551073	0.711584	0.785685	0.906656	0.213216	0.873347	0.888419	0.620509	0.533193	0.35423	0.335767	0.581732	0.926203	0.69183	0.146704	0.844408	0.583464	0.131381	0.100007	0.536606	0.623582	0.980653	0.727648	0.821319	0.410973	
0.443293	0.151096	0.790349	0.806998	0.372069	0.238263	0.678815	0.670241	0.546044	0.151943	0.391301	0.288946	0.134217	0.486621	0.317274	0.176887	0.32708	0.885592	0.406214	0.449796	0.588851	0.908026	0.720983	0.15428	0.0701401	0.0839304	0.396604	0.847049	0.119212	0.218434	
0.374619	0.367098	0.236981	0.984181	0.215445	0.8337	0.250674	0.471879	0.953931	0.55767	0.594239	0.777002	0.541487	0.412237	0.339534	0.884646	0.284635	0.423246	0.461535	0.630089	0.582039	0.0488237	0.662134	0.768733	0.45516	0.587072	0.893698	0.804045	0.249781	0.156016	
0.642445	0.806806	0.132597	0.117857	0.924739	0.0833393	0.886571	0.74466	0.631207	0.255588	0.879571	0.72866	0.687617	0.404764	0.463235	0.429714	0.377375	0.16889	0.569291	0.117376	0.440768	0.214184	0.973077	0.238614	0.421906	0.666105	0.932742	0.0343688	0.505464	0.37234	
0.118762	0.205943	0.0165716	0.309385	0.0829013	0.393207	0.345712	0.122249	0.244849	0.555492	0.653346	0.0540507	0.341982	0.0222985	0.478858	0.946583	0.065908	0.717266	0.367766	0.964767	0.703311	0.934295	0.930045	0.519545	0.193749	0.689534	0.706956	0.547121	0.969579	0.0311609	
0.207282	0.0311144	0.583601	0.144739	0.279757	0.992319	0.912312	0.698012	0.514409	0.923641	0.675944	0.344671	0.358493	0.659591	0.590348	0.228966	0.722309	0.282483	0.60778	0.525019	0.918776	0.814883	0.627929	0.586498	0.519811	0.315812	0.813843	0.349735	0.761816	0.137617	
0.117013	0.641231	0.413133	0.709444	0.737595	0.933206	0.102601	0.0256649	0.0298297	0.981235	0.112664	0.664053	0.52656	0.96593	0.860957	0.605026	0.485749	0.230285	0.742699	0.121671	0.173779	0.879537	0.383888	0.115157	0.288511	0.216333	0.636662	0.0902306	0.961164	0.476809	
0.704375	0.621106	0.404861	0.149997	0.231109	0.252966	0.141777	0.173485	0.798911	0.95166	0.247685	0.629033	0.21613	0.594827	0.399577	0.872597	0.32756	0.116529	0.117558	0.925289	0.480271	0.286431	0.682811	0.404585	0.63817	0.597793	0.377905	0.461334	0.48388	0.878703	
0.252177	0.658306	0.801977	0.541303	0.036072	0.412625	0.263727	0.928797	0.218251	0.561304	0.0506366	0.369943	0.641372	0.85613	0.906871	0.39623	0.472652	0.436061	0.625961	0.950023	0.223175	0.645641	0.684178	0.317379	0.281054	0.0774121	0.923143	0.333991	0.200502	0.773533	
0.269876	0.776661	0.0653993	0.650479	0.959034	0.762473	0.0450412	0.981392	0.30129	0.424189	0.658254	0.701954	0.835923	0.166645	0.469894	0.84212	0.65746	0.587161	0.826517	0.219065	0.0695344	0.585515	0.804427	0.799212	0.573331	0.974776	0.493964	0.788233	0.592828	0.740648	
