10	40
47.8991	0.684694
46.9859	0.419576
41.9194	0.240973
41.1512	0.816546
40.8696	0.723992
44.139	0.379901
47.6439	0.645853
43.1825	0.110279
47.0494	0.898777
40.2915	0.136413
18.5601
26.0257
29.7383
26.3893
25.3634
42.275
34.858
13.6715
28.6197
44.3521
29.7379
45.7638
37.841
15.1642
19.523
30.9216
2.94449
45.796
9.24948
29.5264
40.7498
38.3673
16.7827
26.6531
11.138
38.4476
42.7348
13.6815
10.3091
13.4203
13.4369
45.307
2.771
39.9368
22.5769
26.9738
2.91511
36.8759
3.23172
19.3822
0.0900654	0.908845	0.584583	0.144872	0.0782062	0.903127	0.0304549	0.327125	0.381021	0.633932	0.659303	0.71813	0.591211	0.742735	0.718709	0.945521	0.869857	0.974555	0.845352	0.615025	0.818357	0.916809	0.664726	0.711161	0.619008	0.828376	0.507616	0.943283	0.863924	0.209438	0.725586	0.654745	0.177487	0.92038	0.147909	0.708024	0.400126	0.0535568	0.276127	0.0701381	
0.0771388	0.326998	0.46037	0.361151	0.456951	0.511354	0.890715	0.0805494	0.510521	0.77703	0.881777	0.187902	0.191236	0.821774	0.726193	0.641647	0.78069	0.528907	0.541286	0.754147	0.295929	0.357581	0.260851	0.0914322	0.292658	0.174403	0.666711	0.60091	0.0951147	0.00429038	0.56137	0.0266414	0.158668	0.900287	0.531371	0.210126	0.301588	0.396887	0.301248	0.475797	
0.734431	0.171581	0.945533	0.685149	0.757109	0.991388	0.328388	0.94865	0.882122	0.768075	0.041235	0.28852	0.469655	0.76429	0.232438	0.876777	0.375589	0.657956	0.853779	0.783832	0.61665	0.901672	0.887148	0.463412	0.578431	0.220606	0.779257	0.764389	0.182451	0.602847	0.190427	0.921967	0.247092	0.317052	0.725951	0.853919	0.536072	0.85253	0.313294	0.26953	
0.432016	0.971261	0.994634	0.330082	0.524454	0.0819495	0.0566369	0.468434	0.168176	0.545445	0.73824	0.873946	0.45226	0.372793	0.129506	0.118361	0.670836	0.709218	0.933313	0.424736	0.280611	0.295369	0.621312	0.611558	0.158771	0.617483	0.252831	0.532635	0.874962	0.497082	0.174927	0.470787	0.559668	0.761962	0.0605333	0.310538	0.509272	0.507412	0.146745	0.20806	
0.16463	0.237511	0.051619	0.95242	0.395663	0.0348983	0.520916	0.637038	0.781048	0.884553	0.826223	0.183097	0.747733	0.704148	0.252243	0.631484	0.106759	0.809584	0.485047	0.589788	0.334011	0.193212	0.32316	0.280355	0.169423	0.859215	0.979807	0.635255	0.647423	0.239812	0.366284	0.739626	0.357986	0.97942	0.502426	0.680383	0.114802	0.793226	0.789396	0.391863	
0.445943	0.707902	0.99224	0.982632	0.925114	0.216755	0.403552	0.936001	0.153994	0.953234	0.262299	0.0747504	0.162109	0.490921	0.359885	0.845076	0.0539793	0.540147	0.534244	0.333563	0.205923	0.343171	0.734954	0.640936	0.916937	0.266835	0.310547	0.431661	0.114648	0.468448	0.580819	0.19772	0.247942	0.881388	0.495773	0.829216	0.311648	0.198178	0.0762953	0.392545	
0.057804	0.228644	0.540315	0.0024189	0.956289	0.948722	0.309154	0.408744	0.827316	0.619834	0.380436	0.672069	0.0666362	0.530394	0.930513	0.366878	0.886585	0.320427	0.431657	0.756956	0.648588	0.672549	0.592608	0.482776	0.902327	0.0489215	0.446303	0.825165	0.489327	0.0452159	0.664519	0.523148	0.106992	0.867892	0.119043	0.765574	0.318861	0.652965	0.411023	0.907517	
0.461796	0.0283353	0.801152	0.934088	0.379319	0.595029	0.690708	0.711673	0.0377112	0.0612778	0.0232449	0.416972	0.610441	0.379298	0.103634	0.798687	0.147581	0.556056	0.667272	0.219891	0.0853274	0.983318	0.98247	0.921211	0.101065	0.0551216	0.343352	0.822818	0.142529	0.135041	0.199173	0.177691	0.191794	0.041781	0.167653	0.210329	0.196942	0.636829	0.430913	0.179784	
0.517137	0.711403	0.0680104	0.851055	0.816876	0.487744	0.790138	0.646431	0.273627	0.988352	0.720297	0.186701	0.84779	0.421408	0.124542	0.0325574	0.74947	0.015521	0.00737774	0.558722	0.757891	0.813177	0.855037	0.373555	0.597474	0.420441	0.285055	0.218076	0.0254765	0.879889	0.629799	0.78686	0.0761945	0.215793	0.471885	0.317927	0.719202	0.153138	0.839828	0.45828	
0.255996	0.970474	0.765184	0.308292	0.894713	0.0101722	0.874845	0.598769	0.2777	0.417547	0.906224	0.674312	0.174476	0.00775865	0.293546	0.364811	0.912652	0.0211273	0.198392	0.968918	0.244025	0.0588305	0.266693	0.245687	0.282136	0.176652	0.0509145	0.492837	0.983037	0.013055	0.310207	0.809402	0.225929	0.667257	0.867018	0.816779	0.500809	0.103991	0.603914	0.361443	
