10	20
39.6633	0.797909
44.6586	0.506508
44.9296	0.907964
45.2307	0.392951
48.8967	0.738358
47.3135	0.137705
46.7686	0.583122
42.2471	0.21467
42.0018	0.614576
42.2284	0.834282
1.04471
17.697
46.7718
11.1632
9.59065
47.6599
23.268
41.7927
49.6768
33.2521
44.8019
29.026
29.2172
21.288
6.49733
24.0553
21.1756
36.1231
17.1224
29.2559
0.595684	0.213651	0.178277	0.833374	0.131298	0.0184632	0.777764	0.948266	0.298923	0.162304	0.890734	0.940723	0.741296	0.497514	0.0088472	0.810856	0.893414	0.47918	0.605504	0.873149	
0.21919	0.992269	0.875933	0.320509	0.131155	0.401414	0.596888	0.438841	0.210819	0.0729052	0.440639	0.0328308	0.858728	0.318593	0.112378	0.12134	0.440202	0.238812	0.603548	0.835083	
0.0475102	0.157863	0.126802	0.749319	0.448869	0.878643	0.452069	0.0672054	0.52762	0.818776	0.274603	0.751699	0.581203	0.9002	0.548295	0.331253	0.984047	0.613281	0.012767	0.642899	
0.812476	0.0698811	0.386285	0.594129	0.0757748	0.122068	0.159105	0.917898	0.691557	0.717435	0.106309	0.446738	0.520111	0.435746	0.190374	0.173868	0.333451	0.19855	0.431048	0.844021	
0.677486	0.110749	0.32392	0.217147	0.562888	0.551332	0.587094	0.402235	0.320008	0.603445	0.566033	0.201826	0.947996	0.389428	0.860411	0.991414	0.0963229	0.733946	0.645879	0.626003	
0.388723	0.362409	0.939198	0.193419	0.781627	0.855429	0.692384	0.212004	0.9203	0.117662	0.646804	0.11472	0.966129	0.72324	0.918998	0.423223	0.167636	0.839808	0.953275	0.234972	
0.508172	0.531413	0.791	0.572443	0.585142	0.0778192	0.0200064	0.503248	0.251443	0.377854	0.164468	0.388512	0.507181	0.0212274	0.744295	0.71001	0.330513	0.567575	0.0855541	0.238147	
0.792142	0.331266	0.836242	0.374319	0.037021	0.577209	0.206251	0.882343	0.459897	0.63182	0.0907959	0.863424	0.4331	0.318007	0.851178	0.482598	0.92876	0.216374	0.171401	0.82341	
0.781752	0.596768	0.348638	0.886124	0.77995	0.283385	0.43486	0.704622	0.424504	0.456748	0.580459	0.496298	0.17417	0.0236305	0.159873	0.722009	0.113512	0.729856	0.127294	0.923848	
0.0554533	0.86419	0.755002	0.495511	0.137023	0.145138	0.948056	0.523207	0.794822	0.908723	0.94045	0.653194	0.365653	0.774999	0.690962	0.291569	0.36902	0.35618	0.429271	0.756624	
