15	30
69.7252	0.803782
68.0164	0.285341
67.936	0.24601
67.3859	0.163012
76.829	0.931363
63.5413	0.307505
65.5451	0.346595
70.7536	0.941459
71.8576	0.135528
61.9826	0.59348
71.2173	0.947021
71.0123	0.661951
66.6772	0.283926
64.6445	0.529835
66.2792	0.684776
48.3392
15.6586
8.33771
17.5976
24.5019
34.871
35.3881
45.1748
2.0816
19.5421
4.5321
44.2062
46.7802
48.2507
17.4104
30.5392
2.29415
3.17919
26.0317
14.7671
5.81191
23.5621
35.0207
44.6354
16.2836
3.44109
45.4972
9.00966
15.1257
25.1502
0.9473	0.137212	0.284061	0.779262	0.00656229	0.320591	0.871919	0.905361	0.263941	0.3452	0.871532	0.259363	0.206693	0.874149	0.368375	0.268785	0.562627	0.20328	0.982501	0.0109921	0.412697	0.776639	0.317329	0.579173	0.989451	0.280958	0.464604	0.344605	0.727939	0.22704	
0.446024	0.710595	0.365763	0.155658	0.968243	0.349097	0.269433	0.520603	0.1648	0.508326	0.838645	0.0849607	0.411445	0.936809	0.596674	0.13089	0.84337	0.239876	0.848319	0.14968	0.480993	0.0875564	0.882465	0.217241	0.592227	0.916495	0.822593	0.0689833	0.137049	0.651219	
0.0219811	0.165888	0.526552	0.379901	0.463289	0.51597	0.792998	0.587325	0.269172	0.978929	0.206953	0.207196	0.253528	0.816764	0.376689	0.958923	0.541864	0.632683	0.684033	0.874021	0.806485	0.13604	0.926519	0.918238	0.831902	0.565324	0.218987	0.519909	0.909226	0.205804	
0.241321	0.621763	0.237306	0.434667	0.923914	0.123249	0.240338	0.813874	0.643322	0.965052	0.848935	0.608147	0.619154	0.751822	0.993226	0.451175	0.881734	0.0504517	0.702335	0.763048	0.751886	0.911426	0.656685	0.913431	0.693447	0.079033	0.810419	0.548751	0.418252	0.750591	
0.129456	0.530883	0.990626	0.505741	0.413377	0.842201	0.0164133	0.261823	0.72786	0.742033	0.827631	0.609202	0.49987	0.373732	0.527562	0.093295	0.0219904	0.511594	0.287752	0.0882974	0.916465	0.412519	0.0410782	0.769576	0.816991	0.258428	0.638347	0.879576	0.876624	0.103317	
0.844539	0.998795	0.723497	0.135791	0.210473	0.345625	0.224687	0.0809527	0.0726091	0.54706	0.160046	0.58365	0.444927	0.804188	0.18091	0.127573	0.596527	0.548868	0.58207	0.955885	0.657369	0.407836	0.0925448	0.0730219	0.71503	0.421507	0.215037	0.385481	0.866652	0.735051	
0.887657	0.0825487	0.74015	0.675077	0.353369	0.704123	0.254417	0.849519	0.379121	0.459284	0.197693	0.902063	0.134604	0.780344	0.3578	0.60915	0.483075	0.696955	0.232768	0.938931	0.852552	0.997447	0.844388	0.529502	0.616193	0.551874	0.965431	0.905941	0.115806	0.602052	
0.736357	0.643605	0.877035	0.381807	0.710394	0.0245921	0.41556	0.553075	0.384741	0.90874	0.450295	0.780015	0.979556	0.142656	0.788628	0.356142	0.948072	0.343576	0.145039	0.829536	0.403202	0.389346	0.163951	0.457617	0.219003	0.732273	0.693843	0.0130695	0.560935	0.80284	
0.217925	0.788608	0.353585	0.236262	0.733385	0.0570649	0.288319	0.783807	0.692499	0.949804	0.37312	0.932063	0.873658	0.35444	0.811345	0.460384	0.45973	0.940386	0.952979	0.787611	0.155761	0.366381	0.0826804	0.196836	0.350186	0.484303	0.668555	0.773946	0.205339	0.324495	
0.936785	0.238594	0.73621	0.451934	0.413972	0.0617019	0.477671	0.04224	0.796033	0.0702569	0.400642	0.171564	0.119065	0.601861	0.144023	0.282051	0.253289	0.443478	0.675807	0.869959	0.162559	0.539311	0.418134	0.941896	0.441901	0.501553	0.673976	0.588899	0.841776	0.804168	
0.319284	0.329916	0.915994	0.774232	0.339664	0.747074	0.438305	0.176652	0.577556	0.964108	0.413553	0.292195	0.401281	0.039563	0.256434	0.346876	0.121725	0.951349	0.781029	0.82297	0.42803	0.413333	0.967156	0.163767	0.517444	0.628163	0.990695	0.575805	0.922764	0.943254	
0.108665	0.238366	0.84002	0.379544	0.191524	0.274491	0.590125	0.521299	0.00591005	0.400396	0.495881	0.249503	0.324135	0.165744	0.554526	0.0722854	0.426949	0.929423	0.808867	0.712182	0.984726	0.260067	0.407806	0.927423	0.293826	0.513521	0.283991	0.170625	0.706663	0.459031	
0.237	0.758834	0.180585	0.550839	0.42324	0.0547915	0.0126762	0.0928937	0.691891	0.644089	0.970468	0.859004	0.0795426	0.203629	0.170335	0.000514724	0.270387	0.806143	0.246434	0.887392	0.402896	0.778348	0.239737	0.677113	0.667698	0.0385297	0.887006	0.582412	0.682403	0.157433	
0.876258	0.450035	0.874374	0.0243971	0.212972	0.183792	0.511614	0.739523	0.99834	0.464581	0.910602	0.0649415	0.839364	0.162226	0.667153	0.322388	0.723037	0.347546	0.310221	0.208755	0.651145	0.0128738	0.910673	0.682902	0.495986	0.221014	0.464053	0.10418	0.559365	0.556387	
0.442766	0.484371	0.401671	0.782535	0.566927	0.923345	0.672749	0.544751	0.419288	0.646984	0.231855	0.619799	0.73833	0.529869	0.842803	0.920767	0.621331	0.360858	0.400146	0.206704	0.678702	0.0781523	0.907594	0.913295	0.919011	0.311313	0.850204	0.646836	0.981412	0.937601	
