15	20
70.6859	0.516577
59.3665	0.523972
65.6175	0.618696
62.6413	0.582198
67.0892	0.698653
69.2952	0.862757
71.1702	0.030905
69.0381	0.627106
63.1398	0.779954
60.2677	0.870732
63.2765	0.949235
64.0388	0.562438
69.5714	0.633786
62.4617	0.440996
63.5958	0.936169
4.58517
42.5652
25.6448
29.5211
48.9134
13.5613
7.34708
39.9148
43.761
27.3531
13.9878
22.7891
36.9471
32.2877
27.6764
23.387
44.9781
30.1834
43.3657
7.90532
0.510864	0.664259	0.842956	0.250518	0.550667	0.707125	0.643251	0.935665	0.150035	0.0266257	0.0520497	0.444796	0.566402	0.140787	0.18808	0.968196	0.862767	0.813195	0.678014	0.550817	
0.919736	0.688192	0.397936	0.102189	0.184079	0.199934	0.0445978	0.454488	0.0801544	0.157552	0.719252	0.774962	0.0177904	0.834929	0.566777	0.207299	0.584574	0.226764	0.129693	0.239901	
0.994345	0.99619	0.615941	0.270701	0.362117	0.818242	0.80986	0.793632	0.946463	0.194795	0.0099988	0.0419185	0.87026	0.192999	0.130178	0.138302	0.511863	0.891403	0.920569	0.548454	
0.645149	0.699901	0.359533	0.807529	0.641509	0.023553	0.424908	0.820229	0.379883	0.150344	0.199825	0.826526	0.918996	0.563637	0.512321	0.745666	0.344333	0.203149	0.518331	0.893822	
0.769494	0.570078	0.60797	0.872056	0.131941	0.500313	0.103491	0.712785	0.929439	0.421617	0.923361	0.511806	0.14384	0.556926	0.451747	0.75366	0.250516	0.398386	0.167118	0.48446	
0.0770226	0.601084	0.343816	0.949573	0.15993	0.454217	0.45075	0.354562	0.504706	0.93949	0.178219	0.781042	0.525201	0.191445	0.805655	0.649849	0.290954	0.552852	0.109001	0.78504	
0.727927	0.843929	0.213274	0.791264	0.382833	0.000774078	0.599978	0.0881941	0.325465	0.00196543	0.586145	0.164705	0.75671	0.521814	0.839058	0.606336	0.993673	0.858176	0.424834	0.8172	
0.518733	0.69151	0.0327901	0.320579	0.630224	0.980335	0.23618	0.998152	0.081828	0.476355	0.477052	0.532621	0.498294	0.0111929	0.176666	0.384658	0.771159	0.0717729	0.483143	0.858559	
0.839965	0.981339	0.866701	0.545925	0.199706	0.0621727	0.188864	0.601268	0.763017	0.610881	0.122703	0.691981	0.922501	0.901442	0.233798	0.595107	0.00893442	0.154187	0.353193	0.439942	
0.484184	0.373638	0.290093	0.299451	0.538458	0.204486	0.975057	0.0506201	0.133161	0.365011	0.504301	0.122596	0.700424	0.078796	0.306532	0.454633	0.579491	0.149124	0.791791	0.947309	
0.593054	0.672241	0.120689	0.953776	0.941838	0.257296	0.347849	0.000276471	0.367583	0.383248	0.836481	0.347907	0.0549015	0.329258	0.274591	0.812308	0.42807	0.0189249	0.43177	0.0508377	
0.792465	0.548443	0.44828	0.159605	0.912579	0.885229	0.246143	0.60702	0.334258	0.885573	0.399615	0.163746	0.619056	0.190352	0.1507	0.314837	0.254515	0.12715	0.577451	0.955743	
0.459566	0.318563	0.0646283	0.788171	0.987822	0.882568	0.159749	0.801379	0.939337	0.00879241	0.309636	0.0738121	0.0107299	0.168768	0.952595	0.303097	0.186768	0.341876	0.502778	0.529253	
0.188522	0.841198	0.336328	0.105789	0.023012	0.931889	0.424489	0.836128	0.813088	0.0303161	0.702374	0.778158	0.0543993	0.148825	0.181394	0.851495	0.752907	0.629513	0.0703967	0.117562	
0.0230807	0.412049	0.416146	0.0982813	0.639645	0.85182	0.66951	0.681856	0.06004	0.275964	0.605354	0.890854	0.478797	0.724856	0.362832	0.583554	0.903897	0.591879	0.700806	0.41198	
