15	20
69.268	0.658751
72.934	0.287421
64.0938	0.269834
69.4138	0.473523
67.2162	0.401322
65.3407	0.971808
69.7517	0.456106
60.3819	0.684768
69.2692	0.205884
69.7095	0.80118
64.0121	0.501558
65.242	0.629776
58.8611	0.310593
70.9629	0.0905558
72.2465	0.702228
30.4319
23.9185
44.1605
20.0609
3.40436
4.00378
15.6477
42.4099
20.4441
24.1078
42.8001
23.3698
47.2565
16.3298
10.2919
10.4892
13.5799
22.6186
19.0014
20.4993
0.537637	0.730618	0.0507945	0.236376	0.227714	0.643013	0.161125	0.0743381	0.608596	0.259039	0.797871	0.964355	0.168894	0.764458	0.994689	0.674169	0.0353153	0.826532	0.545064	0.0838018	
0.759486	0.170301	0.227335	0.862734	0.34553	0.418523	0.865626	0.793084	0.161209	0.45316	0.249159	0.603378	0.0704383	0.295978	0.304939	0.658411	0.0786272	0.566233	0.263695	0.742575	
0.257771	0.655159	0.226312	0.81451	0.798998	0.222392	0.943027	0.22675	0.228339	0.223622	0.790415	0.563414	0.908093	0.668319	0.915123	0.70445	0.0498516	0.0425641	0.83932	0.776627	
0.0091187	0.185671	0.121884	0.270396	0.838518	0.0238684	0.0622852	0.950276	0.707089	0.234932	0.894839	0.427864	0.705676	0.771078	0.168836	0.875426	0.137579	0.750261	0.0938444	0.690604	
0.317394	0.435322	0.0306246	0.0068856	0.82197	0.0513549	0.295705	0.540584	0.612468	0.0344126	0.632992	0.855974	0.29446	0.273692	0.562502	0.922232	0.695826	0.462314	0.47638	0.120578	
0.146739	0.45718	0.716677	0.257989	0.630281	0.522172	0.466088	0.659638	0.464911	0.501403	0.288546	0.703887	0.396294	0.36618	0.286758	0.353076	0.842404	0.983153	0.508605	0.773259	
0.0442798	0.521155	0.0020863	0.702862	0.688563	0.736793	0.961867	0.253892	0.154744	0.557356	0.77294	0.124453	0.212689	0.788285	0.828255	0.851854	0.242957	0.859357	0.917533	0.483469	
0.0418526	0.503393	0.0332225	0.16953	0.894453	0.700093	0.201301	0.799517	0.714163	0.0966537	0.201282	0.614202	0.12904	0.414836	0.366539	0.771316	0.136535	0.545727	0.383173	0.708238	
0.596702	0.0114418	0.607079	0.486009	0.101632	0.092659	0.556033	0.108144	0.805178	0.924086	0.542493	0.901761	0.571911	0.832729	0.551829	0.261234	0.0513716	0.208845	0.662917	0.38008	
0.343713	0.558857	0.406724	0.061066	0.152624	0.311052	0.330826	0.823353	0.656598	0.380533	0.906233	0.862144	0.654288	0.424356	0.859156	0.798615	0.798795	0.411944	0.0203619	0.781383	
0.700656	0.640442	0.187327	0.385317	0.138718	0.222624	0.331298	0.980062	0.391227	0.257739	0.39728	0.530126	0.813238	0.987403	0.92957	0.0116177	0.689228	0.287705	0.127664	0.68343	
0.199764	0.536829	0.825632	0.543194	0.43642	0.233069	0.623087	0.892094	0.801042	0.276909	0.44339	0.828751	0.312959	0.196336	0.637858	0.731904	0.0114799	0.343899	0.281455	0.692514	
0.39658	0.883005	0.472671	0.510006	0.515756	0.30263	0.746833	0.243343	0.287472	0.121704	0.35441	0.936829	0.531982	0.190997	0.791097	0.889018	0.466273	0.700146	0.912611	0.849366	
0.696051	0.830945	0.142386	0.487696	0.72992	0.956523	0.681008	0.491848	0.470817	0.270254	0.987029	0.564781	0.343503	0.00302792	0.193347	0.759549	0.461178	0.859766	0.616233	0.785942	
0.609948	0.120107	0.82764	0.737896	0.489453	0.0584622	0.684272	0.203796	0.533202	0.792345	0.108152	0.0279721	0.240936	0.0489746	0.738657	0.441676	0.29213	0.895357	0.7666	0.121061	
