15	40
69.782	0.51176
62.0421	0.436135
62.1968	0.992437
70.4517	0.903103
62.259	0.135784
73.2007	0.85408
70.4194	0.281434
65.2611	0.788256
60.5815	0.415538
72.4741	0.797423
66.0709	0.183099
69.3245	0.339933
71.6958	0.894073
68.3073	0.218651
63.5087	0.977074
49.2784
3.39738
21.535
13.6205
16.8862
42.6467
39.9084
8.10042
37.2506
34.093
44.6097
9.85689
23.9181
18.7516
19.9869
38.8526
14.4092
41.9442
3.70474
5.20909
13.3203
27.7716
24.7547
37.7639
30.0666
10.1879
40.7245
33.4824
34.2445
24.6564
35.6866
12.7504
49.7522
20.8411
29.8111
9.06323
15.7809
35.1002
30.5748
1.77748
0.278494	0.296296	0.423101	0.963	0.481355	0.846047	0.545685	0.772338	0.00887871	0.144197	0.406864	0.771169	0.154249	0.103911	0.844653	0.268159	0.378967	0.111045	0.612832	0.762817	0.113152	0.791767	0.621747	0.68725	0.96692	0.675152	0.301108	0.580797	0.502294	0.433548	0.669311	0.135716	0.0524687	0.821902	0.818442	0.800549	0.931221	0.932341	0.909152	0.222805	
0.756577	0.667196	0.249705	0.742723	0.494304	0.823762	0.200109	0.438489	0.858596	0.345029	0.182998	0.0470605	0.667705	0.623909	0.0651511	0.389049	0.0299982	0.42894	0.368408	0.495103	0.568483	0.681562	0.705413	0.122692	0.428346	0.77568	0.587797	0.395782	0.269804	0.625277	0.971798	0.231651	0.606837	0.610689	0.7921	0.808981	0.586472	0.0729118	0.958886	0.478183	
0.747182	0.0213672	0.729844	0.540711	0.314119	0.50805	0.534649	0.137241	0.0670498	0.430012	0.40145	0.177315	0.0657315	0.111637	0.537388	0.194262	0.701679	0.0451819	0.372196	0.422106	0.644384	0.0497498	0.743133	0.781588	0.797073	0.0462054	0.130607	0.457454	0.541036	0.575736	0.850747	0.318137	0.176503	0.495006	0.960972	0.676139	0.101177	0.981835	0.603497	0.51764	
0.242062	0.432459	0.593227	0.812284	0.38321	0.0666383	0.420633	0.505164	0.398361	0.310118	0.850304	0.644639	0.146538	0.0136461	0.665319	0.766426	0.15701	0.453509	0.747695	0.602922	0.479348	0.812892	0.978179	0.500152	0.344664	0.571537	0.722563	0.269697	0.987437	0.972061	0.864724	0.836221	0.807728	0.419362	0.0608056	0.234344	0.411525	0.293436	0.411702	0.659409	
0.475242	0.786689	0.10004	0.743848	0.690672	0.741715	0.642214	0.684291	0.247049	0.12115	0.205273	0.596517	0.806586	0.24321	0.921824	0.319896	0.159173	0.119056	0.166645	0.136703	0.817758	0.82455	0.163788	0.311851	0.0798899	0.692673	0.944338	0.393405	0.357897	0.336295	0.756738	0.399986	0.955149	0.185647	0.422069	0.482608	0.308355	0.844862	0.978928	0.457927	
0.40555	0.639899	0.959333	0.959979	0.601778	0.408217	0.957738	0.220754	0.599587	0.05461	0.415559	0.749735	0.483004	0.472707	0.939665	0.871309	0.623577	0.773368	0.531988	0.486889	0.177989	0.955032	0.0580234	0.548322	0.405465	0.66963	0.480264	0.769564	0.488887	0.221409	0.883795	0.594844	0.706799	0.955666	0.618212	0.136575	0.560651	0.773088	0.742277	0.430927	
0.309942	0.272311	0.354691	0.513006	0.690776	0.390017	0.7748	0.992208	0.00702063	0.0814029	0.985808	0.219064	0.167769	0.750635	0.994685	0.471674	0.850177	0.574071	0.684948	0.510749	0.789346	0.124189	0.582149	0.11987	0.0279924	0.0741753	0.131221	0.111223	0.393498	0.803224	0.8899	0.669887	0.975237	0.470019	0.134396	0.903459	0.931386	0.0440028	0.306576	0.841244	
0.596887	0.268316	0.907368	0.737475	0.146257	0.169589	0.691144	0.0782733	0.59908	0.955548	0.47881	0.32436	0.848537	0.663217	0.298336	0.911902	0.975316	0.298117	0.0145408	0.475839	0.514704	0.692385	0.306913	0.0701408	0.534049	0.856744	0.260006	0.471282	0.297138	0.176675	0.7955	0.708936	0.303951	0.85481	0.675394	0.749469	0.148631	0.558848	0.0871065	0.425989	
0.604606	0.225632	0.75181	0.293647	0.0240443	0.385092	0.712766	0.073558	0.838476	0.0273351	0.234719	0.726499	0.949886	0.671883	0.271459	0.196682	0.607292	0.63017	0.447684	0.30185	0.849024	0.612699	0.20286	0.0256037	0.0930962	0.480085	0.349639	0.000479933	0.985706	0.246867	0.518004	0.138489	0.776499	0.249031	0.255351	0.537019	0.646822	0.0778476	0.27508	0.0659159	
0.695281	0.625916	0.396884	0.822403	0.889221	0.41378	0.213891	0.447504	0.489758	0.100283	0.19387	0.409546	0.375189	0.18279	0.230441	0.96781	0.882444	0.271321	0.370963	0.225661	0.491699	0.30973	0.289921	0.502643	0.634694	0.808845	0.34834	0.981355	0.203623	0.599876	0.51319	0.648235	0.727345	0.165815	0.185813	0.945001	0.0703178	0.976153	0.267979	0.381478	
0.928509	0.701021	0.157447	0.734282	0.593802	0.0685111	0.989402	0.687755	0.905099	0.637451	0.422039	0.644502	0.644169	0.394783	0.175518	0.39431	0.0182702	0.560302	0.463572	0.990444	0.139575	0.0846738	0.138933	0.377362	0.0909358	0.95244	0.902874	0.909556	0.140772	0.885594	0.497032	0.583401	0.189362	0.734373	0.21248	0.645279	0.493092	0.481575	0.58212	0.0121405	
0.72333	0.47773	0.885505	0.240515	0.0640156	0.889605	0.277062	0.263417	0.451569	0.853413	0.217393	0.978246	0.918918	0.273879	0.452864	0.870246	0.83042	0.509698	0.633286	0.402821	0.973273	0.87441	0.00296838	0.0162949	0.623018	0.746178	0.505831	0.662291	0.655214	0.017141	0.0454067	0.834448	0.318978	0.479784	0.608507	0.215263	0.757163	0.137079	0.318507	0.617174	
0.338449	0.12991	0.0985365	0.763549	0.52089	0.145623	0.929319	0.0782981	0.708077	0.797354	0.328496	0.346098	0.511695	0.485101	0.512338	0.0144689	0.527312	0.97163	0.945341	0.0284362	0.710068	0.456621	0.973351	0.571048	0.52905	0.54971	0.351608	0.462806	0.278349	0.480745	0.942716	0.661375	0.724532	0.203635	0.633617	0.801772	0.329572	0.712494	0.794294	0.543741	
0.912968	0.0676336	0.398397	0.406966	0.0544148	0.648599	0.0914686	0.613574	0.774409	0.863207	0.549016	0.117794	0.882206	0.449947	0.158876	0.462098	0.928857	0.839987	0.686198	0.59092	0.220563	0.0496324	0.0211795	0.032087	0.436344	0.454451	0.175053	0.162412	0.241979	0.72109	0.362946	0.943037	0.11405	0.264346	0.887803	0.655396	0.741791	0.461832	0.683469	0.743214	
0.103068	0.648559	0.713822	0.79502	0.108999	0.908153	0.938361	0.711476	0.270037	0.90936	0.771978	0.292818	0.31432	0.164558	0.694486	0.035269	0.148897	0.769007	0.857649	0.064219	0.619067	0.198021	0.498967	0.369192	0.135961	0.915354	0.417551	0.925802	0.719923	0.836703	0.793943	0.140379	0.669521	0.770247	0.173606	0.525066	0.587448	0.0584035	0.636411	0.570515	
