15	40
68.6129	0.949745
65.6858	0.0205995
64.5889	0.798714
63.7099	0.0280331
66.8553	0.797262
72.1422	0.421498
67.3697	0.220319
62.449	0.439522
63.6286	0.472646
69.4779	0.304731
72.7854	0.422921
73.491	0.531155
62.3662	0.22394
68.6591	0.0482114
70.8633	0.781278
31.6033
37.7247
38.653
37.744
24.9464
23.4015
8.79118
32.1157
12.9982
28.449
22.0872
23.4819
25.2614
19.6634
22.9027
41.0511
33.2159
37.3806
10.6277
19.0484
3.43831
12.2023
46.6437
30.8225
26.9155
12.5557
1.46627
24.9715
15.796
31.0026
11.1861
35.3157
43.2371
20.5746
5.50212
24.1112
39.3857
35.9643
14.3193
34.4972
0.499294	0.831243	0.882445	0.605996	0.623854	0.407039	0.411247	0.843155	0.852342	0.620681	0.822141	0.0512071	0.755341	0.764317	0.0576306	0.111589	0.637259	0.998408	0.742159	0.75167	0.792487	0.444687	0.00331802	0.852237	0.624483	0.0486559	0.0608886	0.256516	0.270171	0.419764	0.218104	0.885226	0.702359	0.75144	0.672716	0.826147	0.330406	0.813628	0.744948	0.880314	
0.334809	0.703246	0.317277	0.178974	0.0411867	0.730541	0.436658	0.903426	0.694293	0.261569	0.952398	0.161467	0.422144	0.941964	0.437425	0.159678	0.977364	0.918089	0.147042	0.939603	0.873316	0.586577	0.271504	0.216833	0.456627	0.035062	0.432134	0.185283	0.71725	0.396208	0.372501	0.239302	0.767404	0.389275	0.0858567	0.813077	0.337383	0.449072	0.758203	0.785763	
0.796003	0.125641	0.322632	0.562653	0.799988	0.603304	0.984859	0.219981	0.0933379	0.726716	0.688806	0.43875	0.927653	0.0295538	0.923409	0.118918	0.502776	0.416348	0.320271	0.284284	0.815173	0.89407	0.812961	0.549829	0.0313038	0.206792	0.314968	0.21824	0.960148	0.9085	0.889588	0.16591	0.812039	0.849242	0.82817	0.472739	0.0107043	0.472298	0.357541	0.315578	
0.289056	0.407196	0.839155	0.592876	0.921138	0.13652	0.940361	0.966523	0.566227	0.236123	0.528652	0.554497	0.712298	0.737913	0.276341	0.339776	0.78513	0.449225	0.176928	0.199838	0.211443	0.288957	0.054526	0.857593	0.395387	0.66022	0.118754	0.589281	0.00946022	0.608273	0.662712	0.543192	0.705495	0.216344	0.020356	0.573658	0.777312	0.910892	0.975008	0.638812	
0.287641	0.842384	0.812164	0.249218	0.260131	0.589824	0.175929	0.677508	0.869837	0.457602	0.827701	0.533109	0.874842	0.738398	0.00888542	0.868759	0.851382	0.481874	0.561129	0.752602	0.548279	0.541574	0.923978	0.739038	0.85407	0.0469911	0.113185	0.612469	0.996202	0.0754939	0.301807	0.675921	0.306085	0.786582	0.120676	0.346772	0.516895	0.786864	0.408161	0.229413	
0.674815	0.679967	0.429293	0.444143	0.427411	0.997015	0.618903	0.397308	0.173055	0.149193	0.149192	0.451503	0.60668	0.738625	0.0322835	0.38892	0.555863	0.327813	0.0557957	0.534233	0.0322784	0.253663	0.817314	0.663102	0.531962	0.580947	0.833878	0.0233667	0.278912	0.406863	0.148809	0.1259	0.411058	0.404249	0.438872	0.421267	0.446146	0.0425446	0.426748	0.769755	
0.455849	0.0610173	0.325157	0.815512	0.271417	0.223195	0.91047	0.296498	0.87284	0.643923	0.834823	0.895701	0.500358	0.194617	0.492215	0.913568	0.0637027	0.515746	0.723572	0.435293	0.188519	0.646085	0.599455	0.51298	0.0012754	0.713149	0.55187	0.918322	0.141682	0.81569	0.512641	0.581668	0.611774	0.058919	0.221138	0.0810187	0.0203337	0.259854	0.849306	0.111195	
0.132366	0.0649913	0.222513	0.0765603	0.741232	0.542513	0.542934	0.96392	0.254985	0.0474708	0.964287	0.540853	0.00256326	0.341037	0.23663	0.888044	0.949207	0.140373	0.883495	0.405093	0.133303	0.430766	0.510433	0.451257	0.396872	0.67391	0.188224	0.527636	0.0404609	0.331535	0.477526	0.632319	0.148995	0.287519	0.826199	0.993925	0.951625	0.938269	0.127986	0.628228	
0.667724	0.322932	0.296933	0.556675	0.924248	0.343954	0.613361	0.771399	0.867657	0.760719	0.64147	0.437636	0.212547	0.213672	0.0761462	0.47196	0.977937	0.167206	0.0839394	0.363357	0.252327	0.678088	0.166478	0.714385	0.026514	0.844724	0.861881	0.109502	0.633178	0.672677	0.951035	0.583956	0.805369	0.0756872	0.217474	0.488352	0.724842	0.279953	0.97198	0.0774706	
0.367727	0.171798	0.0148853	0.740993	0.141671	0.798643	0.185275	0.862277	0.345884	0.793705	0.241073	0.74557	0.560113	0.591034	0.267349	0.324056	0.144571	0.350111	0.524746	0.148405	0.903012	0.580143	0.71631	0.454278	0.820386	0.411068	0.913217	0.600266	0.966607	0.17654	0.27427	0.290256	0.548829	0.968729	0.247247	0.066325	0.0427563	0.244207	0.438868	0.494731	
0.216876	0.383264	0.399913	0.418569	0.452869	0.615878	0.531642	0.65009	0.238249	0.932469	0.406466	0.637086	0.842861	0.821417	0.779851	0.275338	0.200811	0.288116	0.143831	0.857079	0.850867	0.0124079	0.242728	0.876603	0.622755	0.536671	0.352902	0.753802	0.889141	0.381063	0.599132	0.655156	0.0385078	0.568718	0.358543	0.658508	0.0825366	0.500472	0.310403	0.852461	
0.629542	0.770643	0.361601	0.777648	0.905895	0.701621	0.321569	0.404337	0.595968	0.268021	0.761002	0.260363	0.0582986	0.0408146	0.406757	0.176777	0.293465	0.468432	0.321872	0.708492	0.178783	0.738762	0.73928	0.541699	0.435154	0.00862327	0.807557	0.510931	0.782964	0.125351	0.293589	0.476943	0.206626	0.0383872	0.366779	0.596028	0.416777	0.382479	0.526989	0.545345	
0.953684	0.815469	0.0516155	0.88045	0.23853	0.0896364	0.591018	0.896105	0.212355	0.736858	0.0150385	0.846087	0.887299	0.414334	0.00643008	0.30629	0.365936	0.661771	0.623841	0.386232	0.876661	0.742538	0.556297	0.410838	0.6383	0.140914	0.289566	0.589293	0.0241982	0.639697	0.0822242	0.66016	0.765466	0.19696	0.593993	0.0192273	0.741918	0.726956	0.726296	0.682775	
0.0750303	0.389695	0.400117	0.402269	0.720201	0.668115	0.254922	0.541828	0.892875	0.316857	0.0300048	0.0953356	0.0767993	0.024537	0.52102	0.49959	0.708469	0.488464	0.449971	0.0925713	0.161577	0.416382	0.819496	0.40483	0.898243	0.631775	0.762877	0.478065	0.520684	0.530328	0.092999	0.201343	0.136247	0.655269	0.950784	0.290347	0.601701	0.672389	0.949556	0.85687	
0.0260554	0.292089	0.782489	0.163094	0.0328847	0.718755	0.577319	0.419086	0.68243	0.981883	0.766705	0.285588	0.149465	0.530424	0.23123	0.936519	0.408672	0.165472	0.802054	0.730378	0.775562	0.317887	0.238156	0.701575	0.578407	0.130906	0.504243	0.429742	0.681841	0.629297	0.974058	0.415195	0.24436	0.189579	0.90448	0.755471	0.795007	0.86783	0.362792	0.709501	
