15	40
64.2144	0.651446
69.0411	0.881082
59.4975	0.63616
59.1888	0.064886
59.8	0.326039
68.229	0.843973
65.3222	0.912141
64.1187	0.0413051
62.8054	0.0285537
58.7642	0.389121
59.5407	0.371818
58.4709	0.473095
65.3391	0.12198
70.1494	0.488365
71.258	0.790153
38.6157
24.0219
15.528
5.05932
3.49655
28.2672
9.7338
18.4495
44.392
36.3866
23.6756
24.5429
46.3318
1.87476
31.0016
38.9496
45.6602
43.0684
7.51677
16.1147
24.9081
45.7911
3.78609
31.0675
6.53536
48.0985
48.609
37.6746
40.013
8.18174
40.9875
10.38
41.5125
6.50475
38.3189
11.9431
47.4171
18.1004
37.469
35.7364
0.364934	0.454457	0.328637	0.702907	0.316612	0.235908	0.340295	0.162782	0.902714	0.729888	0.261035	0.817993	0.129695	0.142719	0.17792	0.79454	0.512059	0.106499	0.662294	0.444732	0.0712748	0.282099	0.267302	0.860998	0.360546	0.491272	0.877879	0.863993	0.114709	0.392997	0.8972	0.114918	0.911299	0.432686	0.52217	0.828101	0.747607	0.637092	0.146704	0.949496	
0.493357	0.0376101	0.104735	0.523592	0.54015	0.574569	0.959801	0.281089	0.631796	0.253828	0.747753	0.148331	0.354143	0.596098	0.032005	0.886302	0.472467	0.336369	0.340607	0.102633	0.598997	0.258047	0.48268	0.0769439	0.943803	0.138219	0.916415	0.258985	0.647448	0.778739	0.806432	0.302628	0.837919	0.141184	0.67951	0.662453	0.708847	0.0394166	0.16484	0.295584	
0.218793	0.38764	0.0251901	0.674204	0.526867	0.144826	0.0972789	0.0262553	0.481032	0.693751	0.746904	0.44296	0.834363	0.173681	0.737407	0.463686	0.368323	0.686627	0.870047	0.418511	0.396734	0.70218	0.188427	0.203069	0.985017	0.00845047	0.125404	0.162187	0.314516	0.529277	0.591345	0.735807	0.0994748	0.891836	0.424227	0.617068	0.312171	0.019501	0.376809	0.168793	
0.623253	0.221188	0.813868	0.449385	0.705928	0.560615	0.633881	0.00621741	0.441442	0.0621655	0.151402	0.123508	0.391446	0.4055	0.177773	0.204343	0.339024	0.244217	0.582284	0.550532	0.623843	0.190731	0.802579	0.0455858	0.686489	0.50699	0.0363756	0.6066	0.491116	0.0213416	0.657427	0.870966	0.502822	0.948983	0.276004	0.0205262	0.392821	0.979002	0.619161	0.434261	
0.478349	0.834625	0.343506	0.105775	0.4148	0.805275	0.0320846	0.756679	0.275405	0.953176	0.696741	0.20716	0.23109	0.486291	0.467851	0.674466	0.0432914	0.219405	0.412128	0.548436	0.245498	0.4599	0.675548	0.928379	0.186242	0.196798	0.681092	0.0456497	0.25703	0.15469	0.789649	0.398936	0.299747	0.0292323	0.100657	0.507768	0.483007	0.0248347	0.689992	0.99573	
0.88294	0.44208	0.671194	0.332292	0.51248	0.616371	0.995362	0.750711	0.857347	0.931949	0.967384	0.631251	0.703193	0.629734	0.674686	0.948293	0.329928	0.685081	0.411343	0.377427	0.179087	0.5257	0.798434	0.0463018	0.573151	0.734715	0.935818	0.115725	0.980342	0.837697	0.751213	0.100804	0.164626	0.683902	0.209312	0.231717	0.72384	0.715324	0.719099	0.231463	
0.634698	0.85202	0.116509	0.287254	0.527911	0.573173	0.973977	0.176968	0.334157	0.929612	0.935387	0.954377	0.078159	0.0260675	0.669254	0.458362	0.753692	0.711399	0.349816	0.495273	0.050582	0.669453	0.442222	0.929138	0.469638	0.00872769	0.701913	0.505501	0.415052	0.12661	0.537165	0.393164	0.433865	0.930634	0.356518	0.166183	0.0946426	0.518277	0.720145	0.519514	
0.377994	0.771307	0.849102	0.283796	0.268631	0.0869063	0.416668	0.384533	0.362613	0.902773	0.853708	0.420807	0.461048	0.409286	0.602434	0.942666	0.948514	0.768529	0.808681	0.273591	0.042196	0.978674	0.860681	0.116643	0.890925	0.754994	0.788622	0.833432	0.939529	0.341747	0.618474	0.673185	0.677452	0.329635	0.851682	0.407763	0.508709	0.430106	0.730246	0.0347397	
0.124436	0.235227	0.121011	0.172241	0.209588	0.647397	0.50314	0.947621	0.28552	0.675357	0.504856	0.961695	0.0180613	0.420251	0.210101	0.732845	0.979933	0.252975	0.521934	0.183556	0.407455	0.129172	0.0814313	0.590167	0.32712	0.568035	0.166573	0.752197	0.738135	0.576748	0.513583	0.854443	0.212193	0.652723	0.698585	0.0510224	0.0323739	0.363425	0.636779	0.894089	
0.538965	0.238097	0.183522	0.694439	0.932357	0.448928	0.289983	0.429647	0.150286	0.107001	0.0824645	0.943861	0.740105	0.439976	0.76947	0.429944	0.270897	0.00354161	0.847465	0.269696	0.67662	0.1413	0.506659	0.575472	0.325305	0.904204	0.241832	0.287417	0.364207	0.551851	0.0561225	0.38305	0.548902	0.0729513	0.891399	0.461659	0.905328	0.551538	0.359161	0.0201289	
0.522875	0.145597	0.7763	0.929245	0.658569	0.628456	0.275855	0.0591156	0.190384	0.576811	0.731884	0.0653835	0.518468	0.249737	0.935582	0.988983	0.0667491	0.571366	0.751004	0.523575	0.405558	0.551907	0.979128	0.147332	0.325096	0.413949	0.68516	0.404746	0.261834	0.188361	0.982331	0.801239	0.273389	0.90675	0.299357	0.808151	0.717826	0.213142	0.616359	0.888351	
0.523557	0.173869	0.238664	0.431098	0.422792	0.235584	0.555545	0.543551	0.139552	0.920649	0.226476	0.315099	0.590319	0.748377	0.0642741	0.546223	0.536864	0.375037	0.064357	0.800531	0.898997	0.675932	0.592059	0.276506	0.482085	0.0565472	0.610675	0.477056	0.168129	0.0695089	0.0122014	0.132833	0.889344	0.381586	0.422207	0.470061	0.174295	0.0852836	0.542949	0.304073	
0.707268	0.166044	0.33998	0.469443	0.865126	0.416681	0.999828	0.0856093	0.224231	0.795645	0.284822	0.0373198	0.281119	0.113733	0.0102656	0.872271	0.984743	0.595411	0.604668	0.36231	0.0623061	0.845564	0.151992	0.136564	0.108069	0.488786	0.611594	0.222123	0.798316	0.736366	0.869647	0.201696	0.908417	0.298124	0.00711376	0.262456	0.425369	0.811297	0.918003	0.972257	
0.984825	0.621843	0.304519	0.602572	0.966896	0.631397	0.318952	0.945321	0.981819	0.683912	0.0151346	0.202317	0.888196	0.0725646	0.46238	0.331845	0.386145	0.867802	0.519264	0.48688	0.203547	0.329661	0.855786	0.115253	0.67515	0.848737	0.501721	0.504041	0.963443	0.108066	0.85399	0.649849	0.176791	0.60854	0.619113	0.778014	0.0775028	0.904506	0.581415	0.60032	
0.273022	0.0686282	0.73521	0.510989	0.449132	0.306731	0.801091	0.491039	0.856519	0.164982	0.821485	0.585791	0.996588	0.279162	0.94906	0.0389466	0.505065	0.519085	0.152301	0.381555	0.0478051	0.416763	0.574636	0.177142	0.987481	0.931152	0.970187	0.204574	0.794203	0.00725528	0.735426	0.550047	0.696135	0.327818	0.127439	0.977859	0.965471	0.831909	0.236725	0.992065	
