20	20
96.3679	0.401156
91.8696	0.55114
91.2599	0.535968
84.7788	0.195397
95.0687	0.9381
81.8073	0.670572
93.455	0.295211
84.871	0.409024
90.1324	0.795405
87.4462	0.172443
82.7129	0.450728
86.0014	0.310038
82.148	0.074411
89.1	0.888089
97.2284	0.580548
88.7261	0.807289
85.4534	0.459632
82.1139	0.470244
88.7731	0.539529
85.6039	0.367675
36.8249
39.9528
43.8888
19.7576
43.5187
5.82363
41.0339
28.4086
14.3217
33.0721
1.90972
25.7884
8.83858
35.9591
12.7353
38.1948
49.3106
49.452
34.7817
25.878
0.125505	0.550927	0.538048	0.886677	0.972512	0.94063	0.191179	0.144563	0.131549	0.417333	0.117894	0.961791	0.879058	0.707181	0.304385	0.808153	0.0357281	0.589764	0.66487	0.4586	
0.721459	0.277348	0.490748	0.416887	0.684985	0.307234	0.822929	0.740929	0.0230874	0.69806	0.630192	0.64009	0.981637	0.671918	0.319291	0.283406	0.80979	0.220315	0.179085	0.611529	
0.972999	0.715031	0.0288928	0.230869	0.486469	0.710321	0.263415	0.271608	0.876687	0.246548	0.607618	0.491339	0.234453	0.191441	0.697523	0.72644	0.39009	0.811636	0.543201	0.769812	
0.906039	0.690227	0.214972	0.706535	0.265547	0.239004	0.127028	0.626183	0.837794	0.0945617	0.600054	0.257813	0.876447	0.499459	0.793083	0.635471	0.983958	0.0992388	0.529054	0.740892	
0.217598	0.69311	0.478893	0.691299	0.27579	0.459696	0.864087	0.172945	0.471391	0.467339	0.647482	0.121142	0.408235	0.221236	0.651977	0.91228	0.763706	0.37295	0.696997	0.674869	
0.794043	0.127859	0.144004	0.920567	0.835025	0.785199	0.609391	0.192978	0.582046	0.989937	0.924364	0.767927	0.0575199	0.242882	0.201432	0.866332	0.31668	0.239256	0.917334	0.971961	
0.849705	0.456582	0.320689	0.503181	0.449542	0.492094	0.910895	0.802648	0.609694	0.112787	0.787736	0.449495	0.281952	0.972979	0.831192	0.823811	0.635732	0.876301	0.529925	0.342039	
0.72293	0.427522	0.989556	0.337222	0.540326	0.272017	0.836662	0.446337	0.58393	0.203589	0.271587	0.572468	0.166734	0.187427	0.0136281	0.721028	0.17318	0.852935	0.597218	0.797333	
0.690733	0.106271	0.276745	0.780814	0.660853	0.440118	0.227849	0.482342	0.542352	0.774551	0.0455887	0.626633	0.857406	0.641613	0.997377	0.64865	0.223464	0.745049	0.742496	0.432715	
0.911309	0.740681	0.593996	0.589972	0.273118	0.233951	0.942733	0.566456	0.157265	0.711468	0.305776	0.578342	0.136864	0.567417	0.977112	0.930496	0.0651629	0.0660537	0.00215823	0.919292	
0.0928322	0.248217	0.558865	0.296092	0.0637542	0.644244	0.388141	0.439434	0.822093	0.807896	0.339416	0.291727	0.521932	0.898939	0.0179602	0.567474	0.278075	0.208687	0.23165	0.557914	
0.460846	0.708128	0.583641	0.168422	0.762913	0.498146	0.0297936	0.959316	0.427746	0.490007	0.732208	0.431184	0.306551	0.978279	0.303633	0.0715425	0.886745	0.716206	0.0661751	0.457605	
0.946666	0.267469	0.0714591	0.26472	0.187028	0.379892	0.159239	0.215429	0.843567	0.604133	0.171473	0.0247521	0.0169024	0.179881	0.413881	0.391988	0.570727	0.123629	0.364947	0.644692	
0.0801447	0.0371577	0.591429	0.0808414	0.298418	0.267505	0.423344	0.620484	0.58209	0.0319488	0.414291	0.216797	0.874925	0.749225	0.640229	0.968039	0.979909	0.0628237	0.699668	0.889695	
0.727329	0.495049	0.337495	0.594551	0.434836	0.516528	0.342468	0.542586	0.802762	0.490152	0.730324	0.316319	0.521067	0.155156	0.979538	0.788374	0.685961	0.577112	0.15156	0.109109	
0.400004	0.353991	0.144976	0.975345	0.777648	0.343577	0.760376	0.817821	0.375914	0.0110588	0.725058	0.204062	0.142368	0.0678636	0.786199	0.448457	0.684715	0.117884	0.0919558	0.367524	
0.471283	0.360208	0.575249	0.938269	0.882212	0.776432	0.899882	0.315283	0.388722	0.890154	0.483465	0.339234	0.774992	0.43381	0.202135	0.615977	0.0743501	0.85873	0.870215	0.803683	
0.811167	0.718991	0.443506	0.15566	0.596153	0.890125	0.374128	0.624242	0.450577	0.158926	0.447113	0.259144	0.716553	0.765307	0.977962	0.864756	0.00972813	0.724155	0.22702	0.805519	
0.444096	0.0661511	0.345496	0.505007	0.800778	0.405044	0.319337	0.330648	0.999056	0.0258908	0.104563	0.874144	0.89398	0.668762	0.569577	0.0366036	0.251279	0.732735	0.410333	0.304974	
0.34859	0.821639	0.0653788	0.925257	0.373972	0.976941	0.218637	0.54258	0.767101	0.722898	0.792099	0.268322	0.0138693	0.80469	0.0797076	0.800196	0.954173	0.504543	0.424534	0.889889	
