20	40
91.2043	0.239515
95.5584	0.841067
96.1787	0.720887
95.9639	0.762001
90.1543	0.109329
89.2418	0.318137
88.6308	0.128764
90.1416	0.262448
87.0063	0.606293
83.9624	0.951408
87.8368	0.152743
88.4809	0.0352982
93.1106	0.612271
96.3318	0.734246
82.7416	0.709532
102.492	0.886878
88.5046	0.702537
86.7066	0.512726
89.5891	0.746696
99.1021	0.349163
23.4961
6.4944
6.42785
47.2575
10.1739
33.6091
7.30853
41.3126
4.56201
40.9814
7.93088
26.5699
42.266
5.49716
40.1286
23.9501
12.4168
35.1786
33.9606
14.405
25.5151
7.30471
34.5985
36.576
45.6481
14.6316
35.0844
6.87865
12.7657
45.7307
1.08164
26.0281
1.2141
41.6405
23.1926
3.52953
11.1831
48.8433
44.9749
43.904
0.799354	0.426046	0.296697	0.85322	0.521434	0.820752	0.921829	0.870068	0.888846	0.878291	0.0692429	0.783858	0.659641	0.0322573	0.59506	0.802743	0.650288	0.405104	0.246306	0.697173	0.417894	0.811474	0.350502	0.658849	0.232053	0.949345	0.131694	0.0921085	0.823951	0.707396	0.333905	0.235905	0.47343	0.879324	0.518468	0.0758791	0.425235	0.0657887	0.873713	0.566544	
0.178177	0.90368	0.79553	0.175753	0.209328	0.864602	0.1694	0.899931	0.986376	0.431821	0.173829	0.779928	0.746556	0.13534	0.0721437	0.0281864	0.540866	0.237744	0.561961	0.381243	0.835967	0.219053	0.464772	0.133987	0.398061	0.914519	0.496619	0.165549	0.543357	0.980107	0.0692988	0.625118	0.418825	0.782375	0.548542	0.458989	0.655892	0.367357	0.830771	0.357414	
0.0490168	0.942931	0.382203	0.851566	0.9975	0.358098	0.49176	0.237387	0.777898	0.449899	0.253172	0.739436	0.349372	0.0506137	0.705876	0.868307	0.941225	0.586882	0.0522909	0.99024	0.133778	0.920299	0.738856	0.219956	0.312899	0.838736	0.859936	0.351353	0.710539	0.291699	0.535982	0.427933	0.42654	0.358662	0.902051	0.161586	0.711569	0.677231	0.101544	0.647508	
0.897046	0.570211	0.15856	0.0678515	0.706302	0.723659	0.849015	0.898807	0.630025	0.825653	0.314204	0.682947	0.776827	0.522229	0.887369	0.780375	0.663857	0.448457	0.0843711	0.486709	0.134499	0.498834	0.0557147	0.735122	0.475396	0.32356	0.774344	0.471339	0.00875688	0.258575	0.898337	0.935768	0.276765	0.0623696	0.226509	0.804634	0.76019	0.697178	0.714809	0.176549	
0.0278254	0.779247	0.97439	0.19551	0.756251	0.651755	0.0331414	0.645755	0.799744	0.216564	0.825052	0.882724	0.318523	0.428509	0.0653015	0.91984	0.932118	0.345229	0.328519	0.648058	0.994777	0.151145	0.689924	0.442785	0.53597	0.737384	0.180861	0.251725	0.687	0.5563	0.833166	0.723607	0.0929928	0.888258	0.403077	0.477489	0.161044	0.804336	0.952228	0.625143	
0.804213	0.214044	0.22662	0.0134532	0.996028	0.0366743	0.842733	0.621485	0.458642	0.371594	0.417171	0.242585	0.176462	0.725255	0.376337	0.489611	0.303456	0.662948	0.178162	0.785754	0.881149	0.588421	0.348363	0.962486	0.586939	0.445993	0.855848	0.891783	0.428302	0.205673	0.121567	0.964795	0.104679	0.505917	0.973053	0.847887	0.256433	0.792905	0.231972	0.557451	
0.281396	0.419672	0.382432	0.156855	0.931526	0.537981	0.485148	0.88718	0.728558	0.573387	0.405909	0.202816	0.252983	0.504634	0.385363	0.0361225	0.324359	0.274264	0.95645	0.716852	0.537304	0.127153	0.310852	0.803838	0.833142	0.824493	0.434384	0.268473	0.646054	0.870502	0.978136	0.742752	0.591381	0.581114	0.535285	0.655172	0.97763	0.0853547	0.392189	0.660106	
0.494719	0.125034	0.864473	0.354974	0.283014	0.974988	0.866342	0.897522	0.0642669	0.886394	0.373003	0.263237	0.366849	0.942403	0.455869	0.217801	0.749117	0.413086	0.494287	0.211153	0.631984	0.692995	0.479382	0.461566	0.0594166	0.209091	0.38929	0.824864	0.192883	0.946967	0.341835	0.77312	0.863266	0.674796	0.583275	0.0962535	0.770191	0.972868	0.0674244	0.938766	
0.394769	0.509453	0.911324	0.365458	0.959528	0.531148	0.114746	0.804949	0.181289	0.804617	0.828978	0.441914	0.451129	0.289024	0.656904	0.715246	0.391331	0.449635	0.582907	0.360476	0.39958	0.880025	0.181416	0.92929	0.827969	0.91918	0.365472	0.229225	0.552034	0.767576	0.638672	0.29586	0.449072	0.0935702	0.33389	0.386282	0.548263	0.159212	0.0797961	0.496634	
0.440972	0.401138	0.320329	0.488659	0.444487	0.0287961	0.454891	0.612093	0.28617	0.119906	0.119107	0.995357	0.613223	0.711795	0.560139	0.755689	0.513639	0.0315396	0.838881	0.039441	0.71398	0.507608	0.792749	0.339011	0.23557	0.771516	0.628087	0.265135	0.59463	0.025758	0.143301	0.449256	0.0656748	0.83642	0.507509	0.830129	0.341822	0.395008	0.167833	0.586308	
0.732877	0.627584	0.0345597	0.561994	0.900199	0.991755	0.730665	0.690578	0.697341	0.612114	0.0934676	0.339533	0.869334	0.566624	0.22806	0.457707	0.0309894	0.875352	0.699186	0.830472	0.698148	0.92545	0.810958	0.282433	0.567315	0.238005	0.498969	0.302339	0.868323	0.223458	0.171182	0.207378	0.868258	0.669073	0.0715659	0.356825	0.70355	0.612686	0.343406	0.444184	
0.785173	0.257828	0.0815911	0.444296	0.42084	0.728764	0.642508	0.0528261	0.403558	0.493929	0.848281	0.094369	0.703221	0.534847	0.517096	0.479639	0.964861	0.5966	0.266259	0.487666	0.888984	0.914149	0.622069	0.24352	0.164494	0.00207421	0.810063	0.094378	0.462141	0.0796649	0.0026908	0.370407	0.214147	0.442643	0.824717	0.73304	0.948347	0.705773	0.376195	0.596261	
0.549726	0.0634951	0.433478	0.646805	0.625122	0.0076142	0.581737	0.850335	0.239687	0.332426	0.780251	0.198865	0.655659	0.0763386	0.858998	0.531472	0.854185	0.720577	0.776041	0.249664	0.332236	0.153631	0.0305493	0.752608	0.860777	0.99122	0.94737	0.171286	0.65123	0.470671	0.939498	0.205887	0.942047	0.00566738	0.24711	0.766201	0.520438	0.351608	0.0115372	0.314494	
0.887547	0.857417	0.954461	0.990057	0.839869	0.949703	0.529111	0.575746	0.59155	0.673296	0.866055	0.155135	0.723641	0.871494	0.499856	0.540048	0.901711	0.661413	0.415601	0.291843	0.47284	0.0450961	0.808508	0.415279	0.601191	0.939878	0.615082	0.0258662	0.587404	0.576598	0.0153735	0.975392	0.457141	0.408073	0.656909	0.0124914	0.356783	0.95014	0.0864019	0.630211	
0.268455	0.473535	0.51409	0.077137	0.475723	0.589978	0.895946	0.701054	0.943566	0.253157	0.825336	0.954747	0.16887	0.671938	0.366457	0.891119	0.3838	0.95946	0.247811	0.902223	0.387505	0.881524	0.187764	0.180645	0.289988	0.088474	0.26657	0.338834	0.193887	0.386425	0.695266	0.198275	0.932635	0.482129	0.0640814	0.426535	0.563943	0.932273	0.0271153	0.282265	
0.308717	0.974138	0.741966	0.736644	0.816713	0.186552	0.268249	0.630049	0.0252986	0.30465	0.615529	0.904215	0.894496	0.313299	0.898894	0.479474	0.0034175	0.335288	0.167305	0.102007	0.894797	0.846521	0.458208	0.0850903	0.471051	0.146139	0.328083	0.967853	0.450418	0.943213	0.908041	0.0618859	0.616131	0.839708	0.132053	0.382211	0.877471	0.36017	0.818524	0.937301	
0.507809	0.00851042	0.424807	0.00866944	0.908763	0.376402	0.0641929	0.600024	0.139388	0.603649	0.901634	0.219962	0.464899	0.444418	0.323858	0.83468	0.31966	0.897173	0.341737	0.56655	0.0877321	0.364972	0.194851	0.421347	0.241377	0.241155	0.445843	0.711453	0.383902	0.233922	0.0860219	0.54889	0.275677	0.775538	0.408363	0.637542	0.622655	0.432142	0.956035	0.728409	
0.67524	0.971604	0.301231	0.686422	0.822715	0.119347	0.92403	0.675232	0.698277	0.000366467	0.715735	0.696418	0.0957371	0.530193	0.390722	0.52778	0.122918	0.736933	0.609941	0.668858	0.973856	0.849559	0.511528	0.530763	0.552908	0.262655	0.793633	0.48294	0.423693	0.957309	0.370421	0.832663	0.0384521	0.0904959	0.00698936	0.499956	0.328932	0.319557	0.620101	0.89259	
0.933009	0.768012	0.122981	0.255898	0.724693	0.486985	0.991968	0.727314	0.2039	0.104204	0.654524	0.866886	0.329915	0.980791	0.5156	0.0345338	0.457227	0.697695	0.306011	0.300806	0.656989	0.99426	0.530614	0.271216	0.413253	0.087418	0.612571	0.127143	0.294174	0.675294	0.92012	0.990309	0.620247	0.921444	0.412816	0.689546	0.614519	0.351785	0.855148	0.473443	
0.72176	0.231932	0.720679	0.194459	0.872107	0.480134	0.598327	0.0108445	0.881599	0.00552773	0.0302936	0.225277	0.633236	0.289585	0.170386	0.871985	0.89355	0.315265	0.256387	0.57524	0.139052	0.610242	0.626053	0.224404	0.156046	0.773467	0.615695	0.209306	0.507105	0.746645	0.449269	0.348334	0.439775	0.557621	0.157004	0.32005	0.406747	0.0805813	0.605968	0.326478	
