20	20
91.4467	0.527651
80.8476	0.398619
81.3619	0.0430197
84.9336	0.264243
90.2418	0.877599
86.1255	0.967123
79.5918	0.933994
89.8202	0.650648
89.423	0.0545357
84.0222	0.874874
97.5525	0.576306
83.0183	0.900781
83.7203	0.0314629
90.2144	0.255941
92.0311	0.506567
82.3681	0.507636
88.7634	0.978464
84.1091	0.55546
91.2062	0.572136
95.0225	0.325965
9.33234
45.0819
24.6627
12.7064
31.3838
45.832
5.74086
12.6418
21.6644
20.0056
5.64332
16.8497
48.0559
30.349
15.3324
10.4842
30.5425
1.71118
6.51703
27.0229
0.985603	0.532777	0.285772	0.443631	0.33039	0.070362	0.447049	0.653521	0.0656135	0.23701	0.152166	0.487506	0.599464	0.812629	0.206903	0.347907	0.56702	0.91421	0.240629	0.679597	
0.881106	0.118408	0.403065	0.547302	0.112911	0.99003	0.129588	0.307342	0.793694	0.731107	0.0568741	0.0086861	0.98361	0.664541	0.637901	0.577273	0.00959186	0.346093	0.953157	0.623039	
0.990397	0.162987	0.59497	0.249728	0.630818	0.36214	0.631429	0.910735	0.934087	0.553366	0.0150311	0.150859	0.0867757	0.822044	0.0109393	0.42148	0.0749311	0.95395	0.893418	0.162299	
0.783876	0.582663	0.605296	0.831459	0.820223	0.0725581	0.143102	0.700113	0.0807554	0.84958	0.530721	0.355599	0.071394	0.661916	0.469411	0.383122	0.590565	0.965574	0.685836	0.250178	
0.913083	0.965503	0.882585	0.911903	0.264882	0.684806	0.0696254	0.647345	0.873159	0.135824	0.393473	0.268088	0.685178	0.127281	0.427251	0.841468	0.444717	0.38885	0.619806	0.453658	
0.446744	0.120669	0.865863	0.718562	0.883194	0.0101121	0.265433	0.741989	0.400359	0.587818	0.991855	0.834641	0.854295	0.752022	0.625975	0.831698	0.994054	0.775037	0.531433	0.546698	
0.224656	0.257733	0.247823	0.402033	0.887207	0.906383	0.253421	0.82449	0.664177	0.703156	0.588942	0.204755	0.238058	0.164135	0.237545	0.675843	0.429872	0.0621673	0.351967	0.491724	
0.480846	0.391956	0.227799	0.187445	0.718474	0.843769	0.0239234	0.66284	0.205082	0.2703	0.389756	0.426168	0.27163	0.434905	0.629491	0.454419	0.268112	0.514545	0.242381	0.553813	
0.442689	0.487995	0.472204	0.348515	0.635631	0.634616	0.434754	0.147287	0.961011	0.655669	0.956869	0.471507	0.989217	0.277683	0.151603	0.513995	0.35284	0.473892	0.609655	0.479844	
0.187795	0.843392	0.957996	0.624771	0.50605	0.848837	0.773206	0.237061	0.668529	0.839764	0.600319	0.137676	0.0102352	0.885229	0.950983	0.654328	0.420978	0.4761	0.768995	0.321582	
0.706105	0.377501	0.702391	0.85229	0.247789	0.404058	0.427208	0.816645	0.906998	0.688709	0.155312	0.0974193	0.64787	0.72515	0.112062	0.542714	0.947487	0.308783	0.933092	0.845604	
0.816683	0.731666	0.414428	0.0571994	0.605927	0.718789	0.412426	0.656549	0.178926	0.381673	0.28414	0.544493	0.894604	0.548567	0.14848	0.107624	0.775477	0.82823	0.141659	0.898766	
0.994421	0.822439	0.907857	0.294178	0.448367	0.375688	0.30646	0.460676	0.502005	0.235525	0.0577215	0.777641	0.586518	0.830023	0.149814	0.173886	0.417694	0.130898	0.0973175	0.00351773	
0.19039	0.700806	0.531419	0.978589	0.307346	0.074036	0.83542	0.951282	0.70389	0.0605567	0.0934733	0.330231	0.239539	0.627829	0.614057	0.636518	0.439432	0.328174	0.458241	0.210426	
0.226114	0.557626	0.0643922	0.396538	0.175691	0.473552	0.426734	0.0198228	0.719095	0.469456	0.480697	0.776321	0.0552485	0.579395	0.710247	0.816925	0.947315	0.330502	0.179766	0.147566	
0.858879	0.67461	0.124196	0.351	0.527786	0.714346	0.161749	0.686607	0.0543098	0.534149	0.558579	0.435519	0.312043	0.588269	0.130065	0.632556	0.0247557	0.937771	0.656201	0.483016	
0.933088	0.171934	0.661196	0.685443	0.785314	0.54352	0.646917	0.761529	0.270908	0.52234	0.61802	0.250478	0.791117	0.465126	0.110684	0.607644	0.733896	0.7191	0.684629	0.530309	
0.242267	0.385985	0.86371	0.855628	0.234864	0.516835	0.265787	0.0951361	0.0581747	0.254906	0.911175	0.37524	0.544559	0.205858	0.135344	0.104917	0.671731	0.315805	0.519046	0.754565	
0.0437744	0.876335	0.00479025	0.283959	0.947362	0.00777568	0.408013	0.94944	0.144929	0.804922	0.406917	0.944125	0.283914	0.0949161	0.110712	0.347477	0.750962	0.280264	0.455105	0.15823	
0.0871466	0.770273	0.853051	0.860953	0.507008	0.75307	0.650061	0.0949162	0.145841	0.358946	0.128438	0.525047	0.502209	0.131138	0.640843	0.453041	0.286447	0.392459	0.934398	0.459831	
