15	20
64.2764	0.249896
66.2877	0.496541
66.7972	0.695614
61.8666	0.841538
63.4496	0.532805
69.4552	0.212206
74.7557	0.851936
65.1561	0.170187
61.6592	0.303378
63.0376	0.75605
64.8137	0.864261
62.2949	0.908211
71.8834	0.655845
66.0414	0.708455
62.281	0.469537
36.4463
36.1431
12.2133
25.9245
13.0303
38.2506
3.39978
37.0574
35.6959
4.21871
1.71649
26.5985
27.5276
29.7525
33.014
9.72947
23.8393
7.27502
47.4648
23.8797
0.0382261	0.167793	0.0677664	0.553076	0.852322	0.261351	0.610987	0.895446	0.124266	0.651161	0.0979546	0.0831199	0.868455	0.967011	0.701338	0.789413	0.963053	0.160389	0.662755	0.974343	
0.215923	0.155175	0.0155064	0.641238	0.920022	0.21911	0.910652	0.885932	0.217	0.216431	0.286048	0.859922	0.841248	0.880152	0.0781701	0.721913	0.161708	0.699734	0.834174	0.380982	
0.773089	0.358484	0.340167	0.73358	0.75756	0.880311	0.21022	0.657622	0.372451	0.180977	0.76859	0.49402	0.930914	0.441019	0.543148	0.772301	0.273021	0.0821149	0.357369	0.332195	
0.418783	0.551416	0.335137	0.926484	0.40524	0.206094	0.0247784	0.141647	0.633488	0.217312	0.633637	0.0352362	0.252381	0.544988	0.931697	0.990799	0.0754698	0.705651	0.0270769	0.237152	
0.565036	0.766039	0.932898	0.899546	0.934975	0.398843	0.864694	0.642357	0.341143	0.639676	0.00572995	0.680338	0.0928186	0.640749	0.164345	0.34742	0.187222	0.602749	0.94962	0.847154	
0.632684	0.106845	0.823961	0.826839	0.0792654	0.542734	0.502527	0.86476	0.335481	0.671481	0.0867822	0.226447	0.224504	0.83825	0.376989	0.572965	0.43716	0.922586	0.538216	0.61971	
0.780898	0.654199	0.0509864	0.776905	0.995379	0.951697	0.265291	0.13255	0.761436	0.752864	0.310403	0.301586	0.359975	0.880845	0.582425	0.597414	0.490872	0.348573	0.898591	0.626902	
0.229079	0.65797	0.294458	0.703859	0.480535	0.733001	0.474748	0.519966	0.0365456	0.671134	0.0947342	0.442296	0.153816	0.807774	0.210951	0.176695	0.657788	0.314805	0.69535	0.293173	
0.873805	0.46342	0.654837	0.514183	0.0619636	0.409335	0.279637	0.832683	0.804049	0.0994754	0.92044	0.228198	0.746541	0.435758	0.254478	0.101374	0.162288	0.735517	0.368071	0.419653	
0.523227	0.906262	0.382064	0.0837581	0.360124	0.883227	0.253434	0.812422	0.281311	0.83337	0.423122	0.746066	0.823367	0.608639	0.785489	0.741071	0.687901	0.326802	0.205697	0.915685	
0.269744	0.403731	0.917136	0.359419	0.68069	0.961736	0.81285	0.417172	0.958888	0.0666703	0.114384	0.631134	0.0040152	0.850088	0.0588575	0.116771	0.779751	0.518835	0.44611	0.982772	
0.321282	0.358291	0.65633	0.580399	0.707576	0.795334	0.0614892	0.931198	0.829675	0.258731	0.0757226	0.0593549	0.544231	0.908647	0.983386	0.323982	0.0724582	0.0982509	0.285271	0.931282	
0.193847	0.90487	0.284853	0.187327	0.800978	0.280122	0.517463	0.812415	0.00208299	0.529838	0.226724	0.888261	0.206004	0.913841	0.49576	0.644912	0.590981	0.155263	0.745387	0.466191	
0.0284706	0.897718	0.668652	0.683429	0.284307	0.730911	0.934511	0.483573	0.247175	0.206412	0.383265	0.817003	0.95081	0.097681	0.66635	0.455923	0.805848	0.977551	0.353277	0.530872	
0.0208003	0.590641	0.390968	0.0356502	0.105994	0.320738	0.4809	0.5076	0.556786	0.473684	0.673168	0.7895	0.317678	0.0944162	0.233057	0.262613	0.431467	0.707338	0.755256	0.618323	
