20	20
83.8916	0.703322
85.9938	0.173083
87.1817	0.689476
82.5716	0.285828
89.2656	0.944871
97.0686	0.0485732
86.9024	0.3341
82.9563	0.827643
87.7406	0.588371
80.6404	0.523853
82.0045	0.866459
80.0341	0.421273
96.3711	0.670009
91.5025	0.284635
87.2671	0.00515447
80.6448	0.964905
97.092	0.183082
80.6791	0.148798
79.212	0.082194
94.9259	0.254377
28.8221
39.3332
46.7606
6.81081
16.9594
20.5632
37.5741
25.2031
32.4279
6.51478
34.717
40.2432
49.5405
38.985
20.4076
37.7
31.9184
38.7043
35.443
42.1031
0.220667	0.277683	0.457714	0.353711	0.0668454	0.820532	0.443077	0.878673	0.405141	0.029981	0.526803	0.15007	0.653262	0.698124	0.85489	0.894932	0.736994	0.0912759	0.613465	0.485892	
0.634049	0.101898	0.992419	0.0545177	0.837559	0.774857	0.517766	0.492574	0.243123	0.835472	0.739237	0.389421	0.842517	0.898063	0.284164	0.439655	0.0701213	0.120336	0.0337089	0.239026	
0.565899	0.790648	0.708889	0.350072	0.37194	0.133522	0.0318171	0.0571062	0.528724	0.10291	0.181274	0.925667	0.741908	0.77461	0.607671	0.480784	0.708639	0.069368	0.934109	0.25969	
0.417146	0.0348569	0.71583	0.145448	0.517886	0.558565	0.293238	0.87291	0.565695	0.288759	0.0971353	0.465996	0.984068	0.247249	0.682663	0.62828	0.974012	0.295972	0.809643	0.635319	
0.804106	0.235898	0.853386	0.697447	0.564986	0.296846	0.693036	0.859414	0.505443	0.0702138	0.421139	0.433797	0.343921	0.928884	0.511382	0.161336	0.560992	0.506301	0.997321	0.962186	
0.945999	0.829019	0.499653	0.166057	0.652979	0.384311	0.317147	0.0160328	0.079488	0.608994	0.116799	0.0867907	0.789129	0.892463	0.494918	0.0626583	0.576344	0.122849	0.629507	0.414148	
0.697672	0.495155	0.0206122	0.557651	0.549335	0.376498	0.81571	0.237366	0.0393302	0.410376	0.764269	0.393725	0.882409	0.248725	0.345156	0.454186	0.225087	0.956319	0.885817	0.796039	
0.250062	0.600419	0.655336	0.942459	0.0894458	0.469713	0.0314544	0.901401	0.0272097	0.404921	0.915104	0.997586	0.670556	0.0987833	0.495817	0.322532	0.342903	0.0767962	0.366988	0.165918	
0.980359	0.887525	0.620066	0.0610775	0.843524	0.527234	0.992437	0.277035	0.0477371	0.876268	0.811803	0.167743	0.975175	0.431187	0.731457	0.662092	0.244174	0.94223	0.12588	0.76596	
0.538545	0.417962	0.151725	0.890269	0.118236	0.0724376	0.978622	0.582616	0.786133	0.560071	0.111561	0.434688	0.365227	0.70022	0.178507	0.646726	0.109199	0.588212	0.804139	0.823903	
0.771283	0.403599	0.515251	0.294847	0.165737	0.465444	0.340745	0.8675	0.267683	0.771252	0.0628247	0.671038	0.755221	0.400729	0.484926	0.425486	0.789597	0.17713	0.721815	0.973188	
0.803989	0.696014	0.163287	0.347217	0.983557	0.59068	0.556267	0.199324	0.371443	0.997549	0.297002	0.622294	0.0237622	0.629477	0.0318691	0.189394	0.262159	0.613295	0.0393164	0.776428	
0.953918	0.164898	0.775821	0.469628	0.504526	0.741818	0.314789	0.34141	0.203388	0.570522	0.26303	0.325598	0.819993	0.0922209	0.131793	0.0459976	0.724492	0.450745	0.117568	0.241975	
0.0733218	0.368195	0.242753	0.392968	0.289927	0.785537	0.918978	0.816909	0.715023	0.472408	0.210413	0.264697	0.765059	0.68331	0.355508	0.112657	0.608997	0.831227	0.852022	0.416198	
0.9275	0.709784	0.565197	0.497373	0.814516	0.814881	0.759354	0.0958703	0.843951	0.0476934	0.120306	0.434471	0.410418	0.387882	0.808425	0.557886	0.947359	0.401731	0.422579	0.384329	
0.398945	0.91804	0.61214	0.864727	0.517196	0.144171	0.732247	0.975623	0.424066	0.613637	0.433452	0.0194419	0.0458602	0.586059	0.16943	0.656448	0.822547	0.845581	0.549611	0.407235	
0.411296	0.18982	0.302735	0.465197	0.411868	0.234173	0.661239	0.903216	0.262894	0.536593	0.579907	0.670149	0.833834	0.532644	0.143968	0.0674752	0.682072	0.847905	0.573877	0.0401686	
0.145921	0.295723	0.950974	0.0160546	0.5426	0.578411	0.772015	0.728438	0.235213	0.399213	0.903913	0.433755	0.463941	0.00398078	0.285071	0.610615	0.447071	0.759668	0.186377	0.497134	
0.796998	0.0899635	0.62724	0.866114	0.0428367	0.451153	0.445423	0.674089	0.238453	0.41345	0.552069	0.227963	0.439926	0.219942	0.601174	0.919273	0.0257649	0.415046	0.525988	0.00886458	
0.266169	0.359897	0.656119	0.85116	0.0387856	0.866785	0.46272	0.323843	0.186836	0.338598	0.991162	0.392863	0.0961663	0.772123	0.054543	0.375103	0.695678	0.479143	0.553202	0.715974	
