10	30
47.3538	0.784413
48.071	0.282374
46.8991	0.191916
42.1492	0.0898955
41.3687	0.977568
46.3634	0.929011
40.785	0.351949
45.2498	0.22566
45.0278	0.449783
42.3743	0.0354678
38.3425
23.8228
34.0678
12.8094
46.5135
39.195
32.3344
24.1905
33.1239
44.7785
2.45328
46.288
21.0683
23.528
37.4642
39.614
15.9072
13.0697
18.7237
18.5237
31.2377
42.5985
38.9345
33.2365
36.4652
9.0855
18.2089
31.1816
47.4808
19.5983
0.514434	0.769353	0.135768	0.535956	0.597584	0.338542	0.996459	0.497903	0.82368	0.144815	0.206459	0.0164205	0.928674	0.43506	0.401327	0.97848	0.985306	0.641229	0.620144	0.608982	0.0523793	0.838789	0.504819	0.473906	0.0565586	0.585255	0.0504685	0.932755	0.349811	0.143363	
0.177962	0.0260417	0.125799	0.756237	0.81088	0.554276	0.317689	0.164842	0.182665	0.357685	0.931338	0.350077	0.892439	0.105496	0.867598	0.778682	0.463771	0.0166291	0.438362	0.747708	0.248829	0.62107	0.620724	0.129382	0.274136	0.963908	0.919815	0.94874	0.770556	0.484343	
0.852008	0.0371847	0.417304	0.52101	0.830586	0.240117	0.334646	0.889724	0.283414	0.961046	0.131426	0.0882095	0.789677	0.771513	0.301949	0.432788	0.0710623	0.458478	0.371216	0.432311	0.617683	0.50523	0.383242	0.191695	0.785298	0.415404	0.345894	0.403218	0.205958	0.324672	
0.0121661	0.562234	0.47647	0.946571	0.706563	0.538632	0.359375	0.882532	0.0201772	0.438664	0.941642	0.513882	0.652924	0.492155	0.66866	0.769105	0.250376	0.256342	0.0530043	0.797805	0.479242	0.747498	0.247859	0.839626	0.321203	0.326405	0.682192	0.514964	0.0373925	0.0170233	
0.588876	0.585696	0.553801	0.659497	0.312585	0.257936	0.791976	0.445658	0.170622	0.40173	0.323276	0.463691	0.190396	0.0916325	0.796304	0.827419	0.529081	0.973901	0.897865	0.731845	0.838408	0.0636551	0.0214498	0.903411	0.402012	0.508839	0.983487	0.262823	0.55983	0.661004	
0.476856	0.122817	0.28127	0.56379	0.575714	0.298798	0.95694	0.33771	0.890991	0.703516	0.806122	0.604585	0.685887	0.195211	0.255525	0.467357	0.11948	0.203257	0.566996	0.85463	0.731338	0.59914	0.137269	0.824276	0.17229	0.400271	0.450854	0.768552	0.50243	0.372654	
0.370455	0.176916	0.159057	0.347572	0.211865	0.63864	0.337629	0.951519	0.72089	0.547325	0.261246	0.474559	0.987141	0.503339	0.707362	0.685238	0.153311	0.597988	0.671326	0.173551	0.00586498	0.0699531	0.673062	0.169784	0.369973	0.0181708	0.444846	0.259023	0.126141	0.129131	
0.2831	0.0950536	0.144091	0.650765	0.111261	0.064006	0.316554	0.791349	0.212543	0.187741	0.339478	0.565693	0.660433	0.514292	0.513073	0.449459	0.0843105	0.837067	0.0816507	0.200026	0.971172	0.576497	0.155463	0.10024	0.860247	0.256965	0.133381	0.856038	0.240623	0.791826	
0.826147	0.917769	0.279011	0.0985546	0.708989	0.945521	0.203504	0.0899283	0.721289	0.157303	0.348313	0.766379	0.938428	0.991344	0.122466	0.929774	0.116032	0.945787	0.863188	0.836068	0.144973	0.946263	0.572378	0.431973	0.567259	0.670345	0.781994	0.674694	0.778074	0.0125763	
0.806413	0.0453692	0.123248	0.634269	0.887394	0.364787	0.874163	0.249315	0.375816	0.989073	0.688838	0.574214	0.68685	0.0711528	0.793444	0.492971	0.508696	0.795723	0.712414	0.54996	0.622749	0.687106	0.938266	0.203931	0.235691	0.764221	0.186184	0.127908	0.828345	0.428371	
