10	30
43.3942	0.0571993
49.991	0.30181
43.2994	0.407923
45.3629	0.403247
51.5665	0.968378
47.3722	0.403118
44.8804	0.312536
47.6143	0.377306
46.0369	0.923108
48.4342	0.778364
20.7243
21.1307
7.77292
40.7999
1.10775
1.85184
17.8737
40.6682
42.4643
46.6379
25.6524
12.3856
21.9495
17.226
38.9853
22.1466
6.34582
18.0794
20.0733
16.6674
13.1902
25.5922
4.51558
36.7902
41.9012
25.6565
18.8071
39.3986
22.1445
21.5844
0.868985	0.978876	0.0680479	0.285126	0.668817	0.810295	0.532736	0.216879	0.18502	0.823566	0.355115	0.966495	0.950286	0.311182	0.28234	0.637452	0.762551	0.689514	0.0149508	0.524065	0.446121	0.632783	0.563426	0.844304	0.902236	0.653201	0.0845299	0.363916	0.598396	0.959762	
0.971437	0.747943	0.674162	0.327025	0.0790993	0.885789	0.851888	0.625722	0.0811114	0.777784	0.937271	0.7104	0.872432	0.18756	0.410541	0.365516	0.560896	0.333277	0.449502	0.804669	0.726192	0.0165763	0.666546	0.448509	0.468998	0.0319264	0.619042	0.308557	0.643485	0.28911	
0.619142	0.972287	0.0442466	0.793056	0.769271	0.376254	0.13302	0.30059	0.554957	0.703294	0.422185	0.858918	0.653766	0.125884	0.946477	0.954199	0.201109	0.61139	0.28095	0.124561	0.00998512	0.138913	0.706197	0.995778	0.509771	0.724927	0.455384	0.917235	0.132328	0.574148	
0.498953	0.320209	0.645037	0.943727	0.542191	0.26735	0.829415	0.541811	0.469891	0.352669	0.301175	0.657413	0.588752	0.246396	0.918567	0.625817	0.248884	0.0111775	0.0230433	0.573606	0.392584	0.231085	0.291849	0.550516	0.307062	0.0599452	0.816331	0.439853	0.901675	0.853775	
0.720087	0.291906	0.0508248	0.492598	0.914517	0.861332	0.240572	0.556567	0.742661	0.978038	0.789338	0.49466	0.693852	0.00471826	0.943574	0.866376	0.746404	0.980444	0.0215911	0.172118	0.840872	0.370419	0.510474	0.34116	0.47949	0.923424	0.503767	0.921291	0.991299	0.640639	
0.513183	0.520771	0.377526	0.551482	0.0598615	0.536711	0.747573	0.603108	0.696268	0.287314	0.77625	0.840749	0.527504	0.564719	0.409513	0.493648	0.911289	0.0849072	0.478998	0.504792	0.17905	0.764046	0.648963	0.181603	0.204298	0.184559	0.773823	0.265495	0.224966	0.14213	
0.925633	0.634951	0.446991	0.742538	0.580211	0.880823	0.677084	0.927808	0.741854	0.0275285	0.7284	0.105746	0.307709	0.803712	0.978482	0.608923	0.442681	0.139836	0.8827	0.0535501	0.0393581	0.315126	0.621506	0.693778	0.869711	0.826976	0.710296	0.179637	0.481118	0.47007	
0.389945	0.451537	0.664046	0.545789	0.589662	0.837521	0.500021	0.0691946	0.40802	0.602874	0.795085	0.5517	0.164752	0.562251	0.997236	0.096268	0.216494	0.766518	0.271303	0.456038	0.574244	0.892621	0.49893	0.286386	0.329688	0.803826	0.584015	0.078039	0.069443	0.497749	
0.657615	0.370429	0.00949332	0.864981	0.592965	0.767998	0.263954	0.961769	0.881455	0.372216	0.0606027	0.619536	0.738779	0.515458	0.00710841	0.376049	0.90987	0.428183	0.513237	0.94374	0.663807	0.334586	0.834562	0.0861986	0.514227	0.491421	0.440208	0.22022	0.538036	0.395097	
0.935841	0.645785	0.820962	0.480179	0.547845	0.115772	0.798937	0.242736	0.547582	0.0822595	0.840247	0.149781	0.775889	0.33059	0.882165	0.255246	0.387118	0.041415	0.463165	0.5654	0.0790025	0.436249	0.309898	0.727849	0.803472	0.475241	0.236858	0.115389	0.398268	0.0021356	
