10	40
47.2247	0.338718
48.4427	0.871833
46.1318	0.598876
48.2159	0.343095
44.4802	0.687118
40.6351	0.357985
47.5958	0.21256
43.6463	0.407364
43.2791	0.751628
44.4994	0.224457
44.846
48.0927
38.8144
3.12995
37.8459
8.35824
42.1637
13.5458
4.2129
44.9162
13.9312
16.842
25.424
39.65
37.8211
3.12514
39.0985
36.064
36.7655
10.541
28.3505
7.73969
31.6009
3.54829
3.62434
37.9701
11.8616
33.2017
13.44
4.42658
47.4194
7.88639
37.4836
46.2187
27.5391
17.9333
3.9302
43.961
27.5651
1.60748
0.783146	0.234834	0.744305	0.955802	0.409316	0.524722	0.0883097	0.522749	0.845393	0.533374	0.877392	0.0227766	0.26895	0.933539	0.884146	0.344906	0.72465	0.276897	0.111547	0.802965	0.174637	0.421248	0.0358551	0.235375	0.944741	0.27963	0.380199	0.30068	0.365144	0.636939	0.434157	0.0530597	0.0720415	0.554274	0.546363	0.78588	0.0110998	0.217117	0.460417	0.000490815	
0.484323	0.264028	0.588565	0.838104	0.147018	0.26985	0.572421	0.404499	0.189451	0.324977	0.115269	0.506322	0.681056	0.32035	0.96852	0.0381971	0.102369	0.890702	0.462135	0.311896	0.179246	0.848331	0.236071	0.873415	0.533197	0.910865	0.645034	0.596256	0.651842	0.265464	0.0495356	0.134684	0.197318	0.538973	0.356875	0.610774	0.923121	0.287251	0.123568	0.238023	
0.119366	0.0636587	0.756601	0.395789	0.861092	0.636846	0.485482	0.943761	0.824085	0.451072	0.413266	0.835089	0.660491	0.136228	0.830688	0.443939	0.336972	0.0810536	0.895163	0.209411	0.831511	0.167746	0.245291	0.725884	0.788048	0.437896	0.439045	0.700084	0.900042	0.829819	0.728381	0.288759	0.862902	0.458332	0.251847	0.381958	0.508314	0.987855	0.751953	0.744755	
0.48375	0.40578	0.506512	0.10538	0.0957932	0.605386	0.767629	0.740167	0.546313	0.99834	0.674029	0.646644	0.759891	0.804949	0.889817	0.0637769	0.403912	0.711054	0.985669	0.976744	0.531504	0.562898	0.135953	0.910168	0.955488	0.668208	0.108453	0.0817611	0.907777	0.766299	0.856496	0.282128	0.0324819	0.198263	0.0926151	0.642598	0.41175	0.834399	0.938503	0.80221	
0.770777	0.476679	0.153577	0.277816	0.246399	0.409061	0.0105306	0.742699	0.734943	0.332817	0.416038	0.860909	0.389006	0.577528	0.66163	0.312166	0.0105285	0.601771	0.572604	0.511916	0.995388	0.24686	0.521448	0.798592	0.725139	0.0444801	0.28104	0.0891804	0.0248291	0.09264	0.968654	0.220776	0.101799	0.624977	0.606202	0.0437522	0.365564	0.0265091	0.970737	0.076237	
0.444971	0.445866	0.385154	0.421397	0.908468	0.43502	0.912134	0.138153	0.329681	0.382671	0.899618	0.418354	0.617338	0.728454	0.26989	0.995974	0.153244	0.337858	0.972843	0.158143	0.997637	0.717199	0.504083	0.593589	0.693544	0.66812	0.743442	0.129524	0.210408	0.230423	0.184528	0.00835448	0.374198	0.862884	0.364679	0.0657979	0.298902	0.0808191	0.0614498	0.77374	
0.800421	0.665267	0.0576058	0.337843	0.6944	0.538823	0.627356	0.248493	0.450581	0.21568	0.936603	0.145226	0.866501	0.840502	0.174084	0.375089	0.759249	0.700063	0.80188	0.264615	0.65064	0.105396	0.44198	0.389713	0.312386	0.994844	0.583458	0.14483	0.749131	0.590925	0.668572	0.781916	0.94512	0.990003	0.202975	0.928832	0.105861	0.661797	0.141219	0.995603	
0.123334	0.41356	0.0135153	0.0306708	0.779989	0.803728	0.254581	0.456583	0.231169	0.0353786	0.209329	0.195639	0.243952	0.428818	0.42024	0.866741	0.438491	0.265804	0.979496	0.625014	0.286387	0.47476	0.707455	0.290926	0.327195	0.814137	0.649007	0.268622	0.57042	0.962838	0.0790675	0.874086	0.839564	0.604319	0.358509	0.013784	0.66281	0.0462336	0.924959	0.417154	
0.0408573	0.551565	0.82388	0.98722	0.880655	0.71414	0.0394299	0.763349	0.590147	0.556206	0.298495	0.78462	0.364536	0.755803	0.715325	0.992382	0.208292	0.846714	0.114189	0.585147	0.808149	0.938502	0.514722	0.145397	0.464169	0.136295	0.806448	0.01093	0.358381	0.304985	0.90867	0.516056	0.0852072	0.476479	0.676758	0.594926	0.940861	0.854871	0.243406	0.955093	
0.984038	0.838465	0.272316	0.522049	0.9744	0.110003	0.591162	0.114021	0.397948	0.17887	0.503107	0.14128	0.16756	0.201685	0.385312	0.251505	0.376738	0.557583	0.704236	0.783591	0.737752	0.696317	0.632387	0.0270441	0.266699	0.852498	0.360344	0.133285	0.742716	0.138521	0.472012	0.918249	0.0890225	0.445347	0.388794	0.736199	0.0616984	0.249749	0.23193	0.65205	
