10	20
44.0452	0.951326
43.5897	0.208409
45.1087	0.397911
41.897	0.757259
50.3386	0.415089
49.8286	0.237013
40.9634	0.692289
40.941	0.522098
44.5203	0.731284
46.623	0.656483
28.788
5.44629
27.4811
41.0392
31.7192
11.1059
35.7263
12.457
7.96695
3.44053
46.9955
3.12689
12.9164
9.3019
26.3362
33.5828
15.6253
43.3687
7.24351
47.5055
0.988721	0.129743	0.707771	0.242844	0.371414	0.254315	0.944668	0.731903	0.0438517	0.437626	0.988651	0.444261	0.859971	0.0990754	0.705975	0.0945615	0.440636	0.781675	0.0928381	0.252093	
0.381128	0.451977	0.967525	0.620934	0.1215	0.909884	0.00238699	0.700916	0.720703	0.719705	0.136045	0.661496	0.600372	0.952147	0.760935	0.52086	0.46848	0.800954	0.785856	0.402959	
0.873079	0.101079	0.725646	0.443718	0.29433	0.302585	0.0545347	0.0996357	0.591819	0.03864	0.165967	0.21106	0.0322249	0.765326	0.676989	0.521966	0.0643213	0.262082	0.588687	0.995341	
0.685052	0.173457	0.0976648	0.249907	0.8987	0.198107	0.367723	0.490939	0.449656	0.0353231	0.99142	0.236663	0.679602	0.781378	0.95786	0.243625	0.654334	0.648334	0.470227	0.670916	
0.631652	0.831929	0.152806	0.955761	0.822919	0.854006	0.706676	0.826747	0.876124	0.475412	0.234275	0.0108888	0.255347	0.537	0.769275	0.465406	0.509891	0.262607	0.200454	0.611559	
0.13725	0.328236	0.132495	0.217438	0.523277	0.517913	0.858011	0.77318	0.0243697	0.434393	0.874307	0.855839	0.387953	0.0792779	0.639513	0.375051	0.871339	0.97132	0.829226	0.0507796	
0.396469	0.478223	0.279499	0.252942	0.882142	0.453592	0.911442	0.768751	0.00981575	0.492549	0.601631	0.113689	0.194437	0.0403566	0.867495	0.47316	0.524967	0.747843	0.82771	0.148674	
0.398548	0.610106	0.67352	0.0229842	0.773787	0.675203	0.943668	0.982858	0.427176	0.382826	0.828606	0.710148	0.984521	0.541421	0.983939	0.874963	0.498256	0.325013	0.213575	0.731562	
0.69596	0.582705	0.726962	0.048292	0.263543	0.357438	0.110146	0.109197	0.84341	0.262815	0.209569	0.670685	0.436069	0.146016	0.338954	0.235498	0.450513	0.250197	0.297752	0.820392	
0.491643	0.649268	0.0526542	0.0521424	0.241047	0.902373	0.89692	0.924938	0.755545	0.961245	0.291878	0.372826	0.964605	0.203801	0.920012	0.689683	0.578878	0.199255	0.796067	0.231263	
