15	20
71.4527	0.675822
70.8528	0.859679
65.881	0.90898
71.2421	0.222048
74.2674	0.694909
74.243	0.247632
65.7686	0.186838
71.0461	0.17166
63.3645	0.158403
65.3565	0.0807292
72.0527	0.243285
67.1732	0.72847
74.3059	0.131618
65.7826	0.961951
72.7443	0.661901
18.4338
25.8163
11.023
34.4328
10.1361
5.85313
24.4334
45.9809
23.476
37.0744
8.48624
17.8324
35.4502
28.58
31.6091
36.7839
39.306
8.2762
20.0602
28.2212
0.844128	0.898124	0.384159	0.391901	0.879594	0.656768	0.336305	0.475741	0.109636	0.682723	0.66538	0.213759	0.906027	0.274684	0.857397	0.110134	0.449143	0.195475	0.035764	0.895784	
0.548073	0.133344	0.883193	0.40284	0.580723	0.299805	0.888986	0.73337	0.743599	0.906006	0.256927	0.723562	0.432833	0.00890819	0.0660649	0.511419	0.226789	0.48752	0.778134	0.00859646	
0.296748	0.44284	0.58424	0.0987691	0.904769	0.804424	0.82697	0.361725	0.592182	0.454074	0.914523	0.970617	0.31946	0.468936	0.211597	0.722151	0.0631643	0.198098	0.727505	0.593814	
0.48996	0.469014	0.503082	0.639571	0.660652	0.657131	0.823216	0.470236	0.322809	0.317353	0.862517	0.73874	0.909199	0.545673	0.554556	0.722301	0.74683	0.842006	0.555286	0.636199	
0.971887	0.835805	0.504049	0.559406	0.405506	0.635786	0.988778	0.353199	0.379568	0.58669	0.717321	0.727701	0.823923	0.792913	0.302554	0.342288	0.0934881	0.588075	0.673305	0.578267	
0.108985	0.341487	0.225941	0.958948	0.79597	0.768532	0.953785	0.78111	0.0281781	0.0625247	0.734173	0.87764	0.265085	0.987102	0.816959	0.884925	0.56821	0.646851	0.773974	0.969313	
0.260735	0.304462	0.500968	0.640361	0.118983	0.429731	0.327657	0.592104	0.00646853	0.696854	0.715093	0.800452	0.673763	0.990135	0.0274542	0.925792	0.813085	0.266185	0.222706	0.362922	
0.419631	0.686994	0.0478589	0.50983	0.834455	0.679946	0.50643	0.832383	0.537817	0.729008	0.158841	0.667382	0.390001	0.361033	0.625965	0.13225	0.0771811	0.451966	0.818514	0.79059	
0.224064	0.244828	0.471283	0.0950162	0.50151	0.00354487	0.415241	0.854265	0.0561175	0.523124	0.550395	0.778397	0.722807	0.0839599	0.360537	0.384115	0.683368	0.204218	0.385957	0.580466	
0.128919	0.130058	0.255724	0.473211	0.264604	0.522165	0.158999	0.335849	0.0736093	0.404951	0.426735	0.747732	0.175872	0.986858	0.687439	0.67642	0.469862	0.135314	0.0405957	0.0768874	
0.627738	0.915256	0.754125	0.163165	0.85465	0.177907	0.16013	0.351641	0.882818	0.764571	0.298152	0.36851	0.142143	0.88639	0.577163	0.0462552	0.208435	0.569783	0.502056	0.745823	
0.652409	0.539725	0.322115	0.0369257	0.522057	0.994395	0.814752	0.121714	0.286634	0.929149	0.64665	0.236059	0.301526	0.686993	0.124439	0.826095	0.829782	0.206017	0.713861	0.0282589	
0.19954	0.519578	0.545703	0.38793	0.985103	0.814658	0.447443	0.366746	0.779502	0.268033	0.414386	0.53498	0.128676	0.872531	0.849326	0.974116	0.47729	0.392049	0.381702	0.591055	
0.615813	0.784597	0.487299	0.852657	0.499211	0.297818	0.882888	0.486143	0.976754	0.258963	0.800362	0.829784	0.576938	0.766903	0.705835	0.241527	0.975879	0.700909	0.39531	0.137489	
0.87518	0.761114	0.586117	0.240951	0.941035	0.380721	0.528629	0.982101	0.0383339	0.616202	0.919108	0.262282	0.943056	0.540995	0.235299	0.56243	0.102151	0.435023	0.805969	0.889532	
