10	30
40.7495	0.745936
41.7648	0.539523
42.3639	0.858065
43.0952	0.717065
44.4405	0.0505066
46.9314	0.199522
42.3518	0.482196
48.5665	0.454673
47.7311	0.648047
41.1401	0.327718
22.5457
40.9578
32.4078
23.232
29.8638
42.7807
44.3639
3.67821
19.9657
47.6984
17.1654
21.2958
13.6612
38.5862
31.7534
20.916
34.6552
5.50472
29.3353
30.545
37.9974
40.2996
43.3035
15.8511
29.082
8.18091
14.5247
9.27094
24.3932
39.4808
0.641524	0.545737	0.307733	0.846871	0.232836	0.826579	0.601432	0.750254	0.87533	0.977373	0.0317605	0.0635939	0.824784	0.902562	0.29141	0.201947	0.284247	0.522899	0.779223	0.682091	0.842473	0.915398	0.741747	0.202447	0.493738	0.188507	0.0791837	0.853413	0.380822	0.422581	
0.368016	0.156544	0.364362	0.431955	0.902846	0.347945	0.356599	0.483761	0.705391	0.373801	0.822901	0.917646	0.823178	0.365632	0.745721	0.947766	0.626707	0.155859	0.348741	0.536381	0.711551	0.0712627	0.676056	0.189914	0.578749	0.251065	0.216175	0.207493	0.554944	0.320063	
0.912698	0.530326	0.596565	0.00113686	0.207583	0.582321	0.883899	0.908824	0.903691	0.817551	0.590258	0.95926	0.49318	0.294649	0.166773	0.417301	0.817057	0.817853	0.485335	0.651579	0.303494	0.162099	0.620798	0.0564893	0.89605	0.138153	0.149644	0.977319	0.790643	0.606496	
0.828497	0.104497	0.835236	0.241942	0.696643	0.598115	0.12586	0.0918794	0.346019	0.153649	0.159162	0.741084	0.291728	0.0594528	0.904438	0.465692	0.548619	0.166723	0.183402	0.769118	0.110465	0.199734	0.876564	0.183224	0.408119	0.399966	0.266324	0.855427	0.820322	0.552015	
0.38258	0.0547184	0.585408	0.439576	0.627834	0.341777	0.134271	0.949253	0.172868	0.356454	0.731222	0.563535	0.880649	0.218341	0.952342	0.628048	0.813102	0.452641	0.178563	0.328802	0.969811	0.191138	0.368835	0.640714	0.617207	0.333385	0.141463	0.665998	0.370514	0.293278	
0.89813	0.844814	0.148067	0.573903	0.619411	0.367658	0.764695	0.489359	0.246566	0.290321	0.999068	0.275013	0.182287	0.4755	0.700101	0.172974	0.340017	0.104941	0.223781	0.889996	0.517313	0.861186	0.24408	0.914905	0.326712	0.296747	0.665423	0.187825	0.424159	0.10519	
0.678928	0.592599	0.298134	0.804391	0.491678	0.395592	0.895681	0.81959	0.236647	0.707051	0.81365	0.0133552	0.258407	0.920324	0.22541	0.785309	0.26315	0.464608	0.671443	0.0271879	0.14068	0.746223	0.720905	0.924478	0.397605	0.0114032	0.0376473	0.928058	0.970599	0.290167	
0.367114	0.232502	0.826727	0.957529	0.206645	0.78227	0.701001	0.496885	0.13026	0.501248	0.027005	0.908881	0.382277	0.999159	0.902977	0.328367	0.83696	0.630495	0.472179	0.185137	0.685916	0.465218	0.112336	0.179723	0.0827218	0.387649	0.747499	0.232491	0.208782	0.554548	
0.278223	0.379306	0.620061	0.0236482	0.205261	0.503197	0.55252	0.114505	0.918372	0.324031	0.662689	0.0992852	0.394676	0.299164	0.0524862	0.670676	0.0739172	0.167421	0.525694	0.602286	0.412519	0.390833	0.731718	0.779502	0.491332	0.196371	0.220647	0.708007	0.0261735	0.0948201	
0.00890587	0.993936	0.472484	0.624382	0.0474661	0.333285	0.394339	0.386085	0.0879753	0.890649	0.62499	0.844046	0.978334	0.261356	0.120024	0.564175	0.65262	0.942925	0.554467	0.217192	0.642947	0.343996	0.525816	0.448812	0.284288	0.674825	0.388739	0.98024	0.336001	0.776173	
