20	40
97.8684	0.481175
101.196	0.324305
92.4747	0.607034
95.4972	0.700725
98.2514	0.803466
100.882	0.951168
96.7816	0.0212668
101.331	0.773042
94.1562	0.506591
94.8979	0.577651
87.8231	0.281667
92.3472	0.274937
93.3451	0.730553
94.8643	0.249171
89.1428	0.8752
90.3479	0.701932
97.1963	0.553814
84.2561	0.371298
98.4028	0.431485
93.1079	0.70872
44.1684
33.985
16.7002
34.2035
8.41854
18.996
16.2214
49.6294
15.2368
4.88234
17.7639
7.38608
23.3612
24.1568
40.1313
2.07045
30.5467
30.9365
3.53669
32.3676
34.0261
24.219
31.7195
6.04744
30.811
20.3212
33.793
36.9911
2.34479
3.10904
28.3866
44.1652
5.53206
23.3805
19.6205
14.7109
43.1732
11.3561
39.289
20.0769
0.972437	0.0404413	0.131452	0.748698	0.440801	0.643023	0.234745	0.943503	0.292482	0.452573	0.12123	0.434356	0.841362	0.810628	0.511724	0.612154	0.965064	0.578784	0.575723	0.362274	0.135178	0.0852559	0.685473	0.958705	0.676915	0.642674	0.65298	0.767016	0.712189	0.78775	0.764169	0.368535	0.246989	0.370771	0.108005	0.594667	0.859002	0.639367	0.0378984	0.454616	
0.529452	0.342851	0.247073	0.307373	0.683279	0.356109	0.525969	0.476373	0.647579	0.70331	0.601349	0.30487	0.982227	0.477476	0.304512	0.366527	0.760961	0.325928	0.861959	0.95271	0.882617	0.82623	0.947377	0.0344722	0.609894	0.582273	0.298759	0.529272	0.0166281	0.860898	0.05791	0.0865211	0.689613	0.997563	0.872781	0.266323	0.417915	0.0554848	0.787631	0.0329081	
0.936957	0.190303	0.3908	0.984497	0.307679	0.106414	0.0995567	0.201645	0.181252	0.663704	0.839064	0.0563522	0.608379	0.265157	0.579036	0.0289663	0.831486	0.686033	0.256818	0.403335	0.785978	0.971648	0.308271	0.75792	0.678956	0.333751	0.858919	0.394377	0.881857	0.644896	0.982533	0.525067	0.198865	0.206152	0.463128	0.554792	0.554186	0.147023	0.265787	0.1222	
0.887369	0.103931	0.119102	0.0113899	0.0826662	0.0355318	0.52093	0.591098	0.830301	0.0463936	0.0719471	0.785321	0.254577	0.613674	0.134964	0.768494	0.610573	0.77896	0.896563	0.273218	0.487667	0.856661	0.614035	0.899521	0.0225107	0.154798	0.925841	0.922723	0.15318	0.207684	0.950452	0.666737	0.320754	0.446468	0.278201	0.904635	0.599361	0.887265	0.158511	0.656282	
0.341419	0.282843	0.743304	0.544709	0.206822	0.137887	0.907158	0.147792	0.0668421	0.123396	0.800909	0.385298	0.944218	0.730442	0.0100775	0.941187	0.943572	0.0934235	0.449389	0.059871	0.824199	0.551936	0.708762	0.359571	0.868696	0.851884	0.106604	0.581822	0.991583	0.0489504	0.184244	0.533185	0.888261	0.876226	0.651786	0.840988	0.992049	0.0746458	0.859161	0.915978	
0.176555	0.186498	0.766906	0.453315	0.728296	0.487148	0.33399	0.757488	0.490173	0.919188	0.819185	0.746191	0.0698834	0.409899	0.83842	0.573393	0.803322	0.481252	0.332458	0.015382	0.408025	0.946948	0.818274	0.320722	0.264025	0.610812	0.895155	0.75053	0.691564	0.273405	0.347798	0.731712	0.135559	0.601631	0.463458	0.761018	0.0219523	0.518104	0.994993	0.184175	
0.922418	0.498554	0.952976	0.441812	0.436413	0.0683087	0.645318	0.958359	0.550199	0.836236	0.669219	0.749322	0.488235	0.0682501	0.3738	0.301435	0.289376	0.217331	0.883956	0.911541	0.889111	0.741944	0.361209	0.0598027	0.745342	0.233094	0.357593	0.214589	0.00200714	0.116657	0.171622	0.131818	0.814151	0.954335	0.733041	0.722647	0.406736	0.355399	0.32292	0.722677	
0.218259	0.8106	0.475941	0.258048	0.767431	0.113829	0.258819	0.628461	0.84321	0.531672	0.435829	0.0109615	0.359331	0.680459	0.0700918	0.37049	0.195836	0.780823	0.400778	0.39141	0.509673	0.436728	0.291986	0.209746	0.578287	0.76342	0.721988	0.217871	0.999373	0.888408	0.218899	0.97111	0.616224	0.277423	0.591401	0.815378	0.731172	0.361507	0.520087	0.678281	
0.114999	0.0871363	0.324104	0.500041	0.920852	0.671958	0.46044	0.981177	0.389685	0.995087	0.168975	0.520497	0.110461	0.902182	0.886996	0.875684	0.557758	0.133749	0.687807	0.542996	0.152322	0.9563	0.789972	0.86609	0.414283	0.142192	0.51673	0.443878	0.641831	0.638123	0.848954	0.530737	0.933474	0.257987	0.418744	0.650225	0.75866	0.884339	0.454492	0.188394	
0.499248	0.236591	0.0942918	0.688756	0.0791813	0.388661	0.375673	0.0631505	0.131498	0.10057	0.66799	0.0526745	0.855858	0.821983	0.835092	0.37553	0.244715	0.302486	0.755778	0.710176	0.255986	0.541489	0.557815	0.672372	0.238575	0.0498203	0.070229	0.98185	0.779103	0.453716	0.614979	0.970134	0.364433	0.0782446	0.101063	0.842139	0.122061	0.380534	0.700871	0.500747	
0.301697	0.384117	0.0343115	0.152306	0.515001	0.408845	0.00415366	0.619755	0.661018	0.296892	0.877385	0.143157	0.505411	0.0874399	0.284112	0.338947	0.592815	0.694008	0.59172	0.15385	0.515248	0.542441	0.882293	0.457325	0.847509	0.841897	0.757999	0.405625	0.07538	0.482908	0.0368295	0.497033	0.89738	0.0577631	0.551123	0.455823	0.088428	0.561256	0.547127	0.0366658	
0.233743	0.934734	0.21979	0.881297	0.124114	0.708792	0.618124	0.428351	0.184474	0.730941	0.536394	0.708401	0.66384	0.709363	0.171919	0.397562	0.459741	0.927928	0.591305	0.97047	0.602637	0.754808	0.44064	0.659879	0.447616	0.146015	0.0528744	0.453066	0.132963	0.00587644	0.290395	0.269756	0.763294	0.777464	0.574799	0.657249	0.840306	0.687261	0.721534	0.496681	
0.821514	0.796294	0.982166	0.154039	0.739292	0.141135	0.0410643	0.953739	0.603706	0.789034	0.888172	0.321316	0.0187275	0.690404	0.0464062	0.628928	0.188353	0.997988	0.525752	0.0916264	0.74397	0.202688	0.459894	0.798189	0.231778	0.865798	0.31362	0.757085	0.57815	0.108935	0.231293	0.796723	0.253426	0.819068	0.434739	0.826643	0.891982	0.999877	0.850319	0.549838	
0.38123	0.187424	0.724432	0.116833	0.41539	0.730348	0.695873	0.479492	0.336186	0.0367823	0.726328	0.408772	0.28847	0.560679	0.946245	0.0212591	0.529736	0.871726	0.00278603	0.915902	0.318347	0.231616	0.675421	0.871033	0.0799913	0.00597959	0.220876	0.447106	0.82758	0.241759	0.47232	0.799659	0.214409	0.751989	0.567513	0.519827	0.195568	0.201772	0.0782906	0.426646	
0.418244	0.726111	0.894278	0.704995	0.703178	0.552466	0.99419	0.546223	0.676556	0.769054	0.415705	0.675223	0.510834	0.995991	0.85984	0.999154	0.741599	0.907899	0.778878	0.376176	0.25019	0.526215	0.770832	0.972524	0.0666374	0.770802	0.772964	0.864966	0.626885	0.72583	0.683216	0.938553	0.63276	0.439109	0.15816	0.357252	0.546536	0.503632	0.627223	0.564524	
0.436376	0.488925	0.393757	0.505499	0.698893	0.220789	0.927317	0.188663	0.347705	0.829123	0.864221	0.465348	0.972937	0.211845	0.912897	0.564638	0.232449	0.193155	0.0769376	0.312748	0.95913	0.73403	0.50525	0.151788	0.922121	0.208287	0.997029	0.335408	0.656573	0.608335	0.976353	0.217669	0.109626	0.805823	0.0752764	0.270089	0.400878	0.211692	0.150141	0.427329	
0.773114	0.837918	0.615228	0.851206	0.1554	0.674778	0.710861	0.916608	0.541545	0.438076	0.0170777	0.367886	0.949383	0.244445	0.504371	0.336813	0.484253	0.78024	0.723438	0.309616	0.264747	0.288023	0.845479	0.689469	0.685591	0.0930326	0.494786	0.530167	0.893383	0.808284	0.454635	0.940638	0.45561	0.305542	0.250802	0.969384	0.0824809	0.056991	0.341165	0.121076	
0.987824	0.343938	0.880237	0.775146	0.932667	0.825799	0.28089	0.578471	0.589823	0.236577	0.309607	0.68119	0.828662	0.293978	0.0100675	0.761974	0.957	0.86265	0.440617	0.324553	0.836149	0.824783	0.819772	0.0971522	0.820117	0.412751	0.733161	0.472655	0.445353	0.749066	0.316399	0.859151	0.254715	0.965293	0.729402	0.99524	0.234331	0.925331	0.236744	0.704143	
0.926208	0.998716	0.435687	0.747656	0.384629	0.624216	0.015939	0.380797	0.771989	0.683662	0.00536797	0.74729	0.161399	0.134182	0.448136	0.984433	0.82234	0.394477	0.340955	0.755915	0.504237	0.522233	0.327398	0.471004	0.0679181	0.809612	0.924823	0.16135	0.590074	0.352796	0.808696	0.0875464	0.901994	0.531516	0.394858	0.77374	0.707422	0.551486	0.149865	0.977368	
0.583482	0.769747	0.0072071	0.211622	0.380848	0.969782	0.0387031	0.219936	0.688212	0.283656	0.409909	0.215354	0.139046	0.542393	0.945937	0.220833	0.657141	0.277709	0.157789	0.520614	0.285763	0.453525	0.317616	0.161151	0.140264	0.851084	0.633451	0.284219	0.858781	0.9637	0.175717	0.97551	0.800534	0.486953	0.100251	0.0193965	0.508086	0.41427	0.12173	0.0117168	
