15	40
65.2451	0.300998
61.8768	0.544025
68.6886	0.502381
60.5607	0.339415
61.1517	0.525891
69.9271	0.570544
64.8463	0.000647404
73.9956	0.420858
71.6231	0.792088
70.9508	0.805946
73.8883	0.567814
70.8166	0.364391
64.6726	0.202317
67.1778	0.0107092
66.3945	0.839443
45.8981
10.5465
42.4245
33.0657
3.36857
13.2726
32.5966
39.7779
6.00731
25.8793
41.7264
33.4951
38.123
17.0461
22.3176
12.3234
12.2187
1.16298
25.8101
37.4307
14.4259
20.6752
13.9665
9.07619
6.95511
30.5546
22.9713
46.0624
19.4305
23.5433
6.29514
16.736
3.66523
29.0829
10.8929
44.9237
36.3871
34.3664
14.7232
13.3589
0.667108	0.221814	0.644944	0.374754	0.917231	0.455415	0.0899479	0.571078	0.826096	0.431843	0.0247472	0.139244	0.18836	0.705668	0.778873	0.329786	0.65206	0.915551	0.883358	0.776244	0.511393	0.882167	0.220749	0.332138	0.94831	0.514744	0.365594	0.570749	0.369169	0.233616	0.172968	0.784645	0.842171	0.994623	0.588537	0.302335	0.418831	0.172462	0.487699	0.518051	
0.899749	0.976812	0.798744	0.249656	0.692121	0.656516	0.306992	0.935593	0.0912397	0.214704	0.77446	0.610426	0.53847	0.422666	0.874809	0.831693	0.985919	0.531847	0.550793	0.188315	0.526651	0.744681	0.925921	0.877755	0.879606	0.184672	0.677732	0.272561	0.92173	0.6101	0.699007	0.0895051	0.604592	0.625995	0.194419	0.772446	0.524642	0.597022	0.422242	0.773094	
0.38171	0.0740614	0.747847	0.125321	0.144553	0.331818	0.662666	0.0496089	0.568286	0.0187283	0.968152	0.428348	0.15133	0.058819	0.66146	0.227626	0.11603	0.15004	0.577426	0.391619	0.226059	0.364415	0.419745	0.848018	0.955442	0.300302	0.371237	0.0589434	0.823465	0.108557	0.954173	0.217913	0.43884	0.654209	0.84503	0.74082	0.729646	0.590455	0.404004	0.562862	
0.61063	0.89084	0.450086	0.660033	0.867728	0.521376	0.928002	0.00440372	0.6755	0.776379	0.912599	0.951964	0.304973	0.0511059	0.631914	0.932853	0.309095	0.809863	0.427888	0.539474	0.115836	0.126418	0.260863	0.879609	0.335359	0.662389	0.191084	0.683426	0.382503	0.984213	0.813093	0.332254	0.264255	0.783553	0.148355	0.482938	0.581626	0.968677	0.9008	0.628695	
0.0346294	0.325974	0.0893047	0.713973	0.794781	0.635701	0.0285447	0.697229	0.236339	0.489824	0.71803	0.194112	0.29672	0.673865	0.839354	0.65471	0.0365594	0.443528	0.699977	0.120934	0.840452	0.0907155	0.331145	0.736986	0.899624	0.449684	0.464555	0.428553	0.799081	0.432794	0.959331	0.793842	0.20894	0.431936	0.595023	0.948563	0.642576	0.0458851	0.13095	0.237518	
0.515675	0.0252844	0.487061	0.394566	0.633905	0.149293	0.286316	0.68934	0.19342	0.133108	0.356196	0.368453	0.832126	0.986681	0.95817	0.304077	0.0438585	0.381458	0.145338	0.21335	0.571464	0.431086	0.890049	0.20987	0.111952	0.838973	0.437582	0.16118	0.692653	0.319402	0.634296	0.504622	0.79078	0.189976	0.0741209	0.764206	0.808144	0.747874	0.909391	0.360063	
0.93632	0.603886	0.100122	0.315942	0.188633	0.849224	0.236383	0.680865	0.12988	0.163739	0.460854	0.302821	0.916293	0.55997	0.508257	0.193448	0.042844	0.3174	0.246961	0.501077	0.050835	0.876998	0.631841	0.468289	0.719627	0.405628	0.837281	0.286944	0.342748	0.838422	0.585217	0.0149785	0.539135	0.640594	0.41483	0.129781	0.588446	0.559498	0.998036	0.815649	
0.779329	0.343106	0.671409	0.149238	0.412077	0.797115	0.397587	0.131365	0.742105	0.937811	0.567867	0.68054	0.0434176	0.715963	0.24848	0.901745	0.114393	0.341446	0.628849	0.728272	0.979913	0.981047	0.693833	0.523697	0.178644	0.333128	0.75004	0.0128574	0.2014	0.525991	0.444842	0.722382	0.568847	0.183153	0.766276	0.0285066	0.926013	0.583648	0.0567339	0.48601	
0.673146	0.639404	0.0213462	0.161428	0.887193	0.451773	0.681418	0.159296	0.0918345	0.148912	0.80929	0.861	0.402856	0.786103	0.434631	0.690459	0.484763	0.434257	0.744867	0.854497	0.541556	0.445259	0.508881	0.235119	0.349068	0.97769	0.657656	0.390245	0.26638	0.970179	0.440761	0.409797	0.640603	0.767968	0.653718	0.697262	0.125066	0.459407	0.785181	0.121332	
0.215824	0.748496	0.226976	0.435219	0.434048	0.757055	0.0235168	0.897616	0.629532	0.659995	0.00993035	0.570627	0.735579	0.969408	0.757057	0.844563	0.765088	0.188361	0.15376	0.847021	0.164238	0.271392	0.773429	0.154281	0.0330277	0.328858	0.982963	0.421936	0.652549	0.19724	0.345839	0.814342	0.963885	0.242304	0.211868	0.199865	0.645633	0.883305	0.987483	0.863307	
0.384365	0.230352	0.174641	0.947014	0.607299	0.164489	0.609205	0.386638	0.458605	0.593404	0.987113	0.429399	0.121401	0.63377	0.629471	0.474204	0.938761	0.903078	0.833242	0.600488	0.745377	0.743243	0.455646	0.930055	0.219209	0.307529	0.56718	0.343449	0.647763	0.851124	0.208366	0.908626	0.133287	0.331663	0.521187	0.633136	0.133505	0.85952	0.894332	0.739687	
0.182321	0.383957	0.144924	0.791412	0.0373208	0.930605	0.482167	0.00437613	0.170066	0.255087	0.533728	0.404037	0.704191	0.571449	0.874807	0.693688	0.367074	0.942916	0.164724	0.968379	0.992206	0.0842962	0.208365	0.275807	0.474518	0.399913	0.383245	0.186815	0.0724869	0.583337	0.819338	0.217596	0.415222	0.631728	0.981554	0.323914	0.284751	0.0287135	0.814747	0.230915	
0.848632	0.505136	0.0335609	0.974197	0.747572	0.211644	0.930241	0.939232	0.124408	0.203659	0.166397	0.14743	0.392209	0.29318	0.215839	0.611871	0.721677	0.867246	0.111954	0.351563	0.35406	0.515066	0.884944	0.789097	0.0503415	0.441245	0.305174	0.895744	0.54309	0.771377	0.128672	0.119774	0.540687	0.0421444	0.119732	0.60764	0.246245	0.212996	0.52671	0.338644	
0.0484388	0.693596	0.0509752	0.28848	0.504781	0.349642	0.821628	0.496284	0.421468	0.549374	0.116501	0.0716272	0.299089	0.120417	0.0512023	0.819336	0.270839	0.177895	0.418677	0.913812	0.285173	0.363866	0.297101	0.13276	0.531075	0.764968	0.406499	0.999556	0.0493812	0.110799	0.584963	0.175323	0.00828052	0.805765	0.818599	0.923738	0.687953	0.686538	0.717759	0.886705	
0.987833	0.695066	0.419214	0.171397	0.0268051	0.141013	0.382853	0.630852	0.384643	0.172471	0.145412	0.0146963	0.740871	0.818584	0.401393	0.195469	0.715454	0.726064	0.0880688	0.688121	0.409701	0.327644	0.773331	0.675073	0.548079	0.68849	0.853358	0.245278	0.652116	0.893336	0.552638	0.790268	0.086951	0.871846	0.820423	0.493381	0.570405	0.928887	0.212861	0.235414	
