15	30
76.7232	0.937374
70.3212	0.684847
74.7631	0.0585609
75.4324	0.691487
63.5359	0.753422
65.6794	0.497704
64.561	0.359014
69.8741	0.476038
74.3761	0.985822
62.754	0.839181
69.6143	0.277408
71.941	0.85049
64.7569	0.592833
66.6924	0.0493859
70.3081	0.373979
45.6351
19.542
27.4626
24.3884
36.1286
16.6591
41.2694
11.365
14.1343
5.65182
29.865
1.65309
2.63117
12.7483
39.231
3.77715
39.0346
31.2221
33.7782
8.31548
7.75414
14.5685
20.3156
16.9938
4.41075
25.2265
7.1999
11.8788
29.7508
13.9781
0.622659	0.546252	0.515083	0.235604	0.813149	0.0172963	0.96291	0.846365	0.723906	0.597644	0.39345	0.65388	0.401239	0.861271	0.38029	0.0970135	0.028401	0.0612778	0.473905	0.180969	0.900753	0.406213	0.940678	0.186713	0.87595	0.983003	0.779977	0.109927	0.36727	0.168641	
0.778617	0.958104	0.112231	0.556173	0.699357	0.966409	0.0672027	0.338168	0.510044	0.666717	0.869511	0.572758	0.961405	0.45089	0.47218	0.616713	0.387378	0.896841	0.940564	0.0682036	0.650568	0.300689	0.940071	0.718632	0.143748	0.115884	0.902552	0.361491	0.859072	0.46259	
0.946831	0.719375	0.821953	0.673676	0.279416	0.21437	0.161962	0.101057	0.66432	0.912556	0.667368	0.259036	0.056238	0.855732	0.0295784	0.253171	0.525866	0.220563	0.960084	0.852239	0.113533	0.0471313	0.553117	0.651293	0.746261	0.738712	0.715267	0.639955	0.999128	0.787434	
0.644696	0.287787	0.848788	0.217505	0.935845	0.342554	0.83974	0.460322	0.770344	0.00808114	0.951116	0.626267	0.218168	0.481226	0.990233	0.476643	0.791115	0.308715	0.775354	0.409062	0.960839	0.656807	0.0707373	0.0472146	0.0815061	0.846707	0.953475	0.931912	0.651253	0.178011	
0.7369	0.470165	0.274913	0.38531	0.0249477	0.179127	0.691452	0.173653	0.452143	0.91324	0.454866	0.39978	0.65909	0.355494	0.724121	0.378594	0.196409	0.444912	0.11233	0.0180024	0.945571	0.216137	0.729863	0.192537	0.463589	0.93123	0.404864	0.10727	0.950718	0.225757	
0.128165	0.425621	0.789291	0.927288	0.893585	0.314485	0.118097	0.612776	0.275687	0.783057	0.394198	0.972785	0.248645	0.854627	0.86793	0.99838	0.484375	0.489476	0.311592	0.611311	0.289884	0.0655538	0.2947	0.733951	0.523111	0.578736	0.314755	0.356544	0.726818	0.895772	
0.969217	0.01568	0.369236	0.973783	0.420783	0.0227425	0.588338	0.121548	0.117404	0.853383	0.0240351	0.279012	0.477149	0.182895	0.183044	0.457498	0.692102	0.665922	0.539099	0.679575	0.148034	0.813217	0.620264	0.948322	0.10572	0.250279	0.424047	0.812163	0.617892	0.976845	
0.561308	0.919891	0.270292	0.636387	0.94898	0.0751078	0.670006	0.154979	0.593423	0.193927	0.554627	0.134974	0.937895	0.73585	0.379458	0.217064	0.528513	0.384314	0.405575	0.812553	0.467888	0.800946	0.985485	0.505005	0.275118	0.556172	0.624781	0.700894	0.925724	0.923445	
0.0580481	0.699773	0.326692	0.615693	0.186431	0.630341	0.350892	0.811221	0.742877	0.251686	0.5067	0.459009	0.288592	0.322163	0.807996	0.940757	0.564042	0.0714387	0.20195	0.45463	0.264458	0.632843	0.430494	0.48944	0.484765	0.275545	0.775415	0.364307	0.560571	0.780485	
0.015732	0.0206594	0.797097	0.793498	0.510368	0.718923	0.967839	0.204832	0.960322	0.909274	0.815225	0.398262	0.766008	0.845562	0.737105	0.791145	0.404585	0.00609246	0.0787043	0.478643	0.154724	0.652997	0.69821	0.753259	0.0155279	0.992071	0.199528	0.839815	0.771624	0.826916	
0.763695	0.228124	0.94214	0.716931	0.309901	0.891524	0.559584	0.223374	0.922109	0.0208779	0.0783943	0.838378	0.359896	0.149587	0.553996	0.738382	0.607457	0.322851	0.0465253	0.036019	0.859344	0.993055	0.783563	0.599616	0.504913	0.121203	0.933087	0.59779	0.231648	0.991972	
0.37343	0.341572	0.661372	0.764198	0.0905513	0.838616	0.389194	0.47983	0.307435	0.506832	0.725073	0.720701	0.757234	0.971146	0.879629	0.193316	0.0534244	0.155686	0.857012	0.863469	0.265359	0.00214928	0.367913	0.49857	0.104975	0.0862732	0.347678	0.959292	0.698286	0.113506	
0.866548	0.739675	0.995921	0.171485	0.99422	0.979172	0.908393	0.537708	0.602381	0.342408	0.0344227	0.748634	0.528366	0.477246	0.206822	0.0470551	0.617098	0.867013	0.254413	0.7563	0.42906	0.873227	0.371185	0.166179	0.183578	0.199373	0.853415	0.849071	0.664475	0.24662	
0.824999	0.777478	0.452464	0.0645578	0.874912	0.0980069	0.779004	0.695867	0.510935	0.105196	0.484714	0.475734	0.432241	0.57847	0.468113	0.318695	0.0996466	0.395392	0.611478	0.595879	0.778998	0.0348354	0.0847857	0.364569	0.352024	0.805646	0.521965	0.901544	0.61322	0.133256	
0.0948543	0.956513	0.652842	0.295666	0.182575	0.793679	0.0959218	0.792357	0.962493	0.0258889	0.343595	0.656853	0.226043	0.967843	0.753553	0.0194883	0.818477	0.921791	0.54532	0.888182	0.675577	0.834149	0.602836	0.733956	0.238299	0.841572	0.445133	0.336129	0.016947	0.554988	
