10	20
43.2771	0.789107
49.4538	0.381392
45.1258	0.779041
40.343	0.60629
45.8967	0.593985
45.0147	0.474022
43.0088	0.456974
42.4276	0.247574
44.6188	0.9915
42.7714	0.626038
20.6779
1.04008
48.0773
19.927
23.3452
25.9907
21.9738
47.2233
30.8465
18.7104
4.273
43.7934
37.8816
1.84189
19.6691
25.1452
17.4948
13.6225
48.6429
42.6795
0.422725	0.188463	0.0619885	0.134803	0.433719	0.943311	0.974433	0.723322	0.537661	0.930815	0.695383	0.476442	0.868426	0.600716	0.952954	0.74509	0.370767	0.238528	0.201027	0.199521	
0.0933777	0.248026	0.840059	0.729284	0.958143	0.276574	0.983746	0.0892056	0.492572	0.10786	0.161806	0.798845	0.841509	0.963641	0.963555	0.485488	0.184618	0.131734	0.944245	0.665636	
0.174772	0.477083	0.558117	0.773271	0.218469	0.423984	0.393288	0.531594	0.176468	0.17511	0.215938	0.146034	0.663324	0.0180635	0.62894	0.33697	0.941862	0.472929	0.339222	0.214885	
0.535728	0.339832	0.867865	0.0208437	0.678879	0.123914	0.293173	0.548354	0.737618	0.374513	0.624739	0.388315	0.548844	0.299736	0.508473	0.650181	0.352462	0.521911	0.539412	0.360286	
0.711164	0.0373463	0.609415	0.409464	0.536916	0.513209	0.685975	0.935472	0.619149	0.16811	0.777246	0.27928	0.919943	0.041952	0.982633	0.493589	0.446465	0.411352	0.049092	0.695536	
0.516675	0.307307	0.299415	0.745335	0.362339	0.735445	0.715677	0.29463	0.0650554	0.560299	0.306008	0.166638	0.413732	0.515028	0.33036	0.511365	0.57942	0.164268	0.930286	0.649684	
0.622294	0.755745	0.989427	0.801682	0.333333	0.679649	0.605876	0.834648	0.877121	0.709749	0.5821	0.317289	0.112482	0.118603	0.112627	0.00733389	0.545843	0.960713	0.674579	0.652625	
0.784137	0.488679	0.597948	0.638689	0.456888	0.589874	0.43653	0.0665763	0.319448	0.145527	0.983895	0.638605	0.258866	0.173167	0.336702	0.329836	0.75602	0.723274	0.994448	0.960731	
0.166394	0.100726	0.977627	0.557968	0.704523	0.356212	0.0911894	0.883327	0.65776	0.962208	0.834222	0.290556	0.456609	0.513427	0.509773	0.388576	0.768463	0.818325	0.00417117	0.549415	
0.731521	0.421915	0.741856	0.130945	0.237876	0.198605	0.463955	0.492779	0.543184	0.786948	0.523474	0.896308	0.13527	0.857376	0.0999219	0.387203	0.0926636	0.00137938	0.136177	0.908041	
