20	30
94.8896	0.761905
95.7357	0.234369
90.6594	0.362636
89.7252	0.450637
85.75	0.874741
93.1537	0.208319
80.1524	0.397365
81.8197	0.153074
89.0979	0.0633
83.7527	0.630275
85.8745	0.579086
89.8127	0.936941
87.1502	0.831872
95.3596	0.748441
86.7137	0.306023
94.5169	0.743958
79.5805	0.219112
84.7825	0.058933
91.5936	0.870577
94.3824	0.465362
16.3313
7.37164
30.7041
2.47636
31.8048
37.577
36.6391
1.11663
41.5308
20.885
19.1414
29.2729
16.5019
7.06887
8.85643
37.1368
32.4816
48.5732
16.7454
6.53957
36.5244
33.9527
9.58157
20.2221
19.4789
43.6126
33.152
20.5377
37.4837
47.5063
0.890501	0.307109	0.384325	0.0236566	0.321611	0.440753	0.792806	0.812681	0.0877184	0.669178	0.508491	0.856745	0.518264	0.365486	0.0962656	0.00235611	0.221298	0.898437	0.537244	0.0122661	0.313607	0.681053	0.250878	0.693352	0.0527278	0.233364	0.647858	0.233573	0.938137	0.0520878	
0.439355	0.139154	0.576863	0.373549	0.670035	0.750315	0.164391	0.446035	0.950882	0.984863	0.224106	0.349028	0.575876	0.104629	0.0436846	0.711461	0.741464	0.775344	0.43772	0.636126	0.701167	0.14425	0.893354	0.584974	0.573323	0.936167	0.893104	0.337738	0.65273	0.46884	
0.992645	0.959379	0.694101	0.290359	0.950211	0.832697	0.874143	0.358284	0.538501	0.947813	0.377224	0.448895	0.558773	0.106162	0.488614	0.857546	0.395129	0.858986	0.0484336	0.619719	0.875317	0.979017	0.9234	0.927262	0.160948	0.713762	0.584889	0.739667	0.484719	0.917149	
0.506295	0.949335	0.939162	0.924218	0.940595	0.0874156	0.326384	0.356599	0.424601	0.33319	0.175602	0.997278	0.344576	0.288956	0.429241	0.410354	0.197385	0.144998	0.921082	0.330278	0.774775	0.235483	0.173984	0.874405	0.0947147	0.743901	0.35769	0.584894	0.279527	0.739727	
0.346299	0.983684	0.981849	0.629316	0.397531	0.395861	0.971143	0.89023	0.126067	0.229392	0.827732	0.0282133	0.645353	0.479931	0.831796	0.591146	0.0968749	0.762357	0.131214	0.0942327	0.700635	0.89252	0.912263	0.126182	0.453336	0.195645	0.381218	0.244292	0.313804	0.634943	
0.126844	0.115039	0.307272	0.894212	0.102304	0.835788	0.327558	0.545205	0.883074	0.828828	0.840602	0.609042	0.921964	0.385723	0.14049	0.773265	0.828315	0.304332	0.678517	0.773144	0.753866	0.736571	0.239832	0.0728054	0.160835	0.306239	0.390188	0.807959	0.679833	0.266797	
0.817431	0.0505845	0.0586193	0.568418	0.935095	0.904065	0.0975018	0.264038	0.129594	0.672369	0.849667	0.657035	0.258541	0.0163279	0.973705	0.220464	0.471642	0.927653	0.818758	0.494354	0.589642	0.245777	0.296493	0.64479	0.765178	0.267771	0.503885	0.657634	0.546113	0.00947051	
0.461646	0.132704	0.534595	0.611513	0.323871	0.566824	0.733437	0.695255	0.217594	0.612592	0.766389	0.809682	0.742757	0.762517	0.25358	0.498196	0.754543	0.0880221	0.133187	0.329747	0.789847	0.421368	0.598555	0.278769	0.923566	0.119176	0.395353	0.741481	0.3416	0.50996	
0.181022	0.441202	0.137926	0.0608064	0.755793	0.73359	0.972797	0.712009	0.727051	0.298379	0.369775	0.598177	0.479865	0.672568	0.8662	0.832335	0.541363	0.654302	0.226211	0.5031	0.317938	0.98427	0.644674	0.890281	0.468567	8.67739e-05	0.418379	0.918724	0.641658	0.281598	
0.183731	0.495486	0.873252	0.00764162	0.509964	0.843914	0.787282	0.257989	0.681544	0.120959	0.819386	0.559724	0.4707	0.650371	0.135711	0.912514	0.568711	0.487261	0.451793	0.974598	0.440204	0.15575	0.991114	0.105355	0.0539516	0.520339	0.105132	0.794967	0.548657	0.563085	
0.120682	0.629444	0.33384	0.406589	0.331819	0.30089	0.340739	0.372089	0.415013	0.0862555	0.515306	0.850308	0.58111	0.582448	0.146509	0.445334	0.737004	0.251131	0.0483704	0.632157	0.248959	0.33881	0.865958	0.455675	0.0331254	0.341156	0.446874	0.982527	0.440473	0.167986	
0.0397239	0.0789568	0.129258	0.497709	0.833964	0.776322	0.164909	0.517795	0.387703	0.777577	0.992911	0.963927	0.0198212	0.261185	0.185729	0.587245	0.0750163	0.447862	0.488811	0.0722908	0.0267691	0.343458	0.0760056	0.197286	0.414487	0.897059	0.139818	0.0971957	0.649663	0.58871	
0.972472	0.295199	0.827526	0.840561	0.672048	0.810704	0.184447	0.0550147	0.33569	0.200402	0.00891036	0.262341	0.223642	0.261701	0.337344	0.527974	0.191648	0.400855	0.308787	0.376429	0.176643	0.298422	0.987734	0.712819	0.0754196	0.403071	0.167222	0.093337	0.524217	0.470567	
0.37846	0.954701	0.479954	0.839288	0.541859	0.343353	0.768313	0.301341	0.460678	0.690782	0.43407	0.401506	0.773993	0.00414358	0.631377	0.118687	0.00787813	0.350562	0.768634	0.466995	0.224927	0.608982	0.266062	0.345667	0.688705	0.937276	0.813946	0.258499	0.635796	0.468929	
0.966083	0.636145	0.393987	0.0671017	0.0866283	0.0499685	0.035398	0.485815	0.707319	0.952085	0.349396	0.286426	0.332789	0.178322	0.299095	0.67597	0.547985	0.119413	0.272757	0.539725	0.708833	0.192637	0.458705	0.21649	0.692016	0.48243	0.4682	0.0869457	0.461994	0.967317	
0.765604	0.415682	0.71674	0.262511	0.0701441	0.303412	0.250437	0.100714	0.619473	0.634201	0.129075	0.0824644	0.408821	0.411917	0.613457	0.867889	0.353232	0.524601	0.678432	0.70923	0.162309	0.134112	0.87551	0.967411	0.307375	0.0536693	0.466435	0.278814	0.514524	0.518635	
0.324433	0.0680642	0.411574	0.58822	0.938146	0.621633	0.0508131	0.0466093	0.893252	0.672519	0.0149889	0.952149	0.0198206	0.2156	0.33677	0.197996	0.273972	0.345429	0.421369	0.644369	0.291365	0.95462	0.315782	0.194648	0.504679	0.1016	0.986626	0.308611	0.89644	0.223566	
0.862559	0.817941	0.899272	0.86859	0.468665	0.887603	0.0929481	0.0906536	0.0191346	0.754702	0.210402	0.978697	0.960597	0.389516	0.169625	0.276821	0.140986	0.638594	0.545991	0.76679	0.885768	0.0137717	0.595156	0.10913	0.691262	0.205358	0.530564	0.597694	0.325406	0.693922	
0.369864	0.291268	0.0839798	0.367557	0.94664	0.151927	0.789206	0.045208	0.464494	0.790276	0.195977	0.956674	0.819273	0.0161998	0.285425	0.547823	0.782857	0.0242343	0.686884	0.698047	0.942128	0.391338	0.203718	0.61725	0.426042	0.963876	0.233241	0.683494	0.133957	0.569349	
0.583499	0.910157	0.744943	0.51946	0.722582	0.76384	0.987406	0.486798	0.996427	0.952149	0.00643165	0.493856	0.316043	0.341577	0.600399	0.083466	0.00150344	0.313435	0.886771	0.212998	0.272409	0.639195	0.0236584	0.134986	0.975454	0.0700489	0.168704	0.522779	0.9204	0.0893197	
