20	40
93.9865	0.313527
85.2933	0.751339
95.6711	0.860807
92.4153	0.782153
82.2982	0.661546
85.2159	0.00179631
100.543	0.480204
88.7794	0.452176
94.955	0.977858
86.1302	0.937172
88.5128	0.353603
84.4675	0.6209
87.6031	0.0645698
99.1062	0.568482
84.7993	0.659112
86.3119	0.691774
90.7688	0.694892
96.8619	0.475023
101.04	0.561461
101.443	0.589154
29.3261
26.46
49.1645
40.3665
36.3713
48.556
39.8438
44.7356
40.9816
39.4068
2.50576
43.2558
8.72386
35.9017
4.80471
39.6853
42.5602
3.45798
12.4085
48.2031
17.9609
30.0083
20.1483
11.9434
13.8936
48.0184
21.778
21.957
33.0382
1.94233
4.38459
36.3462
47.969
11.1219
24.7499
36.4554
32.8624
48.7617
29.6647
9.95404
0.354051	0.845405	0.557084	0.6207	0.883211	0.838629	0.262951	0.419892	0.852115	0.53655	0.824233	0.0992179	0.440714	0.724132	0.731088	0.46152	0.865912	0.0690859	0.189496	0.144136	0.758339	0.82008	0.126423	0.019569	0.706973	0.130329	0.454377	0.167103	0.979764	0.564671	0.799146	0.628549	0.312983	0.664174	0.23102	0.416569	0.106974	0.471565	0.745449	0.133501	
0.0276547	0.638203	0.0677057	0.339478	0.98725	0.617072	0.655182	0.0103894	0.19257	0.151203	0.401732	0.649754	0.485629	0.521578	0.283113	0.990314	0.284735	0.0183103	0.384491	0.524938	0.618616	0.823418	0.659086	0.579797	0.918255	0.987922	0.38784	0.922962	0.433657	0.875814	0.536641	0.48451	0.0668191	0.78002	0.572607	0.118327	0.164397	0.0959237	0.680382	0.551632	
0.392832	0.323746	0.387168	0.909434	0.43633	0.405045	0.028532	0.532384	0.83166	0.0214961	0.932113	0.700198	0.955572	0.506591	0.2854	0.234475	0.858659	0.827082	0.99983	0.638799	0.523579	0.876143	0.694776	0.868889	0.399134	0.462812	0.379041	0.34508	0.601946	0.301688	0.792861	0.915828	0.562438	0.721091	0.875373	0.676998	0.0940372	0.719773	0.85989	0.56734	
0.0698478	0.742774	0.849531	0.33657	0.477895	0.0279362	0.0957051	0.641939	0.888835	0.868936	0.807995	0.791528	0.801983	0.278869	0.357907	0.238578	0.996905	0.746395	0.324043	0.689049	0.601223	0.0617079	0.400789	0.227208	0.637529	0.791056	0.419758	0.50386	0.857869	0.827012	0.159727	0.638661	0.917423	0.858154	0.466818	0.270768	0.602788	0.567822	0.780115	0.102922	
0.750601	0.411805	0.364323	0.964947	0.570049	0.652956	0.962586	0.392679	0.753246	0.795613	0.123435	0.739099	0.223724	0.322127	0.829631	0.834838	0.785517	0.805818	0.0451929	0.820833	0.445817	0.196405	0.351816	0.125558	0.682336	0.701264	0.951893	0.811762	0.368311	0.514896	0.542006	0.285467	0.200827	0.394044	0.592891	0.0635104	0.788809	0.510375	0.116571	0.0286957	
0.364264	0.247724	0.396589	0.392869	0.416401	0.31661	0.265014	0.0667738	0.789011	0.76507	0.0210131	0.0714541	0.375411	0.495475	0.512509	0.558589	0.0420413	0.405825	0.455362	0.546585	0.395568	0.62166	0.49608	0.855531	0.311271	0.492701	0.654272	0.685213	0.680363	0.209111	0.232567	0.845909	0.645741	0.624947	0.694883	0.0360827	0.219351	0.254682	0.093754	0.903074	
0.094485	0.939992	0.808965	0.608804	0.352082	0.0235503	0.651087	0.473961	0.286748	0.55618	0.637403	0.210656	0.643866	0.784489	0.316484	0.924714	0.696497	0.343691	0.0366654	0.990754	0.299954	0.437926	0.932306	0.709247	0.395524	0.47879	0.25424	0.610617	0.54995	0.803192	0.0932682	0.337628	0.627542	0.312621	0.267843	0.647444	0.239192	0.942638	0.578741	0.784239	
0.147288	0.386915	0.770986	0.784011	0.170113	0.972964	0.368355	0.208817	0.652459	0.883509	0.488806	0.945017	0.899952	0.98506	0.0365905	0.103614	0.814465	0.812667	0.129393	0.444964	0.433764	0.925143	0.325559	0.193276	0.711185	0.205632	0.877708	0.622927	0.22868	0.00963999	0.397284	0.177094	0.768498	0.862831	0.804912	0.138533	0.703718	0.425291	0.242135	0.500677	
0.384545	0.341679	0.815944	0.61999	0.75135	0.309026	0.422414	0.0164355	0.991216	0.955867	0.699843	0.300939	0.714584	0.0689989	0.256937	0.130363	0.883415	0.840285	0.515213	0.290173	0.758084	0.67427	0.357701	0.62717	0.442621	0.168214	0.784319	0.386225	0.708695	0.76633	0.365318	0.480045	0.43738	0.716327	0.236791	0.808327	0.306988	0.562143	0.73565	0.228314	
0.65404	0.983619	0.761219	0.00157216	0.646883	0.710381	0.594759	0.0407922	0.0462997	0.684367	0.625566	0.704948	0.585125	0.0632779	0.814528	0.5985	0.331197	0.148767	0.45949	0.996762	0.96035	0.709384	0.1878	0.128564	0.159518	0.595356	0.7978	0.573201	0.0756265	0.705346	0.200074	0.815907	0.347328	0.995109	0.536588	0.431043	0.233661	0.992994	0.431869	0.786072	
0.690904	0.820651	0.146919	0.327264	0.767206	0.815974	0.262912	0.964926	0.142808	0.175152	0.826967	0.963863	0.787818	0.719159	0.5047	0.041889	0.0100513	0.174462	0.9627	0.873102	0.225861	0.59135	0.606212	0.349112	0.0718671	0.671213	0.692543	0.799042	0.43153	0.047952	0.904177	0.561445	0.217243	0.518489	0.768818	0.0883551	0.0879293	0.655727	0.911876	0.846824	
0.32942	0.432159	0.337359	0.665305	0.853955	0.51609	0.983887	0.038443	0.685682	0.610786	0.162369	0.202673	0.300447	0.672607	0.0905773	0.557263	0.841079	0.373071	0.505343	0.120164	0.444075	0.862391	0.590976	0.736863	0.0151008	0.22218	0.283284	0.507962	0.253676	0.985636	0.548472	0.37038	0.998963	0.23404	0.472558	0.683135	0.349903	0.595995	0.764215	0.360618	
0.26284	0.495999	0.388854	0.604569	0.194119	0.337006	0.0959742	0.0126704	0.143527	0.43209	0.392925	0.963495	0.704698	0.599676	0.509317	0.987713	0.250759	0.770266	0.761423	0.932593	0.655673	0.461508	0.34133	0.680243	0.944089	0.277139	0.277467	0.773065	0.240256	0.20515	0.468921	0.530277	0.556558	0.180188	0.896905	0.295298	0.833447	0.364283	0.333274	0.642413	
0.852217	0.731461	0.0609277	0.00121771	0.803815	0.167052	0.229539	0.6635	0.947191	0.879075	0.666233	0.427755	0.220008	0.0656316	0.207308	0.00546919	0.186755	0.781688	0.492254	0.099866	0.829587	0.599545	0.49829	0.727828	0.355887	0.453996	0.678619	0.00829911	0.887115	0.187435	0.225734	0.206093	0.991234	0.266901	0.537278	0.627492	0.550593	0.354268	0.210218	0.98978	
0.773322	0.670829	0.314142	0.0610748	0.887298	0.657537	0.718223	0.442791	0.713046	0.927589	0.364722	0.388833	0.669858	0.816397	0.10688	0.158497	0.172826	0.832577	0.471481	0.627164	0.610489	0.805397	0.237941	0.548691	0.684237	0.730662	0.0817959	0.913361	0.262098	0.920784	0.572488	0.239175	0.074583	0.898706	0.671127	0.906969	0.557016	0.149074	0.99235	0.794323	
0.951623	0.759878	0.803568	0.572861	0.345773	0.335273	0.681617	0.233441	0.765389	0.243007	0.923733	0.715952	0.244151	0.520509	0.883679	0.716789	0.190175	0.860978	0.0341887	0.180465	0.0129855	0.562811	0.130524	0.856896	0.837105	0.948193	0.286868	0.288558	0.885528	0.358449	0.769481	0.0933483	0.166352	0.760859	0.534177	0.811147	0.226771	0.757071	0.481878	0.800505	
0.653998	0.601069	0.156215	0.940386	0.153217	0.179186	0.0396347	0.931838	0.175019	0.448004	0.423458	0.320668	0.144561	0.345468	0.169847	0.905794	0.101507	0.0941365	0.209788	0.308823	0.586581	0.834654	0.150096	0.0298287	0.0890855	0.641146	0.454454	0.041793	0.865903	0.576721	0.562489	0.833802	0.0355458	0.660144	0.939328	0.392099	0.730379	0.448811	0.87027	0.784816	
0.706945	0.691415	0.430415	0.587324	0.706434	0.28318	0.288294	0.169148	0.0709383	0.911735	0.487753	0.77411	0.512905	0.281376	0.900774	0.484504	0.498342	0.560302	0.750178	0.932677	0.875472	0.778679	0.936722	0.467637	0.892657	0.101222	0.497202	0.266889	0.664131	0.181512	0.261488	0.0256872	0.339911	0.450602	0.0210505	0.573273	0.377461	0.336339	0.553405	0.322383	
0.262973	0.0815056	0.556857	0.729005	0.32819	0.466794	0.96357	0.993638	0.207296	0.282228	0.16362	0.160052	0.23401	0.241691	0.914245	0.30296	0.342108	0.68192	0.356031	0.951891	0.19452	0.546485	0.371066	0.667644	0.604467	0.575523	0.611071	0.309075	0.530563	0.661397	0.695594	0.591521	0.740965	0.74186	0.841826	0.347256	0.854282	0.212802	0.709102	0.175971	
0.152298	0.466228	0.810578	0.97903	0.359368	0.263291	0.0588014	0.567547	0.84796	0.559418	0.800104	0.928105	0.357617	0.989937	0.867592	0.591436	0.197922	0.621847	0.6137	0.97862	0.34724	0.971362	0.895577	0.730338	0.41702	0.118318	0.516676	0.580449	0.0766426	0.805282	0.407711	0.937372	0.91258	0.437966	0.0298653	0.196216	0.300597	0.944862	0.383406	0.487187	
