10	20
53.8604	0.415702
51.0042	0.719873
45.4419	0.931257
51.0737	0.388035
51.968	0.687425
48.4295	0.0393446
49.2514	0.460959
48.9966	0.855871
45.4784	0.814971
49.5377	0.824415
18.1873
13.0488
34.3748
48.8353
11.9781
32.8618
26.3029
43.7334
34.9968
16.7825
47.3818
47.43
8.6715
11.1152
46.9418
42.2618
21.2386
10.9153
26.5364
26.6757
0.415082	0.182005	0.253796	0.389654	0.810372	0.382798	0.300156	0.00431684	0.140539	0.146358	0.84186	0.707167	0.531566	0.728778	0.86037	0.167867	0.902418	0.331761	0.962676	0.609224	
0.746149	0.999055	0.9908	0.368597	0.681076	0.834219	0.877675	0.532855	0.798606	0.104113	0.29621	0.123234	0.067258	0.971802	0.306183	0.29529	0.617424	0.359192	0.877879	0.0756058	
0.716052	0.939461	0.970584	0.889117	0.113158	0.64898	0.577206	0.552246	0.791692	0.713535	0.749451	0.0127824	0.402815	0.960249	0.791075	0.3362	0.826895	0.45827	0.575703	0.973701	
0.638034	0.34717	0.47932	0.987099	0.43889	0.663996	0.177265	0.274268	0.806719	0.880624	0.890652	0.866447	0.970488	0.812505	0.457871	0.975088	0.948057	0.787912	0.702307	0.729016	
0.208611	0.876597	0.933264	0.113269	0.965033	0.565	0.472562	0.282022	0.358408	0.54185	0.0764816	0.377459	0.505447	0.402998	0.975949	0.537365	0.816527	0.358405	0.742656	0.696373	
0.32362	0.594163	0.987918	0.13864	0.00939574	0.063232	0.224516	0.811593	0.190006	0.483384	0.0628527	0.423371	0.402925	0.773242	0.513091	0.747809	0.956279	0.578993	0.758067	0.839452	
0.118886	0.741275	0.190751	0.523284	0.664147	0.589352	0.970791	0.122176	0.969494	0.895666	0.510765	0.910248	0.996692	0.101279	0.590207	0.561626	0.436809	0.989351	0.225823	0.312622	
0.454061	0.620817	0.429161	0.348428	0.958485	0.227839	0.761693	0.829844	0.618273	0.779028	0.163548	0.0186409	0.302784	0.663848	0.16761	0.290818	0.39905	0.263341	0.78826	0.685268	
0.911382	0.380651	0.72762	0.807461	0.321876	0.964318	0.803927	0.396322	0.0756762	0.877105	0.917762	0.987795	0.593869	0.090376	0.902284	0.320903	0.692651	0.238362	0.75422	0.0539197	
0.344916	0.795846	0.889743	0.30448	0.498258	0.125639	0.875684	0.0859798	0.167111	0.189423	0.564181	0.911608	0.158223	0.806203	0.349498	0.439512	0.0369195	0.547662	0.0351616	0.29154	
