10	20
40.5595	0.484858
49.414	0.587658
42.3224	0.748086
45.7965	0.438821
41.2852	0.00775615
46.0954	0.15819
40.2655	0.296718
41.399	0.0467676
44.4662	0.784096
41.9684	0.788939
5.73479
20.1937
48.5138
8.77472
15.3351
40.286
7.52815
34.5949
46.386
26.8616
20.7132
30.5763
42.452
23.5144
26.5707
15.91
41.3006
45.3056
35.7573
1.85181
0.610135	0.13128	0.84551	0.531739	0.179102	0.760583	0.75434	0.921171	0.196526	0.311308	0.897808	0.224456	0.436873	0.221974	0.606666	0.65612	0.624334	0.516116	0.853678	0.167777	
0.395964	0.196153	0.314427	0.260699	0.14753	0.441499	0.165036	0.16648	0.629676	0.178743	0.0105215	0.394936	0.255971	0.772989	0.182013	0.745779	0.356374	0.490271	0.552587	0.341435	
0.921475	0.914472	0.690585	0.520553	0.235122	0.353838	0.0129822	0.707132	0.237914	0.413405	0.271275	0.663921	0.536068	0.394392	0.586948	0.391845	0.769004	0.963787	0.313434	0.0506446	
0.0735692	0.503265	0.968968	0.210277	0.715993	0.559448	0.822001	0.237667	0.420699	0.0986145	0.762102	0.129166	0.996857	0.0820398	0.264044	0.742892	0.754017	0.364843	0.282695	0.114607	
0.407068	0.820282	0.85111	0.804934	0.660052	0.378415	0.64434	0.220016	0.793985	0.555996	0.988829	0.20864	0.885542	0.785114	0.303101	0.739971	0.855755	0.719379	0.385896	0.983409	
0.629244	0.42944	0.952596	0.72088	0.524803	0.899097	0.325262	0.091173	0.663237	0.337324	0.66989	0.35624	0.523154	0.0736949	0.518027	0.717055	0.33688	0.195618	0.54449	0.879429	
0.172392	0.917045	0.999937	0.784489	0.285072	0.540334	0.594527	0.0704325	0.0680916	0.187113	0.637641	0.614108	0.862413	0.622614	0.348115	0.358305	0.241417	0.768917	0.242712	0.435058	
0.335103	0.14029	0.861619	0.131373	0.511423	0.388634	0.0827847	0.816867	0.997557	0.707056	0.36167	0.796303	0.0548151	0.302711	0.571128	0.76888	0.805106	0.599003	0.124993	0.0175938	
0.552501	0.205426	0.209918	0.0573982	0.989648	0.851722	0.544973	0.596147	0.474984	0.429748	0.856153	0.670021	0.631699	0.49069	0.169627	0.842939	0.939107	0.972333	0.504148	0.405713	
0.947128	0.220263	0.359452	0.58233	0.409809	0.984829	0.169284	0.75838	0.471326	0.475638	0.0295838	0.470736	0.507022	0.117885	0.975488	0.533429	0.572159	0.694663	0.0878737	0.37035	
