15	40
72.8386	0.806346
72.7407	0.712532
64.0547	0.922855
71.4114	0.434755
63.4676	0.349883
72.466	0.842806
75.5874	0.585132
62.0725	0.643077
63.6486	0.845808
69.075	0.361072
69.3929	0.229172
63.2553	0.943865
69.0654	0.0119222
62.8916	0.790214
71.5266	0.129841
27.2533
12.2845
8.25355
42.2313
40.9367
40.2581
22.7877
8.31711
40.6043
17.4016
41.9804
32.2152
39.4993
22.6862
48.9287
30.235
4.36137
40.7943
2.82845
15.2843
44.7955
3.93511
39.8422
44.3656
46.8295
31.0951
44.9902
34.1972
42.492
11.6643
21.5047
26.2593
14.9477
40.0116
29.6099
19.4674
7.4523
17.202
7.6781
11.9403
0.435322	0.112088	0.0338146	0.145749	0.875538	0.815621	0.217831	0.443365	0.873289	0.676934	0.310114	0.0315475	0.700985	0.0015564	0.808219	0.999167	0.937503	0.888126	0.103379	0.223948	0.175101	0.606869	0.0268697	0.0603661	0.973422	0.833501	0.128062	0.0326951	0.509083	0.427789	0.00623418	0.707962	0.559725	0.909677	0.59605	0.535495	0.122195	0.881103	0.238584	0.145623	
0.150301	0.371323	0.757246	0.86996	0.941618	0.924436	0.363519	0.7514	0.607872	0.413678	0.0508848	0.315846	0.566132	0.135087	0.328928	0.831307	0.26138	0.0819445	0.735875	0.231027	0.0551994	0.310419	0.0525603	0.204795	0.987388	0.22507	0.38125	0.679432	0.698955	0.420517	0.294877	0.150174	0.721969	0.814918	0.423405	0.246001	0.0359502	0.569709	0.716084	0.494711	
0.649215	0.473053	0.124018	0.785532	0.358612	0.198231	0.394125	0.521634	0.22559	0.197594	0.827457	0.764102	0.907699	0.0847222	0.888459	0.229295	0.608382	0.317991	0.0750526	0.292302	0.341822	0.0165628	0.626342	0.833774	0.739347	0.817277	0.0611993	0.884926	0.59272	0.291599	0.838502	0.24029	0.66868	0.23848	0.236135	0.00643902	0.846437	0.00982386	0.102244	0.938083	
0.255678	0.631533	0.533069	0.636103	0.0256709	0.685251	0.440347	0.855476	0.110021	0.938719	0.652817	0.988788	0.858862	0.835654	0.442404	0.226563	0.128046	0.835039	0.946373	0.524618	0.984026	0.6559	0.611629	0.547202	0.793557	0.0481781	0.690168	0.352314	0.568961	0.982912	0.735141	0.224065	0.684113	0.844968	0.0449331	0.642035	0.74112	0.741971	0.278688	0.0510572	
0.136534	0.903243	0.592509	0.478214	0.898831	0.793082	0.966039	0.193466	0.126022	0.849999	0.900346	0.3095	0.497081	0.736278	0.455884	0.349855	0.664552	0.0754231	0.11043	0.729031	0.204541	0.202428	0.554261	0.674431	0.584733	0.873922	0.709408	0.49639	0.601461	0.756953	0.0798532	0.568262	0.732419	0.674324	0.75483	0.192642	0.902339	0.443567	0.643668	0.470494	
0.838401	0.900189	0.779533	0.0341033	0.38297	0.923563	0.418932	0.0311257	0.444005	0.410249	0.558115	0.417827	0.578664	0.900906	0.406932	0.974502	0.178391	0.00620471	0.872637	0.750546	0.728085	0.305858	0.922415	0.398458	0.614496	0.397497	0.198035	0.893324	0.520589	0.135821	0.225708	0.836385	0.446182	0.854522	0.413396	0.432385	0.260239	0.0357924	0.0709586	0.240198	
0.633657	0.278312	0.308599	0.894137	0.847036	0.605394	0.66148	0.122645	0.214391	0.293586	0.919137	0.0749735	0.572561	0.734226	0.108176	0.247864	0.620471	0.753994	0.370935	0.361822	0.885701	0.418729	0.51251	0.23404	0.922596	0.932472	0.291661	0.720937	0.300429	0.429318	0.622882	0.0685918	0.828164	0.831153	0.58803	0.887257	0.262113	0.388805	0.797162	0.109255	
0.302794	0.784419	0.153327	0.170803	0.298076	0.801872	0.605731	0.944044	0.130756	0.0657092	0.972994	0.880039	0.435678	0.234156	0.859895	0.235036	0.977708	0.0436952	0.412163	0.754807	0.0974962	0.392426	0.584766	0.982543	0.553894	0.454123	0.0881354	0.793251	0.901344	0.0616088	0.000444077	0.910735	0.61116	0.161056	0.733806	0.506862	0.524483	0.301915	0.811651	0.133275	
0.721389	0.160347	0.646427	0.225098	0.714897	0.0607435	0.243797	0.565061	0.0911934	0.59425	0.483027	0.0469634	0.439183	0.511769	0.845162	0.140745	0.91809	0.779001	0.990503	0.876096	0.92203	0.800413	0.311444	0.069485	0.144412	0.971072	0.830857	0.0437184	0.473837	0.812762	0.753633	0.0168146	0.387455	0.12291	0.925057	0.982833	0.658693	0.315991	0.71802	0.322733	
0.15664	0.153947	0.594254	0.390824	0.724923	0.984889	0.60109	0.623381	0.00267637	0.655752	0.334054	0.0127092	0.584996	0.709792	0.460282	0.322072	0.0442652	0.88366	0.74849	0.15861	0.603567	0.0500995	0.436985	0.535538	0.713899	0.594379	0.0845442	0.602773	0.629012	0.793059	0.312597	0.400423	0.890723	0.685461	0.0385525	0.399585	0.356959	0.932972	0.168393	0.389575	
0.393128	0.455186	0.506391	0.0772418	0.616037	0.300809	0.935376	0.463129	0.897846	0.114319	0.877351	0.560964	0.752468	0.963907	0.632692	0.180954	0.699161	0.606566	0.52367	0.439193	0.326308	0.750848	0.830769	0.776039	0.0448155	0.134342	0.395445	0.432014	0.89808	0.732837	0.534537	0.96804	0.576925	0.511793	0.0497641	0.139963	0.439403	0.488469	0.49235	0.275207	
0.526721	0.899275	0.120826	0.264366	0.520327	0.787129	0.99425	0.0348635	0.46945	0.531104	0.602053	0.404754	0.917544	0.583791	0.854796	0.181647	0.851426	0.850193	0.693681	0.967908	0.00341238	0.767005	0.52204	0.389296	0.772283	0.396426	0.783796	0.749039	0.720392	0.944221	0.970419	0.671924	0.242068	0.509668	0.11933	0.47832	0.770036	0.0819395	0.699371	0.737755	
0.750167	0.630822	0.415501	0.409133	0.295229	0.200536	0.376971	0.801693	0.769219	0.684329	0.308143	0.522882	0.156448	0.716394	0.506831	0.639861	0.384463	0.815872	0.802693	0.17843	0.7292	0.172594	0.92644	0.208672	0.93386	0.417158	0.443225	0.431742	0.323937	0.394199	0.579394	0.103588	0.348107	0.187967	0.0654615	0.712157	0.230814	0.47302	0.148287	0.595739	
0.489162	0.473526	0.998974	0.529874	0.406623	0.682465	0.263471	0.164569	0.218729	0.135923	0.848451	0.933675	0.622709	0.188119	0.0197669	0.968085	0.446829	0.495887	0.815647	0.641767	0.227015	0.9814	0.642979	0.260311	0.14164	0.941026	0.513782	0.834512	0.758404	0.7187	0.35916	0.937852	0.892611	0.720976	0.378126	0.110373	0.444724	0.400418	0.328303	0.781175	
0.542915	0.826138	0.797865	0.344339	0.885187	0.362385	0.985416	0.874798	0.98119	0.893837	0.752449	0.794473	0.407057	0.418864	0.0433706	0.438636	0.872583	0.277525	0.492963	0.275204	0.909856	0.399746	0.319101	0.808202	0.729317	0.713803	0.000517905	0.324909	0.288941	0.166406	0.919667	0.0416566	0.837707	0.796513	0.0769752	0.710277	0.423806	0.526405	0.655743	0.715589	
