15	20
67.5409	0.417353
63.5861	0.189986
73.6961	0.660032
75.0027	0.238378
61.979	0.438661
62.682	0.417488
71.5968	0.328373
61.5869	0.340077
62.0018	0.509766
71.3801	0.499775
63.7567	0.463788
70.1311	0.69969
65.0956	0.81298
63.5843	0.225146
73.9848	0.872824
14.0467
8.16258
39.6079
1.79519
17.0293
1.33341
1.48856
22.0618
17.1215
23.5997
39.6859
46.9316
24.2945
11.0857
18.7358
7.73086
14.2389
41.4282
37.986
43.306
0.234474	0.817106	0.253399	0.680326	0.869483	0.749093	0.164809	0.1064	0.584824	0.612186	0.910922	0.546241	0.406036	0.130761	0.325154	0.585228	0.111247	0.457245	0.955225	0.215777	
0.447017	0.718018	0.882199	0.308429	0.613143	0.120797	0.0551301	0.876757	0.802376	0.484344	0.850833	0.228915	0.393026	0.263501	0.527637	0.211813	0.457669	0.903908	0.206023	0.815193	
0.783331	0.798263	0.81608	0.624496	0.195713	0.496887	0.633206	0.61063	0.0638869	0.122389	0.555741	0.0380429	0.439793	0.770731	0.946494	0.451544	0.122452	0.780796	0.300961	0.965736	
0.890444	0.698187	0.680625	0.999445	0.719178	0.746076	0.927324	0.308459	0.570742	0.0914213	0.928498	0.0740809	0.447813	0.743708	0.395732	0.718509	0.68036	0.258125	0.981639	0.960154	
0.687431	0.404483	0.0416809	0.160115	0.506525	0.345057	0.330559	0.993974	0.288698	0.243656	0.999844	0.391993	0.715663	0.0992189	0.0417067	0.291968	0.171885	0.129766	0.523974	0.200638	
0.276375	0.0452382	0.609955	0.860645	0.274557	0.212784	0.114233	0.674143	0.517397	0.458112	0.545625	0.891804	0.880504	0.992414	0.780963	0.318377	0.40631	0.534711	0.503087	0.238334	
0.65357	0.00743376	0.38431	0.323144	0.287299	0.771725	0.294238	0.738477	0.738415	0.269836	0.740487	0.142134	0.117568	0.712128	0.698244	0.460431	0.779375	0.374974	0.260783	0.00273406	
0.797799	0.56473	0.666538	0.456137	0.618786	0.579835	0.786955	0.762983	0.00242588	0.0394512	0.143373	0.570519	0.339971	0.412096	0.178329	0.575927	0.539749	0.797035	0.173518	0.153055	
0.172881	0.934437	0.325154	0.0206021	0.59038	0.389655	0.239688	0.63533	0.236909	0.198522	0.413714	0.505384	0.966152	0.50459	0.865462	0.453544	0.0814107	0.150636	0.0819701	0.421895	
0.308906	0.246165	0.913033	0.000384067	0.667604	0.825502	0.260025	0.496341	0.18918	0.000115914	0.882823	0.629976	0.231437	0.601499	0.226765	0.774229	0.321398	0.194785	0.0780419	0.552186	
0.639566	0.287136	0.26643	0.861009	0.510792	0.83975	0.664122	0.896971	0.536288	0.280067	0.367945	0.836053	0.0295688	0.145029	0.167048	0.431019	0.643357	0.887306	0.922138	0.906464	
0.739664	0.054273	0.261476	0.318918	0.852852	0.233115	0.917302	0.966968	0.79483	0.573473	0.451243	0.190736	0.967928	0.42932	0.637404	0.666776	0.801918	0.375128	0.0889238	0.72922	
0.524679	0.965587	0.0966828	0.188542	0.786612	0.822575	0.904278	0.629076	0.939725	0.575001	0.222432	0.275878	0.478953	0.523988	0.853557	0.875863	0.013462	0.982742	0.0103827	0.0564303	
0.576314	0.791423	0.610771	0.593302	0.511834	0.601096	0.885593	0.817419	0.986032	0.975089	0.840441	0.864439	0.316771	0.0820415	0.352528	0.575129	0.732254	0.0484799	0.644664	0.256778	
0.347012	0.821389	0.0211402	0.77582	0.623828	0.636178	0.666731	0.281579	0.767621	0.256633	0.855414	0.084448	0.556452	0.175206	0.509844	0.852338	0.666191	0.249511	0.428524	0.491643	
