20	30
93.1509	0.571853
80.0637	0.206401
75.9569	0.981681
78.1559	0.930774
86.5089	0.490621
87.7754	0.71855
76.6696	0.738597
84.6671	0.874728
84.9475	0.683211
93.7118	0.265272
83.1028	0.327832
82.5182	0.375024
76.0835	0.241956
79.8257	0.445168
87.8399	0.462391
87.8049	0.397199
84.5236	0.035317
92.0341	0.882044
93.7157	0.412297
83.3849	0.573561
17.6586
44.5705
48.9014
37.6701
13.1456
42.6093
41.8495
28.1753
38.0887
39.7313
16.2552
21.0577
6.24494
46.3699
44.1479
7.89118
20.2874
42.7123
13.594
13.714
35.2255
23.857
45.1555
29.3793
32.8465
41.217
14.315
13.8817
14.9553
10.2806
0.876053	0.457358	0.64715	0.968079	0.629738	0.0295843	0.343546	0.853557	0.0101516	0.634177	0.856542	0.307365	0.957965	0.0801985	0.11055	0.4049	0.0594768	0.816731	0.636324	0.639264	0.306309	0.507466	0.868377	0.052008	0.555124	0.854021	0.473963	0.1886	0.681682	0.996931	
0.06192	0.139534	0.995153	0.165047	0.382332	0.21054	0.421692	0.935206	0.260285	0.140527	0.733377	0.0375293	0.510969	0.171515	0.263636	0.526454	0.696298	0.385358	0.141441	0.972214	0.492108	0.551828	0.260576	0.595892	0.930356	0.499778	0.961527	0.575726	0.240295	0.0446622	
0.0776483	0.730646	0.998248	0.212471	0.100468	0.41167	0.0772744	0.323597	0.76656	0.956242	0.69966	0.124885	0.308771	0.696359	0.468374	0.152011	0.318604	0.625998	0.628572	0.839081	0.681976	0.664308	0.90773	0.950875	0.35194	0.313435	0.018723	0.910586	0.851091	0.0640091	
0.920792	0.581244	0.192935	0.451497	0.709893	0.530298	0.949548	0.25178	0.667078	0.0436709	0.276682	0.907242	0.445768	0.981748	0.768602	0.312656	0.741847	0.531796	0.391743	0.712248	0.0563314	0.649784	0.634386	0.357576	0.00791832	0.332056	0.586057	0.295218	0.596503	0.0850129	
0.122026	0.179662	0.903484	0.270662	0.357175	0.833359	0.319702	0.176506	0.808145	0.242647	0.0686261	0.109471	0.125162	0.622553	0.979262	0.138069	0.34751	0.322082	0.818009	0.0778991	0.907494	0.226946	0.540341	0.482989	0.803162	0.927473	0.536536	0.489882	0.224078	0.869523	
0.120573	0.862376	0.189636	0.0231046	0.422001	0.0855831	0.98776	0.449159	0.461083	0.331213	0.869216	0.428659	0.97889	0.707598	0.272103	0.182601	0.713811	0.444354	0.647276	0.889453	0.516875	0.817512	0.255229	0.200009	0.571265	0.733302	0.768074	0.870175	0.237728	0.88437	
0.00794568	0.775891	0.309697	0.525137	0.140618	0.196714	0.842683	0.124368	0.0147745	0.433819	0.789747	0.0167311	0.104913	0.816921	0.307212	0.36779	0.655104	0.448371	0.194105	0.998843	0.637801	0.121043	0.977898	0.275952	0.712382	0.146701	0.776899	0.199879	0.521745	0.793541	
0.217627	0.192555	0.158152	0.041103	0.35461	0.240724	0.711454	0.352651	0.122209	0.10805	0.075041	0.289653	0.720259	0.647011	0.0136888	0.817536	0.730419	0.544211	0.839632	0.66374	0.00849599	0.369409	0.904271	0.134315	0.687156	0.0480315	0.83685	0.827323	0.744686	0.298475	
0.205463	0.105195	0.22682	0.340661	0.463191	0.522449	0.982958	0.636626	0.533744	0.993329	0.604829	0.619051	0.202278	0.935093	0.745374	0.766566	0.66992	0.622922	0.227207	0.202852	0.758354	0.223961	0.315752	0.235622	0.378757	0.18148	0.555099	0.454733	0.990961	0.612505	
0.307865	0.304145	0.95151	0.439429	0.896993	0.164025	0.616874	0.485199	0.812394	0.106237	0.959714	0.759385	0.0518017	0.304749	0.69504	0.593589	0.576707	0.666951	0.762761	0.57035	0.409176	0.449604	0.670483	0.660905	0.811747	0.781134	0.261072	0.397972	0.19189	0.797994	
0.85131	0.000828757	0.448722	0.18826	0.16147	0.833739	0.956683	0.45914	0.881897	0.334316	0.565836	0.239635	0.307951	0.994773	0.00424353	0.127993	0.846714	0.536559	0.176871	0.234475	0.313303	0.629405	0.833569	0.727875	0.581336	0.999485	0.852339	0.805294	0.0552608	0.905878	
0.285802	0.0720974	0.0809297	0.515561	0.182812	0.0157707	0.539425	0.574027	0.330122	0.993142	0.807822	0.140391	0.9566	0.464303	0.56281	0.548507	0.0658134	0.631739	0.0162341	0.402948	0.764328	0.529737	0.607002	0.724368	0.761149	0.534863	0.0188678	0.190842	0.634888	0.549591	
0.767153	0.350614	0.603763	0.797004	0.325599	0.33589	0.760128	0.45214	0.0442197	0.148141	0.396137	0.776643	0.218694	0.5301	0.826469	0.698194	0.129075	0.091303	0.21646	0.989213	0.0999485	0.437592	0.0723734	0.848225	0.0269964	0.629251	0.757811	0.199316	0.489436	0.611564	
0.324609	0.0884325	0.0041218	0.520588	0.49321	0.171658	0.559087	0.025613	0.647397	0.0991631	0.627106	0.192553	0.773422	0.00115084	0.816082	0.310969	0.289749	0.133355	0.137189	0.26018	0.123145	0.0155845	0.187108	0.420814	0.503775	0.847152	0.176184	0.112766	0.396464	0.38675	
0.789872	0.0308314	0.0991318	0.189331	0.0603752	0.182107	0.45934	0.283364	0.172553	0.104123	0.0492209	0.477198	0.975686	0.796523	0.017734	0.485759	0.366878	0.228015	0.712847	0.552132	0.771985	0.415533	0.433042	0.626193	0.500277	0.208723	0.517905	0.837078	0.789022	0.490313	
0.205778	0.733923	0.0816855	0.903006	0.894244	0.860543	0.529862	0.390253	0.826165	0.590319	0.160799	0.281848	0.792111	0.613532	0.933012	0.170873	0.967773	0.506009	0.948872	0.0183507	0.601105	0.277522	0.925298	0.357204	0.0183267	0.514428	0.750214	0.622572	0.236696	0.391607	
0.0931148	0.960023	0.592958	0.54121	0.646341	0.77743	0.194685	0.0735407	0.929949	0.259951	0.686345	0.880279	0.485697	0.404323	0.922498	0.862025	0.429477	0.223032	0.78003	0.459816	0.424797	0.71612	0.510604	0.0519257	0.448611	0.323927	0.812536	0.434092	0.671442	0.574732	
0.62789	0.380477	0.548031	0.58162	0.709472	0.330338	0.958325	0.819508	0.1757	0.234687	0.392283	0.459699	0.26324	0.0253553	0.360757	0.260655	0.923115	0.165595	0.0135288	0.741875	0.246933	0.570149	0.582588	0.4064	0.363331	0.429785	0.209287	0.811112	0.167751	0.767798	
0.109428	0.00376749	0.394973	0.525594	0.0120597	0.0643731	0.998216	0.275972	0.559041	0.0985549	0.268382	0.378986	0.424222	0.332052	0.336951	0.154191	0.467741	0.195142	0.682739	0.101015	0.240417	0.0950253	0.136462	0.343407	0.0363902	0.713053	0.483367	0.894047	0.445415	0.116032	
0.206678	0.557376	0.572361	0.790334	0.100237	0.208805	0.834616	0.0391666	0.250613	0.81219	0.74204	0.832184	0.683715	0.461684	0.265047	0.862976	0.730211	0.612266	0.770662	0.567274	0.200815	0.0500724	0.0534469	0.180279	0.909474	0.177437	0.460139	0.823354	0.549859	0.671311	
