15	30
62.3785	0.855926
68.7457	0.115666
64.4003	0.605176
61.0208	0.940444
74.0129	0.948539
63.4555	0.123385
73.8546	0.602026
60.4162	0.319171
64.09	0.727868
67.5747	0.81322
72.8774	0.939486
62.4181	0.339967
64.5023	0.34208
60.1199	0.840321
66.2423	0.649047
18.6951
19.6297
39.6331
28.1936
39.6459
22.8889
20.499
42.6263
3.43181
30.1129
1.52547
31.6554
29.9163
8.75748
44.7914
22.8835
16.9363
42.6257
6.6971
9.11801
6.49414
32.2429
26.1701
6.22102
30.4461
23.3358
47.1071
36.5753
10.6176
30.4161
0.892415	0.917268	0.312221	0.449888	0.436978	0.29952	0.541739	0.234348	0.102793	0.0436309	0.621696	0.648657	0.270906	0.299167	0.040343	0.336924	0.170184	0.946934	0.196234	0.832889	0.698989	0.0473879	0.119879	0.047181	0.213144	0.679555	0.832122	0.620512	0.90716	0.386599	
0.769239	0.828532	0.848125	0.833419	0.588307	0.231568	0.492685	0.287945	0.684146	0.144989	0.215272	0.17008	0.422854	0.727093	0.588767	0.985965	0.0321681	0.0724924	0.0319724	0.658502	0.944547	0.382832	0.835572	0.52257	0.886905	0.415206	0.714082	0.687735	0.700923	0.360364	
0.962613	0.899681	0.758626	0.0986329	0.914588	0.0928186	0.0299943	0.516097	0.229633	0.713579	0.811387	0.0180644	0.663712	0.16335	0.488342	0.226743	0.0983418	0.952589	0.177623	0.384992	0.151229	0.35516	0.765052	0.956981	0.760299	0.745373	0.247176	0.692956	0.756008	0.0467382	
0.0742842	0.768433	0.929458	0.494162	0.255889	0.284703	0.556739	0.905785	0.608555	0.795764	0.395836	0.071378	0.0481869	0.92554	0.43128	0.167946	0.821287	0.00551242	0.610615	0.123989	0.5076	0.768531	0.0840113	0.332079	0.969031	0.164859	0.286905	0.506902	0.726435	0.832672	
0.524826	0.10149	0.392427	0.696981	0.863541	0.939597	0.942166	0.206764	0.176102	0.878192	0.1723	0.616328	0.968302	0.0520313	0.122261	0.0823763	0.102453	0.396787	0.368358	0.545429	0.410733	0.177474	0.909734	0.0328218	0.312145	0.779195	0.896552	0.522521	0.646437	0.888828	
0.453088	0.245647	0.693405	0.965223	0.976846	0.640967	0.0983016	0.0234045	0.676258	0.235987	0.499349	0.811621	0.121007	0.866783	0.203484	0.874813	0.460326	0.900885	0.724415	0.869963	0.138462	0.014509	0.327073	0.898053	0.943714	0.896401	0.245509	0.231733	0.031996	0.748344	
0.414037	0.308963	0.0657085	0.49366	0.0133086	0.0184631	0.499556	0.869934	0.154512	0.00299917	0.999342	0.999389	0.167743	0.0957017	0.201065	0.85698	0.390998	0.343678	0.96394	0.207539	0.0720787	0.90902	0.658812	0.798414	0.298441	0.090311	0.869466	0.398467	0.532487	0.756021	
0.912056	0.628332	0.129957	0.797424	0.131808	0.959215	0.524635	0.608132	0.0685397	0.0895661	0.113148	0.0127729	0.995478	0.39435	0.727145	0.322314	0.401861	0.661104	0.50054	0.241245	0.23055	0.94453	0.513463	0.402457	0.685613	0.185755	0.112371	0.878082	0.980692	0.798004	
0.785453	0.85321	0.671093	0.906013	0.822722	0.216971	0.963726	0.000847305	0.478071	0.352881	0.563055	0.118497	0.0345765	0.388824	0.18799	0.438061	0.304704	0.782765	0.49534	0.91504	0.710632	0.446067	0.812514	0.178578	0.988311	0.980569	0.351734	0.328918	0.829013	0.216948	
0.307498	0.205409	0.680841	0.594057	0.3691	0.156615	0.600271	0.259972	0.273159	0.564396	0.699611	0.56201	0.460986	0.0992456	0.381953	0.894633	0.307697	0.588525	0.510059	0.132393	0.793261	0.588245	0.801937	0.592859	0.547354	0.790068	0.654072	0.522032	0.74925	0.844174	
0.792551	0.519641	0.541592	0.840324	0.632382	0.117188	0.0476809	0.889745	0.701861	0.452749	0.121314	0.737828	0.723973	0.785583	0.217638	0.0347039	0.501925	0.238394	0.414137	0.988412	0.647494	0.224639	0.368549	0.372879	0.698838	0.919925	0.458256	0.159269	0.955112	0.438912	
0.895643	0.0355835	0.280905	0.58766	0.425797	0.452307	0.422208	0.799379	0.975449	0.110393	0.383411	0.985031	0.847424	0.686945	0.188887	0.608063	0.302876	0.306685	0.983568	0.00696962	0.100122	0.398164	0.954267	0.94203	0.450989	0.239669	0.286914	0.841278	0.338079	0.953047	
0.460086	0.657854	0.548688	0.436759	0.706012	0.562638	0.822436	0.458745	0.14689	0.989154	0.581319	0.0888863	0.360444	0.833773	0.171712	0.0328855	0.668165	0.139036	0.238507	0.459977	0.499134	0.191034	0.253297	0.193241	0.243726	0.984657	0.579992	0.197088	0.126132	0.306265	
0.865596	0.78083	0.263958	0.42692	0.903707	0.142011	0.744255	0.933969	0.0130695	0.241173	0.467387	0.0989852	0.521501	0.231025	0.157419	0.391414	0.0914124	0.63752	0.969648	0.655533	0.830645	0.802122	0.194667	0.384294	0.606252	0.0031248	0.954249	0.0619635	0.546117	0.202622	
0.797374	0.755157	0.0731143	0.171268	0.72547	0.699666	0.407386	0.106106	0.0436926	0.637328	0.617911	0.906575	0.275394	0.707736	0.670818	0.649292	0.996205	0.45273	0.203109	0.402348	0.989501	0.980337	0.295548	0.250527	0.424473	0.36299	0.957811	0.122536	0.0335866	0.980401	
