20	30
86.6031	0.966654
80.3923	0.470122
86.7417	0.141249
91.6731	0.178572
85.2135	0.682679
82.9935	0.61961
89.5646	0.919563
98.2335	0.0559629
91.9029	0.567648
93.5502	0.421927
87.1343	0.861743
81.9579	0.783841
95.092	0.0971331
95.2776	0.657478
85.6585	0.105411
80.5904	0.522128
97.4328	0.0695107
87.1274	0.778201
92.1004	0.818656
85.1334	0.495691
37.6197
38.4014
41.8611
28.687
9.65198
28.953
23.8523
10.4137
43.8962
37.48
15.2185
12.2461
44.926
6.28853
8.91041
37.4603
20.8308
10.6563
13.8061
19.6973
31.1081
3.42365
16.3755
30.7502
25.2118
38.8845
35.7726
5.76606
21.4257
18.768
0.996175	0.00805259	0.443056	0.236367	0.768002	0.375644	0.0380465	0.653239	0.530626	0.194487	0.951571	0.828431	0.620741	0.704215	0.403587	0.0474585	0.508191	0.318989	0.184164	0.273897	0.934665	0.613334	0.46091	0.688293	0.944989	0.212353	0.398092	0.765307	0.646506	0.195507	
0.87674	0.558634	0.226984	0.24589	0.204534	0.499047	0.419746	0.889808	0.12745	0.618272	0.488319	0.155703	0.962192	0.944048	0.294494	0.978841	0.564162	0.956101	0.405041	0.444555	0.909721	0.816506	0.128754	0.818483	0.662185	0.222284	0.893677	0.0140044	0.932986	0.193938	
0.775461	0.810789	0.174567	0.0238009	0.685718	0.788551	0.908557	0.462262	0.634669	0.713841	0.115896	0.0461055	0.835866	0.543899	0.73608	0.853682	0.7058	0.147381	0.455923	0.517368	0.0336672	0.513361	0.818618	0.840133	0.773454	0.733029	0.170249	0.580471	0.389418	0.340735	
0.646299	0.374102	0.732838	0.546919	0.455692	0.605843	0.312947	0.792991	0.241183	0.0374424	0.540837	0.183625	0.899978	0.64744	0.50574	0.903797	0.0708482	0.664252	0.704327	0.779956	0.0164442	0.855928	0.745278	0.688149	0.247263	0.544043	0.724076	0.985307	0.510177	0.418697	
0.420558	0.608057	0.899636	0.814359	0.867475	0.563393	0.660402	0.176432	0.258313	0.326165	0.327732	0.318528	0.594387	0.0530844	0.814287	0.0376254	0.73377	0.0867291	0.738144	0.235769	0.202982	0.116481	0.997654	0.231562	0.0161075	0.570741	0.474397	0.956038	0.14881	0.517751	
0.544234	0.623232	0.217571	0.66562	0.853039	0.0499454	0.317605	0.0305057	0.499389	0.581047	0.855076	0.155248	0.311341	0.390185	0.363759	0.246669	0.301795	0.660566	0.717645	0.0855172	0.141132	0.605939	0.916986	0.748233	0.904533	0.941243	0.752174	0.565953	0.0224715	0.408629	
0.48635	0.00558049	0.32475	0.561626	0.284394	0.744709	0.228709	0.20167	0.941248	0.626606	0.318698	0.424985	0.0432611	0.101557	0.761557	0.631242	0.339422	0.777733	0.434458	0.697879	0.282425	0.845927	0.2099	0.931759	0.28629	0.48972	0.977517	0.852478	0.91669	0.784112	
0.168493	0.592209	0.654118	0.595111	0.51518	0.612663	0.648748	0.236558	0.509806	0.473136	0.861027	0.394599	0.729131	0.37239	0.693346	0.823611	0.343324	0.739648	0.0412236	0.0234436	0.628321	0.838296	0.126135	0.794608	0.775509	0.390539	0.415564	0.602154	0.466181	0.196741	
0.898081	0.128996	0.40433	0.96236	0.766418	0.43811	0.685158	0.291867	0.628388	0.0039566	0.530363	0.731603	0.7498	0.914694	0.0171942	0.796312	0.443348	0.310628	0.0140561	0.234639	0.929883	0.924829	0.757655	0.719614	0.723699	0.692098	0.293067	0.0327244	0.790181	0.740505	
0.176776	0.35145	0.268637	0.680493	0.928802	0.858056	0.0217442	0.353341	0.52301	0.616138	0.474276	0.855176	0.0636754	0.734451	0.676687	0.987871	0.613777	0.0898452	0.700674	0.427094	0.847109	0.374688	0.934989	0.890751	0.972786	0.235401	0.0443465	0.144197	0.37805	0.898815	
0.763906	0.0197899	0.124898	0.299566	0.428962	0.61051	0.0913031	0.11994	0.862262	0.932314	0.0334765	0.050394	0.921181	0.908425	0.311291	0.976962	0.739658	0.916706	0.850739	0.748108	0.594779	0.324028	0.0717437	0.769012	0.00251323	0.33203	0.996805	0.491412	0.794175	0.496562	
0.233769	0.146854	0.444521	0.970048	0.313732	0.731869	0.574749	0.390948	0.658655	0.446735	0.562234	0.837099	0.343612	0.618216	0.127435	0.619376	0.152357	0.33152	0.513482	0.377086	0.371869	0.15651	0.94673	0.584996	0.224222	0.701407	0.985706	0.423331	0.00712476	0.461639	
0.601872	0.888881	0.525579	0.575785	0.313248	0.452236	0.130808	0.070419	0.885803	0.957819	0.50097	0.518513	0.770194	0.376372	0.419584	0.0545937	0.887746	0.838701	0.304979	0.0282311	0.300768	0.735585	0.718649	0.800091	0.685807	0.0282586	0.533761	0.423282	0.0214051	0.843637	
0.284491	0.017318	0.206312	0.210212	0.986546	0.460291	0.642232	0.496381	0.233504	0.888182	0.697924	0.389156	0.17869	0.62156	0.477442	0.261775	0.935208	0.939172	0.642995	0.343985	0.0827344	0.79692	0.275723	0.409493	0.0357098	0.901766	0.0755061	0.808486	0.70944	0.0963859	
0.385696	0.0890593	0.62472	0.717727	0.548206	0.324371	0.254446	0.709693	0.324635	0.924722	0.017109	0.0936513	0.507693	0.276421	0.787489	0.290529	0.767625	0.39626	0.842079	0.382722	0.881832	0.700931	0.459541	0.0926845	0.239872	0.703659	0.325865	0.474487	0.145484	0.385668	
0.723713	0.876087	0.491518	0.263455	0.405575	0.112055	0.165214	0.403321	0.516859	0.493389	0.252086	0.909761	0.0655835	0.598283	0.806925	0.0884362	0.866834	0.447972	0.343473	0.327281	0.358801	0.503881	0.309653	0.294436	0.274705	0.214244	0.818117	0.519491	0.720162	0.827769	
0.376286	0.12388	0.211177	0.665184	0.171031	0.270499	0.668354	0.827049	0.167459	0.303528	0.592126	0.540078	0.624016	0.258959	0.00241838	0.52366	0.937849	0.8895	0.280186	0.254697	0.370655	0.34452	0.724638	0.65122	0.370011	0.205636	0.256562	0.736672	0.0723582	0.860311	
0.447928	0.586342	0.14757	0.994537	0.7164	0.113704	0.0729432	0.173891	0.884961	0.584198	0.318923	0.371877	0.777666	0.358305	0.773589	0.547586	0.605739	0.188752	0.17014	0.0216042	0.762064	0.812273	0.463157	0.672173	0.0537351	0.655091	0.118695	0.236944	0.514107	0.75875	
0.58789	0.415556	0.221309	0.254771	0.219981	0.0930283	0.612707	0.94398	0.644888	0.846296	0.445889	0.439902	0.624284	0.22168	0.990439	0.797457	0.295472	0.948383	0.252479	0.205821	0.542322	0.130088	0.806832	0.488813	0.483567	0.400604	0.505249	0.267405	0.210262	0.0868269	
0.375094	0.420544	0.891882	0.308813	0.682756	0.447725	0.326101	0.717271	0.303149	0.969815	0.621772	0.157737	0.478116	0.608433	0.925308	0.00878643	0.179432	0.191205	0.202323	0.699952	0.635815	0.740929	0.710873	0.782752	0.555598	0.350362	0.299052	0.798573	0.440222	0.545029	
