10	30
44.828	0.14066
47.6606	0.615226
47.2015	0.207284
48.4234	0.719784
47.9468	0.144165
48.2545	0.756896
44.4702	0.342356
48.1068	0.477556
41.5059	0.855635
41.6115	0.77443
5.39454
22.0101
24.5856
33.7724
16.6633
13.9998
19.5325
36.782
3.81347
26.5735
2.86787
13.7433
32.6998
43.7476
39.1453
22.4555
12.5805
44.527
20.4139
31.9798
30.0031
37.4978
25.6342
30.5366
31.0562
27.1897
38.0083
44.7636
33.9541
42.5093
0.620577	0.975341	0.367411	0.171097	0.667271	0.476343	0.459633	0.57379	0.936496	0.168535	0.0499827	0.0308734	0.477497	0.525101	0.0158504	0.470395	0.889312	0.654249	0.33964	0.219128	0.424873	0.0525575	0.417716	0.061533	0.636405	0.753709	0.439175	0.0757996	0.652083	0.286938	
0.935213	0.374449	0.814898	0.242811	0.0787439	0.568642	0.407174	0.690204	0.943721	0.789375	0.199801	0.962707	0.555261	0.244214	0.730627	0.943732	0.111147	0.993865	0.773297	0.666202	0.138795	0.17823	0.326507	0.377704	0.398662	0.719015	0.324157	0.398422	0.339189	0.0736763	
0.0827023	0.730787	0.778829	0.176393	0.228796	0.316737	0.699056	0.793538	0.91808	0.990975	0.727083	0.36064	0.467047	0.253008	0.344036	0.495659	0.9874	0.582617	0.0614677	0.0194611	0.169793	0.377382	0.102366	0.665867	0.732243	0.779086	0.0443166	0.141683	0.119419	0.219131	
0.533592	0.772392	0.0373336	0.13055	0.535897	0.309183	0.299768	0.552129	0.692386	0.00279025	0.408263	0.979549	0.959001	0.000630601	0.549511	0.633419	0.828331	0.89254	0.317983	0.26409	0.678869	0.104681	0.719099	0.339817	0.64058	0.652647	0.511457	0.670361	0.385197	0.623105	
0.187509	0.262274	0.64573	0.841109	0.0655322	0.556167	0.662838	0.090125	0.720786	0.376009	0.355138	0.130525	0.842701	0.186972	0.121788	0.930764	0.266096	0.134035	0.86915	0.0570062	0.797591	0.526519	0.980154	0.771309	0.269889	0.188569	0.647331	0.64796	0.976765	0.192168	
0.339756	0.473242	0.0439441	0.523485	0.0566275	0.775985	0.679663	0.632906	0.946685	0.675074	0.617029	0.113559	0.473232	0.594348	0.341949	0.875208	0.577509	0.894667	0.741812	0.544117	0.579279	0.35869	0.742359	0.620326	0.637579	0.26375	0.389537	0.0188844	0.942532	0.72453	
0.156413	0.58156	0.957188	0.143949	0.294201	0.498115	0.0959413	0.953314	0.239829	0.491386	0.958811	0.17017	0.427075	0.0511533	0.31718	0.339194	0.288373	0.0137358	0.625295	0.75669	0.210029	0.997862	0.416263	0.0353345	0.649816	0.127112	0.049765	0.705159	0.462614	0.719192	
0.431832	0.310942	0.638458	0.526782	0.275649	0.103009	0.0704834	0.87399	0.443537	0.75865	0.241963	0.97409	0.623933	0.611999	0.251521	0.771364	0.688401	0.663304	0.0546549	0.768682	0.503237	0.317951	0.825642	0.174672	0.816034	0.156382	0.463204	0.0163962	0.228867	0.469469	
0.253685	0.848235	0.800051	0.916252	0.483902	0.0593841	0.785407	0.520955	0.0573052	0.199538	0.555479	0.508025	0.131382	0.783456	0.882101	0.502753	0.647967	0.954526	0.482595	0.901929	0.863957	0.460705	0.624925	0.229995	0.818533	0.881	0.569724	0.0537495	0.560059	0.946122	
0.959001	0.986366	0.0404439	0.632215	0.455862	0.0728729	0.476437	0.10004	0.552337	0.295127	0.274066	0.0820024	0.919281	0.419636	0.600803	0.909929	0.530716	0.763707	0.835152	0.465551	0.431869	0.977866	0.485991	0.650487	0.2505	0.0139135	0.505773	0.205398	0.00327121	0.989228	
