10	30
45.5208	0.216575
45.0289	0.342069
46.5226	0.0738159
45.2935	0.96429
44.5617	0.819136
40.5371	0.762982
43.7307	0.428453
46.2288	0.893901
39.2097	0.0713056
44.3245	0.722328
15.4751
44.1663
13.1847
35.5168
42.1641
7.79014
35.6791
10.138
31.9703
10.9905
6.30432
9.25741
35.5737
23.2766
11.6859
16.9265
36.3855
46.2781
36.812
10.5502
40.9854
36.5091
33.8775
19.2504
2.15495
22.1636
16.9879
19.9051
21.2146
25.5864
0.168435	0.30648	0.823138	0.365587	0.764344	0.922033	0.757848	0.20428	0.0133465	0.435658	0.969728	0.772476	0.854678	0.574098	0.662397	0.792362	0.363366	0.183719	0.127815	0.0542084	0.540188	0.282294	0.405758	0.496412	0.323493	0.365797	0.620615	0.435193	0.202842	0.165195	
0.51459	0.355876	0.125064	0.933957	0.417319	0.363378	0.198124	0.774175	0.230011	0.372358	0.0526205	0.686727	0.159366	0.636811	0.890495	0.339678	0.043671	0.563218	0.634234	0.179809	0.615894	0.532982	0.141852	0.542657	0.562934	0.282655	0.00872447	0.333087	0.89015	0.0960243	
0.0803971	0.991503	0.0253625	0.350209	0.31922	0.519214	0.127421	0.283582	0.49897	0.902068	0.314579	0.797111	0.0882157	0.0228132	0.429379	0.889502	0.134648	0.847851	0.7944	0.435657	0.506978	0.0494305	0.839209	0.680436	0.333656	0.631039	0.105027	0.487593	0.774225	0.492259	
0.570759	0.27909	0.0588204	0.239884	0.280382	0.892959	0.18258	0.62274	0.488318	0.503689	0.309297	0.312187	0.669676	0.846861	0.0684289	0.890623	0.616672	0.642808	0.595106	0.604039	0.689025	0.32216	0.932219	0.104068	0.934175	0.310262	0.119576	0.323582	0.899068	0.0180507	
0.327472	0.428141	0.897441	0.783048	0.187762	0.620412	0.0775682	0.567703	0.365545	0.224243	0.659343	0.353685	0.789986	0.65359	0.0946523	0.453757	0.462893	0.39922	0.983675	0.416117	0.852582	0.0229561	0.868758	0.203573	0.908964	0.151864	0.0693454	0.98327	0.879495	0.501466	
0.702873	0.622494	0.215974	0.657748	0.0441511	0.423893	0.890204	0.0623802	0.210057	0.34426	0.745943	0.736686	0.950586	0.411426	0.931299	0.470729	0.0713817	0.875246	0.227024	0.108384	0.0157773	0.869751	0.546387	0.801242	0.325668	0.90355	0.648347	0.998234	0.0348077	0.291305	
0.562998	0.979393	0.443269	0.751535	0.435934	0.00654093	0.0885392	0.855883	0.288578	0.705908	0.543002	0.39897	0.575775	0.177576	0.638706	0.938859	0.665518	0.911027	0.626243	0.385143	0.145384	0.2859	0.36727	0.582396	0.708768	0.589095	0.732362	0.720627	0.79758	0.995732	
0.58744	0.0949677	0.593743	0.907158	0.447931	0.864687	0.299461	0.272103	0.729397	0.34287	0.495946	0.0808383	0.291346	0.162369	0.921957	0.581596	0.546414	0.125142	0.0580111	0.43987	0.198837	0.413002	0.329248	0.452921	0.0212226	0.278103	0.469327	0.894246	0.122054	0.97523	
0.51447	0.521191	0.120797	0.238418	0.404819	0.666803	0.293511	0.585211	0.226545	0.158964	0.248469	0.867166	0.706134	0.448709	0.386433	0.592538	0.758552	0.436868	0.805472	0.580052	0.734765	0.348616	0.16798	0.0254842	0.540987	0.717329	0.181341	0.467332	0.732106	0.508437	
0.822715	0.372859	0.756601	0.227941	0.379302	0.496422	0.60675	0.795042	0.494173	0.844025	0.0286387	0.132276	0.268793	0.727734	0.00862501	0.151421	0.221805	0.389034	0.0829872	0.124139	0.334929	0.290309	0.147168	0.488095	0.556468	0.00368154	0.621917	0.468221	0.678193	0.132864	
