15	30
59.6803	0.062068
61.668	0.987318
63.6948	0.0100333
61.2254	0.576675
68.3343	0.935606
61.7965	0.0420381
63.853	0.587052
67.6724	0.357661
63.3399	0.74498
67.2111	0.701574
64.874	0.61008
59.2176	0.615107
60.0314	0.351382
63.0415	0.130226
64.2895	0.186059
16.7006
16.8853
49.3119
29.2187
1.99935
49.9084
33.8491
25.3262
48.2074
38.2264
9.66525
21.1664
36.986
25.9977
29.3449
20.851
14.5521
41.9049
44.9021
38.0382
26.0213
16.0726
28.8304
49.4773
6.43851
18.7342
31.7449
29.2372
42.1255
41.4766
0.287658	0.847964	0.576316	0.147347	0.543723	0.108284	0.12688	0.550274	0.300219	0.876387	0.138447	0.462601	0.0655226	0.625592	0.839305	0.820671	0.211262	0.931808	0.916536	0.634309	0.0577118	0.356871	0.786538	0.0893923	0.927048	0.120193	0.498487	0.980597	0.466599	0.630987	
0.54788	0.0107207	0.486501	0.507861	0.896422	0.164851	0.254086	0.45251	0.274759	0.601935	0.194948	0.134157	0.645285	0.544727	0.4443	0.410815	0.226621	0.683246	0.783423	0.580508	0.852076	0.890591	0.292505	0.637783	0.807455	0.346543	0.800756	0.296586	0.34604	0.863005	
0.598207	0.212586	0.989035	0.944228	0.90857	0.190959	0.839882	0.740228	0.446057	0.629198	0.282692	0.992018	0.300215	0.164045	0.66607	0.105004	0.95969	0.250232	0.531855	0.473721	0.612713	0.708645	0.456768	0.568153	0.789807	0.408229	0.73524	0.563499	0.0554672	0.928889	
0.319783	0.807778	0.856612	0.900206	0.874513	0.667728	0.794121	0.792989	0.772694	0.875997	0.430707	0.89276	0.702257	0.402645	0.799826	0.810313	0.496929	0.114513	0.255253	0.902955	0.0775423	0.769484	0.266464	0.798184	0.439113	0.308388	0.752166	0.199541	0.0949614	0.935807	
0.331183	0.364033	0.538831	0.84474	0.346006	0.195008	0.0418686	0.586535	0.869102	0.00487218	0.243698	0.518713	0.926799	0.363039	0.808899	0.00691349	0.44763	0.302682	0.495653	0.963116	0.488302	0.172995	0.335749	0.56265	0.0226732	0.919234	0.303012	0.0970391	0.0454798	0.380096	
0.249151	0.450796	0.034658	0.830736	0.158281	0.665607	0.966443	0.526052	0.755789	0.109914	0.277139	0.954536	0.310621	0.364748	0.382823	0.813267	0.207462	0.420599	0.728672	0.791178	0.970069	0.696816	0.957853	0.905004	0.250049	0.478564	0.399729	0.617308	0.374024	0.592701	
0.659374	0.209977	0.42593	0.503399	0.303198	0.347108	0.712436	0.104705	0.882895	0.0852177	0.915892	0.391259	0.857488	0.412792	0.214203	0.0933623	0.440243	0.0135301	0.292112	0.840838	0.509587	0.535897	0.679927	0.654865	0.668635	0.245377	0.470231	0.727597	0.531174	0.586761	
0.713905	0.308294	0.233719	0.0208679	0.699959	0.815139	0.554697	0.421535	0.939993	0.80001	0.731776	0.471135	0.115131	0.334464	0.0791122	0.0694809	0.780608	0.178258	0.43629	0.888845	0.333249	0.765975	0.0421607	0.266443	0.503492	0.277527	0.180731	0.736511	0.29459	0.72157	
0.0315551	0.801207	0.734085	0.897665	0.943287	0.361347	0.935341	0.17596	0.941278	0.0105461	0.994378	0.271863	0.983834	0.394422	0.384124	0.322999	0.286777	0.381055	0.888496	0.82393	0.762287	0.246592	0.229247	0.0926741	0.647627	0.0473628	0.245356	0.786161	0.0847403	0.906236	
0.929522	0.0888873	0.436848	0.629436	0.489461	0.330534	0.137145	0.794715	0.276521	0.968457	0.629776	0.253878	0.71093	0.162792	0.949654	0.469433	0.240791	0.471923	0.990836	0.0183411	0.925071	0.153156	0.799401	0.244523	0.452859	0.344989	0.21408	0.159585	0.0584844	0.159375	
0.210235	0.362423	0.832201	0.859345	0.46332	0.507741	0.560369	0.23768	0.741305	0.40933	0.760293	0.741173	0.012654	0.549708	0.827377	0.745926	0.030307	0.611138	0.57574	0.592707	0.89962	0.026638	0.263402	0.0393481	0.357862	0.343609	0.190287	0.0212797	0.218114	0.072707	
0.326717	0.39067	0.209723	0.0233214	0.955646	0.965904	0.84661	0.0731135	0.624648	0.601805	0.536454	0.343798	0.871984	0.315716	0.583376	0.1683	0.898424	0.154835	0.451253	0.303375	0.910396	0.27996	0.319114	0.0227887	0.246988	0.520429	0.936406	0.275144	0.574946	0.710503	
0.103984	0.0710957	0.574075	0.728059	0.100924	0.85276	0.507934	0.575264	0.537082	0.671152	0.954145	0.0647535	0.490197	0.216315	0.660858	0.660811	0.351592	0.273192	0.619691	0.892549	0.149354	0.336089	0.0975292	0.345696	0.462329	0.663021	0.51269	0.0935755	0.0908738	0.637733	
0.712723	0.859503	0.0543275	0.461061	0.456931	0.0857808	0.216694	0.118593	0.313228	0.32305	0.247921	0.526645	0.961475	0.971923	0.167307	0.402626	0.462833	0.995754	0.889871	0.208007	0.205403	0.0483972	0.774126	0.963755	0.313411	0.847444	0.0648947	0.439875	0.994055	0.0235711	
0.0389104	0.918099	0.816767	0.992864	0.212325	0.125281	0.0710871	0.538938	0.30732	0.876279	0.76317	0.120943	0.720638	0.932081	0.860128	0.661668	0.203524	0.511907	0.84955	0.517391	0.247228	0.278609	0.607354	0.446964	0.980815	0.0215411	0.81411	0.287933	0.112646	0.709872	
