20	40
84.1066	0.0424918
87.8677	0.0500038
79.2225	0.644539
93.9016	0.587447
81.9613	0.297341
98.2676	0.911178
97.4271	0.26922
91.7525	0.444608
91.3482	0.572416
95.6401	0.0281742
91.5517	0.895733
94.5163	0.087494
96.1551	0.5755
87.4325	0.332534
86.5331	0.923211
88.8288	0.692362
88.7148	0.858972
91.1285	0.229629
89.3504	0.262109
84.4284	0.333771
38.0321
48.1635
20.0463
24.9184
6.67039
10.0351
4.03584
7.30583
27.7597
19.6558
8.323
30.943
3.06231
21.5586
5.49059
11.3601
14.5683
18.9668
36.8421
47.9245
26.572
19.282
38.9154
34.2948
13.4586
20.8834
4.85413
40.4576
49.0593
9.09734
13.5265
20.2755
42.1143
26.6638
24.1349
12.3177
30.9848
11.5797
18.2254
21.43
0.779113	0.897293	0.562943	0.38986	0.201408	0.270004	0.781071	0.282129	0.737881	0.682097	0.864339	0.641781	0.843835	0.664828	0.35757	0.334479	0.176051	0.447	0.647479	0.539589	0.377072	0.204615	0.274853	0.694474	0.157099	0.0435881	0.558859	0.191587	0.335045	0.62773	0.0827553	0.751235	0.154769	0.691268	0.311332	0.531793	0.0879389	0.572378	0.352189	0.393561	
0.894385	0.441161	0.875729	0.41439	0.291627	0.132992	0.441761	0.343857	0.977039	0.319829	0.153397	0.84972	0.254567	0.336184	0.0906854	0.755604	0.370235	0.773628	0.271287	0.848799	0.78001	0.672488	0.226646	0.614119	0.320654	0.740664	0.203176	0.285345	0.287017	0.913366	0.505026	0.493469	0.837304	0.968421	0.263041	0.794303	0.17184	0.468355	0.601881	0.371001	
0.872245	0.694184	0.623351	0.457666	0.612017	0.896016	0.657176	0.804699	0.692386	0.596201	0.684421	0.236421	0.527227	0.226367	0.95942	0.429597	0.685647	0.702177	0.761833	0.354346	0.487801	0.757286	0.0939623	0.222414	0.578141	0.624333	0.6241	0.657604	0.186629	0.712097	0.969007	0.666338	0.334826	0.0814716	0.0555194	0.931166	0.62926	0.322456	0.167987	0.923896	
0.0516314	0.955346	0.751385	0.788751	0.338675	0.725352	0.936361	0.0356962	0.197131	0.33061	0.16995	0.329192	0.578946	0.737805	0.957298	0.410966	0.178744	0.963461	0.781714	0.294598	0.0937789	0.876475	0.638125	0.949457	0.273692	0.61425	0.903987	0.0627544	0.232029	0.269157	0.924874	0.070786	0.862138	0.916016	0.734329	0.781888	0.697008	0.959469	0.15055	0.441229	
0.0201864	0.489174	0.377542	0.0981329	0.0978799	0.692268	0.00240658	0.515104	0.313707	0.982604	0.605971	0.978708	0.261195	0.297929	0.211218	0.381663	0.501102	0.435185	0.958238	0.883839	0.390395	0.849834	0.146545	0.926343	0.368753	0.122961	0.0192265	0.664293	0.108792	0.427451	0.0408265	0.602663	0.689687	0.529033	0.162331	0.246888	0.67338	0.983382	0.958251	0.101114	
0.175179	0.480323	0.215082	0.539321	0.390372	0.394197	0.979634	0.849183	0.493105	0.965719	0.262246	0.062033	0.853225	0.64538	0.570954	0.147537	0.319334	0.54147	0.452191	0.921017	0.0632761	0.384871	0.796161	0.887331	0.418548	0.672722	0.353905	0.379617	0.0459662	0.543107	0.435691	0.44896	0.361908	0.371192	0.748289	0.906914	0.0257292	0.33242	0.857292	0.381926	
0.83067	0.341871	0.954836	0.658049	0.331523	0.666128	0.524946	0.0568119	0.892266	0.598931	0.940851	0.468799	0.104776	0.776928	0.950215	0.142793	0.875332	0.684922	0.730929	0.0255055	0.30603	0.459595	0.77594	0.549428	0.881996	0.942152	0.244824	0.760575	0.503631	0.453546	0.529604	0.644996	0.230274	0.769296	0.0452797	0.0937556	0.703779	0.355733	0.899057	0.198667	
0.455588	0.153634	0.685934	0.396603	0.970367	0.327405	0.128801	0.000130577	0.297878	0.44421	0.911051	0.237617	0.885382	0.0928385	0.154891	0.709252	0.789043	0.434433	0.098556	0.45612	0.958704	0.777922	0.274667	0.896289	0.806323	0.554411	0.463169	0.0128033	0.86381	0.742659	0.476364	0.740629	0.053087	0.642321	0.328119	0.95817	0.853894	0.0794614	0.218979	0.73198	
0.804218	0.0563801	0.505759	0.527616	0.192133	0.562676	0.730487	0.45469	0.87269	0.271214	0.523551	0.699004	0.785283	0.0104625	0.614837	0.47439	0.540662	0.295558	0.959743	0.837261	0.964842	0.506633	0.696183	0.516146	0.442566	0.515576	0.187003	0.633649	0.0236257	0.574076	0.808024	0.355222	0.610213	0.645219	0.375979	0.0186049	0.850298	0.839211	0.422198	0.650163	
0.814844	0.198355	0.402581	0.995069	0.798919	0.603586	0.641727	0.902014	0.00776896	0.704798	0.569007	0.0996176	0.925891	0.488573	0.194425	0.122264	0.498808	0.460468	0.0699621	0.225218	0.0181262	0.978519	0.0362724	0.859467	0.990179	0.158803	0.374213	0.976859	0.859938	0.527707	0.373902	0.385303	0.22957	0.0958041	0.151716	0.672753	0.0273378	0.136383	0.375774	0.178366	
0.2976	0.634452	0.00201629	0.49471	0.748175	0.730193	0.141568	0.883303	0.5522	0.765964	0.828548	0.285683	0.416761	0.934989	0.841871	0.596198	0.488273	0.420133	0.187584	0.343523	0.969579	0.593626	0.138507	0.539059	0.062776	0.383932	0.487342	0.778078	0.120103	0.880663	0.380281	0.051159	0.266657	0.00747133	0.828032	0.320068	0.201199	0.0991955	0.714866	0.356899	
0.25529	0.416397	0.0349913	0.0106396	0.639211	0.971656	0.280884	0.299452	0.987841	0.351584	0.133132	0.357267	0.402483	0.532102	0.475695	0.0493147	0.379832	0.177163	0.311087	0.348756	0.385764	0.0526351	0.0998439	0.728305	0.726353	0.933399	0.799779	0.0798802	0.507179	0.74644	0.0697609	0.841887	0.367199	0.223929	0.791523	0.992365	0.928469	0.836591	0.0880715	0.81311	
0.456737	0.0793029	0.970001	0.510863	0.294211	0.879302	0.334926	0.372901	0.180791	0.341516	0.171521	0.209069	0.0657361	0.881506	0.731605	0.717583	0.382936	0.597517	0.636701	0.376789	0.552486	0.641339	0.592578	0.979749	0.435217	0.823957	0.288308	0.905684	0.674004	0.538529	0.743813	0.61988	0.400267	0.0356258	0.302263	0.440533	0.105325	0.809478	0.547377	0.824075	
0.374443	0.187528	0.927144	0.59309	0.415069	0.680975	0.508508	0.885146	0.00162566	0.952836	0.738641	0.853985	0.294627	0.330415	0.15561	0.461692	0.899171	0.792035	0.300104	0.0181571	0.755706	0.753063	0.583039	0.777274	0.461024	0.485732	0.501075	0.388161	0.587728	0.577931	0.328104	0.0273311	0.25962	0.731229	0.162434	0.978501	0.868336	0.228345	0.627368	0.969329	
0.140728	0.00073245	0.688938	0.737171	0.162701	0.507938	0.252005	0.837297	0.631643	0.247886	0.932655	0.162785	0.785752	0.0805819	0.675657	0.212118	0.0685215	0.30662	0.5514	0.304314	0.0694873	0.55378	0.53939	0.0199876	0.983407	0.176061	0.286076	0.0564807	0.518737	0.189568	0.136505	0.456026	0.313611	0.547103	0.779293	0.239549	0.716111	0.368207	0.512312	0.135184	
0.403259	0.86666	0.958939	0.0138256	0.319092	0.269533	0.820723	0.0432777	0.727096	0.0531019	0.0822769	0.471104	0.174899	0.252743	0.885538	0.924813	0.86611	0.832805	0.219104	0.359444	0.906652	0.901537	0.760017	0.0842887	0.9613	0.32057	0.613178	0.698931	0.823814	0.299167	0.123098	0.337636	0.401412	0.593227	0.422026	0.305579	0.0507446	0.485862	0.706364	0.333472	
0.249184	0.0967328	0.417616	0.812835	0.620065	0.755608	0.27591	0.192143	0.432723	0.195164	0.626804	0.104084	0.905094	0.504674	0.369339	0.102644	0.945921	0.347314	0.926031	0.117611	0.713544	0.86682	0.0717232	0.650329	0.920729	0.03332	0.370751	0.96718	0.742793	0.109039	0.121106	0.03232	0.760322	0.668049	0.155234	0.135737	0.0342064	0.703968	0.327717	0.651433	
0.819937	0.49377	0.976447	0.637664	0.445119	0.0670951	0.00716767	0.505887	0.610958	0.807929	0.30258	0.925186	0.49775	0.59554	0.981391	0.817323	0.643004	0.831815	0.458652	0.679583	0.633069	0.489828	0.214677	0.585047	0.650785	0.613655	0.937852	0.930145	0.506623	0.000368124	0.374006	0.840611	0.245216	0.317051	0.43877	0.51849	0.521437	0.417785	0.023344	0.374877	
0.796431	0.589705	0.318778	0.882729	0.524028	0.936652	0.214017	0.0214312	0.977924	0.440842	0.898917	0.874942	0.0115286	0.520567	0.93238	0.723202	0.432037	0.316182	0.890874	0.504118	0.13532	0.311959	0.901293	0.810456	0.270004	0.37215	0.131646	0.396033	0.247076	0.801908	0.380814	0.629532	0.795364	0.448071	0.937093	0.306547	0.545565	0.860398	0.899345	0.357418	
0.966525	0.365876	0.302373	0.322084	0.939059	0.170545	0.277813	0.321277	0.17017	0.175934	0.0906295	0.403644	0.215853	0.307158	0.206044	0.334278	0.842457	0.57687	0.986014	0.25408	0.821567	0.84325	0.404621	0.542511	0.200549	0.0288878	0.0174806	0.382438	0.0492004	0.0673088	0.620899	0.808273	0.723157	0.132457	0.300721	0.764625	0.430167	0.173767	0.76973	0.383194	
