20	40
89.2799	0.341325
90.282	0.246934
89.5403	0.33433
81.7299	0.261962
82.1013	0.449406
85.5549	0.764677
90.5707	0.47235
99.0103	0.0352319
86.9469	0.293662
92.1004	0.727575
96.9882	0.836074
84.539	0.170004
81.0021	0.565927
89.4877	0.557626
80.0874	0.808151
92.7776	0.758713
92.9088	0.604648
97.7327	0.717558
96.8753	0.0696013
96.4138	0.165116
3.06689
32.3159
27.5788
31.7923
47.2743
16.9657
49.7598
45.1089
5.78924
46.3913
19.1279
40.5281
18.7984
45.4649
27.4765
25.8098
44.8426
14.5951
18.6826
18.3136
24.1581
47.7511
42.9081
42.204
12.5444
13.3512
44.4019
44.8351
19.8532
11.6704
18.1729
16.9336
1.65872
10.3641
15.4847
31.3982
10.4806
30.8143
36.8409
35.3036
0.156802	0.271324	0.521096	0.234357	0.368481	0.386899	0.0597832	0.795494	0.201244	0.966181	0.611123	0.671054	0.882945	0.702094	0.319447	0.735531	0.324859	0.589533	0.228568	0.373892	0.178733	0.15094	0.550548	0.21167	0.588548	0.0177284	0.317612	0.571429	0.992616	0.979306	0.589471	0.611201	0.899816	0.529671	0.909895	0.143139	0.983637	0.791025	0.862138	0.468876	
0.959158	0.986965	0.538321	0.832898	0.427912	0.253087	0.87175	0.0352212	0.17521	0.470195	0.435902	0.113367	0.56667	0.956243	0.379305	0.232162	0.704689	0.86001	0.327594	0.705201	0.109677	0.7012	0.891414	0.680985	0.498826	0.910344	0.750279	0.983323	0.419099	0.72892	0.541637	0.167975	0.544686	0.292838	0.379879	0.262721	0.0990346	0.121525	0.77697	0.954172	
0.981408	0.845319	0.331216	0.180994	0.6815	0.432987	0.836693	0.417051	0.0206572	0.724948	0.501133	0.711154	0.800177	0.612857	0.445341	0.626486	0.69829	0.945081	0.319375	0.663422	0.353182	0.453805	0.36046	0.0102638	0.290345	0.141767	0.0993576	0.488126	0.43336	0.931003	0.674001	0.0177549	0.136466	0.988154	0.996868	0.886652	0.644469	0.669357	0.264484	0.618689	
0.757061	0.570768	0.0419074	0.181507	0.278238	0.550698	0.363857	0.926316	0.547277	0.348944	0.509159	0.0699275	0.702871	0.524526	0.771441	0.561172	0.499229	0.820448	0.67848	0.482676	0.241482	0.538666	0.85962	0.470575	0.219996	0.719703	0.306983	0.936657	0.642628	0.705949	0.276024	0.5836	0.617256	0.395268	0.871933	0.892898	0.311169	0.890413	0.725911	0.799366	
0.85778	0.416604	0.991681	0.126395	0.197996	0.896258	0.225759	0.0591052	0.547807	0.980724	0.395012	0.213603	0.24774	0.257583	0.0203751	0.702723	0.903253	0.551846	0.319889	0.999845	0.959634	0.722076	0.365852	0.0683476	0.638283	0.813767	0.363148	0.680736	0.0905062	0.70918	0.532502	0.418531	0.872942	0.448571	0.710421	0.222961	0.273617	0.20592	0.0395902	0.145374	
0.479909	0.277218	0.0328061	0.140227	0.0313375	0.863354	0.492761	0.939817	0.23515	0.277222	0.117065	0.0716259	0.836328	0.575921	0.323008	0.996206	0.986198	0.0784416	0.468417	0.788572	0.870439	0.0859739	0.153917	0.106433	0.14777	0.362048	0.929973	0.148676	0.903292	0.481565	0.378008	0.243198	0.559546	0.301416	0.893515	0.159995	0.608116	0.458797	0.188181	0.351093	
0.77154	0.709001	0.808282	0.565323	0.879547	0.354886	0.302042	0.359237	0.607029	0.528565	0.680608	0.0982935	0.580509	0.166289	0.395533	0.114985	0.770867	0.11182	0.496998	0.742486	0.123721	0.833149	0.585094	0.574797	0.661407	0.240691	0.772987	0.448107	0.237011	0.205689	0.0907704	0.106412	0.865758	0.552839	0.410992	0.337472	0.422318	0.347045	0.833195	0.341685	
0.417027	0.357346	0.38006	0.430225	0.688433	0.929919	0.414601	0.380831	0.0232954	0.645123	0.43123	0.823872	0.166801	0.612553	0.665367	0.296208	0.209702	0.151442	0.167902	0.174054	0.0167645	0.00215314	0.597947	0.59757	0.162286	0.0893298	0.88321	0.324465	0.0233285	0.771513	0.289494	0.723948	0.123179	0.529255	0.966899	0.852023	0.703918	0.426835	0.424181	0.785568	
0.0605345	0.736368	0.638105	0.291271	0.0179682	0.082703	0.401407	0.890553	0.0374729	0.457709	0.353592	0.541315	0.255347	0.569231	0.269518	0.724525	0.753105	0.827066	0.846977	0.264771	0.877661	0.256563	0.153525	0.649854	0.796242	0.594933	0.768312	0.0288625	0.274058	0.790086	0.680331	0.0207547	0.307423	0.357404	0.185918	0.692194	0.788019	0.518064	0.498335	0.108846	
0.714034	0.0617321	0.868508	0.688562	0.911172	0.41445	0.930185	0.533991	0.892064	0.568842	0.835763	0.583592	0.547366	0.79555	0.822829	0.626013	0.812333	0.397976	0.727461	0.721695	0.302212	0.12379	0.735867	0.644972	0.30385	0.339499	0.477137	0.480143	0.0688363	0.764174	0.381705	0.659329	0.786566	0.349316	0.311131	0.703802	0.620949	0.269675	0.46085	0.448227	
0.579362	0.722951	0.34459	0.098747	0.21988	0.623289	0.303853	0.215352	0.98249	0.940875	0.657234	0.393513	0.359658	0.0208912	0.754502	0.764966	0.761669	0.728395	0.947674	0.206194	0.195187	0.304134	0.732139	0.699826	0.274118	0.421672	0.176086	0.826706	0.0602645	0.582207	0.298403	0.42089	0.367843	0.0434275	0.859289	0.489344	0.0601862	0.946844	0.316083	0.534557	
0.243748	0.165955	0.460054	0.748725	0.411351	0.621103	0.970339	0.926862	0.810848	0.802743	0.339281	0.320995	0.672518	0.998726	0.287955	0.27707	0.859907	0.912479	0.902613	0.994294	0.764945	0.0590168	0.0317549	0.741648	0.166572	0.548458	0.723597	0.41167	0.789211	0.707458	0.154078	0.40173	0.577456	0.0452129	0.949122	0.0428949	0.376454	0.606801	0.361896	0.896391	
0.899819	0.538077	0.471039	0.514058	0.611945	0.322299	0.550011	0.508024	0.772839	0.697004	0.200303	0.185899	0.793212	0.734261	0.627642	0.164919	0.488552	0.472606	0.470983	0.206283	0.194251	0.371047	0.395905	0.466296	0.696222	0.974599	0.479352	0.170868	0.152436	0.988135	0.105071	0.544428	0.377683	0.667618	0.278652	0.456222	0.489134	0.907711	0.106975	0.800893	
0.0929609	0.856539	0.420575	0.0502603	0.861154	0.12555	0.515271	0.443933	0.643485	0.889297	0.053718	0.83333	0.496639	0.116005	0.765846	0.883789	0.778387	0.292835	0.282675	0.235269	0.467136	0.406123	0.779724	0.505663	0.957769	0.739315	0.987416	0.849204	0.0824516	0.205028	0.382744	0.506938	0.893066	0.684574	0.770261	0.750648	0.991242	0.0501775	0.827327	0.471529	
0.726938	0.209528	0.519053	0.42075	0.721245	0.502147	0.274906	0.0345427	0.321361	0.0504003	0.767542	0.367762	0.708983	0.0886989	0.976462	0.194392	0.384585	0.640252	0.586873	0.109	0.283715	0.487005	0.0956727	0.417274	0.727941	0.577523	0.0736307	0.15407	0.521447	0.784033	0.42522	0.225914	0.250935	0.895408	0.751699	0.287123	0.316512	0.519183	0.924575	0.023924	
0.870181	0.0388764	0.980241	0.687017	0.585589	0.121722	0.415053	0.976351	0.215706	0.688332	0.835445	0.814094	0.818003	0.244328	0.693108	0.650605	0.445648	0.970524	0.349813	0.375073	0.308999	0.961293	0.632866	0.1528	0.217374	0.689251	0.893791	0.499539	0.582896	0.117488	0.92207	0.924653	0.637794	0.278716	0.448556	0.495541	0.15901	0.844459	0.453212	0.870958	
0.155739	0.343215	0.651181	0.274019	0.381289	0.577414	0.0582869	0.555388	0.281547	0.769291	0.272701	0.975798	0.996661	0.333714	0.965563	0.320361	0.177575	0.0925233	0.107038	0.987094	0.610311	0.09293	0.714596	0.411974	0.132128	0.240621	0.930645	0.679638	0.768736	0.13193	0.737999	0.474051	0.391748	0.79373	0.831416	0.270609	0.533659	0.973576	0.19815	0.584549	
0.599751	0.400538	0.130337	0.896366	0.575049	0.249815	0.733773	0.541796	0.258143	0.698639	0.671473	0.824434	0.596978	0.867566	0.358867	0.603253	0.653575	0.309514	0.0277394	0.807658	0.608347	0.410228	0.218877	0.109316	0.954211	0.147447	0.321041	0.411992	0.502856	0.115614	0.954757	0.784749	0.615453	0.222705	0.324539	0.0656871	0.0524998	0.823098	0.894352	0.483362	
0.321745	0.103887	0.260989	0.917314	0.176378	0.48681	0.560913	0.531178	0.11934	0.60424	0.231225	0.242959	0.228629	0.701911	0.271657	0.826061	0.419036	0.269658	0.834276	0.269373	0.0944957	0.414127	0.389709	0.697901	0.356857	0.421431	0.143133	0.335067	0.123274	0.402674	0.21866	0.199889	0.194921	0.400058	0.542851	0.0624016	0.838561	0.485922	0.940864	0.680124	
0.594522	0.237963	0.150854	0.0697356	0.109214	0.797722	0.637624	0.323393	0.463416	0.171081	0.616113	0.185488	0.616994	0.831927	0.900365	0.247102	0.564034	0.496756	0.881264	0.615527	0.777542	0.213206	0.706291	0.111976	0.907272	0.053351	0.780082	0.58531	0.155741	0.405225	0.976066	0.431271	0.281973	0.219787	0.595392	0.230084	0.747631	0.561621	0.80498	0.0482138	
