20	50
652.489	584.672	488.618	877.213	884.457	1168.96	940.933	1105.05	622.258	1277.93	1221	723.104	819.947	1369.66	1183.02	1190.98	1116.44	409.852	1152.37	818.123	
36.1613	27.3706	18.6394	59.6836	65.9906	108.373	76.9148	109.987	29.7473	156.944	128.874	41.7202	49.3511	154.582	124.169	111.091	107.556	13.1248	126.054	54.6363	
8.51157	16.7387	9.27196	31.7877	6.17585	1.16653	33.7893	8.56119	36.7434	28.8682	40.3619	26.3788	41.1694	12.0411	37.3422	28.8606	40.0459	43.8406	43.4379	5.10595	19.7937	23.3124	16.4206	22.6964	23.0557	28.1772	34.6657	37.3913	18.5854	6.41589	10.3996	20.0947	11.8964	20.91	41.4758	23.6126	38.6901	44.0774	36.2842	27.0233	41.1651	29.4357	12.8924	20.2423	37.9011	42.3215	41.5834	46.4908	28.6309	28.3027	
5.46629	6.24091	8.41121	4.36169	6.42565	3.71988	2.30729	3.11102	8.59564	5.26271	8.10896	1.59475	8.63742	5.00103	6.71988	4.86322	5.45116	2.62023	5.73683	6.75705	6.28281	5.15595	8.24305	1.5536	8.22227	5.06289	7.1358	6.27907	0.884632	6.96701	8.83173	1.61619	8.91229	9.41777	9.64622	5.9405	9.16024	4.86431	5.90366	4.92594	5.52906	9.14794	3.03183	5.13644	4.08061	0.947818	6.76889	7.72322	6.84212	4.52523	
7.25556	4.32921	5.86414	7.76285	7.59261	1.9373	2.26456	2.1907	5.57642	5.98659	9.14837	6.15959	6.1854	4.87647	7.8368	3.32738	5.99554	2.10268	5.21117	2.78414	2.17167	1.46545	5.88304	3.07489	6.77822	8.59327	8.04882	8.4556	3.88213	8.63885	6.62022	2.95029	10.7074	6.7851	7.6789	6.78228	8.00969	7.53285	1.76799	2.82958	1.28076	9.78676	5.78812	3.274	2.75106	4.9795	5.38154	5.79061	9.06002	0.921423	
5.99723	3.74083	5.6238	6.45563	6.4127	0.812537	1.44982	0.882986	5.5426	4.81897	8.01958	5.12164	5.9165	3.79775	6.66969	2.47891	4.85685	0.932244	4.24933	3.24704	2.74037	1.63423	5.5648	1.99686	6.16177	7.28718	6.9174	7.18195	3.02546	7.41586	6.26972	1.97614	9.49531	6.6109	7.26941	5.62659	7.34332	6.22486	2.3553	2.13752	1.9872	8.73757	4.47663	2.54895	1.71225	3.81182	4.67975	5.30124	7.78927	0.975924	
5.32826	8.33493	10.4792	2.87601	6.50351	6.56224	5.578	5.97922	10.8894	6.09093	7.88715	1.8686	10.629	6.50512	6.75512	7.15559	6.33744	5.7204	7.22441	9.64569	9.25928	8.12323	10.2323	4.71256	9.70214	3.06245	7.22811	5.48491	4.16678	6.45946	10.6689	4.86621	7.91012	11.4282	11.2518	6.43165	10.3249	4.07991	8.91699	7.43043	8.60661	9.06322	3.41247	7.48467	6.5849	2.82299	8.48002	9.55657	5.85156	7.58804	
0.885657	5.71439	7.28811	2.40543	1.61981	6.1462	6.81429	5.91504	8.02822	2.52346	2.64384	5.85782	7.28456	3.72828	1.75716	5.36383	2.69025	6.32443	4.03002	8.34864	8.29624	7.42993	6.95473	6.01971	5.7549	2.63638	2.19125	0.395618	6.57365	1.20591	7.07393	6.3378	3.0015	7.9922	7.24254	2.12941	5.88731	1.19064	8.14503	5.92165	8.11571	3.82609	2.88618	5.65064	5.47417	4.98296	5.16919	6.16338	1.00558	7.33764	
2.95629	4.16888	4.81154	5.60432	1.79893	6.21518	7.70344	6.31595	5.696	2.53427	1.64053	8.32594	4.68399	3.23367	1.61597	4.71663	2.36874	6.99616	2.82298	7.15014	7.35148	6.8862	4.46475	7.21289	2.89656	5.98509	1.19945	3.40249	8.16371	2.52062	4.3029	7.51065	3.64832	5.2302	4.14834	1.88761	2.61671	4.31754	7.36996	5.26013	7.54553	1.78273	5.08105	4.83489	5.32358	7.03191	3.15553	3.73904	3.56566	7.13014	
5.40437	2.4651	1.65842	7.8656	4.56315	5.45166	7.38526	5.85158	2.57035	4.00991	4.91917	9.45896	1.45176	3.52611	4.54068	3.79119	3.76345	6.61766	2.78183	4.87251	5.29067	5.32164	1.34811	7.28479	0.389725	8.46676	4.29357	6.29878	8.44197	5.62143	1.02105	7.50259	6.92461	1.95039	1.26531	4.03366	1.40864	6.70646	5.47436	4.06723	5.82232	4.72001	6.57843	3.65992	4.64925	7.9428	1.64537	0.976001	6.6233	5.85243	
6.35215	3.75692	5.5249	6.88492	6.71695	1.05213	1.76147	1.28998	5.37485	5.11421	8.29649	5.53	5.82907	4.04053	6.96673	2.5938	5.13548	1.3496	4.43424	2.91708	2.37804	1.32275	5.49279	2.40245	6.20445	7.71719	7.19477	7.54893	3.37927	7.74706	6.21276	2.3524	9.82042	6.49441	7.23752	5.91602	7.40967	6.62728	1.98046	2.17161	1.5813	8.97433	4.90138	2.60711	1.91574	4.24315	4.75005	5.29054	8.15403	0.607782	
5.15731	5.01386	7.15708	4.74686	5.9408	2.37688	1.23978	1.76932	7.29438	4.56428	7.645	2.88433	7.39863	4.03896	6.23147	3.6158	4.71087	1.31099	4.73318	5.41846	4.95615	3.82371	7.00952	0.309617	7.13324	5.54039	6.59833	6.16137	1.15726	6.68133	7.62902	0.588779	8.72553	8.16688	8.49486	5.32383	8.15113	4.89849	4.58427	3.62157	4.22907	8.58858	2.97535	3.86571	2.79609	1.62067	5.64407	6.5389	6.76072	3.215	
2.85442	6.39983	7.30086	4.86449	2.14706	7.81066	8.88752	7.73711	8.17412	3.74904	0.863649	8.3756	7.18269	4.9014	1.89869	6.59438	3.7478	8.28848	4.80382	9.34355	9.45155	8.80342	6.95285	8.19544	5.3973	4.89217	1.76296	2.25583	8.90397	1.35729	6.80286	8.51414	1.15327	7.72785	6.58288	2.95538	4.97795	3.71489	9.40062	7.17274	9.4913	1.6822	5.29355	6.79689	6.99153	7.41527	5.50089	6.20869	1.95346	8.89583	
2.88887	3.33313	4.13541	5.51446	1.88382	5.42201	6.98062	5.55593	4.99318	2.00702	2.36015	7.89997	4.0458	2.47802	1.82541	3.89012	1.79421	6.25652	2.00147	6.31496	6.50976	6.04855	3.78681	6.54387	2.33574	5.99904	1.57515	3.61862	7.54414	2.89726	3.72604	6.83245	4.3423	4.66149	3.75839	1.58233	2.41899	4.26073	6.52738	4.42688	6.70539	2.62508	4.69991	3.99856	4.52533	6.53181	2.34328	3.02659	3.90627	6.30646	
5.5141	6.61253	8.79097	4.18546	6.52307	4.163	2.76777	3.55299	9.00088	5.4468	8.18614	1.13262	9.00928	5.27899	6.81582	5.24884	5.64738	3.08184	6.02323	7.21247	6.74306	5.61428	8.61303	2.01542	8.52969	4.84256	7.24551	6.25078	1.27087	6.99024	9.1863	2.08054	8.88799	9.79456	9.97644	6.08859	9.43293	4.80289	6.36545	5.33843	5.99312	9.25346	3.0551	5.53148	4.48612	0.941435	7.0958	8.07193	6.79572	4.98804	
4.3169	1.73575	3.89757	5.63222	4.43058	1.48594	3.31962	1.78502	4.13768	2.83827	5.91609	5.80083	4.12678	1.64532	4.65242	0.356805	2.80222	2.5508	1.96821	3.22927	3.11123	2.2768	3.73482	3.23695	3.97395	6.43679	4.82381	5.55082	4.41338	5.54812	4.35195	3.43622	7.57066	4.90421	5.24425	3.59663	5.10401	4.97482	2.95701	0.750946	2.96916	6.52873	3.73168	0.677332	0.597059	4.26101	2.466	3.27221	6.12588	2.37242	
3.14101	2.10322	3.34736	5.51943	2.52382	4.20906	5.87984	4.40183	4.10799	1.65964	3.52724	7.29334	3.35165	1.4339	2.60897	2.62573	1.41472	5.13253	0.778792	5.07307	5.24183	4.7679	3.01452	5.54244	2.03184	6.14122	2.55608	4.17268	6.61598	3.70233	3.1919	5.81113	5.43238	4.084	3.59128	1.81377	2.75035	4.38702	5.24946	3.15125	5.42376	3.90518	4.27207	2.7196	3.30936	5.82792	1.261	2.22396	4.5965	5.04163	
6.24295	4.25264	3.08215	8.86202	5.19128	7.21888	9.12628	7.5913	3.89341	5.15869	4.93353	10.9219	2.76782	5.0062	5.06858	5.54274	4.91251	8.35745	4.26187	6.56441	7.02261	7.11062	2.88162	8.96555	1.83291	9.35178	4.69065	6.88127	10.1004	6.01849	2.20652	9.20005	6.81389	2.7668	1.25073	4.91911	0.937188	7.61469	7.23072	5.8503	7.59536	4.31556	7.86553	5.43453	6.39236	9.44625	3.34094	2.75658	7.06375	7.64702	
5.91093	4.48147	6.47936	5.96143	6.49547	1.49355	0.494424	1.07611	6.46203	4.96141	8.16446	4.20904	6.75788	4.11703	6.77095	3.1204	5.04693	0.341066	4.68709	4.22995	3.71212	2.61775	6.3913	1.09843	6.82719	6.77868	7.07338	7.03058	2.04399	7.39671	7.07344	1.01175	9.47847	7.47947	8.03486	5.76805	7.95924	5.91842	3.31918	2.91076	2.92109	8.98476	4.0542	3.27056	2.26763	3.00545	5.3212	6.05384	7.64052	1.93795	
5.48102	8.42431	10.5747	3.04191	6.6555	6.60126	5.5696	6.01372	10.974	6.22079	8.04767	1.80317	10.7283	6.61299	6.90872	7.2308	6.46662	5.73447	7.33615	9.68885	9.29407	8.1568	10.3311	4.71584	9.82112	3.23036	7.38162	5.64967	4.13062	6.62214	10.7753	4.85953	8.07841	11.5279	11.3686	6.57307	10.456	4.24033	8.94773	7.49488	8.63025	9.22293	3.53115	7.55818	6.64585	2.84386	8.587	9.66101	6.01874	7.61137	
2.64368	2.54511	3.85682	5.07674	2.01817	4.36272	5.91797	4.48835	4.61959	1.24712	3.1199	7.04784	3.8543	1.41251	2.11667	2.87362	0.997961	5.1905	0.984824	5.4837	5.61548	5.06577	3.5223	5.50427	2.45027	5.67474	2.10202	3.66113	6.53195	3.20234	3.67397	5.78748	4.97898	4.57671	4.00584	1.30381	3.0095	3.9156	5.5956	3.42933	5.737	3.61297	3.94243	3.01645	3.46897	5.62115	1.76869	2.73085	4.08603	5.28038	
3.05581	7.58813	8.82264	3.93638	3.07837	8.37938	9.06998	8.17084	9.65158	4.52712	2.66268	7.72215	8.74849	5.76828	2.97899	7.46508	4.62621	8.58816	5.8988	10.3951	10.4027	9.6007	8.47522	8.25886	7.02491	3.66682	3.13082	1.86868	8.74071	1.8866	8.42628	8.5751	1.31567	9.36133	8.3284	3.8869	6.7656	3.15849	10.2844	8.03836	10.2916	3.56256	5.05691	7.72499	7.66816	7.07651	6.84462	7.69779	1.25841	9.55554	
2.1912	2.67692	4.32014	4.44373	1.905	3.92853	5.3373	3.97212	5.00738	0.587472	3.33731	6.30762	4.36334	0.938381	2.09609	2.62058	0.364901	4.63534	0.982563	5.46076	5.51032	4.8291	4.00346	4.86072	3.11879	5.08784	2.24313	3.33528	5.85219	3.08056	4.25084	5.15371	5.02884	5.12093	4.6786	1.06576	3.74794	3.34713	5.43676	3.1997	5.51698	4.02558	3.21012	2.83512	3.06434	4.88824	2.17036	3.22767	3.83303	4.94763	
0.75	0.75