20	40
599.467	1308.54	993.185	546.522	1225.18	1111.24	1183.42	406.582	1218.07	794.784	934.496	1143.69	1354.06	1165.71	1286.08	988.082	736.489	718.061	412.578	1299.13	
24.8326	141.158	82.3177	26.2258	121.602	102.384	122.467	13.622	133.451	51.6096	71.4886	121.863	157.963	111.641	129.715	80.3522	47.4685	36.4035	15.5647	135.089	
9.27746	45.9806	52.0705	60.437	9.9058	46.1619	52.71	38.1475	41.0076	21.5895	5.981	31.3989	52.7657	40.1663	41.7385	38.4694	50.9239	28.262	20.1505	14.7435	78.6049	5.757	52.8697	28.7728	50.4605	7.42106	11.8516	78.367	63.1176	2.93067	28.1341	47.3932	2.82836	24.8767	62.9056	65.6312	0.156606	27.8652	60.6706	36.8464	
4.36772	5.44651	7.45873	7.59037	9.96884	5.13293	9.11829	10.7882	7.27908	5.62546	8.89261	4.59292	5.08838	1.6764	8.42868	2.21144	7.31033	4.31266	8.62742	6.60755	8.33821	5.34239	1.70995	7.34478	2.86957	7.19913	8.75181	6.15174	5.5279	3.68401	7.35482	7.65939	6.35254	1.47141	5.79315	8.06293	6.3146	3.82721	2.66338	5.15771	
6.55234	6.5926	6.65918	3.90396	1.51667	3.76921	3.78951	2.50138	1.23259	2.88716	2.63122	6.73746	7.5721	6.91584	0.611447	9.52219	1.5688	6.93127	0.791322	1.99133	1.00209	4.65438	8.55633	2.69943	5.73105	1.38222	4.63901	6.4589	8.11161	5.27042	6.40673	1.94582	5.95318	7.07683	3.84924	4.15417	5.40841	5.01758	10.2622	5.2909	
3.70787	4.96511	6.0522	3.48262	4.86566	1.79973	5.27715	5.6614	2.1629	1.00884	4.55761	4.6822	4.91575	3.54697	3.45384	6.44332	2.20743	4.73615	3.68333	1.48291	3.46804	2.28402	5.46846	3.27636	2.35714	2.27655	5.4968	4.39472	5.53397	2.00202	4.97316	3.16132	4.92158	3.71432	1.84557	3.99148	4.46433	2.27171	7.16378	2.81552	
1.55619	6.05688	7.6475	4.02308	7.07869	3.67882	7.63994	7.6918	4.43477	3.38491	6.9933	5.45823	2.79272	1.94212	5.84122	5.5001	4.23403	5.35973	6.08109	3.67422	5.89459	1.76735	4.62768	5.63516	1.11413	4.70971	7.71547	3.01176	3.42286	0.469457	4.06785	5.60027	6.42957	2.15706	2.29433	4.48914	6.10147	3.12816	6.11219	1.64889	
1.11754	6.65893	8.1702	3.45954	6.90293	4.07018	7.86905	7.4207	4.3509	3.5909	7.1347	6.09656	2.35106	2.61846	5.80621	6.18933	4.05061	6.01428	6.05355	3.58923	5.90683	1.20988	5.32883	5.86497	1.81083	4.75003	8.03651	2.32535	2.98063	0.972081	3.35841	5.73919	6.96138	2.83202	1.89392	3.8998	6.60157	3.69879	6.78768	0.954683	
2.0369	6.28755	7.62289	2.84473	5.92498	3.40161	6.99182	6.47563	3.36481	2.74489	6.2072	5.82945	3.20074	3.09196	4.82369	6.55397	3.07043	5.79936	5.07187	2.60415	4.93358	0.744268	5.63198	5.00105	1.99327	3.78948	7.2335	2.71902	3.81021	1.08385	3.48257	4.81722	6.44236	3.30349	1.04087	3.33571	6.03356	3.33669	7.20628	1.10772	
4.78631	4.15767	6.17117	7.44783	9.23363	4.15684	7.98873	10.1392	6.60311	4.8325	7.8586	3.30449	5.72649	1.77233	7.61122	1.94813	6.73995	3.02715	7.78963	6.00267	7.47396	5.29862	1.01454	6.30814	2.62737	6.39207	7.55436	6.51631	6.24586	3.56051	7.65167	6.70131	5.07458	1.58451	5.58163	7.9481	5.05862	2.81419	2.64192	5.26798	
7.29704	2.43317	2.38713	6.95598	5.54041	2.13507	2.64222	6.70038	4.03314	2.9184	2.90577	2.90569	8.54586	5.71857	3.87918	6.66149	4.63553	3.20047	3.89592	4.12107	3.52587	6.12031	5.85349	1.71094	5.03525	3.21549	2.14202	8.2222	9.17834	5.33724	8.79415	2.46399	1.59638	5.75572	5.63784	7.40997	1.06019	2.94976	7.36592	6.62219	
1.51306	9.07011	10.7039	4.61103	8.95265	6.6758	10.4384	9.23068	6.65626	6.17537	9.64324	8.41791	0.264338	4.22578	8.13184	7.49088	6.21566	8.28141	8.38373	5.93079	8.29325	3.14391	6.83659	8.44327	4.05046	7.19451	10.6427	1.70529	0.370021	3.48797	2.77758	8.25882	9.48515	4.38572	3.9384	4.83029	9.15738	6.17822	7.91555	2.50542	
8.66268	9.83233	9.67305	4.94869	1.99268	7.02791	6.18523	0.820007	4.23555	6.06644	5.09424	10.0107	9.39337	9.79443	3.65663	12.6902	4.11337	10.2076	3.6217	4.83053	3.99282	6.75368	11.7162	5.80708	8.57993	4.65139	7.24296	7.92275	9.80124	7.92131	7.35322	5.05561	9.11352	9.97898	6.00555	4.8352	8.57653	8.22873	13.4239	7.30759	
9.22178	4.05243	2.73431	8.17382	5.40547	4.11554	1.2041	6.55278	4.97745	4.57007	2.26606	4.7587	10.4575	7.87135	4.14352	8.68537	5.63598	5.08239	4.02663	5.36117	3.7477	7.81854	7.93405	2.4202	7.1215	4.12189	0.11105	9.93101	11.0842	7.31294	10.3275	2.96175	2.93213	7.91574	7.20879	8.55815	2.65901	5.10165	9.36217	8.38381	
7.74737	1.47917	1.49741	7.85211	6.63658	2.75939	3.42451	7.79803	5.06022	3.74262	3.90548	2.15036	8.99186	5.77391	4.97716	6.09758	5.63704	2.47518	4.99403	5.06852	4.62428	6.78985	5.38863	2.80851	5.30336	4.26987	2.62844	8.84784	9.62289	5.77161	9.52364	3.56248	0.497959	5.77017	6.39841	8.32461	0.0988756	3.12328	6.76285	7.23459	
2.07782	6.05057	7.8601	5.36582	8.36103	4.35673	8.47154	9.02642	5.67756	4.37388	7.96193	5.32099	3.00472	0.986175	7.0231	4.43384	5.54327	5.14588	7.25305	4.93224	7.03044	3.10342	3.67014	6.50551	1.33591	5.83891	8.38874	3.848	3.55185	1.66435	5.03397	6.59746	6.64552	1.15191	3.67236	5.81509	6.41646	3.41115	4.97213	2.84491	
4.91011	3.4985	4.53279	4.93631	5.18244	0.276726	4.30562	6.17938	2.73865	0.926471	3.8773	3.33239	6.15659	3.7669	3.50551	5.8548	3.11116	3.44709	3.67078	2.39452	3.34663	3.76185	4.89975	2.36231	2.83072	2.31562	4.28339	5.84321	6.78815	2.97196	6.48807	2.60481	3.39569	3.86663	3.37146	5.43267	2.94237	1.34143	6.59677	4.23526	
8.6641	5.17501	4.32275	6.94463	3.67139	3.99167	0.599537	4.80425	3.75352	3.98851	0.586547	5.70901	9.84882	7.89844	2.60932	9.40101	4.38931	6.00477	2.43994	4.31326	2.24074	7.02255	8.54587	1.77588	6.94529	2.99066	1.65508	9.07694	10.4538	6.90672	9.28959	1.842	4.15726	7.98822	6.31196	7.26922	3.71945	5.24906	10.1197	7.63678	
8.50801	4.94864	4.13584	6.88242	3.76482	3.78327	0.577538	4.91139	3.67773	3.81861	0.627616	5.47753	9.70015	7.69175	2.60531	9.16918	4.322	5.77273	2.45383	4.20861	2.22408	6.89142	8.31554	1.58004	6.75087	2.88979	1.53205	8.95772	10.3083	6.73171	9.1979	1.71854	3.93818	7.77891	6.19264	7.21965	3.4945	5.03062	9.88754	7.50082	
6.00327	8.45971	8.83535	2.32097	2.51129	5.29738	6.13216	2.39024	2.47608	4.19071	4.96709	8.4296	6.72742	7.37653	2.95801	10.531	2.00565	8.56147	3.11341	2.73765	3.34772	4.1143	9.55827	4.91584	6.17272	3.25369	6.97927	5.28504	7.14752	5.42067	4.83192	4.20303	7.99701	7.57409	3.40078	2.30907	7.45491	6.27393	11.2438	4.64905	
2.61699	5.22057	6.65516	3.81178	6.12199	2.54882	6.46377	6.83984	3.42781	2.21392	5.82734	4.73145	3.86506	2.35993	4.76994	5.61055	3.34294	4.69324	5.00206	2.6927	4.79	1.85448	4.66105	4.45887	1.14707	3.59842	6.5561	3.72173	4.49738	0.70844	4.57448	4.43789	5.45303	2.55107	1.93768	4.32097	5.07984	2.25367	6.29359	2.12807	
3.9299	9.06477	10.0051	0.726475	5.26274	5.84724	8.17781	5.19428	3.9394	4.79457	7.09955	8.76371	4.2861	6.243	5.14364	9.76657	3.28611	8.79214	5.36859	3.5747	5.45996	2.55051	8.85439	6.49662	5.2131	4.7805	8.79975	2.68502	4.58481	4.28257	2.01989	5.9599	8.94495	6.45791	2.36635	0.513014	8.45116	6.28885	10.4028	2.75498	
4.4775	7.41277	8.10695	1.39924	3.4768	4.15937	6.0608	3.77545	1.83398	3.03548	4.98232	7.25651	5.31247	5.78895	3.04865	9.02345	1.17584	7.34623	3.28229	1.61537	3.34972	2.55212	8.05732	4.42997	4.59368	2.69066	6.70831	4.01989	5.79065	3.81896	3.87434	3.85645	7.12706	5.98958	1.80495	1.74765	6.60602	4.93451	9.72434	3.12649	
0.75	0.75