20	50
1095.1	537.427	1216.63	686.56	898.399	434.841	922.951	814.206	1176.59	1399.75	771.617	537.707	921.727	1392.69	510.593	1000.43	1316.71	794.542	1418.75	1113.53	
114.611	25.5686	124.21	35.1717	57.3296	15.605	74.7416	47.2887	102.305	153.481	48.5895	23.9112	66.2675	155.892	16.3582	98.0933	147.739	45.5937	157.183	103.863	
36.8233	34.8888	21.0148	29.4843	39.5677	28.3373	40.5642	39.2471	23.4338	41.795	12.8088	22.3706	0.5144	29.5552	40.2152	21.9716	12.0416	29.9311	41.4683	5.81158	28.1298	5.69646	30.2869	7.69802	29.7463	6.67658	41.4527	40.1875	9.63161	30.3569	37.0784	36.1892	18.3334	11.5757	30.9436	22.4083	29.1995	34.7272	23.8996	21.4905	27.4313	33.3553	14.1326	33.0033	22.8542	26.5461	40.2004	38.6771	28.8195	32.2626	
10.7029	5.55674	7.84795	2.94898	10.6513	7.16591	5.06899	4.62492	5.52059	6.90959	1.32817	5.69541	2.84842	6.95245	7.57373	9.33587	10.5197	3.25437	9.89175	0.70167	2.88719	4.97661	7.25298	0.514149	4.28538	5.36881	7.6606	8.00776	6.58963	1.03406	1.78259	5.36198	5.99116	9.14024	8.86065	10.0135	1.00058	6.77654	2.63825	9.6882	5.55585	7.22411	0.671032	4.84275	6.13319	9.36854	7.62762	1.58755	6.60707	4.37404	
7.06473	9.77869	0.990758	4.51692	9.05311	2.47883	6.57548	4.1434	4.99791	3.38722	5.81359	2.64523	4.48956	9.03799	10.8041	5.35309	7.50047	3.96668	5.62785	7.68209	4.25167	9.44066	0.230859	6.63802	2.89423	9.70623	5.25211	6.44801	9.03105	6.10691	5.34903	6.25371	4.48221	7.7564	1.9936	5.57774	7.68556	6.56721	4.69009	5.38913	8.07885	0.204456	6.50578	4.13719	8.01685	3.57633	5.52868	7.02499	1.19863	8.72284	
5.29927	9.00533	2.55338	4.544	7.32848	0.842401	5.60887	3.46215	3.8911	1.8442	6.21915	1.89568	5.21495	7.86394	9.73462	3.58267	5.72855	4.20741	3.87795	8.08434	4.64202	8.75581	1.57164	6.93547	3.2679	8.96659	3.61753	4.83956	7.93085	6.42323	5.73229	5.20099	3.23731	6.09223	1.69195	3.8437	8.17694	5.1986	5.38171	3.63655	7.10101	1.95316	6.90247	3.36176	6.90568	2.10386	3.9181	7.71056	2.89238	8.0872	
4.13912	5.61858	6.36813	4.14339	4.33084	3.16176	2.28421	2.35584	1.13191	2.16271	5.92216	2.92342	5.92835	3.95495	5.8904	3.11296	3.88427	4.443	3.67859	7.33466	4.9329	5.55003	5.29297	6.19865	4.38767	5.6424	1.17862	1.45892	4.10158	5.86856	5.54773	1.77829	1.03538	2.79783	5.57399	3.86645	7.61276	1.19957	5.96717	3.54577	3.50996	5.61322	6.39576	2.14935	3.1112	4.52388	1.02981	7.67473	6.12506	5.04814	
8.80496	0.97753	11.0915	6.3378	6.9441	8.41198	3.57419	5.96639	5.29317	7.50151	6.85383	7.49996	8.00795	1.96429	1.14836	8.42406	8.14085	7.01976	8.936	6.85848	7.19576	1.54163	10.0765	6.37717	7.77964	1.18153	6.57136	5.84006	1.58403	6.50666	6.8617	3.98585	5.98339	5.99558	10.8606	9.154	7.27136	4.51476	7.89054	8.86668	2.08142	10.294	6.76608	5.97345	2.43858	10.0512	6.28998	8.02645	10.3621	2.06871	
7.66006	10.0691	0.759734	4.63197	9.62965	3.05674	6.94878	4.48379	5.42945	3.939	5.763	3.07104	4.35142	9.45322	11.1805	5.9486	8.09434	4.02982	6.22161	7.60428	4.24955	9.70571	0.81117	6.61124	2.97238	9.98662	5.80982	6.99517	9.42453	6.08252	5.31665	6.65451	4.95563	8.31606	2.41962	6.16932	7.57593	7.05065	4.5593	5.98327	8.44208	0.437159	6.44593	4.50267	8.41936	4.13495	6.07949	6.8523	0.69812	8.97777	
7.1034	8.87105	1.89585	3.51383	8.78817	2.35336	5.76242	3.29061	4.28613	3.05907	4.83032	1.95179	3.56462	8.28599	9.99205	5.37763	7.43048	2.96083	5.73894	6.70582	3.2569	8.51185	1.11087	5.64479	1.88853	8.7899	4.91175	6.04684	8.24459	5.11386	4.36035	5.48267	3.86676	7.40245	2.81148	5.72903	6.72496	5.96136	3.75761	5.49485	7.25074	1.13835	5.5244	3.31855	7.24544	4.01062	5.15251	6.10804	1.26462	7.78617	
4.18948	7.37426	4.39887	4.02355	5.63336	1.09507	3.9253	2.3534	2.19546	0.100343	5.8943	1.55437	5.35281	5.99459	7.90223	2.55261	4.36801	3.98806	3.05667	7.62097	4.50222	7.19938	3.33885	6.43189	3.43797	7.36209	1.77241	2.96071	6.09877	5.98202	5.43327	3.46512	1.47008	4.27838	3.5041	3.14029	7.80651	3.27468	5.46186	2.8302	5.36018	3.68976	6.50965	2.15997	5.0814	2.74632	2.04138	7.58451	4.38245	6.58982	
3.33676	6.52984	6.03635	4.70376	4.08877	2.70623	3.21409	2.86025	1.87503	1.73977	6.54865	2.91999	6.36276	4.73219	6.68599	2.18716	3.21407	4.89248	2.75576	8.06864	5.40352	6.47504	4.97843	6.90749	4.63797	6.55938	0.293482	1.32198	4.92464	6.53823	6.14058	2.70804	1.40971	2.66379	4.98241	2.93958	8.32306	1.92636	6.42879	2.6173	4.41096	5.32893	7.07185	2.63558	3.96605	3.71517	0.414603	8.29969	5.98704	5.97826	
7.70157	2.16623	10.811	6.50839	5.67023	7.89065	3.28247	5.76087	4.84434	6.92616	7.35378	7.17549	8.31975	0.88417	1.07242	7.49453	6.99127	7.15774	7.97459	7.65649	7.4187	2.63125	9.76	7.00966	7.77242	2.3509	5.7394	4.85576	0.79205	7.04749	7.27717	3.56654	5.46282	4.82135	10.3434	8.19919	8.06217	3.68781	8.2315	7.93096	1.87265	10.0158	7.38265	5.71818	1.8059	9.32483	5.43415	8.71078	10.2224	2.91393	
7.81214	1.49808	9.4038	4.68604	6.47913	6.81362	1.96353	4.27906	3.70208	5.94337	5.40041	5.83104	6.42726	1.80749	2.60196	7.17083	7.25861	5.35988	7.71463	5.73515	5.56841	1.476	8.397	5.05075	6.0891	1.51863	5.24976	4.74381	1.39617	5.08866	5.34268	2.42787	4.41762	5.24955	9.24535	7.92017	6.13578	3.29418	6.32623	7.61312	0.700349	8.60697	5.42237	4.29622	1.39062	8.57061	5.00478	6.75522	8.66418	1.24734	
3.23545	7.56438	5.08976	4.86692	4.80826	1.76621	4.1577	3.09691	2.55391	1.03573	6.74633	2.51043	6.28524	5.88438	7.8338	1.63824	3.42127	4.89154	2.17615	8.41813	5.40892	7.46101	4.07001	7.232	4.38925	7.57782	1.1406	2.35538	6.05813	6.80513	6.29733	3.66	1.86303	3.55575	3.85822	2.29206	8.62661	3.0792	6.38702	1.96714	5.47082	4.44044	7.3378	2.88151	5.07797	2.56234	1.46476	8.46078	5.2293	6.91168	
8.2099	1.38235	10.7392	6.16025	6.34791	7.96735	3.17877	5.62726	4.86043	7.03657	6.83851	7.12248	7.90309	1.36093	1.12433	7.86139	7.54032	6.83061	8.36675	7.00677	7.04618	1.85999	9.70874	6.4304	7.52984	1.56798	6.029	5.26176	0.991506	6.5113	6.80353	3.55121	5.53054	5.3928	10.422	8.58641	7.41644	3.96569	7.79934	8.3031	1.67226	9.94122	6.81204	5.61514	1.90978	9.54451	5.74092	8.1129	10.064	2.21302	
4.60412	4.74753	8.91105	6.04532	2.9511	5.65095	2.82587	4.54624	3.25301	4.65135	7.54426	5.44705	7.95464	2.27857	4.1181	4.5252	3.90856	6.51896	4.95993	8.5392	6.94541	4.95162	7.83685	7.55797	6.71426	4.86036	3.01853	1.90161	2.65922	7.37322	7.27676	2.61127	3.53078	1.76578	7.98297	5.18883	8.89032	1.46418	7.94484	4.94604	2.85863	8.1607	7.84873	4.39145	2.15135	6.61785	2.69177	9.21617	8.65833	4.77441	
4.68729	8.86709	3.12784	4.76943	6.75996	0.604333	5.4321	3.47745	3.69406	1.49533	6.52223	2.02928	5.62289	7.56818	9.47131	2.97133	5.12302	4.50903	3.26892	8.36376	4.97308	8.65418	2.17715	7.19579	3.64529	8.84187	3.12639	4.35166	7.66683	6.69657	6.03707	4.99388	2.99533	5.56366	1.93214	3.2398	8.48233	4.83912	5.77802	3.02695	6.89754	2.55954	7.19326	3.34253	6.64667	1.67864	3.43886	8.07639	3.5025	8.01086	
2.55312	7.00569	6.46581	5.50858	3.46248	3.1309	3.82889	3.66478	2.65095	2.2701	7.3539	3.60827	7.15117	4.98921	6.93897	1.64432	2.41067	5.68665	2.17333	8.86283	6.19957	7.00537	5.43803	7.70575	5.38903	7.05425	0.517827	1.09083	5.24249	7.34112	6.94587	3.33073	2.21499	2.17854	5.1885	2.38341	9.12175	2.27472	7.22174	2.08758	4.87854	5.80459	7.87437	3.43985	4.35306	3.64603	0.572152	9.10509	6.55065	6.56015	
9.69331	3.04998	8.87348	3.4999	9.00347	7.20417	3.46583	4.33156	4.63441	6.62209	3.16482	5.84055	4.59272	4.69747	5.08897	8.62556	9.3245	4.13597	9.19872	2.91502	4.06795	2.46955	8.04462	2.51602	5.16229	2.86174	6.73839	6.70958	4.28786	2.77213	3.33423	3.911	5.30099	7.59627	9.35972	9.36534	3.32667	5.28875	4.42489	9.03603	3.38613	8.1333	2.90953	4.48608	4.05744	9.31708	6.60333	4.0946	7.82006	1.89074	
7.90144	9.19252	1.8893	3.59907	9.55171	3.15142	6.23759	3.76345	4.87462	3.833	4.63164	2.61954	3.21701	8.80362	10.4407	6.17557	8.22506	2.96229	6.53343	6.46836	3.13934	8.79598	1.54306	5.48436	1.94404	9.09634	5.66882	6.77997	8.72894	4.95717	4.19054	6.00417	4.52568	8.14537	3.33088	6.5201	6.44013	6.60241	3.42418	6.28946	7.69542	1.3577	5.31231	3.8305	7.75099	4.73717	5.89828	5.72836	0.737662	8.05854	
2.94032	6.50507	6.68399	5.28132	3.39506	3.34192	3.36801	3.45008	2.32711	2.40566	7.09661	3.6141	6.99417	4.48919	6.44106	2.1498	2.67449	5.51502	2.6747	8.54462	6.02021	6.51279	5.63501	7.40241	5.31069	6.55592	0.542759	0.687896	4.7381	7.05994	6.70603	2.87667	2.00815	1.97607	5.52507	2.88684	8.81781	1.77073	7.05109	2.59293	4.37881	5.99137	7.58993	3.22969	3.84791	4.08148	0.282799	8.85057	6.67304	6.08012	
10.1083	3.998	8.50716	3.1694	9.66066	7.1898	4.04405	4.37861	4.93543	6.72471	2.38804	5.76022	3.90589	5.56948	6.03858	8.91693	9.8089	3.72276	9.48804	1.97163	3.54681	3.41573	7.75685	1.63838	4.79007	3.80786	7.09311	7.21393	5.17623	1.98475	2.64984	4.43361	5.53802	8.20548	9.19475	9.63857	2.38127	5.85291	3.71981	9.30828	4.21425	7.80285	2.02427	4.56456	4.85236	9.36072	6.99701	3.15072	7.37422	2.83828	
0.75	0.75