20	50
906.512	963.865	1328.08	961.454	834.072	441.53	847.66	566.286	1004.56	840.512	1086.72	1090.07	654.505	455.875	1008.31	1246.46	1047.42	471.597	705.728	818.837	
74.2612	85.2673	149.523	87.9059	57.4547	15.2652	56.608	19.7523	99.0933	61.3217	99.8424	100.985	37.7597	16.2582	90.8972	150.541	89.0553	15.585	35.1107	57.0751	
1.4115	39.4579	4.67329	5.99395	24.6645	2.20866	9.16416	4.99194	45.0288	38.5222	11.1247	24.5585	11.5206	35.9665	23.5681	9.57882	45.1542	6.63121	7.02321	9.94924	10.771	23.1373	7.36888	21.0015	8.97014	41.8183	36.4039	10.611	25.2193	7.89674	45.8861	28.7498	4.48121	31.0991	0.109389	27.9701	17.245	41.0923	33.7576	12.2421	34.7551	3.92727	28.5591	2.00359	5.85239	35.5852	15.8234	28.9898	2.75793	44.4116	
4.85036	1.81385	2.56102	5.64271	5.27973	3.7627	4.05114	2.55466	5.1353	6.78355	2.78087	2.73406	5.83766	6.54821	1.37404	9.0672	2.54839	4.29515	3.52541	4.3163	5.36751	2.53979	4.95753	5.74366	7.38163	1.11791	2.58057	4.63896	2.6115	4.27739	2.82397	3.91034	7.27563	8.20578	1.71864	7.15834	9.1482	6.89902	5.3691	3.00042	7.6153	8.43404	7.25168	2.79551	5.30789	2.96618	4.54232	7.29345	1.93477	3.03412	
7.44797	7.10513	8.88419	3.20752	3.73041	7.7874	7.44147	11.0885	5.48004	1.95146	8.32595	9.42573	6.67967	8.94575	8.01195	0.550796	6.61975	9.15555	9.71461	5.62476	5.77831	7.12458	7.62903	6.20545	3.27996	9.41773	6.11134	3.89604	7.3798	5.85888	7.34422	4.76433	1.2605	0.458198	8.65665	1.48234	0.648375	6.97162	3.17372	11.5353	7.22867	3.67791	4.73496	8.45397	3.24273	6.16881	6.98661	4.66314	8.46344	5.52376	
3.51923	3.63978	5.765	1.21027	0.768899	5.47047	5.3498	6.98545	4.43896	3.15977	3.93706	5.03106	3.3486	5.41288	3.71251	4.94542	2.25736	4.91163	5.34062	1.49017	2.32663	2.73284	3.72008	5.46582	2.92787	5.55621	2.75005	1.29787	4.46236	4.08813	4.54986	2.10767	3.19084	3.98845	4.30194	3.32717	5.04253	6.74477	1.78579	7.43548	4.79709	4.02752	5.56558	4.06498	1.41329	3.30408	2.97809	5.55296	5.14687	2.04998	
4.2924	1.12602	3.24798	3.62336	3.32824	3.41253	3.46834	4.66242	3.65021	4.68609	3.12258	3.79121	4.87209	6.27068	1.97206	6.95974	1.5369	4.64822	4.42415	2.93806	4.10733	2.0247	4.46242	4.50193	5.52468	3.03344	0.773571	2.5335	2.18168	2.89195	2.33995	1.86552	5.17	6.10478	2.72184	5.05288	7.04051	5.79586	3.26135	5.1079	6.6205	6.62133	5.57462	3.21678	3.21084	1.51131	3.81258	5.6011	2.59074	0.942104	
8.51012	5.17081	6.09617	4.61743	4.98072	4.51245	4.07221	9.31302	2.02759	2.78446	8.19505	8.99134	8.3744	10.452	7.18363	4.48049	6.33855	9.56303	9.57751	6.50483	7.33955	6.9385	8.71104	2.22842	6.31441	7.43706	4.49965	3.75931	4.76406	2.83712	4.61983	3.49269	3.72111	4.34346	7.9334	3.15426	4.48201	2.72413	3.35972	9.70757	9.64164	7.20979	0.55613	8.30635	3.79234	4.01217	7.95997	0.520348	5.97139	4.38718	
6.45692	2.83633	2.03072	7.19996	6.87869	3.73256	4.14117	1.66882	5.7811	8.07856	4.25134	3.8337	7.50345	8.02636	3.00166	10.4389	4.24641	5.61328	4.6087	6.01449	7.06456	4.22213	6.54607	6.1315	9.02731	0.583115	3.81513	6.06736	3.0175	4.93934	3.18149	5.17448	8.67927	9.63052	3.09794	8.49178	10.5122	7.08412	6.75656	1.98786	9.27052	10.0955	7.94305	4.23326	6.76235	3.91343	6.19063	7.99877	1.83699	4.41746	
4.26148	4.62445	6.70193	0.182001	0.435327	6.17155	5.97931	8.14908	4.68596	2.40931	5.04299	6.16166	3.74501	5.97412	4.88741	3.84479	3.42782	5.87345	6.41995	2.33987	2.7302	3.88091	4.45381	5.69529	2.00092	6.67337	3.66271	1.54988	5.30748	4.54376	5.36064	2.66306	2.16872	2.87137	5.46977	2.43652	3.94574	6.89184	1.48591	8.59944	4.84845	3.11509	5.34956	5.17085	1.07031	4.07563	3.76183	5.31968	6.12545	2.95653	
3.48743	1.82132	3.79027	3.72281	3.32471	4.21766	4.3118	4.4309	4.51903	5.15343	2.24889	3.00765	4.19706	5.43471	1.287	7.30139	0.740344	3.76023	3.58941	2.42107	3.54833	1.14491	3.64675	5.38751	5.39991	3.06848	1.65702	2.91665	2.95167	3.77671	3.13113	2.5376	5.50043	6.3935	2.00691	5.46938	7.38967	6.68401	3.66926	4.88119	5.97533	6.45355	6.38434	2.34859	3.51826	2.40013	3.04108	6.40579	3.09606	1.60929	
1.31478	6.36386	8.08424	5.68791	5.17049	8.77743	8.88001	6.77618	8.81253	7.90882	2.84745	3.46097	2.08571	0.937812	4.26186	9.1718	3.89	1.6706	2.92075	3.3433	2.88308	3.43275	1.11355	9.77629	5.70787	6.58819	6.13907	6.0756	7.50243	8.19074	7.68989	6.47109	7.67456	8.20487	3.99206	7.9742	9.27857	11.0941	6.61745	7.10819	2.97345	6.18372	10.312	2.85672	6.2272	6.9042	1.86204	10.3092	7.39659	5.79178	
2.76966	8.04965	9.83134	6.66091	6.19293	10.4509	10.5255	8.47928	10.2786	8.89865	4.61492	5.16971	2.74632	0.830536	6.02078	9.78179	5.52322	3.33304	4.5503	4.60988	3.77537	5.12292	2.59495	11.2722	6.11399	8.3553	7.736	7.32965	9.18466	9.7206	9.36491	7.89469	8.49434	8.8604	5.75784	8.87906	9.88864	12.5882	7.76454	8.79062	2.41381	6.28176	11.6011	4.62297	7.34519	8.49789	3.28297	11.589	9.13992	7.31499	
3.15031	2.38266	4.04768	4.4137	3.96459	4.78616	4.94378	3.88201	5.36196	5.99904	1.44139	2.11065	4.09377	4.96468	0.515595	8.08157	0.968675	3.01516	2.71192	2.66092	3.64904	0.796385	3.27516	6.19225	5.89286	2.85228	2.48267	3.75684	3.50828	4.58842	3.70812	3.43468	6.28679	7.15193	1.13706	6.29388	8.17317	7.47058	4.5064	4.32414	5.87349	6.89196	7.2691	1.523	4.31892	3.1854	2.80785	7.29226	3.35368	2.50541	
1.91451	6.15557	7.67541	6.25622	5.72366	8.5599	8.71427	5.96057	8.8993	8.41738	2.38458	2.67658	3.00724	1.79357	3.85918	9.8759	3.873	0.851377	2.01472	3.8105	3.6359	3.3223	1.75074	9.81633	6.55064	6.00794	6.0999	6.4261	7.28258	8.20821	7.48252	6.64766	8.29011	8.89861	3.4282	8.53528	9.98148	11.1238	7.04056	6.26011	4.0347	7.11611	10.5596	2.34765	6.68178	6.85334	2.36587	10.5651	7.01016	5.86763	
5.35021	4.61101	6.5373	0.998041	1.48096	5.71622	5.45266	8.50077	3.86407	1.2619	5.84261	6.90404	4.91089	7.12367	5.42429	3.14032	4.06478	6.8421	7.25795	3.35625	3.88782	4.59934	5.54706	4.8253	2.73311	6.86571	3.60796	1.32258	5.059	3.90823	5.06561	2.33196	1.33907	2.25541	6.0846	1.39345	3.22823	5.94162	0.700501	8.94874	6.00334	3.75732	4.23695	5.96989	0.645592	3.80588	4.82952	4.20111	6.04304	2.9721	
6.67668	2.14544	0.920832	6.6956	6.44209	2.60904	3.02228	2.79326	4.74319	7.30738	4.64859	4.48987	7.58868	8.41394	3.22655	9.70181	4.16411	6.14554	5.28682	5.88687	7.01056	4.2989	6.7945	5.03251	8.64952	1.14076	3.1447	5.44494	2.0012	3.92292	2.1382	4.44792	7.98667	8.9467	3.56148	7.74374	9.76833	5.96154	6.08065	3.10424	9.37478	9.74796	6.8951	4.66064	6.14829	3.06106	6.33128	6.95423	0.791775	3.82052	
2.97688	2.95682	5.08273	2.28917	1.83203	5.0935	5.06004	5.94704	4.5902	4.08683	2.91777	3.97916	3.2136	4.97631	2.64011	6.00567	1.17789	4.04691	4.33921	1.17879	2.33536	1.67361	3.17376	5.5848	3.85249	4.60868	2.25604	1.93424	3.94402	4.05405	4.07303	2.21532	4.23139	5.05694	3.22273	4.31307	6.10098	6.8998	2.61636	6.39573	4.88946	4.90932	6.06305	3.04452	2.33207	2.95992	2.43128	6.06424	4.42017	1.68267	
1.55841	4.98085	7.05177	2.9216	2.4199	7.20776	7.18305	7.13086	6.59376	5.15924	3.16882	4.30698	1.12659	3.22683	3.82508	6.41465	2.57109	3.41012	4.27611	0.944948	0.295639	2.56952	1.73482	7.61099	3.15055	6.19582	4.37112	3.53221	6.02921	6.13372	6.17048	4.20551	4.89105	5.44096	4.07116	5.20003	6.52081	8.91198	3.9586	7.55346	2.77034	3.90183	7.79854	3.27772	3.5434	5.08323	1.16035	7.78465	6.36367	3.80201	
7.53014	5.96635	7.52857	3.14074	3.65281	6.26856	5.89088	10.1158	3.85131	0.930401	7.91867	8.92743	7.03311	9.27331	7.31344	2.01145	6.0766	8.9996	9.34436	5.53595	6.02823	6.64675	7.72643	4.5059	4.20536	8.33896	5.02666	3.13679	6.03586	4.33997	5.96689	3.67278	1.41873	1.82566	8.02142	0.910681	2.03451	5.24064	2.40242	10.551	7.9529	4.9276	3.02169	8.044	2.69046	4.90821	7.01071	2.95306	7.19048	4.56414	
6.21589	3.09522	4.60868	2.91329	3.08604	3.50112	3.19168	7.29365	1.61086	2.36014	5.80559	6.62743	6.23705	8.19681	4.84469	4.76023	3.94761	7.17756	7.19446	4.26309	5.22547	4.5474	6.41479	2.62595	4.97741	5.46835	2.24438	1.63704	3.10908	1.61508	3.05184	1.10159	3.2048	4.13849	5.5921	2.83028	4.81461	3.86336	1.6609	7.71695	7.68402	6.04311	2.83094	5.91778	2.01848	1.98832	5.66654	2.83954	4.2587	2.0116	
5.65795	7.08942	9.14544	2.53035	2.81411	8.47754	8.23256	10.5399	6.62876	3.27808	7.088	8.24509	4.64316	6.83474	7.21035	2.83222	5.72703	7.54885	8.3488	4.23669	3.93497	6.08354	5.81014	7.55374	1.01296	9.12816	6.11601	3.88388	7.71755	6.69948	7.75169	5.00349	2.35176	2.0949	7.71502	2.92125	2.93321	8.58262	3.4711	10.9885	4.85752	1.2157	6.60093	7.21103	3.22025	6.46752	5.2991	6.54503	8.58513	5.41553	
6.80955	4.48478	3.82336	8.49983	8.10965	5.55147	5.96637	0.370879	7.58612	9.64829	4.50661	3.65584	8.01323	8.01846	3.7387	11.9501	5.20233	5.47775	4.27275	6.89868	7.79717	4.97336	6.84712	7.96052	10.1325	2.12632	5.39476	7.52352	4.82726	6.73583	4.99929	6.7526	10.1603	11.0908	3.44297	10.0334	12.0303	8.9043	8.25065	0.161581	9.68905	11.1413	9.74939	4.43845	8.1927	5.62141	6.68323	9.80295	3.66404	5.9072	
0.75	0.75