20	50
1143.87	957.725	1089.8	862.685	842.325	633.617	1129.82	630.006	1192.8	1160.17	1170.48	999.037	995.031	601.058	1353.63	1347.94	512.442	994.242	1186.57	702.344	
97.5939	75.9337	98.528	62.1897	53.9746	35.6922	108.373	29.991	131.261	99.892	119.285	91.3224	81.0185	29.9028	150.704	148.775	17.3162	80.7176	104.607	42.2235	
3.38145	35.4498	35.7738	40.75	24.3674	23.9664	24.7443	22.2375	22.3229	21.825	31.944	40.7563	42.9031	29.4452	41.5416	33.5518	18.1823	23.7219	5.04478	24.5934	35.807	17.6798	20.1152	0.351507	11.196	22.3671	7.28757	11.0631	13.1497	0.495283	23.1262	33.3015	16.014	19.5356	11.0268	12.953	14.5299	9.08513	38.9152	12.1966	34.5025	26.6295	41.9727	26.5861	23.3266	39.8276	39.5942	17.2354	33.8469	24.9943	
4.93544	7.06282	2.81247	9.23481	4.25595	6.99456	8.03781	0.495418	6.9655	6.92142	9.16417	3.94029	4.84366	7.46263	7.26655	5.88115	7.46345	5.95041	9.74261	1.28006	3.0409	5.99339	4.09068	6.49437	8.09227	4.28435	1.11101	8.81206	8.34715	8.68525	6.60066	6.36362	9.21288	7.73718	6.32711	1.5786	8.69306	3.65496	4.65649	8.62471	0.314288	6.96297	2.1994	6.45894	1.71441	5.3483	4.58694	4.81164	5.27294	1.22975	
4.02122	2.4514	6.26853	0.909573	7.0958	9.4648	3.79657	8.90175	5.79295	2.2807	3.40607	6.77484	7.56137	2.39361	1.70122	4.70241	2.32394	5.91298	2.89013	8.89538	6.61285	7.1849	7.14752	7.33619	8.98797	4.97743	8.30338	1.00588	5.37287	10.2412	7.98637	2.60656	3.94112	8.50996	2.62834	10.5325	6.79994	6.2222	6.82865	6.04687	9.19668	2.62327	7.02056	5.73945	8.93752	3.74511	5.21716	9.48281	3.79879	9.30988	
3.74557	5.24994	2.70334	7.55524	1.79588	4.85921	7.63927	2.09191	4.51425	5.83471	7.00301	1.46732	2.45574	5.57339	5.91401	5.76812	6.55535	3.49742	7.68988	1.63323	0.871014	3.54258	1.63363	4.04885	5.76303	3.84373	2.85025	7.59342	5.93366	6.50551	4.22065	4.9221	6.97481	5.368	4.97557	3.77345	6.21831	1.3804	2.18289	6.17188	2.51047	6.07964	2.74546	4.01347	1.51616	4.42724	2.44493	3.09572	3.69425	2.06313	
4.71865	6.35346	3.25239	8.65244	2.60622	5.14496	8.45367	1.36578	5.46944	6.81717	8.09819	2.42883	3.08117	6.68235	6.95491	6.46257	7.5015	4.4618	8.79655	0.649583	1.97003	4.27965	2.4417	4.76525	6.2669	4.59231	2.62204	8.619	6.92732	6.83577	4.80735	5.97126	8.05372	5.93029	6.00741	2.83236	7.08187	2.48862	3.04198	7.11113	1.75592	7.01398	3.02742	4.98399	0.406162	5.34397	3.55548	3.00276	4.75454	1.02612	
6.7437	4.41307	8.71221	4.31059	6.74152	7.09361	8.79675	10.2272	3.89926	6.50949	1.91785	6.80623	6.64778	3.96773	5.69469	8.9199	7.05639	4.82707	2.32565	9.81598	7.4867	5.56495	6.88808	5.32443	5.89513	8.11495	10.3982	6.18708	2.41276	7.00362	5.82408	5.68758	1.52272	5.59809	5.91728	11.9503	3.19382	6.87594	6.3007	2.58993	10.6315	7.08573	9.41099	4.31635	9.62253	7.10485	5.95145	8.41336	5.95345	10.2384	
3.55268	5.97508	1.29938	7.88845	4.8366	8.0739	5.97519	2.47652	6.96532	5.24123	8.38053	4.35844	5.58817	6.42627	5.75205	3.78802	5.64387	6.02758	8.78167	3.07589	3.20125	6.50887	4.69791	7.01189	8.8761	2.48504	1.0977	7.12393	8.12706	9.70032	7.30649	4.9942	8.55276	8.44341	4.88787	3.49092	8.81309	3.69519	5.11209	8.55493	2.48628	5.15515	0.604945	6.46407	3.44819	3.70171	4.21841	6.23492	4.16518	3.24623	
3.36163	4.96789	3.87549	5.6315	7.26959	10.5539	1.76624	6.68535	7.8927	2.82318	7.40107	6.75336	8.02475	5.37633	3.64848	0.680852	2.50383	7.34594	7.31619	7.10231	5.84439	8.39737	7.20957	8.79529	10.7882	2.61152	5.43639	4.03403	8.38029	11.9014	9.32817	3.71655	7.81256	10.2862	3.47104	7.82541	9.58292	5.91367	7.29029	9.01473	6.78104	2.28612	4.29376	7.53335	7.37167	2.6187	5.55033	9.43045	4.10997	7.38555	
5.79921	7.26976	4.3808	9.58668	3.03436	4.79673	9.58394	2.0532	5.90872	7.89533	8.81303	3.04625	3.25201	7.56418	7.98779	7.59548	8.59846	4.94849	9.56941	1.31157	2.93536	4.47313	2.89102	4.90757	6.10473	5.72502	3.51471	9.66676	7.40233	6.47371	4.79699	6.99542	8.7108	5.84438	7.04905	2.91293	7.34408	3.35522	3.47487	7.48884	2.31499	8.11531	4.11195	5.46223	0.922834	6.44934	4.41671	2.44821	5.7663	1.32115	
2.13874	4.4948	1.71787	5.99841	5.39509	8.74915	3.68086	4.54326	6.60381	3.13859	7.04797	4.86754	6.17586	4.96024	3.79671	1.53009	3.40096	5.86787	7.24197	4.94123	3.84392	6.74429	5.30978	7.19351	9.18649	0.799272	3.38169	4.94956	7.41991	10.2126	7.65445	3.28559	7.34176	8.70033	3.10334	5.78888	8.42129	4.03074	5.49569	7.97787	4.66555	2.93399	2.16246	6.16744	5.21205	1.81734	3.94354	7.40377	2.97158	5.22951	
4.99184	2.73835	6.95077	3.31086	5.2726	6.31467	7.3658	8.56749	2.66283	4.94964	0.820419	5.25682	5.32034	2.32636	4.16686	7.26348	5.58386	3.41117	1.75604	8.2054	5.82515	4.39718	5.40473	4.29213	5.41478	6.36396	8.66493	4.98945	1.51041	6.64157	4.8905	4.01137	0.437551	5.00715	4.24993	10.3014	2.87776	5.22341	4.84891	2.10246	8.96416	5.54037	7.65461	2.95222	8.04575	5.38875	4.25005	7.21065	4.19323	8.63455	
2.63659	4.82902	2.4108	6.09156	6.10457	9.45339	3.18718	5.16007	7.19683	3.16234	7.38164	5.57754	6.88315	5.28596	3.90859	0.997196	3.24488	6.50262	7.49157	5.60168	4.56387	7.41983	6.02228	7.86012	9.85727	1.42936	3.90704	4.84009	7.93181	10.9005	8.33595	3.56928	7.71334	9.36718	3.35739	6.30222	8.99079	4.73833	6.19347	8.51326	5.24929	2.83131	2.76835	6.77706	5.8891	2.13206	4.59554	8.12475	3.47498	5.87084	
4.51315	2.13991	6.78598	1.00091	6.49649	8.31201	5.54639	9.04877	4.54534	3.50407	1.5937	6.29826	6.79162	1.7521	2.69104	6.0349	3.88348	4.94404	1.0495	8.87983	6.46237	6.15221	6.58713	6.19067	7.60936	5.75972	8.75012	2.85973	3.78512	8.85779	6.83349	3.11234	2.13708	7.16376	3.27347	10.7641	5.19775	5.95096	6.14555	4.42432	9.39789	4.02065	7.54855	4.63515	8.83087	4.56063	4.88038	8.75283	3.95731	9.3122	
3.37106	1.3629	5.66583	1.01397	6.03026	8.32329	4.34069	8.12003	4.65305	2.18633	2.56102	5.73955	6.46124	1.2521	1.37351	4.71667	2.61389	4.77805	2.3227	8.04002	5.68576	6.04803	6.09212	6.19373	7.85301	4.53389	7.67422	1.91458	4.30483	9.10532	6.84407	1.91863	3.05944	7.3725	2.03861	9.79934	5.72415	5.24676	5.74222	4.9857	8.44269	2.71225	6.43035	4.5968	8.04443	3.3094	4.20739	8.39763	2.95805	8.46439	
3.00409	5.25651	0.891742	7.34665	3.66002	6.91877	6.19205	2.02167	5.85242	4.96434	7.52782	3.18103	4.41534	5.68314	5.3274	4.10142	5.514	4.89296	8.01583	2.36342	2.02495	5.33347	3.5227	5.83742	7.69899	2.36051	1.37294	6.85593	7.07355	8.53366	6.1291	4.45104	7.64889	7.26588	4.3975	3.52016	7.68884	2.5352	3.93547	7.46714	2.22903	5.01335	0.650092	5.34603	2.64714	3.3911	3.1553	5.16773	3.43278	2.66066	
1.717	3.91493	0.938674	6.01689	3.25509	6.61654	5.35951	3.18363	4.87415	3.77154	6.22545	2.72753	4.03979	4.34479	4.0475	3.48913	4.40744	3.99985	6.68455	3.29099	1.69345	4.70645	3.16257	5.18204	7.14725	1.55814	2.70709	5.63556	5.96004	8.12013	5.58978	3.13552	6.37515	6.67607	3.10239	4.80666	6.73037	1.90347	3.39161	6.41693	3.46726	3.91361	1.60064	4.3886	3.44197	2.24303	2.09656	5.27162	2.09011	3.67195	
3.58054	5.89078	1.32082	7.94117	4.17973	7.35422	6.48011	1.77319	6.48713	5.46212	8.18673	3.72742	4.90939	6.32333	5.87978	4.32585	5.95663	5.51562	8.66299	2.31335	2.59382	5.88905	4.03299	6.39637	8.21422	2.76099	0.733109	7.35857	7.72789	8.99743	6.65163	5.03683	8.31197	7.79564	4.96663	3.04096	8.31465	3.14162	4.48765	8.1112	1.86327	5.45795	0.642094	5.97874	2.67394	3.88823	3.81248	5.46551	4.06372	2.51606	
2.2203	2.80355	3.08859	5.12339	1.99257	5.02761	6.24112	4.40544	2.7226	3.95629	4.52857	1.6124	2.61756	3.0856	3.77614	4.91383	4.77112	1.89447	5.18208	4.11606	1.68666	2.83426	2.01394	3.24734	5.24685	3.19908	4.5371	5.46036	3.85289	6.33836	3.76454	2.80391	4.55414	4.75115	2.94244	6.14387	4.57849	1.13688	1.84241	4.27526	4.79492	4.37418	3.67709	2.24345	4.02899	3.00281	0.072493	4.40013	1.6609	4.55054	
5.49456	3.06789	7.74854	1.76737	7.12392	8.58791	6.45442	9.91085	4.85838	4.5116	1.49238	6.98362	7.32927	2.63666	3.70418	7.0451	4.84791	5.42674	0.550808	9.69508	7.2648	6.55489	7.23012	6.51717	7.72115	6.76316	9.68674	3.67743	3.81551	8.94518	7.13828	4.11672	1.94863	7.31224	4.28508	11.6386	5.14293	6.72251	6.74202	4.37521	10.2723	5.0148	8.50777	5.04631	9.61684	5.57258	5.65666	9.27678	4.89501	10.1293	
5.53533	6.74848	4.45271	9.06692	2.28292	3.96558	9.47058	2.63617	5.10452	7.60202	8.11954	2.3988	2.40236	7.00631	7.60831	7.58799	8.34663	4.17307	8.9101	1.85164	2.59347	3.61423	2.15746	4.03811	5.23689	5.67001	3.98124	9.30104	6.60135	5.65333	3.91708	6.61172	7.98452	4.96782	6.69307	3.74701	6.48559	2.88038	2.70809	6.6564	2.9717	7.8795	4.33245	4.67695	1.41816	6.24166	3.89204	1.68336	5.38097	2.02519	
5.85511	7.45932	4.27408	9.76707	3.3899	5.26797	9.53696	1.71923	6.2805	7.95326	9.10226	3.34613	3.6675	7.77384	8.09323	7.50082	8.63037	5.30371	9.83509	1.06353	3.08275	4.89278	3.23884	5.33784	6.57135	5.6692	3.21017	9.7581	7.76847	6.9445	5.24815	7.10836	9.02186	6.30526	7.14623	2.44307	7.75943	3.55937	3.83434	7.87979	1.92843	8.14061	3.92992	5.82201	0.792141	6.46933	4.62982	2.91658	5.88889	0.942902	
0.75	0.75