20	40
1222.01	489.405	1283.1	1344.81	705.427	722.679	1355.25	1247.51	753.338	1050.05	1008.72	1104.45	1202.9	1062.41	1104.09	948.158	898.836	964.128	847.645	540.994	
136.199	17.2608	141.896	147.169	40.3347	42.1034	145.523	148.85	43.3711	84.5734	87.3885	110.814	120.348	86.5954	90.7933	73.7908	65.2627	81.3011	62.2542	24.4015	
22.5095	7.12704	7.89634	1.91993	35.8524	5.63401	60.7136	10.7442	35.1664	43.1654	57.0149	50.9183	27.0658	61.3549	15.3402	48.6315	49.7102	6.47343	44.8301	53.487	19.4473	37.7183	1.38996	42.92	16.9494	27.3118	11.9341	9.89598	39.4072	25.8647	35.2248	64.4768	1.78879	45.5424	29.7411	48.4363	28.865	44.9913	42.1378	30.5658	
3.85253	7.4978	6.76851	3.72503	5.09354	3.17634	7.20234	2.32421	8.16029	1.96966	5.71839	2.16149	5.76314	5.87549	1.45525	6.5447	8.04035	7.00315	5.4879	1.79165	1.13026	3.48554	6.85109	8.2545	6.05546	1.22501	2.03341	5.79864	6.00236	7.90991	9.31503	7.04309	6.38651	1.87712	7.0579	2.44514	4.83247	0.119346	3.56956	6.98179	
2.75454	5.1519	3.05008	1.83537	1.0643	3.35088	5.30716	5.4246	5.49059	2.05983	7.62106	5.82844	7.56216	6.07336	4.16421	2.88525	4.53726	4.59793	7.26771	2.70321	3.18469	1.62967	4.28742	4.45463	3.17387	4.41218	2.02246	6.36053	2.47411	4.06463	6.58796	3.23475	4.75862	5.46142	4.05096	1.60644	3.57241	4.13333	0.460935	3.78243	
5.49756	7.70965	2.27822	1.58657	2.81354	2.64006	7.98099	7.31775	7.89271	3.75204	10.0755	6.26752	10.044	8.81253	4.56853	4.86771	2.98162	7.1727	9.74536	4.77429	4.95125	4.34501	6.82971	5.89813	0.823051	6.1557	3.53428	9.06109	4.70415	5.47498	8.88797	2.65101	7.49942	5.91108	1.79562	3.27358	1.40243	5.33506	2.86892	6.04492	
7.54643	11.1864	9.1103	5.91943	8.0806	4.386	10.9083	5.08083	11.8229	5.25501	8.44444	1.57257	8.5513	9.35616	2.92857	9.89478	9.99428	10.6806	8.33278	5.4588	4.81939	7.03836	10.5081	11.5325	7.82657	4.55369	5.1717	9.17593	9.39826	11.1482	12.9814	9.45584	10.0925	1.82956	8.69922	5.5508	5.88993	3.59267	6.64999	10.5163	
1.61312	4.07649	7.19548	5.58636	4.9355	6.24902	3.51452	3.17954	4.88839	3.66664	3.5065	6.15122	3.40684	1.93583	5.39895	4.88298	8.73045	3.74116	3.1324	2.72885	3.14604	2.67667	3.77346	6.43194	7.46531	3.19234	3.92152	2.09413	4.35534	6.25797	5.93744	7.28451	2.68932	5.92789	8.35717	3.94299	7.34764	4.19822	4.1155	4.5365	
4.5725	4.28084	2.65655	4.62222	2.24696	6.30964	4.89959	8.23753	4.07792	5.27161	9.5702	9.08787	9.45842	7.23914	7.41663	1.27678	3.81258	3.89644	9.19447	5.66941	6.26284	4.01851	3.53952	1.41825	4.19338	7.39761	5.268	7.70432	1.7291	0.995966	4.81097	2.41962	4.86191	8.72115	4.42019	4.85622	5.81344	7.3355	3.71285	2.35064	
3.34977	6.00563	8.6865	6.47886	6.48169	6.64437	5.36608	1.80342	6.83411	4.31261	2.07893	5.36767	2.07896	2.68289	5.20702	6.7886	10.1884	5.71238	1.78608	3.25988	3.27871	4.12758	5.7657	8.39204	8.63939	2.54091	4.5571	2.36856	6.23893	8.19412	7.83586	8.83335	4.57963	5.25333	9.60204	4.7537	8.06395	3.80735	5.33839	6.52901	
2.98318	6.49806	7.29412	4.64743	5.28062	4.56632	6.06941	1.14209	7.24238	2.49077	4.15353	3.49387	4.18187	4.31796	3.07934	6.23124	8.71115	6.06173	3.89827	1.58227	1.28393	3.1336	5.98287	7.94874	6.93273	0.508581	2.69726	4.19756	5.66093	7.66116	8.36544	7.50766	5.23309	3.30372	7.92875	2.99736	6.08062	1.69682	3.87562	6.3773	
5.5419	8.58542	4.49245	1.68543	4.13838	0.548912	8.64663	6.01522	8.96619	3.01286	9.22186	4.1535	9.23262	8.61349	2.60389	6.26298	5.25033	8.02963	8.94028	4.017	3.87551	4.48329	7.73758	7.62938	3.08389	4.84925	2.75695	8.72591	5.92191	7.20925	10.0685	4.85713	7.99638	3.82305	3.95518	2.78052	1.21493	3.74031	3.23818	7.2544	
2.80757	3.92959	8.31416	6.95011	6.06473	7.64976	3.18666	4.0408	4.76812	5.06698	2.9542	7.34494	2.79801	0.536271	6.73827	5.5995	9.85057	3.77344	2.59862	4.12233	4.50245	3.94938	3.93569	6.9534	8.73597	4.35778	5.32151	0.850187	5.13848	6.85748	5.65296	8.36218	2.5149	7.15463	9.59136	5.33298	8.72682	5.47484	5.42173	4.95877	
4.15524	7.56537	5.16515	1.95528	3.94068	1.30839	7.47675	4.18965	8.08044	1.48475	7.398	3.01599	7.41399	6.97319	1.27229	5.81793	6.29404	7.0213	7.12372	2.32077	2.06816	3.28302	6.78234	7.41473	4.21782	3.01824	1.27972	7.03148	5.3554	7.02298	9.22903	5.4815	6.74285	2.64373	5.20719	1.54493	2.8965	1.97553	2.54281	6.56915	
5.29533	8.89465	8.46522	5.33639	6.8362	4.43309	8.49653	2.25213	9.6133	3.71227	5.638	1.43438	5.73672	6.60022	2.36451	8.23519	9.68292	8.43653	5.51019	3.39078	2.7391	5.12979	8.32767	9.9541	7.63063	1.94674	3.76991	6.38229	7.68267	9.61985	10.7513	8.75161	7.66144	1.48473	8.62068	4.1841	6.16345	1.64008	5.31217	8.58497	
4.45488	4.67952	2.06392	4.01656	1.72748	5.70482	5.23308	7.96204	4.56673	4.83192	9.5242	8.594	9.42337	7.3298	6.89848	1.54086	3.34041	4.24775	9.15026	5.32497	5.88709	3.75597	3.88201	2.07338	3.54866	7.06198	4.80411	7.76656	1.82066	1.65087	5.37179	1.8705	5.09766	8.22441	3.82294	4.38801	5.16194	6.90622	3.24212	2.75542	
2.53224	6.1149	6.76944	4.19902	4.74038	4.26505	5.73358	1.67646	6.83635	2.02208	4.45075	3.67655	4.45876	4.26524	2.99074	5.70871	8.19827	5.65827	4.16645	1.0559	0.898498	2.59977	5.55797	7.42928	6.45655	0.862932	2.24578	4.21515	5.13943	7.13577	7.97197	6.97758	4.9022	3.44086	7.44729	2.51386	5.70465	1.71208	3.3473	5.89517	
2.40291	1.24428	6.11799	5.97024	4.12155	7.2568	1.13893	6.02123	1.98042	4.92671	6.0352	8.41679	5.88635	3.34892	7.21033	2.81643	7.5803	0.804324	5.67043	4.49002	5.13057	3.11119	0.851867	3.91127	7.04053	5.72142	5.11161	3.87704	2.52425	3.87184	3.09859	6.05478	0.780484	8.12117	7.69561	4.88372	7.74076	6.37236	4.29936	1.90932	
4.45479	6.21969	10.0048	8.03568	7.75432	8.28987	5.46097	3.29623	7.05651	5.89913	0.672296	6.89811	0.550452	2.23652	6.85569	7.69015	11.5318	6.06468	0.304717	4.84291	4.92134	5.42967	6.21366	9.15362	10.1183	4.18092	6.14998	1.6964	7.1819	9.02122	7.90378	10.1132	4.80903	6.81902	11.0553	6.31063	9.67131	5.45085	6.76992	7.18341	
3.63272	5.97477	9.0826	6.97608	6.85462	7.18797	5.28806	2.30258	6.81217	4.82247	1.57465	5.89338	1.55244	2.37018	5.76409	7.01459	10.5966	5.72774	1.25498	3.76636	3.81983	4.50373	5.81591	8.57127	9.10305	3.09618	5.07052	1.97662	6.47841	8.39717	7.76665	9.21401	4.5387	5.78978	10.0554	5.24921	8.58655	4.36366	5.77661	6.66026	
4.14479	7.62794	5.49032	2.29229	4.19078	1.58088	7.50217	3.8928	8.17116	1.50843	7.1538	2.71124	7.17635	6.84538	0.987362	6.00862	6.63579	7.08977	6.88876	2.20931	1.86903	3.34699	6.86474	7.63151	4.56475	2.73031	1.34766	6.87816	5.52923	7.24606	9.32495	5.80193	6.7495	2.33847	5.55473	1.67901	3.22051	1.64237	2.7488	6.71029	
5.32183	8.65918	5.42662	2.29366	4.65797	0.699539	8.61058	5.09651	9.13397	2.65293	8.43785	2.99854	8.46709	8.14663	1.49277	6.68347	6.32118	8.10939	8.18232	3.49654	3.18547	4.39877	7.85273	8.18884	4.15747	3.96834	2.43019	8.19068	6.26825	7.78042	10.2711	5.77737	7.8934	2.6671	5.07083	2.62538	2.37072	2.76526	3.44602	7.54169	
4.43831	0.802597	7.00698	7.61925	5.42884	9.05286	1.43361	8.00861	0.423186	6.87037	7.53097	10.4497	7.36024	4.68	9.19429	3.49816	8.29675	1.29322	7.1932	6.51345	7.16141	5.02897	1.52222	3.65428	8.253	7.76002	7.0341	5.2375	3.54282	3.83795	1.07707	6.84195	2.1878	10.1486	8.72945	6.76382	9.30185	8.40672	6.01443	2.2494	
0.75	0.75