15	40
991.519	1316.7	1231.84	1054.78	696.911	1210	1284.95	861.582	1246.86	839.005	935.083	1275.72	792.202	1256.73	1030.12	
83.0186	147.516	144.418	87.5725	44.444	127.817	151.949	64.6796	137.187	59.3958	71.8472	138.627	45.7811	153.048	85.303	
5.58197	27.972	7.57535	27.8209	52.7262	4.7046	46.0827	9.03197	46.6272	52.1711	7.17285	44.8634	36.8177	33.4647	25.055	9.93452	29.7926	38.1524	4.78603	52.7946	6.43984	30.3931	44.0382	44.8785	32.4493	25.8858	34.4843	7.7136	2.64729	27.817	6.6737	29.0484	49.3787	47.6047	34.0299	13.7283	30.7159	21.8491	12.4475	36.5093	
8.24051	3.60697	6.22701	8.55523	5.02061	8.34146	7.48706	2.34726	5.92534	6.55703	3.24952	2.0048	4.57386	0.868388	2.07989	7.62937	3.14288	4.24176	5.04551	7.40804	2.35133	5.75094	6.31039	5.76103	8.96071	4.47678	3.97212	6.09412	0.82851	5.52097	7.2338	6.32918	2.79263	7.5223	7.30718	6.83667	9.70017	4.8651	8.53683	1.16472	
7.11357	4.01857	6.16226	8.85273	7.40009	7.11266	6.58812	2.34955	8.17743	9.52957	2.70471	2.18571	6.33184	3.55384	4.75987	5.9921	5.1145	7.2185	2.21108	7.21437	2.66857	6.80245	7.80297	7.20234	8.93638	5.59701	6.75692	8.58401	3.79432	4.74623	4.76512	4.59774	0.942155	8.70692	5.21703	5.97102	10.1153	7.92049	8.22326	4.16852	
4.59979	1.70473	1.92816	3.75263	3.06077	4.80412	3.76372	3.46764	3.33763	5.86209	3.05366	3.784	1.49799	3.96658	3.30575	4.85754	2.03393	4.35489	5.47422	2.94674	6.78284	1.0805	2.17446	1.60618	4.24892	0.426656	3.64366	4.04539	5.58266	2.61883	5.93465	4.27438	6.03322	2.98838	5.3465	3.29648	4.88154	4.99411	4.026	5.80336	
5.52003	0.876725	3.50269	5.98069	4.19549	5.63793	4.74581	1.04978	4.88547	6.66872	1.06459	1.34851	2.96906	2.05805	2.29597	5.07016	1.93341	4.53322	3.74611	4.68259	4.40922	3.50438	4.43068	3.82979	6.29267	2.24265	3.9091	5.38185	3.58485	2.81355	5.18769	3.9092	3.60573	5.40883	4.99263	4.10181	7.18933	5.27432	5.80647	3.89352	
3.69591	5.25432	2.82002	0.143919	5.77627	3.94105	3.34961	7.03672	5.38313	8.17184	6.33738	7.41185	4.73914	7.85546	7.15327	5.00398	5.85148	7.55176	7.92769	1.93471	10.5262	3.15654	3.48358	3.63481	0.821186	4.27786	6.92469	6.1198	9.47438	4.37734	7.03882	5.51642	9.51222	2.46076	6.10532	3.59811	1.15013	7.99802	1.6018	9.69967	
7.86298	3.7533	5.18781	6.39952	1.10818	8.06373	7.02543	4.45573	2.02332	2.98542	4.74619	4.49494	1.87073	3.31333	1.97982	8.00063	1.77556	1.09167	7.4255	6.12046	6.36713	3.4541	3.20346	2.90724	7.11129	2.86893	0.394528	2.07842	4.40944	5.63812	8.68084	7.17032	6.4814	4.51621	8.28635	6.53171	7.22397	1.74944	7.11688	4.40879	
0.894828	3.87045	1.95201	3.53936	6.8081	1.04583	0.26881	5.12392	6.91019	9.59919	4.21639	5.52426	5.27307	6.68484	6.6131	1.43685	5.56	8.12078	4.76661	1.77594	8.52736	4.05531	5.19122	4.88112	3.13232	4.16887	7.40656	7.67109	8.18176	1.83634	3.44737	2.06658	7.12008	5.02642	2.50389	0.534552	4.66754	8.77674	2.20711	8.50779	
1.8632	3.5375	2.58045	4.71999	7.07659	1.84327	1.55412	4.38193	7.33797	9.87189	3.4649	4.76292	5.5072	6.14388	6.32402	0.944253	5.4575	8.15113	3.52223	2.88536	7.59871	4.59137	5.81256	5.39864	4.39291	4.33059	7.44445	8.06468	7.52252	1.46779	2.26889	0.783387	6.08633	5.89947	1.42187	1.20798	5.89813	8.85178	3.48329	7.8743	
9.41645	4.91875	6.80599	8.20202	2.78106	9.5988	8.57751	4.9974	3.59139	3.02257	5.56433	4.88701	3.62631	3.27603	2.27226	9.36919	3.00298	1.01588	8.07844	7.81514	5.81341	5.22761	5.00895	4.71775	8.89562	4.46536	1.43708	3.32165	3.68087	6.98681	9.73253	8.37379	6.4096	6.31471	9.48266	8.03169	9.0362	1.32642	8.85053	3.52594	
6.55643	1.81103	4.22057	6.3665	3.23447	6.70268	5.7426	1.94218	4.04894	5.4744	2.34831	1.99294	2.40476	1.37441	0.998619	6.27429	1.00112	3.26267	4.96203	5.37841	4.4063	3.51097	4.11032	3.54348	6.83237	2.24885	2.68232	4.41363	2.97535	3.93237	6.50109	5.18355	4.11457	5.29071	6.28087	5.12982	7.48231	4.00246	6.50233	3.18944	
4.13348	2.26484	1.43887	3.01859	3.44125	4.35587	3.31796	4.07257	3.53525	6.21857	3.54955	4.41285	1.96549	4.69547	4.03319	4.59537	2.74895	4.91185	5.77685	2.30149	7.46183	0.756597	1.99701	1.55118	3.51904	1.13858	4.21244	4.28928	6.31336	2.57116	5.91914	4.22349	6.62969	2.49952	5.2346	2.94432	4.16287	5.50939	3.34148	6.5377	
8.44098	3.8208	6.44257	8.7734	5.18774	8.53943	7.69136	2.52337	6.09669	6.65432	3.4326	2.1686	4.77587	1.08092	2.25448	7.81231	3.34667	4.34956	5.14919	7.62375	2.20254	5.96561	6.51442	5.96802	9.17853	4.6931	4.10883	6.24734	0.627826	5.72153	7.37595	6.503	2.77494	7.73151	7.46992	7.04005	9.91763	4.95536	8.75236	0.984488	
3.93157	6.55356	3.98382	1.59638	7.20619	4.1342	3.89394	8.29232	6.76407	9.51714	7.53247	8.67961	6.19573	9.23972	8.58746	5.40371	7.28871	8.99651	8.82293	2.88088	11.8097	4.61038	4.89783	5.08346	1.16065	5.69972	8.3762	7.47995	10.8595	5.37262	7.556	6.21695	10.6968	3.76802	6.58579	4.33477	1.18309	9.42603	1.96669	11.0978	
4.75235	0.238924	2.73024	5.26935	4.25324	4.87911	3.96737	1.63464	4.82621	6.89113	1.12689	2.00562	2.83859	2.83248	2.87944	4.39021	2.17264	4.89402	3.69931	3.90633	5.12827	3.00719	4.06518	3.47231	5.53885	1.86371	4.22162	5.40834	4.37482	2.06864	4.75047	3.32629	4.16973	4.90876	4.43623	3.32863	6.49821	5.62615	5.02647	4.68067	
3.71791	2.05833	1.02353	3.0689	3.87071	3.93134	2.88942	3.86318	4.01433	6.66295	3.25504	4.22535	2.34761	4.68993	4.16264	4.10968	2.92206	5.25711	5.356	2.04349	7.32337	1.2547	2.49354	2.04934	3.45142	1.33913	4.54854	4.7611	6.30841	2.07739	5.42216	3.72539	6.39204	2.90401	4.73472	2.47625	4.27698	5.88175	3.14253	6.55659	
0.75	0.75