20	40
1300.91	505.057	1342.16	1167.92	938.114	1001.34	1175.57	1112.23	432.246	776.217	908.406	957.169	864.941	991.585	1189.67	1119.86	864.961	904.438	708.975	1237.47	
159.457	14.9963	139.412	117.512	72.3089	83.4208	104.837	122.925	11.4716	55.4004	69.0847	72.0351	67.2305	96.0669	119.532	99.9654	64.9775	56.298	41.9934	123.845	
20.4762	10.9648	4.87129	21.3928	44.6761	3.16536	68.469	15.5825	62.7607	65.6914	18.547	0.649172	7.20161	12.0812	35.8923	24.2074	12.8575	56.6497	19.9353	63.9326	50.352	7.6005	14.7917	32.8377	27.9036	36.8705	9.67965	35.1684	32.0929	7.25563	19.4883	27.3186	54.2716	27.3822	23.1518	54.9189	68.3952	54.7138	5.15862	49.7648	
7.79163	8.23724	6.10044	6.69607	3.01025	2.24039	6.58256	4.33107	3.6918	1.16646	2.96962	5.13565	9.1432	5.8096	7.85487	7.75787	8.43023	5.45357	3.51663	8.39044	2.25002	6.54356	7.34942	3.37288	7.19327	5.89702	2.15605	4.37716	7.42856	3.35882	8.77809	3.0642	2.13603	1.94803	8.75429	10.306	5.45055	2.39485	8.29212	4.67634	
2.77835	3.3747	0.98987	4.4689	7.71971	4.26786	6.29855	7.67473	2.74149	7.52298	5.00027	3.16186	8.62377	5.76441	6.18332	8.367	3.54711	6.41306	3.27976	6.45737	5.13714	3.26505	6.71743	7.58611	5.54227	6.68217	8.14939	6.71631	4.44931	9.18125	4.08872	4.15249	6.19582	4.48713	2.67172	4.65168	6.63107	7.43931	2.54535	3.40046	
3.72503	4.27743	1.7299	4.07455	5.83898	2.31349	5.39547	5.97863	0.790294	5.59373	3.2103	2.24851	7.99842	4.70628	5.78303	7.37082	4.4762	5.13417	1.44476	6.18852	3.51994	3.18387	5.98198	5.75529	5.05874	5.48589	6.19541	5.13104	4.42158	7.23721	4.94302	2.70998	4.29464	2.53616	4.36005	6.0922	5.31736	5.52075	3.98397	2.76036	
4.79365	5.32736	2.84014	4.73453	5.14619	1.45606	5.69698	5.56224	0.647927	4.55113	2.79921	2.8488	8.38433	4.93887	6.35397	7.53936	5.52675	5.1714	1.30294	6.80867	2.45381	4.03675	6.36283	5.15425	5.61892	5.57322	5.26642	4.87498	5.21441	6.36549	5.97095	1.78226	3.59532	1.58993	5.466	7.19552	5.31605	4.74766	5.09315	2.41647	
7.71298	8.03726	6.48191	5.91344	0.93002	2.87127	5.18447	2.27483	4.31759	2.18238	2.26411	4.83753	7.50351	4.50559	6.67029	5.96363	8.21122	3.89192	3.76149	7.21154	4.19329	6.15917	5.9287	1.2598	6.11263	4.29604	1.51737	2.60638	6.73326	2.21469	8.44475	4.76221	0.868856	2.77407	9.02202	10.2299	3.81571	0.421103	8.42931	6.27057	
7.89126	7.87645	7.89295	5.1316	3.9624	6.17288	3.0826	2.35789	6.87828	6.78729	4.55245	5.65682	3.72436	3.20554	4.50154	1.99124	7.96769	2.40158	6.08078	4.88036	8.35499	6.18289	3.33875	3.4368	4.464	2.21995	5.72886	2.46814	5.82937	5.44181	7.89473	8.54563	4.55451	6.31292	9.63546	9.91855	2.17505	4.52881	8.89014	9.69266	
1.54477	2.13095	0.983581	3.70973	8.00231	4.87737	5.72457	7.69287	3.3942	8.22883	5.22944	2.91466	7.81504	5.32004	5.32625	7.78345	2.2952	6.09494	3.69547	5.5257	6.1547	2.47253	6.02348	7.78421	4.7589	6.29085	8.68168	6.64707	3.49779	9.62317	2.84031	5.23333	6.55439	5.14486	1.67057	3.46837	6.33049	7.81322	1.33362	4.64001	
8.63986	8.96679	7.36835	6.82098	1.06529	3.64659	5.97703	2.70909	5.14196	1.89015	3.19242	5.766	8.16627	5.33707	7.50498	6.55362	9.14087	4.65197	4.63593	8.04317	4.5629	7.08839	6.70297	1.61494	6.97486	5.02861	0.722841	3.31385	7.64539	1.31242	9.37323	5.27843	1.7924	3.49834	9.93016	11.1586	4.54571	0.640844	9.34646	6.84991	
7.11363	7.15112	6.97112	4.41649	3.30253	5.18763	2.52012	1.65982	5.88402	6.02833	3.5618	4.73797	3.90998	2.43283	4.08865	2.21457	7.2582	1.53348	5.08666	4.53885	7.40405	5.37938	2.97755	2.74927	3.902	1.48853	5.0856	1.49331	5.17276	4.9844	7.23732	7.56364	3.66114	5.33649	8.82812	9.25744	1.29016	3.81061	8.09188	8.69651	
1.47923	1.81469	2.28342	4.23919	9.17108	6.16441	6.34765	8.73078	4.69365	9.52085	6.40701	3.94742	8.10426	6.07961	5.62781	8.34033	1.88101	6.93422	4.95696	5.70619	7.43554	3.10263	6.5061	8.91654	5.18799	7.0652	9.93572	7.64807	3.77773	10.8454	2.36931	6.49104	7.76478	6.43748	0.390549	2.29004	7.17738	9.0198	0.481208	5.76182	
4.91316	5.2496	3.81233	3.38724	3.30892	1.6076	3.50988	3.20307	2.13129	4.21556	0.541454	2.04236	6.20389	2.71087	4.5923	5.13785	5.4276	2.71985	1.34718	5.11794	4.02541	3.40066	4.25371	3.10185	3.90476	3.14837	4.21818	2.3806	4.14419	5.00964	5.68999	3.92113	1.93446	1.86541	6.25712	7.43366	2.83667	3.16887	5.64211	4.92536	
8.70507	9.14676	7.01052	7.5388	3.14856	3.15556	7.28121	4.66351	4.60027	0.416618	3.7592	6.02761	9.76529	6.52927	8.62262	8.29868	9.33913	6.08488	4.42984	9.16237	2.78084	7.43573	8.04623	3.61212	7.98179	6.51766	1.78476	4.90597	8.28883	2.94214	9.68086	3.73183	2.7069	2.86312	9.66461	11.2209	6.05309	2.53235	9.20685	5.34374	
6.60267	7.19667	4.48602	7.27881	7.17554	3.74116	8.40247	7.96211	3.29352	5.51975	5.34285	5.41835	11.0794	7.64901	8.96598	10.2456	7.38601	7.86161	4.0138	9.38874	2.34057	6.38155	9.05516	7.33706	8.23485	8.272	6.68202	7.43524	7.62891	7.88375	7.90327	1.49789	5.74391	3.65874	6.59427	8.61731	7.99446	6.64573	6.51298	0.571325	
7.34312	7.03475	8.36397	4.88424	7.53686	8.44644	3.37436	5.90634	8.47754	10.137	6.91888	6.47601	0.728797	4.15367	3.21644	2.03958	7.02689	4.24885	7.77229	3.11028	10.8605	6.10736	2.7267	6.98	3.81101	3.801	9.31061	5.37846	5.07037	9.22988	6.69694	10.7042	7.58416	8.69408	9.05831	8.49529	4.24106	8.00356	8.3354	11.4068	
6.06173	6.29346	5.27559	3.92644	2.16668	2.79236	3.11439	1.64594	3.67799	4.11125	1.20134	3.23736	5.56825	2.41667	4.58072	4.18551	6.44988	1.88175	2.90627	5.12195	5.00924	4.38075	3.87019	1.78131	4.03285	2.31817	3.59917	0.91596	4.76179	4.06123	6.60997	5.1619	1.49692	2.93	7.57059	8.50434	1.86471	2.30335	6.90246	6.35428	
7.9114	7.93967	7.76017	5.19942	3.40394	5.78767	3.24124	1.82221	6.58908	6.24125	4.19133	5.53016	4.21285	3.22336	4.75458	2.46912	8.04327	2.33503	5.79446	5.17164	7.9081	6.17941	3.6089	2.88575	4.63273	2.25977	5.1646	2.09739	5.94088	4.87377	8.00861	8.14675	4.07167	5.90784	9.62932	10.0314	2.09217	3.97878	8.89226	9.34755	
6.1089	6.70686	4.01296	6.99468	7.44736	3.87522	8.25929	8.11375	3.16177	5.99191	5.41316	5.1737	10.9032	7.52995	8.71018	10.1644	6.89193	7.81976	3.93214	9.10932	2.85073	6.02676	8.88038	7.56425	7.98639	8.21388	7.09141	7.50578	7.28323	8.2845	7.4188	1.88311	5.96535	3.84615	5.99827	8.04035	7.96931	6.94723	5.95512	0.275778	
5.05011	5.64631	2.94272	5.94944	7.02394	3.33716	7.30507	7.49646	2.29997	5.98207	4.72698	4.16031	9.91497	6.60082	7.67584	9.25744	5.83371	6.96485	3.09672	8.06226	3.07315	4.95589	7.89854	7.06686	6.95785	7.3392	6.92582	6.78575	6.21338	8.08396	6.35598	2.01393	5.48771	3.39315	5.06021	7.06424	7.13122	6.58251	4.95293	1.0033	
8.06805	8.53343	6.29927	7.10071	3.46406	2.52597	7.0591	4.82449	3.89175	1.19381	3.42354	5.48446	9.63435	6.28106	8.30476	8.25881	8.7286	5.94606	3.80917	8.83773	1.9976	6.88793	7.82558	3.84966	7.63375	6.39065	2.42337	4.87996	7.81506	3.62214	9.09525	2.92203	2.63916	2.21425	8.95017	10.5651	5.94705	2.84239	8.52013	4.53632	
3.35116	3.82754	1.81798	3.1133	5.29039	2.20844	4.35394	5.1952	1.01687	5.55801	2.53495	1.24011	6.96311	3.67023	4.78775	6.3365	4.02474	4.13708	0.951829	5.2148	4.06054	2.38396	4.94403	5.12204	4.05719	4.47242	5.92909	4.26336	3.55731	6.86745	4.42317	3.43853	3.80824	2.50776	4.39442	5.85732	4.33088	5.06677	3.86754	3.76195	
0.75	0.75