20	40
1051.22	848.224	593.061	1360.91	1105.46	1158.59	893.422	650.525	560.039	1195.9	503.071	1094.31	846.509	468.626	554.192	1186.91	607.563	1338.53	1028.96	789.079	
83.4734	55.6604	32.6402	151.426	105.332	110.191	75.9105	28.2976	24.6522	115.726	17.0228	93.9287	61.9148	17.4345	22.697	119.263	26.9735	145.511	75.8765	50.877	
18.3959	46.424	0.740375	2.97317	18.6629	52.7897	49.7929	33.846	52.7377	21.9162	16.9753	20.8778	4.87116	38.7146	47.0479	40.3455	54.3092	36.0341	1.10924	48.7273	50.1988	37.7163	27.6692	15.5023	6.63844	27.2926	45.2025	45.6907	23.7573	26.6343	43.4914	5.25665	54.0047	20.1963	41.6594	19.3421	21.6679	6.40418	20.3675	33.0245	
1.32085	4.05853	5.11827	9.02481	4.00336	5.52179	1.59038	4.06606	6.94835	7.48898	5.21523	7.40862	7.97934	1.79356	5.03225	7.85416	9.87784	6.53114	4.95325	8.82202	7.71559	6.90778	2.50647	6.41287	3.14764	7.62975	5.61554	6.8027	2.18231	7.39273	3.62533	4.32152	8.58264	4.18992	1.69057	0.637247	9.32011	6.24889	4.15068	5.48083	
5.51689	3.4686	4.14128	9.31571	1.06304	7.23269	5.71283	0.65826	5.62221	7.61985	8.57047	9.60732	11.3892	4.98864	8.72104	7.28153	9.63507	4.72524	7.53762	9.37621	8.88871	6.53593	6.71866	8.43241	7.38441	9.26209	6.18608	5.79294	2.63368	5.48416	5.09177	6.8532	7.34757	7.71179	5.29685	4.98833	8.58903	4.96452	2.20548	2.0979	
6.63708	6.10754	6.27522	5.50441	8.18801	2.55269	4.86228	9.21386	6.9244	5.07004	1.39938	1.7005	2.49863	4.61433	2.18222	6.21698	6.78856	7.393	1.62045	5.00171	3.51834	5.64455	4.47668	1.7647	4.31455	2.73136	4.26907	6.47683	8.13571	7.82425	4.12888	2.29729	7.47113	2.30826	7.48386	6.2864	7.15507	6.70084	7.34982	8.73545	
8.96304	4.29603	3.38274	1.94644	6.48792	3.53239	7.4516	7.96756	2.16944	0.786761	6.58404	4.81107	8.17366	6.31504	7.35856	0.451709	2.16919	3.13407	4.95492	2.22757	2.79706	0.992775	7.90608	4.0923	8.24543	3.69737	2.30795	1.81124	8.33336	2.91478	4.27528	4.8943	1.67965	6.65856	9.51246	8.28557	1.54928	2.62204	5.3325	5.8447	
5.16872	2.06216	2.34131	4.93434	4.29334	1.91198	3.64965	5.52408	3.59072	3.40302	3.94863	4.28506	6.49407	2.50418	4.47329	3.92334	5.7949	3.69465	2.46544	4.76224	3.8235	2.99415	4.19589	3.10905	4.62971	4.00968	1.53107	3.26345	5.0856	4.35505	0.473058	1.91172	4.8788	3.51641	5.76688	4.50749	5.35144	3.09366	3.34083	4.68695	
8.57316	3.33906	2.26248	3.77055	5.13157	4.40852	7.32649	6.60548	0.447631	2.41748	7.38214	6.2363	9.39944	6.11269	8.05973	1.44167	3.68784	1.40027	5.71979	4.06486	4.42879	1.35381	7.98174	5.30679	8.44067	5.25012	2.73431	0.551074	7.35349	1.0846	4.18652	5.43774	1.33026	7.20179	8.98082	7.86497	2.53094	1.15838	4.0344	4.21315	
6.62213	3.65681	3.47357	3.4589	6.02397	0.535375	4.90514	7.32149	3.87555	2.31898	3.59472	2.67297	5.52925	3.96369	4.35495	3.30978	4.54384	4.40151	1.95022	3.1622	2.02038	2.62268	5.14716	1.54318	5.38875	2.19142	1.24707	3.42558	6.9029	4.77957	2.22487	1.94841	4.52311	3.66999	7.31736	6.02444	4.48925	3.69906	4.97932	6.15619	
8.43502	3.09095	2.02821	4.53327	4.59655	4.86592	7.32101	6.04719	0.510828	3.141	7.74353	6.8372	9.90205	6.10112	8.37489	2.20453	4.41798	0.757725	6.10006	4.82099	5.11507	2.00773	8.04889	5.85063	8.55013	5.90341	3.15183	0.978133	6.96769	0.406737	4.29689	5.74452	1.87577	7.46884	8.77615	7.72349	3.21001	0.927408	3.55886	3.54399	
8.50934	6.09884	5.79302	3.01656	8.47783	2.3854	6.69998	9.77331	5.68772	3.20345	3.96007	1.04999	4.4741	6.01722	4.79608	4.40747	4.3085	6.43848	3.00171	2.47255	1.17631	4.19475	6.6258	1.42133	6.64222	0.295822	3.48352	5.22285	9.24333	6.58459	4.60008	3.52317	5.63722	4.61348	9.28987	8.00516	4.94884	5.747	7.41963	8.529	
6.79065	4.13494	4.54142	9.64425	1.94342	8.01467	6.94342	1.77496	5.69444	7.98702	9.63176	10.4047	12.4192	6.14981	9.8414	7.46325	9.79763	4.72689	8.48351	9.77468	9.46772	6.83324	7.94922	9.22799	8.61419	9.93904	6.77292	5.95619	3.8773	5.35383	5.98351	7.81803	7.31101	8.82031	6.55319	6.26092	8.64801	5.1292	2.81485	1.91409	
0.997758	6.35121	7.39319	10.8523	6.19294	7.10039	2.50937	5.93189	9.19593	9.44073	5.7688	8.53415	8.14767	3.55537	5.25637	9.95249	11.8247	8.82925	6.1544	10.5745	9.30865	9.00815	2.61326	7.73664	2.89567	9.03041	7.58425	9.01541	3.81711	9.68421	5.5935	5.67338	10.7749	4.78263	1.18436	1.70415	11.4007	8.51245	6.45508	7.73226	
7.17972	2.15544	1.74928	6.46019	2.54877	5.58062	6.47755	3.92783	2.43284	4.86044	7.95224	7.88115	10.4899	5.32749	8.41061	4.21962	6.53942	1.46332	6.47072	6.64538	6.56384	3.67198	7.37063	6.75174	7.96894	7.18458	4.01852	2.72201	5.15756	2.15828	4.10248	5.92596	4.06888	7.40507	7.34002	6.4884	5.38568	1.91841	1.7535	1.35319	
6.17918	5.0827	5.22986	4.91651	7.21573	1.54899	4.36512	8.29827	5.91909	4.23442	1.6663	1.79058	3.5393	3.89409	2.50073	5.32971	6.1615	6.35877	0.706291	4.46282	2.98099	4.69144	4.18877	1.13432	4.18433	2.39848	3.25497	5.47855	7.35724	6.81209	3.1327	1.39762	6.56747	2.16048	6.99513	5.74107	6.37667	5.67017	6.34181	7.70789	
7.48672	4.75931	4.4881	2.95676	7.13808	1.15369	5.7106	8.44124	4.57851	2.40313	3.63335	1.74866	4.99156	4.89212	4.46571	3.58384	4.19445	5.24429	2.22824	2.52737	1.10656	3.14809	5.7959	0.92062	5.92846	1.07173	2.18131	4.11182	7.98165	5.49016	3.30968	2.54946	4.84574	4.00822	8.22622	6.93124	4.47066	4.54205	6.0806	7.21068	
7.37611	4.15349	3.79474	2.72985	6.55369	1.13029	5.65463	7.90078	3.83198	1.79576	4.07097	2.49655	5.67938	4.71668	4.87377	2.92255	3.86317	4.49954	2.50557	2.41191	1.31738	2.41652	5.86919	1.56828	6.08208	1.70768	1.48692	3.36565	7.59378	4.74408	2.92971	2.63344	4.17832	4.28242	8.07023	6.77777	3.94419	3.79842	5.46512	6.53378	
6.80826	3.9515	3.75315	3.34069	6.31843	0.518038	5.06851	7.61259	4.07912	2.33719	3.52306	2.39329	5.33124	4.16792	4.30827	3.39476	4.47338	4.64224	1.91794	3.00728	1.78383	2.76915	5.26036	1.28695	5.46913	1.90072	1.49484	3.62262	7.16875	4.98814	2.49125	2.02059	4.6297	3.68183	7.51923	6.22435	4.50549	3.93802	5.274	6.44498	
6.57557	5.05269	5.09393	4.41631	7.27167	1.28451	4.76029	8.41744	5.63455	3.80273	2.16364	1.44376	3.77034	4.19401	3.00296	4.92905	5.66889	6.13767	1.04096	3.95689	2.47256	4.3425	4.64528	0.624535	4.66978	1.90204	2.99276	5.18349	7.59285	6.53841	3.18801	1.6538	6.17871	2.65933	7.37684	6.10728	5.92405	5.4395	6.34304	7.65849	
1.22875	4.363	5.43743	9.49562	4.02235	6.02886	2.03617	3.89501	7.284	7.93995	5.7023	7.92631	8.44562	2.30857	5.48676	8.26289	10.3243	6.81404	5.47068	9.30425	8.21681	7.31894	2.88461	6.92932	3.49894	8.14271	6.06989	7.16272	1.87911	7.68282	4.09343	4.83912	8.94876	4.67214	1.32278	0.753946	9.7312	6.57373	4.31057	5.55895	
1.55184	6.86467	7.92499	11.5445	6.47858	7.81504	3.22311	6.05126	9.75065	10.1072	6.49813	9.27241	8.83417	4.2167	5.96793	10.5798	12.4957	9.33407	6.8891	11.2772	10.0269	9.63333	3.34887	8.46957	3.6044	9.76153	8.24244	9.59214	3.93795	10.1978	6.24297	6.39983	11.3642	5.51744	1.2875	2.24966	12.0357	9.0545	6.85301	8.05345	
1.88155	3.48377	4.52577	8.37092	3.73277	4.90192	1.44517	4.03298	6.33925	6.83237	4.82967	6.85589	7.64021	1.22049	4.74131	7.20582	9.22131	5.96213	4.41316	8.17291	7.08437	6.25898	2.44724	5.83008	3.11255	7.02631	4.95895	6.17849	2.39873	6.81577	2.97004	3.75931	7.95323	3.82987	2.34272	1.17034	8.67054	5.64869	3.71628	5.11946	
0.75	0.75