20	50
448.704	1084.98	701.858	652.272	914.466	1076.75	642.81	1135.31	676.282	1208.99	1128.11	858.185	1384.47	1289.25	1033.17	791.158	1101.35	750.614	969.161	1122.54	
15.7995	112.023	35.1891	26.7517	64.1539	101.318	31.8671	121.709	36.3147	118.448	93.7224	62.2743	159.973	140.962	95.7933	59.5745	115.493	43.3291	75.1327	96.7047	
2.01939	8.82766	10.1809	37.0239	28.7617	1.02986	34.9238	24.242	25.2215	7.37554	33.779	24.9384	19.2673	40.1899	23.5671	27.5877	43.0115	4.21283	28.7062	23.3276	26.8681	31.1301	12.2851	43.6979	12.6261	40.9484	23.8943	0.392621	24.8698	34.3148	5.08596	25.0077	27.8221	43.9355	42.3585	14.2628	15.3786	43.4422	10.6112	3.2373	32.5168	2.63037	10.9085	21.82	24.8827	1.45868	28.5059	29.0682	30.294	35.0757	
2.93874	2.5433	8.58487	7.98677	6.18002	7.73755	7.94823	7.58406	1.54196	4.62931	6.53919	10.1401	6.74994	4.71119	9.15941	2.82746	6.25689	6.8186	3.5334	5.86014	3.46799	6.41813	9.49485	2.0919	8.93779	4.24338	2.95412	7.60508	9.3012	6.45516	0.384144	2.00993	6.90236	0.800379	3.16015	3.81369	2.26371	10.2284	9.25509	1.56548	8.52639	5.7757	8.72007	9.00759	6.1667	8.38392	8.84444	10.3097	3.99314	4.54593	
5.78085	5.62282	3.16256	2.06468	1.98178	4.04546	1.00062	5.69386	7.63736	9.08943	1.87962	3.98945	3.5988	7.55524	1.02342	8.07305	1.9661	7.90849	8.22191	2.37292	9.47679	8.00093	9.14406	6.77306	6.303	4.45023	8.14729	2.33351	3.96376	4.60824	8.21148	6.17008	8.70674	8.16187	5.17876	6.1684	7.06912	3.9646	4.94869	7.07967	3.87012	5.64107	8.36901	8.61487	7.97259	8.93869	3.06426	2.4697	7.36882	3.72037	
5.46781	4.35138	7.3593	3.22066	3.83469	7.53912	5.39737	8.6399	6.47692	9.31392	3.1096	8.59404	6.56016	8.33781	5.39707	7.61103	3.3672	9.75139	8.12804	4.12539	8.8713	9.59795	11.8905	3.93948	9.74775	2.20618	7.73881	2.76627	8.26631	7.16627	6.27282	4.7403	10.3141	6.48053	3.24111	6.65242	6.41143	8.60113	8.95168	5.88695	7.84003	0.848878	11.0217	11.3196	9.44278	11.221	7.41194	7.23405	7.77633	4.19017	
3.35335	2.08607	7.15342	4.81214	3.81922	6.85245	5.73467	7.49155	3.99548	7.00537	3.71531	8.62486	5.77137	6.26155	6.45787	5.21601	3.63001	7.9699	5.79556	3.77556	6.40257	7.72763	10.3824	1.45926	8.76798	1.12308	5.3496	4.38184	8.02892	6.03573	3.73324	2.33524	8.40026	3.94275	1.06582	4.65405	4.04725	8.6725	8.41252	3.43109	7.40674	2.4472	9.51728	9.82253	7.53403	9.53263	7.31395	7.99477	5.61899	3.00299	
6.15448	6.80717	0.859884	6.03394	4.3792	1.42847	3.04764	2.76728	7.94593	7.85323	5.13247	1.26413	2.33665	6.22398	4.34384	7.68256	4.83169	5.47184	7.47601	4.19985	8.86621	5.776	5.7136	8.55701	2.64501	6.91371	7.69073	6.22608	0.263448	2.84982	8.96472	7.21397	6.31637	8.7299	7.03491	5.65854	7.16362	1.39701	0.994738	7.59519	0.567114	8.93027	5.10246	5.27358	5.87495	5.90926	0.948602	3.34744	6.44204	4.9548	
2.34098	3.30282	7.21826	8.54965	6.11792	6.03683	7.39274	5.30413	1.5535	1.72701	6.86297	8.67837	5.31004	1.78543	8.96953	0.26272	6.43475	3.89939	0.520144	5.63131	1.52377	3.46107	6.57302	4.43392	6.57341	5.47987	0.225769	8.28742	7.71659	4.61595	2.69071	2.96035	3.88042	2.26868	4.41602	1.88116	1.25006	8.79379	7.33532	1.93342	6.90584	7.73017	5.85439	6.125	3.20206	5.41064	7.53081	9.58358	1.16161	4.37482	
6.23237	5.97581	3.7142	1.67178	2.37715	4.64808	1.59856	6.30388	8.05699	9.63221	2.01843	4.41274	4.20919	8.11688	0.742878	8.55823	2.23507	8.51377	8.73594	2.82735	9.96683	8.6001	9.75111	6.99631	6.89255	4.61041	8.63753	2.02483	4.47943	5.21632	8.56671	6.52736	9.30859	8.54187	5.43606	6.6931	7.52209	4.37322	5.49962	7.48504	4.43952	5.52568	8.97883	9.22355	8.56761	9.55049	3.5893	2.56854	7.90632	4.14998	
4.57852	4.21729	3.88536	1.82395	0.79853	4.30122	1.89293	5.70969	6.34539	8.17954	0.405512	5.07925	3.50269	6.7626	2.47057	6.94901	0.466501	7.50856	7.19668	1.32776	8.36	7.5094	9.15564	5.24526	6.60412	2.90669	7.03891	1.75662	4.78416	4.36999	6.80461	4.7696	8.2402	6.79339	3.66866	5.21159	5.85933	5.08794	5.5632	5.76048	4.43773	4.30317	8.32268	8.5973	7.43299	8.74439	3.91183	3.98439	6.45164	2.49627	
0.855448	2.138	5.51617	6.75226	4.2593	4.46809	5.51858	4.16368	2.08732	3.20102	5.05069	7.03109	3.60065	2.08191	7.08718	2.01506	4.60549	3.81993	2.17217	3.76218	3.40511	3.53762	6.37856	3.84831	5.51793	4.05931	2.07845	6.52163	6.11311	3.10255	3.21168	2.11451	4.19582	2.9125	3.1735	0.468143	1.29042	7.13661	5.91562	1.8549	5.3091	6.49936	5.54437	5.84572	3.33391	5.41105	5.81381	7.74164	1.53149	2.55565	
6.39644	7.6422	5.73133	10.1827	7.7135	4.49085	7.51107	2.79678	7.20506	4.9913	8.70404	6.32663	4.96183	4.07525	9.17671	6.11525	8.2422	1.95827	5.49994	7.24263	6.54413	2.41622	0.798388	9.43196	2.65648	9.09298	6.02779	10.1862	5.45711	4.06773	8.43394	7.69944	2.27173	8.03679	8.51877	5.12344	6.49459	6.46587	4.37618	7.26672	4.97998	11.5785	0.133577	0.269071	2.67628	0.853567	6.00856	8.55912	4.76634	6.92593	
0.165401	1.44101	5.58937	6.26177	3.86821	4.67576	5.31181	4.60899	1.9753	3.78748	4.57824	7.13454	3.71182	2.77782	6.7909	2.35234	4.15723	4.50318	2.67246	3.4055	3.76234	4.23415	7.02553	3.20481	5.96633	3.38096	2.44667	6.0012	6.26318	3.39747	2.92433	1.48195	4.898	2.70015	2.47071	1.15562	1.30572	7.23052	6.19042	1.55605	5.47739	5.80321	6.18063	6.48406	4.03418	6.08815	5.86746	7.6073	2.18926	2.10233	
2.16047	1.77045	4.73438	4.06054	1.87225	4.36243	3.66731	5.09414	3.85809	5.96613	2.40376	6.24995	3.28175	4.75202	4.86433	4.54738	2.02628	6.02653	4.88258	1.56457	5.94764	5.88882	8.20112	3.19692	6.32623	1.70663	4.64906	3.78874	5.5858	3.6147	4.35748	2.31613	6.61237	4.31827	1.61359	3.07407	3.40863	6.31109	5.92411	3.27163	4.93334	4.16669	7.33008	7.63134	5.74587	7.49546	4.92537	6.02915	4.2897	0.52381	
5.78702	4.77105	6.98429	2.49195	3.56349	7.30394	4.92383	8.53023	6.97255	9.66588	2.70592	8.13001	6.38354	8.58267	4.73206	8.03127	3.05184	9.85405	8.50455	3.93647	9.33822	9.73845	11.8667	4.60458	9.56551	2.58006	8.15403	2.05281	7.88226	7.08222	6.87655	5.21134	10.4652	7.05285	3.69727	6.8933	6.82735	8.12609	8.64439	6.36877	7.52131	1.60306	11.0045	11.2968	9.60108	11.2716	7.00482	6.6062	8.06619	4.26174	
2.16355	2.82744	3.52441	5.11464	2.49671	2.73189	3.43229	3.19467	4.03874	5.01049	3.44482	5.07532	1.69012	3.50184	5.065	4.12231	2.96392	4.30482	4.17794	1.96778	5.48982	4.25209	6.31808	4.65624	4.46328	3.61757	4.17607	4.98641	4.23318	1.73003	4.96948	3.19799	4.98636	4.76753	3.29745	2.11496	3.31205	5.16784	4.30114	3.61889	3.47056	6.06527	5.44887	5.74721	4.15714	5.68403	3.79794	5.62682	3.29122	1.4014	
4.94187	6.22472	6.1314	9.75428	7.15308	4.74724	7.45505	3.12707	5.41207	3.00681	8.13079	7.12611	4.77732	2.24393	9.19216	4.22377	7.65011	0.448383	3.57313	6.63534	4.56164	0.554583	2.62782	7.89555	3.78499	7.97112	4.12457	9.66877	6.14994	3.75375	6.62336	6.17531	0.427099	6.21187	7.21973	3.62846	4.76943	7.26514	5.26298	5.5635	5.47874	10.4668	2.0206	2.24476	0.789854	1.43891	6.45048	8.98484	2.9672	5.97509	
4.63234	5.77456	3.73992	7.90153	5.43088	2.38055	5.29584	0.700037	5.89136	4.71683	6.4203	4.7032	2.6876	3.2334	6.9993	5.12852	5.96068	2.00741	4.69486	4.96651	6.00957	2.34382	3.023	7.63269	1.70807	6.96508	5.0861	7.90071	3.72326	1.78587	7.09607	5.94401	2.84951	6.74868	6.51912	3.5283	5.09952	4.84174	2.88096	5.78265	3.06053	9.41774	2.17729	2.45762	2.47981	2.68513	4.05158	6.60714	3.7142	4.75467	
4.42899	4.72831	1.69749	3.88369	1.87574	2.01252	1.23272	3.57235	6.33754	7.22218	2.68868	3.14574	1.45506	5.62153	2.97209	6.47474	2.34488	5.78001	6.49297	1.72174	7.83008	5.89669	7.03759	6.31663	4.32241	4.45816	6.52495	3.96947	2.60068	2.47345	7.15975	5.21412	6.59045	7.01012	4.72503	4.44231	5.64502	3.19911	3.2597	5.86448	2.13899	6.42677	6.24457	6.49839	5.88594	6.79373	1.83303	3.27181	5.54975	2.72397	
5.05825	4.43509	4.92637	1.19266	1.72657	5.36833	2.83972	6.74646	6.66928	8.82783	0.737125	6.04594	4.5449	7.50539	2.87266	7.44398	1.20169	8.42419	7.7729	2.21681	8.84029	8.38996	10.1753	5.08598	7.66841	2.65173	7.54673	0.892577	5.81663	5.37212	6.9453	4.97431	9.12406	6.99919	3.64816	5.8815	6.29144	6.04277	6.62504	6.06197	5.49942	3.43824	9.33363	9.61313	8.29424	9.71682	4.93168	4.64625	7.12105	3.0835	
1.63022	1.69186	4.53159	4.6418	2.23176	3.9656	3.81013	4.51155	3.47343	5.31428	2.94613	6.08023	2.88534	4.05035	5.18946	3.99464	2.51598	5.31406	4.26955	1.79334	5.40539	5.17123	7.52862	3.41217	5.78683	2.35647	4.08599	4.40609	5.33231	3.0535	4.15165	2.17182	5.89425	4.04512	1.97929	2.3851	2.91863	6.15522	5.54257	2.92985	4.62313	4.84668	6.65755	6.9604	5.02756	6.79509	4.75974	6.15933	3.61564	0.45903	
6.14864	5.69278	4.55667	0.683156	2.36461	5.34216	2.36586	6.92214	7.87655	9.75926	1.62518	5.37199	4.74765	8.32258	1.63595	8.52625	2.01697	8.9471	8.78083	2.88614	9.93635	8.98435	10.3897	6.47755	7.63409	4.04586	8.61801	1.05442	5.36942	5.70743	8.25193	6.24226	9.70851	8.27492	4.99789	6.79178	7.42241	5.33885	6.33924	7.28119	5.24591	4.63394	9.58786	9.84677	8.92503	10.0921	4.46904	3.53334	8.03008	4.07494	
0.75	0.75