15	30
23.2974	12.4703
131.437	60.8922
77.6042	15.365
13.257	95.4064
67.2109	54.9207
35.3231	147.453
172.9	158.583
145.492	26.7204
34.3912	27.8549
90.5737	66.0548
89.3686	146.578
109.431	85.0079
58.936	32.9876
176.408	59.994
29.5875	117.589
29.2211
23.2787
23.3706
39.282
15.8931
41.0148
21.4137
27.8473
4.08139
24.7152
4.98594
14.36
11.4842
39.221
9.64584
10.8607
9.01634
21.1947
8.83935
8.04503
23.8366
15.8203
8.88609
26.1774
9.05071
26.8977
6.50409
18.5266
25.0443
5.42347
0.616097	0.202969	0.673599	0.22833	0.114052	0.0459512	0.445951	0.935679	0.39703	0.435847	0.801666	0.528248	0.391826	0.792624	0.148276	0.332297	0.781551	0.495014	0.545199	0.643661	0.878842	0.199051	0.726678	0.129262	0.382794	0.16836	0.566512	0.798409	0.181424	0.730289	
0.139338	0.820339	0.521754	0.826076	0.835772	0.695821	0.312782	0.694215	0.870561	0.996946	0.0844026	0.548625	0.357444	0.359247	0.574227	0.447959	0.195297	0.924391	1.05542	0.0855439	0.766739	0.87211	0.552747	0.746439	0.648213	0.866062	0.156436	0.132921	0.640486	0.481622	
0.815139	0.379457	0.542186	0.351988	0.58303	0.607674	0.657365	0.690395	0.173308	0.231447	1.03612	0.426082	0.789868	0.780708	0.604686	0.79102	1.10495	0.0765634	0.169519	0.871982	0.55934	0.715897	0.563709	0.439028	0.312552	0.668685	0.825826	0.950509	0.732461	0.625365	
0.40526	0.484372	0.646102	0.502944	0.410702	0.270554	0.302243	0.907188	0.631288	0.712372	0.537972	0.548723	0.113104	0.663233	0.188283	0.02323	0.484395	0.719624	0.808222	0.407682	0.900955	0.413357	0.699806	0.39755	0.498019	0.41679	0.330682	0.576331	0.175598	0.669916	
0.647664	0.586085	0.266956	0.564218	0.77223	0.731382	0.550176	0.346303	0.426956	0.548737	0.847669	0.252961	0.750592	0.506012	0.667387	0.791506	0.959609	0.383188	0.5136	0.708354	0.216127	0.897886	0.261804	0.599388	0.325931	0.856507	0.691286	0.729938	0.819545	0.337708	
0.302105	0.815601	0.698929	0.828757	0.772174	0.630173	0.387882	0.906858	0.918529	1.02584	0.253545	0.680101	0.278601	0.582192	0.52732	0.340122	0.129315	0.990928	1.10516	0.250317	0.959245	0.772458	0.739915	0.731419	0.724542	0.779048	0.23946	0.368782	0.535164	0.677921	
0.738564	0.456231	0.902064	0.48355	0.264302	0.239546	0.605769	1.16882	0.660103	0.674403	0.873697	0.769641	0.451175	0.974149	0.321244	0.359722	0.801098	0.758212	0.789434	0.74525	1.12859	0.157232	0.95673	0.396193	0.644545	0.197094	0.667486	0.913457	0.18138	0.946194	
0.948146	0.360813	0.723378	0.336853	0.538721	0.608458	0.776	0.886403	0.216283	0.12873	1.16955	0.591916	0.866615	0.954157	0.64464	0.847023	1.21705	0.175607	0.0316189	1.00078	0.75612	0.662801	0.750277	0.44315	0.440899	0.615565	0.944533	1.09972	0.74326	0.806737	
0.647351	0.326712	0.396073	0.302848	0.523188	0.509785	0.491743	0.585538	0.163647	0.296882	0.868307	0.264611	0.637361	0.625725	0.478773	0.64885	0.939004	0.153078	0.297139	0.704343	0.476206	0.653861	0.426671	0.355851	0.150562	0.609591	0.659439	0.784243	0.62047	0.479175	
0.588438	0.759252	0.200338	0.741523	0.923753	0.853928	0.556181	0.120509	0.630904	0.761999	0.750571	0.314355	0.775389	0.359834	0.764274	0.837992	0.889449	0.601614	0.736974	0.644802	0.0716952	1.03873	0.151351	0.752227	0.470919	1.00244	0.65354	0.614288	0.915047	0.213962	
0.39771	0.440585	0.188788	0.429435	0.57988	0.500444	0.269547	0.446207	0.383674	0.524157	0.615264	0.0401287	0.465437	0.378563	0.41104	0.509675	0.701968	0.409416	0.551005	0.457108	0.400736	0.6885	0.239284	0.414002	0.157843	0.654558	0.42417	0.524802	0.562917	0.259096	
0.361261	0.391184	0.262611	0.384921	0.508351	0.418224	0.205203	0.527346	0.378024	0.513106	0.583027	0.129783	0.382668	0.410123	0.322993	0.421672	0.651083	0.424394	0.558525	0.41692	0.490083	0.610113	0.316343	0.350496	0.148783	0.578746	0.371303	0.51138	0.474044	0.320569	
0.136115	0.79781	0.53244	0.804618	0.80597	0.665136	0.296371	0.716472	0.856268	0.980116	0.108671	0.548152	0.322122	0.384693	0.544725	0.411728	0.178818	0.913476	1.04213	0.0757577	0.78281	0.838753	0.566465	0.722111	0.637465	0.833905	0.131683	0.170551	0.605751	0.49772	
0.845743	0.21495	0.67652	0.192222	0.393376	0.462157	0.667465	0.875441	0.130594	0.0193024	1.06455	0.530094	0.735466	0.890377	0.504875	0.709151	1.09843	0.169591	0.132802	0.894632	0.760814	0.51992	0.712259	0.299142	0.356741	0.472363	0.832755	1.00785	0.597306	0.757805	
0.5074	0.262342	0.365369	0.249853	0.420277	0.369598	0.337128	0.609346	0.226771	0.36074	0.728791	0.209676	0.465634	0.552497	0.315965	0.47688	0.782969	0.283134	0.410379	0.560221	0.536249	0.540308	0.412187	0.24784	0.0359731	0.501283	0.506414	0.663161	0.464377	0.438797	
