10	20
135.312	119.978
30.1558	112.216
66.563	56.3398
119.014	120.36
45.3738	74.2317
67.4104	109.73
122.939	100.311
153.168	114.009
0.308702	51.2991
10.3356	33.0923
27.4731
28.1437
12.3348
24.2446
22.4858
17.655
6.60952
24.0762
18.5671
21.5524
6.22466
11.5797
31.529
12.8512
27.888
34.0009
32.8048
23.5394
30.4113
31.8127
0.209616	0.240395	0.824625	0.52089	0.451568	0.296385	0.0632088	0.485618	0.808763	0.559515	0.709296	0.84951	0.232785	0.712418	0.430597	0.514229	0.838907	0.118887	0.563838	0.431274	
0.77442	0.403446	0.218683	0.610162	0.70565	0.398902	0.589425	0.270091	0.264886	0.146626	0.372229	0.230344	0.413101	0.448002	0.235529	0.416912	0.469495	0.742549	0.28168	0.305301	
1.02129	0.643229	0.295665	0.871754	0.808981	0.585374	0.822446	0.534373	0.395808	0.304639	0.320357	0.0553906	0.653973	0.669192	0.496206	0.489266	0.646368	0.975777	0.534954	0.456664	
0.696138	0.343299	0.240938	0.497956	0.724488	0.387487	0.528291	0.160747	0.240119	0.210719	0.465657	0.334349	0.351117	0.347172	0.154941	0.467265	0.391089	0.677632	0.169353	0.329765	
0.616204	0.4621	0.501822	0.192159	0.962724	0.61571	0.567046	0.267363	0.413879	0.583007	0.845238	0.697734	0.459657	0.127998	0.367487	0.792676	0.265257	0.66314	0.221088	0.637731	
0.538586	0.377607	0.505091	0.157377	0.879697	0.535789	0.480275	0.209266	0.428645	0.530037	0.791367	0.678429	0.374631	0.187872	0.301294	0.722703	0.327745	0.579842	0.188578	0.567654	
0.131215	0.252318	0.800053	0.38015	0.60365	0.383585	0.124156	0.433736	0.765115	0.598064	0.791275	0.869211	0.241092	0.614878	0.412116	0.618401	0.750003	0.148454	0.500204	0.505401	
0.528381	0.160602	0.510219	0.550568	0.447494	0.102468	0.319397	0.285197	0.524979	0.202422	0.389059	0.494961	0.171906	0.559981	0.182429	0.260253	0.646059	0.470984	0.362264	0.110676	
0.547749	0.229591	0.603248	0.647799	0.333629	0.0595158	0.332228	0.401227	0.628941	0.257784	0.358601	0.548773	0.238876	0.676191	0.298743	0.176958	0.761554	0.469579	0.478605	0.0930748	
0.650271	0.544557	0.582145	0.195629	1.04734	0.704648	0.630489	0.364947	0.488365	0.681308	0.943535	0.788037	0.540918	0.184299	0.463809	0.888291	0.297327	0.710682	0.318682	0.733195	
