15	40
37.1092	85.1351
23.6161	95.0711
51.2099	18.1307
62.0443	78.1629
18.4998	118.231
25.7161	124.342
60.4351	13.2925
5.65558	52.3204
19.3858	133.362
0.010996	133.555
41.1283	77.6311
22.9221	28.259
41.5892	44.8847
1.73127	132.808
45.3043	113.534
9.14613
6.25124
10.4269
6.42714
3.61264
10.7874
9.40776
1.49528
2.56511
8.80364
11.051
11.7881
5.33975
2.76791
6.21628
6.64262
5.61995
10.3761
3.84436
11.222
5.01547
1.3655
10.4893
4.26465
5.51473
6.34652
7.85858
2.19677
0.953316
2.87462
5.81077
11.9206
11.3944
3.6482
4.99275
7.80932
3.48999
3.93607
1.48098
4.58971
0.667139	0.361735	0.475341	0.961542	0.473922	0.676863	0.729705	0.588504	0.752157	0.637293	0.330908	0.954803	0.494234	1.05579	0.526156	0.225245	0.639248	0.935232	0.399227	0.632419	0.673448	0.7381	0.452683	0.719011	0.273073	0.410813	0.109563	0.213926	0.659756	0.724933	0.580892	0.915057	0.156036	0.210517	0.127783	0.163261	0.533437	0.787749	0.253148	0.67158	
0.438583	0.332374	0.495031	0.3249	0.313994	0.537044	0.520735	0.134284	0.24929	0.426649	0.389	0.281513	0.186279	0.384601	0.491658	0.761058	0.14608	0.266289	0.278201	0.559028	0.498462	0.251154	0.387166	0.565932	0.665083	0.545237	0.657181	0.668418	0.498428	0.466142	0.384725	0.242374	0.798543	0.72557	0.571677	0.713269	0.172231	0.402344	0.427769	0.503199	
0.150103	0.258943	0.226281	0.607005	0.46831	0.757546	0.761391	0.174448	0.176992	0.131813	0.266045	0.466336	0.293209	0.623963	0.20634	0.757512	0.407862	0.523228	0.296057	0.760005	0.724739	0.160625	0.155357	0.27493	0.703341	0.659377	0.528686	0.680669	0.202983	0.714902	0.0876357	0.431759	0.74522	0.55358	0.467404	0.559981	0.345182	0.679113	0.363567	0.209237	
0.758099	0.539581	0.776451	0.261596	0.313721	0.30716	0.258686	0.437411	0.568746	0.743195	0.604376	0.4451	0.369547	0.408183	0.785401	0.777109	0.208054	0.323389	0.452017	0.356532	0.26851	0.572707	0.662367	0.885191	0.654212	0.475225	0.811762	0.68548	0.814667	0.201311	0.693908	0.424117	0.860284	0.90791	0.722152	0.880952	0.305858	0.090907	0.587392	0.820578	
0.57066	0.389468	0.360357	1.03434	0.602596	0.851254	0.896314	0.603458	0.72142	0.54358	0.33133	0.976087	0.5592	1.1041	0.409672	0.435362	0.725059	0.986515	0.463052	0.814117	0.841027	0.705458	0.390966	0.587467	0.485	0.601072	0.115211	0.427021	0.543739	0.881437	0.502171	0.937178	0.337022	0.00812712	0.190639	0.0522005	0.614094	0.923402	0.317656	0.554849	
0.913344	0.541444	0.802635	0.77292	0.332236	0.252259	0.320075	0.653166	0.853122	0.886084	0.57676	0.893682	0.502708	0.911522	0.840588	0.351607	0.514151	0.806026	0.482142	0.191563	0.274681	0.846738	0.714019	1.01582	0.235901	0.120676	0.584392	0.294533	0.941046	0.35051	0.820511	0.860257	0.474642	0.6978	0.524636	0.653247	0.479101	0.46376	0.482584	0.951612	
0.803019	0.535291	0.597591	1.14243	0.649827	0.826305	0.88414	0.763259	0.916728	0.774242	0.496341	1.13276	0.674846	1.23659	0.648606	0.276546	0.819982	1.11605	0.579128	0.776227	0.828203	0.901926	0.600742	0.834074	0.381025	0.553259	0.222807	0.323615	0.784406	0.885853	0.724364	1.09301	0.147649	0.245141	0.291511	0.211892	0.714515	0.957574	0.430239	0.795919	
1.0431	0.721045	0.993437	0.630767	0.440506	0.142117	0.136263	0.729854	0.904307	1.02125	0.775821	0.826446	0.60246	0.779273	1.01914	0.68486	0.511659	0.704471	0.636593	0.171256	0.169525	0.904014	0.88608	1.16322	0.563923	0.392253	0.872495	0.618901	1.08771	0.192081	0.960825	0.803764	0.80443	0.985173	0.796951	0.944961	0.548616	0.292247	0.708302	1.09624	
0.349423	0.162877	0.343515	0.494368	0.271006	0.557286	0.562145	0.0721861	0.268365	0.328055	0.216517	0.437069	0.093711	0.556271	0.35158	0.633343	0.22598	0.438906	0.133288	0.560683	0.524595	0.259436	0.230069	0.47088	0.555117	0.477778	0.489225	0.545759	0.396127	0.517158	0.269913	0.397375	0.652216	0.553319	0.406542	0.542549	0.14605	0.491558	0.266666	0.404022	
0.165906	0.282237	0.0448976	0.791675	0.556582	0.855626	0.87275	0.338987	0.359443	0.139613	0.243688	0.657455	0.40608	0.81511	0.0221891	0.713297	0.556184	0.71238	0.36088	0.845353	0.82836	0.343004	0.110938	0.209183	0.691133	0.699233	0.422679	0.653904	0.146551	0.833955	0.113725	0.623171	0.669275	0.412789	0.38991	0.432017	0.468687	0.820195	0.344722	0.158358	
0.498578	0.276104	0.500899	0.378544	0.18437	0.424291	0.418217	0.177868	0.356622	0.480071	0.340227	0.400086	0.101845	0.473483	0.510761	0.644458	0.069146	0.3532	0.197526	0.439421	0.38785	0.354282	0.38682	0.623437	0.542396	0.415741	0.581932	0.550533	0.550122	0.368546	0.425661	0.362573	0.693152	0.664614	0.49271	0.644989	0.0519705	0.332878	0.348344	0.557196	
0.584883	0.212573	0.444042	0.739529	0.248038	0.482336	0.526561	0.409429	0.598001	0.555473	0.225252	0.754867	0.287205	0.84115	0.486239	0.296226	0.416955	0.720818	0.204362	0.448364	0.471266	0.586557	0.369591	0.671732	0.232485	0.250701	0.261744	0.211286	0.600154	0.513268	0.490632	0.715553	0.326056	0.370556	0.179407	0.334438	0.3157	0.565542	0.122053	0.611497	
0.293518	0.22736	0.090133	0.828366	0.508226	0.802119	0.828511	0.37192	0.450714	0.265345	0.168449	0.728008	0.389051	0.873041	0.14121	0.591792	0.554974	0.761993	0.316994	0.783414	0.779524	0.434341	0.123587	0.333772	0.581194	0.614095	0.292413	0.539092	0.276299	0.79665	0.222203	0.690895	0.540986	0.287828	0.265073	0.303399	0.452964	0.801974	0.250118	0.288026	
0.698551	0.365617	0.516908	0.932861	0.432826	0.615482	0.670638	0.586098	0.761203	0.668462	0.346792	0.943668	0.477209	1.03458	0.56663	0.165662	0.610452	0.914151	0.387157	0.568834	0.614432	0.748022	0.480028	0.760217	0.201995	0.345863	0.174855	0.142996	0.697198	0.669384	0.608866	0.904095	0.137139	0.280808	0.162864	0.233792	0.509206	0.738957	0.254485	0.709033	
0.594856	0.275272	0.543216	0.486282	0.0298685	0.3133	0.328876	0.299941	0.496272	0.57141	0.335907	0.549628	0.155033	0.602621	0.566499	0.509897	0.173115	0.485665	0.186649	0.31225	0.284256	0.491276	0.433661	0.711914	0.398905	0.261219	0.514538	0.415359	0.636086	0.29413	0.50937	0.51332	0.575627	0.613556	0.425371	0.584566	0.118705	0.313265	0.29629	0.645025	
