25	25
89.6645	45.9212
67.7485	139.289
56.3899	26.7324
10.2381	94.3602
52.8181	95.7443
75.6999	22.4471
59.8978	84.6098
35.4035	88.1254
80.9952	103.3
50.782	145.316
57.8533	53.3098
78.1336	95.5658
19.1723	74.4555
63.4238	13.5056
43.4946	60.4547
73.832	82.2654
6.32741	136.375
21.7486	75.4293
89.7226	107.94
21.5413	155.651
43.2696	73.5117
13.6742	57.1184
60.5986	19.9662
48.1122	85.9984
26.7459	105.744
67.7551
73.7584
61.778
20.0176
68.0462
1.80389
0.67294
56.562
17.6256
73.362
3.4298
38.1704
0.205773
18.7837
54.287
15.5876
26.2353
60.5078
64.2262
37.6203
60.7271
52.2961
60.1106
14.5006
73.4984
0.284178	0.589786	0.483652	0.737584	0.929614	0.596382	0.762286	0.375791	0.748311	0.575768	0.494199	0.377934	0.85482	0.98636	0.244153	0.612424	0.406865	0.107341	0.73808	0.343369	0.469094	0.437385	0.561128	0.266295	0.321712	
0.333753	0.300251	0.404149	0.167008	0.487499	0.26307	0.37698	0.549995	0.452876	0.0380632	0.288355	0.357949	0.564666	0.452827	0.529083	0.586573	0.220065	0.534876	0.165483	0.453797	0.261444	0.488733	0.253262	0.328329	0.412784	
0.360369	0.42603	0.348207	0.195382	0.572177	0.16528	0.251367	0.526004	0.335106	0.162916	0.414236	0.473436	0.678724	0.357789	0.536226	0.510085	0.331529	0.573181	0.185636	0.565726	0.38557	0.447297	0.170525	0.414488	0.521639	
0.193394	0.53627	0.401807	0.655152	0.869928	0.50588	0.672341	0.320142	0.661702	0.494221	0.442068	0.338527	0.815175	0.89595	0.193272	0.54439	0.339182	0.0742248	0.654933	0.327948	0.412603	0.366995	0.470607	0.201492	0.295184	
0.802443	0.657851	0.761679	0.34199	0.532314	0.559364	0.492268	0.956372	0.604069	0.498272	0.708268	0.817559	0.75264	0.205918	0.979025	0.87685	0.697758	1.01391	0.33709	0.915947	0.699824	0.867391	0.583433	0.819303	0.882834	
0.423677	0.150874	0.548769	0.195772	0.355028	0.423756	0.532636	0.668832	0.613314	0.123069	0.178551	0.291512	0.40417	0.550153	0.621857	0.737396	0.198486	0.593532	0.205007	0.388686	0.171278	0.62213	0.411963	0.338711	0.36021	
0.33812	0.778278	0.131987	0.666482	1.02322	0.315615	0.393901	0.173634	0.311136	0.5683	0.713477	0.681095	1.07351	0.70197	0.295195	0.0802556	0.579366	0.426784	0.657618	0.726108	0.674968	0.0973771	0.302543	0.528597	0.679384	
0.28951	0.393447	0.310963	0.231968	0.584491	0.162899	0.292476	0.473062	0.35742	0.138317	0.367062	0.412132	0.665093	0.431637	0.471623	0.488269	0.269831	0.501496	0.225345	0.501337	0.334904	0.402411	0.152286	0.342474	0.455903	
0.430124	0.140857	0.558273	0.203476	0.348027	0.434526	0.543586	0.676537	0.62427	0.133923	0.172599	0.28817	0.393523	0.558892	0.627951	0.747244	0.200147	0.597484	0.213057	0.384789	0.167492	0.630832	0.422533	0.340664	0.357437	
0.412951	0.264434	0.488126	0.103498	0.404933	0.335057	0.426025	0.635059	0.513698	0.064412	0.280384	0.375899	0.500359	0.441674	0.610317	0.667834	0.25304	0.60744	0.107921	0.474396	0.263291	0.574023	0.330153	0.38051	0.438956	
0.421467	0.102433	0.567401	0.247891	0.359776	0.457365	0.575241	0.673517	0.651256	0.16153	0.128548	0.247569	0.376838	0.602345	0.61673	0.758741	0.174551	0.577112	0.257258	0.342978	0.1268	0.634014	0.442462	0.314156	0.317749	
0.433061	0.768508	0.20556	0.566027	0.948548	0.217593	0.20231	0.375652	0.099136	0.518296	0.726548	0.732492	1.04518	0.511267	0.475336	0.192333	0.603956	0.589373	0.554582	0.800155	0.690014	0.277843	0.231117	0.603364	0.751348	
0.251628	0.303862	0.483025	0.495729	0.643948	0.490078	0.654037	0.494755	0.68373	0.338807	0.208369	0.104573	0.578357	0.801697	0.39443	0.666479	0.139652	0.30935	0.499558	0.139534	0.18357	0.499591	0.458691	0.0610729	0.0910511	
0.767216	0.542143	0.771724	0.270544	0.384386	0.573459	0.549423	0.954094	0.663502	0.432005	0.604826	0.723355	0.607936	0.317745	0.956615	0.912496	0.618207	0.971594	0.271283	0.820001	0.60277	0.873783	0.590173	0.750385	0.792031	
0.347452	0.258198	0.438206	0.165716	0.454077	0.304645	0.418869	0.575094	0.495337	0.00563327	0.250898	0.329567	0.523157	0.479661	0.54549	0.623422	0.197267	0.54083	0.167556	0.426986	0.226466	0.518756	0.293477	0.317741	0.388237	
0.767956	0.429636	0.828726	0.289556	0.197467	0.647072	0.668101	0.989111	0.778398	0.419588	0.511192	0.638869	0.428932	0.490896	0.966154	0.993277	0.564124	0.9542	0.298384	0.728527	0.520621	0.922159	0.654309	0.704372	0.710002	
0.613912	0.501915	0.592956	0.165272	0.470949	0.392479	0.369145	0.7808	0.482703	0.311639	0.538393	0.639238	0.656202	0.205892	0.794502	0.729045	0.513282	0.824573	0.157143	0.737747	0.525091	0.69666	0.411522	0.630768	0.701939	
0.348427	0.736938	0.110187	0.582805	0.953151	0.223119	0.281224	0.265325	0.200073	0.5047	0.683187	0.671348	1.02513	0.590421	0.367238	0.123309	0.553372	0.48596	0.572819	0.729858	0.645257	0.167638	0.219347	0.530449	0.681474	
0.388556	0.107759	0.581232	0.378413	0.449664	0.516299	0.657077	0.647047	0.716987	0.257622	0.012147	0.117663	0.391921	0.725451	0.56684	0.774507	0.126042	0.500301	0.386507	0.208601	0.0314442	0.627578	0.493633	0.231301	0.188772	
0.618437	0.172556	0.810011	0.494878	0.354238	0.726059	0.849342	0.876335	0.923073	0.435521	0.2223	0.296251	0.190038	0.8515	0.789649	1.00354	0.356976	0.70821	0.506738	0.332773	0.260793	0.858664	0.707779	0.448556	0.347152	
0.421628	0.280294	0.65278	0.571569	0.610495	0.644077	0.801779	0.658383	0.842256	0.435799	0.204471	0.102936	0.48549	0.909881	0.548892	0.836737	0.245238	0.442728	0.578784	0.041358	0.210975	0.668913	0.615012	0.231311	0.080845	
0.607296	0.639218	0.512133	0.308769	0.660391	0.316726	0.218311	0.713251	0.329026	0.398313	0.65274	0.730162	0.833034	0.102783	0.75804	0.606837	0.59072	0.818955	0.296216	0.82536	0.630286	0.618103	0.34757	0.679902	0.78301	
0.638812	0.247376	0.744455	0.247717	0.147275	0.589781	0.656853	0.879775	0.756008	0.308869	0.333532	0.462248	0.296533	0.565303	0.837322	0.925522	0.405638	0.806873	0.26072	0.5485	0.347836	0.826376	0.587165	0.545471	0.533268	
0.491797	0.713048	0.316219	0.450675	0.836358	0.187847	0.0414423	0.513803	0.0776186	0.450098	0.691825	0.728031	0.964568	0.338971	0.589885	0.363885	0.588023	0.682741	0.437942	0.810005	0.659352	0.413641	0.220963	0.627106	0.7622	
0.298581	0.180945	0.486511	0.349842	0.504081	0.42936	0.577379	0.557052	0.630362	0.202863	0.102807	0.132504	0.477727	0.676744	0.484112	0.679767	0.0326894	0.431642	0.355163	0.229512	0.064301	0.533921	0.40469	0.165218	0.191795	
