15	30
8.09321	98.1444
168.15	83.6274
43.1314	37.3144
127.231	12.6281
102.153	16.9976
26.1869	108.836
126.629	117.02
126.792	16.2956
169.212	65.759
134.438	79.198
65.0274	55.5554
107.905	23.7471
6.89882	56.8522
71.2756	152.587
144.45	87.0851
19.9768
4.89101
13.2653
16.3939
17.6567
25.1257
1.28922
17.7871
2.00726
16.4362
2.67758
4.82409
20.6826
25.405
11.0583
0.0357479
13.213
21.5219
25.7051
30.3021
31.6676
24.9199
3.07486
26.2132
12.8409
13.6147
27.7538
24.3967
29.3371
21.7502
0.778533	0.245734	0.789805	0.530826	0.7458	0.440924	0.220893	0.505989	0.590159	0.238365	0.443773	0.601889	0.644559	0.378965	0.41079	0.420084	0.188096	0.460643	0.418699	0.773045	0.779302	0.0653848	0.50628	0.591617	0.11571	0.869585	0.374134	0.759832	0.616413	0.195011	
0.569885	0.464054	0.696789	0.199055	0.294126	0.421084	0.423528	0.682088	0.235776	0.62122	0.278461	0.130208	0.165247	0.324808	0.916577	0.340192	0.803974	0.19444	0.896976	0.715698	0.279846	0.582533	0.236876	0.328715	0.546357	0.254955	0.842572	0.666932	0.204715	0.459801	
0.137608	0.412268	0.241152	0.578216	0.23769	0.214853	0.500008	0.338558	0.221673	0.473197	0.594191	0.557572	0.60851	0.322553	0.697474	0.262053	0.8432	0.487025	0.662737	0.260381	0.735764	0.62584	0.599476	0.731024	0.627107	0.674861	0.619791	0.211004	0.251502	0.485825	
0.961743	0.534442	1.04576	0.292387	0.75801	0.664598	0.405752	0.875247	0.633059	0.662086	0.235583	0.367056	0.362759	0.520118	0.908024	0.580008	0.552481	0.347242	0.910112	1.04823	0.417661	0.446643	0.255954	0.195494	0.39483	0.580377	0.860163	1.0125	0.627689	0.455554	
0.447123	0.119776	0.459101	0.506307	0.478458	0.12873	0.247893	0.225729	0.342846	0.146183	0.46585	0.537019	0.592673	0.185178	0.420473	0.170577	0.517536	0.400918	0.395866	0.445964	0.741676	0.317793	0.505528	0.635716	0.335387	0.761376	0.343037	0.428186	0.380663	0.206911	
0.454227	0.0914605	0.478703	0.465725	0.458885	0.118998	0.214572	0.263825	0.317075	0.165961	0.425738	0.497149	0.552685	0.146463	0.451607	0.139236	0.511365	0.360402	0.428969	0.468546	0.701753	0.301095	0.464973	0.595389	0.312999	0.724427	0.375303	0.44691	0.353457	0.178144	
0.412736	0.174746	0.482359	0.359444	0.333452	0.108307	0.22821	0.36376	0.181224	0.307708	0.345017	0.373778	0.43005	0.0467557	0.596467	0.016524	0.600371	0.254203	0.5735	0.484663	0.577085	0.371212	0.368397	0.503823	0.362385	0.584262	0.520038	0.449077	0.213957	0.224814	
0.809399	0.649106	0.939624	0.241139	0.517974	0.650786	0.569473	0.911953	0.479264	0.810663	0.330523	0.182235	0.130003	0.532546	1.10457	0.56303	0.898272	0.32825	1.09066	0.959095	0.0413877	0.706474	0.266964	0.240855	0.659447	0.148376	1.03574	0.910063	0.44761	0.617598	
0.4096	0.131013	0.450765	0.436821	0.396367	0.067293	0.232491	0.281937	0.255167	0.22826	0.408868	0.459064	0.515225	0.107527	0.509921	0.0811508	0.56345	0.330493	0.485497	0.445665	0.663379	0.344767	0.440942	0.574711	0.348971	0.67465	0.432637	0.417995	0.29217	0.208263	
0.542087	0.500115	0.676032	0.260661	0.25124	0.433296	0.471742	0.690639	0.226411	0.653082	0.34029	0.188054	0.214857	0.354844	0.946388	0.360239	0.857206	0.252553	0.924664	0.697995	0.307947	0.63271	0.298701	0.385431	0.598865	0.243605	0.870842	0.647574	0.189267	0.504393	
0.07827	0.461468	0.178931	0.644004	0.280953	0.264073	0.556625	0.336079	0.285774	0.505435	0.659574	0.622408	0.672842	0.382967	0.708009	0.321709	0.887413	0.552735	0.671339	0.202464	0.7981	0.675425	0.665298	0.796822	0.680029	0.730762	0.63205	0.150778	0.313635	0.538874	
0.40872	0.15176	0.467021	0.391262	0.358119	0.0818132	0.225932	0.328891	0.210413	0.273801	0.370572	0.409261	0.465515	0.0643756	0.56022	0.0302761	0.583777	0.28525	0.536677	0.466374	0.613102	0.357895	0.398009	0.532919	0.354324	0.622053	0.483437	0.433802	0.245494	0.213719	
0.313344	0.227994	0.365831	0.474808	0.325954	0.0309183	0.323249	0.26797	0.207642	0.303882	0.46474	0.480286	0.5361	0.162278	0.563114	0.103294	0.659362	0.371161	0.533775	0.365959	0.679602	0.441779	0.486197	0.621756	0.444976	0.664914	0.484263	0.3326	0.248054	0.303798	
1.08119	0.554715	1.12438	0.557975	0.956869	0.742527	0.446671	0.871497	0.80715	0.60925	0.467566	0.642836	0.657357	0.625541	0.762904	0.684543	0.307974	0.558154	0.779282	1.1146	0.739752	0.36045	0.519588	0.514165	0.334597	0.890056	0.741116	1.09221	0.817289	0.469485	
0.319253	0.356407	0.436938	0.389899	0.151603	0.213136	0.395786	0.452334	0.025876	0.477268	0.419539	0.362753	0.412933	0.216281	0.752202	0.179057	0.779631	0.308341	0.72443	0.45464	0.540734	0.548698	0.41498	0.542356	0.534116	0.49258	0.673682	0.406466	0.0610497	0.402255	
