10	20
7.98702	124.037
145.782	14.0741
81.6525	24.9923
109.734	31.315
61.6929	51.1404
102.27	130.262
176.37	81.2132
48.1424	153.064
172.375	75.861
51.5659	110.977
15.3189
32.521
17.4952
32.0511
29.3986
17.8957
29.0244
16.0029
9.16131
12.7432
7.48859
19.751
23.2742
13.0555
8.79474
24.5974
28.7459
26.4465
25.1306
9.57123
0.237952	0.345662	0.419436	0.540042	0.536598	0.258312	0.555104	0.429694	0.538382	0.586908	0.636991	0.189059	0.319656	0.730587	0.848053	0.545388	0.810638	0.415506	0.753185	0.174351	
0.673913	0.77473	0.837275	0.69094	0.444962	0.938331	0.703933	0.628073	0.310478	0.261306	0.366701	0.738339	0.578385	0.315104	0.159233	0.303332	0.892057	0.509141	0.226629	0.923975	
0.413409	0.494418	0.55471	0.414831	0.407089	0.668203	0.429374	0.345455	0.135317	0.156841	0.396298	0.557408	0.423757	0.147702	0.23107	0.171976	0.648545	0.397911	0.356497	0.664935	
0.24786	0.373048	0.451847	0.377773	0.328765	0.514634	0.396252	0.262117	0.123339	0.184099	0.36826	0.377628	0.26205	0.313967	0.412362	0.153577	0.661497	0.268606	0.404529	0.497466	
0.869552	0.844204	0.846743	0.643562	0.947139	1.05076	0.640647	0.697327	0.687964	0.692093	0.907366	1.09197	0.973873	0.407539	0.434162	0.71942	0.620452	0.951743	0.800547	1.08701	
0.541132	0.680946	0.759443	0.66187	0.216978	0.808251	0.678711	0.562565	0.191082	0.132289	0.148147	0.534853	0.37145	0.393961	0.33456	0.154544	0.917482	0.290841	0.0964995	0.77579	
0.711059	0.697065	0.708542	0.506041	0.797558	0.903046	0.506037	0.545156	0.532357	0.541648	0.766116	0.93037	0.81387	0.249704	0.316108	0.566042	0.543558	0.795086	0.673125	0.934337	
0.606928	0.531537	0.514185	0.31874	0.8545	0.733377	0.310354	0.411728	0.581024	0.61601	0.855844	0.877964	0.801474	0.346429	0.505462	0.623529	0.280758	0.813919	0.805811	0.78442	
0.404756	0.530838	0.606337	0.505691	0.264298	0.672706	0.52272	0.406662	0.0365024	0.0250305	0.257169	0.468041	0.315841	0.287595	0.307711	0.0325958	0.767119	0.269557	0.25183	0.650372	
0.407635	0.230647	0.141904	0.223401	0.86921	0.341067	0.214113	0.299692	0.671051	0.730772	0.926092	0.688832	0.707274	0.627596	0.813307	0.709482	0.293608	0.772431	0.957803	0.422564	
