10	30
152.028	150.406
164.776	119.737
156.878	12.5333
96.7589	128.193
7.56145	74.191
145.159	125.079
91.0368	36.9881
90.4114	155.386
3.65584	108.922
129.804	79.4868
19.913
16.0427
15.3978
36.4715
17.094
6.23244
2.39007
18.346
36.8306
15.2898
24.3611
19.2541
19.7178
8.71132
9.54827
13.9843
19.4403
15.5004
2.84629
7.12141
24.9259
10.0722
16.6973
3.15615
29.6282
11.5847
9.51038
22.1563
9.55914
33.6776
0.713288	0.182294	0.323563	0.524748	0.257363	0.189238	0.52091	0.725421	0.568187	0.499149	0.333402	0.265055	0.539907	0.151542	0.685833	0.220387	0.51689	0.669178	0.269313	0.82793	0.611649	0.156274	0.622755	0.198065	0.549708	0.347076	0.502116	0.581441	0.354667	0.153024	
0.603256	0.502193	0.570799	0.902115	0.418346	0.539424	0.187818	0.480094	0.307893	0.473374	0.587857	0.889753	0.574462	0.749654	0.0554566	0.725309	0.193283	0.76539	0.860789	0.95833	0.506027	0.778914	0.306556	0.665539	0.141951	0.607462	0.64365	0.0937973	1.02913	0.778051	
0.238451	0.671721	0.452525	0.381481	0.699198	0.610007	0.668636	0.38341	1.00282	0.376866	1.01163	0.710718	1.15957	0.664488	0.781843	0.977544	0.848096	0.0947701	0.654048	0.139364	0.318228	0.914791	0.52104	0.938446	0.825331	1.03359	0.267833	0.774656	0.932687	0.695572	
0.165697	0.544422	0.418371	0.625652	0.517322	0.51994	0.346022	0.0282363	0.696799	0.220446	0.827735	0.799004	0.914652	0.688625	0.40235	0.872895	0.536618	0.374679	0.749001	0.543124	0.133589	0.861099	0.154932	0.818103	0.497705	0.851163	0.341536	0.42951	1.00351	0.724823	
0.152886	0.540149	0.409479	0.612586	0.515185	0.514033	0.350597	0.0244942	0.702009	0.21172	0.82725	0.789318	0.91718	0.680174	0.412059	0.869384	0.541609	0.360945	0.738982	0.530007	0.121217	0.855749	0.161188	0.814999	0.503595	0.850687	0.328936	0.436365	0.994818	0.716396	
0.396229	0.423952	0.413503	0.722324	0.361733	0.434264	0.111185	0.281761	0.447715	0.276516	0.629721	0.774581	0.68222	0.641062	0.167528	0.718277	0.289916	0.559197	0.736075	0.750626	0.297738	0.73921	0.100424	0.658831	0.24671	0.652438	0.449172	0.176128	0.945998	0.674204	
0.722121	0.157013	0.37909	0.664743	0.156484	0.22354	0.405489	0.695485	0.37864	0.496192	0.184718	0.45529	0.368652	0.329607	0.548111	0.209664	0.348234	0.736159	0.453551	0.917138	0.606831	0.254308	0.554087	0.150176	0.389459	0.205741	0.561419	0.43695	0.528777	0.339954	
0.378591	0.709802	0.630858	0.860284	0.659458	0.70333	0.416451	0.242083	0.720155	0.438073	0.935546	1.0135	0.974236	0.893097	0.365214	1.02	0.575421	0.5985	0.966577	0.746823	0.367608	1.03069	0.265153	0.961275	0.524713	0.958149	0.575526	0.447649	1.2076	0.92866	
0.674822	0.108272	0.301295	0.5585	0.170069	0.146056	0.436544	0.670581	0.481226	0.452676	0.28376	0.346315	0.479295	0.216877	0.59787	0.229523	0.425386	0.659092	0.341303	0.831143	0.566069	0.213606	0.552731	0.185288	0.45847	0.301696	0.486043	0.491976	0.445608	0.229443	
0.230827	0.567441	0.463711	0.689425	0.530409	0.550825	0.328499	0.0859979	0.672275	0.26785	0.830868	0.846453	0.902634	0.730535	0.356539	0.890578	0.514277	0.442265	0.798132	0.608591	0.196288	0.887692	0.138143	0.834016	0.471126	0.854157	0.403606	0.398669	1.04584	0.766505	
