10	30
77.8812	99.6521
5.00013	116.311
145.797	132.244
55.0211	102.785
59.3234	145.776
110.908	45.3801
50.9341	153.052
88.2643	66.5842
109.241	92.4888
55.19	112.276
11.0538
10.2457
16.952
16.4069
15.625
3.95793
12.56
20.6824
17.9692
29.4613
14.5502
14.4168
21.6866
7.51616
31.6198
11.6948
6.87416
29.7171
3.12918
22.2494
20.516
15.8105
28.0428
12.7515
22.821
31.1914
23.8469
22.665
20.5129
16.7478
0.175239	0.67042	0.30593	0.635985	0.172533	0.534073	0.299695	0.63695	0.332281	0.427357	0.356384	0.216344	0.418715	0.438242	0.257816	0.203531	0.251866	0.615978	0.395322	0.299111	0.629818	0.390075	0.612859	0.546305	0.516801	0.413416	0.776635	0.269208	0.34043	0.329095	
0.309316	0.780846	0.414508	0.779497	0.333219	0.688778	0.245841	0.793212	0.221618	0.564264	0.331844	0.197519	0.485446	0.5091	0.176796	0.291744	0.247729	0.593527	0.420787	0.435873	0.768127	0.270298	0.766669	0.632528	0.677458	0.565144	0.911305	0.370117	0.419066	0.430053	
0.675982	0.0878844	0.363637	0.159144	0.544226	0.618252	0.674894	0.635552	0.982991	0.720844	0.615627	0.862265	0.366254	0.343607	0.910949	0.488182	0.886583	0.65058	0.489571	0.684175	0.111878	1.03897	0.277324	0.237822	0.442941	0.307312	0.156611	0.777234	0.387228	0.804838	
0.200114	0.898295	0.585957	0.769786	0.326841	0.413816	0.645231	0.513149	0.420486	0.225617	0.706457	0.269359	0.731009	0.744994	0.351818	0.526748	0.232287	0.964897	0.735119	0.17312	0.785339	0.467739	0.692508	0.8259	0.515841	0.547507	0.929875	0.08553	0.650068	0.0483147	
0.72984	0.587563	0.437268	0.755598	0.64375	0.979295	0.297861	1.05712	0.74267	0.948948	0.215793	0.735643	0.309198	0.322453	0.718111	0.413856	0.7842	0.0502404	0.213353	0.834569	0.715858	0.773155	0.824507	0.408022	0.867054	0.671539	0.800423	0.8359	0.351579	0.894031	
0.471773	0.292122	0.267379	0.148858	0.347434	0.403773	0.600987	0.439039	0.818612	0.495852	0.570569	0.679968	0.365121	0.353968	0.740453	0.37523	0.696807	0.695289	0.47369	0.464012	0.152515	0.877097	0.154507	0.324495	0.236192	0.0870939	0.300661	0.564635	0.336324	0.586899	
0.750558	0.67119	0.49345	0.831066	0.676996	1.02622	0.290326	1.10881	0.716756	0.981421	0.227834	0.728979	0.379625	0.395703	0.701548	0.450684	0.778719	0.111968	0.270181	0.862189	0.792779	0.741509	0.894303	0.489831	0.924143	0.732217	0.88231	0.85134	0.410739	0.910963	
0.556952	0.306732	0.176032	0.440883	0.435727	0.707129	0.350733	0.771465	0.738879	0.720286	0.27763	0.6618	0.0321652	0.0122381	0.682787	0.245468	0.700488	0.333183	0.146163	0.628308	0.40278	0.787418	0.510009	0.1261	0.572357	0.373273	0.501703	0.671761	0.109216	0.720282	
0.740977	0.62287	0.462245	0.7883	0.659853	1.00124	0.295545	1.08098	0.734539	0.965104	0.220559	0.735516	0.339592	0.353993	0.713842	0.430822	0.784639	0.0670774	0.237563	0.848654	0.749058	0.762664	0.855176	0.442758	0.89291	0.698644	0.835263	0.845024	0.377527	0.903831	
0.434036	0.896104	0.535965	0.911764	0.470447	0.819726	0.289314	0.925162	0.17933	0.683831	0.382837	0.260348	0.58324	0.608204	0.192561	0.411372	0.305977	0.622706	0.497542	0.557827	0.898035	0.20072	0.903158	0.736513	0.814872	0.701275	1.03875	0.475292	0.5265	0.531777	
