25	25
74.3669	57.2944
20.5134	13.7985
31.5192	82.084
85.115	87.7416
76.7707	155.121
69.6562	49.5454
4.46799	125.201
66.514	89.5042
54.6423	69.8586
77.6369	119.65
47.0175	30.3621
66.2247	112.988
26.6035	81.8069
35.6573	157.079
41.5162	117.942
30.3743	18.4162
26.646	108.338
43.4103	70.0942
24.2613	68.8468
32.1958	88.45
68.506	92.6331
1.26738	106.001
11.7354	95.5815
26.3526	146.716
44.3917	59.0589
63.0184
2.10831
42.2515
33.5537
31.8439
71.0206
12.2646
40.6025
25.9082
30.2585
34.1726
23.6621
62.0366
56.0967
64.7746
57.5805
70.53
65.0004
69.793
60.3186
63.0019
7.02116
32.7139
37.0442
45.479
0.240929	0.530748	0.710074	0.510128	0.617669	1.0502	0.650238	0.814013	0.452219	0.815943	0.227339	0.100678	0.567643	0.0974813	0.632426	0.292049	0.37763	0.731975	0.793742	0.452999	0.31139	0.731131	0.128858	0.828771	0.364686	
0.530902	0.543362	0.883927	0.771416	0.672153	0.491825	0.860241	0.397848	0.230207	0.16189	0.670262	0.710661	0.895557	0.763759	0.871675	0.460118	0.820072	0.17054	0.382976	0.321418	0.382689	0.212883	0.793418	0.211054	0.679681	
0.865687	0.593729	0.873584	0.843084	0.672165	0.120218	0.876267	0.226082	0.556583	0.403088	0.865746	0.954374	0.963348	1.0512	0.899979	0.677911	0.963549	0.234869	0.708934	0.685787	0.647867	0.226491	1.08271	0.468503	0.814611	
0.850148	0.503065	0.765354	0.747985	0.569057	0.141961	0.771426	0.122981	0.550302	0.474558	0.798593	0.89919	0.86529	1.00952	0.796559	0.625046	0.880721	0.240631	0.771332	0.695965	0.612027	0.211046	1.04118	0.542131	0.733611	
0.75916	0.16329	0.228214	0.249865	0.0542304	0.666008	0.233253	0.419979	0.611605	0.827995	0.455552	0.597512	0.344228	0.755841	0.260673	0.432103	0.432072	0.559939	1.02757	0.764023	0.512488	0.519007	0.782914	0.885256	0.325884	
0.485815	0.20018	0.541647	0.427133	0.334788	0.556634	0.514717	0.31295	0.267286	0.507131	0.388917	0.482783	0.552145	0.59829	0.525412	0.209773	0.502204	0.286602	0.679455	0.427082	0.222588	0.265084	0.629838	0.556569	0.353901	
0.669597	0.272741	0.572043	0.52271	0.361588	0.377899	0.566137	0.120818	0.404706	0.501709	0.564553	0.671528	0.644233	0.79259	0.58707	0.403286	0.645744	0.221527	0.745759	0.567301	0.411834	0.177331	0.824077	0.56451	0.497977	
0.561678	0.841481	1.18092	1.03917	0.977121	0.776466	1.14798	0.731899	0.407279	0.257297	0.86584	0.852427	1.15657	0.840376	1.15349	0.674517	1.0397	0.502762	0.0500977	0.333703	0.572122	0.547348	0.863239	0.197538	0.919655	
0.538659	0.790129	1.13018	0.991216	0.925392	0.730292	1.09815	0.679012	0.361403	0.21404	0.825232	0.818378	1.10962	0.815101	1.10428	0.630237	0.997163	0.449943	0.100679	0.30383	0.529089	0.494284	0.839174	0.160754	0.874298	
0.784774	0.361424	0.146039	0.126235	0.272319	0.972407	0.0917936	0.718632	0.759158	1.05521	0.384066	0.509367	0.0514706	0.667881	0.0577043	0.503372	0.24172	0.816654	1.19506	0.878647	0.607409	0.782591	0.686075	1.10293	0.265363	
0.609169	0.0258909	0.355059	0.274796	0.145069	0.61676	0.334591	0.355086	0.449037	0.686499	0.364573	0.495879	0.397539	0.643323	0.350239	0.284304	0.407229	0.43515	0.869095	0.601361	0.354548	0.400164	0.672752	0.739918	0.265853	
0.28159	0.605533	0.761799	0.562412	0.685222	1.13212	0.70048	0.8959	0.525997	0.886373	0.285062	0.142755	0.605964	0.0203479	0.679879	0.373673	0.410513	0.812353	0.844294	0.510616	0.391757	0.812351	0.0481638	0.895703	0.423229	
0.509675	0.788569	1.12711	0.983261	0.924687	0.757244	1.09331	0.695398	0.35082	0.245025	0.80855	0.796198	1.10019	0.787444	1.09833	0.617481	0.982429	0.467065	0.08958	0.278376	0.514927	0.510394	0.8109	0.195326	0.862803	
0.130813	0.724693	0.992781	0.801338	0.847083	1.04703	0.939393	0.868219	0.381466	0.65462	0.534867	0.444913	0.884736	0.359107	0.929146	0.453868	0.709219	0.700863	0.517033	0.256136	0.380517	0.721778	0.372605	0.639485	0.651684	
0.610362	0.286992	0.281071	0.0862044	0.270311	0.929389	0.219205	0.667709	0.609291	0.931058	0.209449	0.340109	0.147036	0.501703	0.19895	0.343561	0.108761	0.718746	1.04271	0.716202	0.447944	0.691459	0.522383	0.972741	0.0974357	
0.902334	0.527337	0.7696	0.766751	0.581186	0.119063	0.780208	0.150005	0.604732	0.52669	0.834702	0.940059	0.880866	1.05483	0.806907	0.668013	0.907879	0.297198	0.825722	0.751816	0.660394	0.266706	1.08647	0.594	0.762602	
0.876033	0.471656	0.708417	0.70821	0.521027	0.179981	0.719358	0.104529	0.586279	0.547374	0.786042	0.895753	0.821261	1.01571	0.746261	0.626945	0.852876	0.295605	0.839036	0.739176	0.627187	0.258274	1.04728	0.615114	0.708906	
0.264654	0.356679	0.66322	0.495844	0.488052	0.736088	0.619456	0.51788	0.155547	0.516003	0.315382	0.343533	0.606489	0.414979	0.618387	0.119237	0.484089	0.40891	0.58058	0.258595	0.0163384	0.410988	0.446269	0.542244	0.365441	
0.457973	0.815606	1.14799	0.992121	0.952755	0.844417	1.1098	0.763605	0.364085	0.339627	0.794112	0.764789	1.10433	0.737436	1.11185	0.616939	0.972335	0.538866	0.106996	0.249367	0.512419	0.579748	0.758477	0.292626	0.862858	
0.892871	0.601066	0.871746	0.848819	0.673617	0.0877016	0.876785	0.226084	0.584617	0.435625	0.881638	0.973629	0.967733	1.07371	0.901386	0.697296	0.97443	0.26261	0.741676	0.716164	0.670997	0.250491	1.10529	0.500822	0.825991	
0.467466	0.261913	0.402355	0.204941	0.314728	0.881184	0.345081	0.621787	0.476021	0.814544	0.0887582	0.231846	0.29225	0.393372	0.332118	0.2066	0.165408	0.628701	0.904986	0.573605	0.309062	0.608413	0.418753	0.85107	0.0546873	
0.913336	0.450834	0.649592	0.67182	0.476958	0.24841	0.666918	0.147095	0.637179	0.632397	0.78169	0.900688	0.778252	1.0305	0.695881	0.641501	0.829615	0.369457	0.918601	0.795464	0.656132	0.327854	1.06172	0.700092	0.691187	
0.544611	0.153824	0.492895	0.3973	0.281551	0.536559	0.471219	0.28137	0.331728	0.548805	0.404216	0.512029	0.522517	0.638367	0.485084	0.249722	0.495809	0.304996	0.737574	0.492072	0.280333	0.27487	0.66959	0.602094	0.34649	
0.62048	0.362432	0.685382	0.611711	0.47177	0.361101	0.673049	0.169753	0.325812	0.374142	0.599055	0.684999	0.736397	0.785223	0.690753	0.408535	0.709	0.0968853	0.623828	0.480034	0.384104	0.0590025	0.816847	0.436874	0.559707	
0.646232	0.668672	1.00568	0.903975	0.792046	0.472902	0.986088	0.456862	0.361273	0.0488652	0.810035	0.84768	1.02881	0.892835	0.999532	0.599902	0.95904	0.238129	0.353663	0.418081	0.520806	0.283975	0.921711	0.116545	0.81747	
