10	20
96.4676	105.133
139.396	123.962
166.23	17.8312
27.3582	25.3937
39.1183	73.1281
146.535	61.0164
163.534	105.165
110.891	63.9418
126.188	136.661
34.1668	126.841
14.13
7.93942
16.4039
3.54952
9.59889
13.0555
4.88504
2.68242
10.336
15.3883
0.522908
1.13684
4.06587
12.5832
11.1899
10.5643
15.1601
3.54678
3.41033
7.66547
0.313833	0.378585	0.483645	0.789062	0.226053	0.633946	0.366953	0.555803	0.157546	0.342216	0.132254	0.167716	0.257393	0.0212854	0.264246	0.245	0.146288	0.27879	0.344007	0.426529	
0.179122	0.632905	0.12104	0.656778	0.6738	0.585447	0.593735	0.537831	0.294126	0.345486	0.580197	0.590206	0.231162	0.468355	0.346182	0.64115	0.387913	0.557779	0.448736	0.300535	
0.485782	0.228872	0.560496	0.360666	0.653897	0.195345	0.206834	0.155205	0.519583	0.305312	0.565792	0.491407	0.465085	0.560254	0.343205	0.44466	0.417142	0.29345	0.223951	0.350327	
0.652899	0.276955	0.812029	0.846952	0.335929	0.674321	0.317189	0.609009	0.550226	0.54832	0.331651	0.268021	0.596453	0.427724	0.501786	0.192999	0.439412	0.290546	0.458555	0.652207	
0.705399	0.252801	0.840521	0.736869	0.532001	0.57621	0.294828	0.528477	0.646121	0.557128	0.500442	0.421577	0.657764	0.571167	0.538514	0.33802	0.522378	0.331313	0.451603	0.64821	
0.869902	0.415704	0.997617	0.824816	0.683403	0.680893	0.454878	0.647518	0.816534	0.71372	0.663369	0.587101	0.824336	0.739847	0.70232	0.503404	0.692527	0.50039	0.607156	0.798331	
0.280516	0.475977	0.436035	0.818767	0.309016	0.677146	0.457864	0.601807	0.127283	0.368836	0.234703	0.281589	0.236603	0.122866	0.29696	0.359245	0.202367	0.375542	0.40135	0.431453	
0.773409	0.658059	0.941446	1.19845	0.247603	1.02849	0.677667	0.951091	0.61411	0.780311	0.353815	0.404775	0.717502	0.438884	0.704527	0.43957	0.587016	0.596776	0.744034	0.876089	
0.510831	0.281648	0.570744	0.316531	0.705949	0.160638	0.259459	0.141479	0.557343	0.331804	0.616745	0.543208	0.49537	0.607463	0.378037	0.497439	0.460106	0.345143	0.261696	0.362472	
0.553212	0.124527	0.669206	0.546292	0.545237	0.381082	0.145588	0.331097	0.531008	0.386731	0.477559	0.395092	0.514446	0.509614	0.387256	0.32624	0.409046	0.224864	0.280715	0.467066	
