25	25
73.0426	14.2858
15.5592	17.0016
46.7706	159.248
80.533	129.467
51.4404	18.7301
57.5474	14.4336
3.99511	136.024
69.6543	144.496
55.3265	22.2001
18.3262	37.2389
78.181	84.45
62.2155	53.4715
39.6909	81.5782
12.3883	27.6524
25.5082	59.4322
15.0971	60.2225
49.3312	10.3121
19.9883	19.8103
69.4592	14.2151
80.7284	107.872
48.6097	118.812
15.316	18.5455
6.37599	82.1309
68.2042	20.1125
30.2519	17.6329
0.920153
20.1191
3.22347
0.0728583
20.0758
16.2065
3.67453
12.1617
21.9167
15.6391
12.4448
18.4604
2.13928
24.939
3.01983
12.6946
1.24052
12.7732
10.0303
25.2715
20.6506
5.09506
16.3884
11.2385
3.47916
0.46656	0.189414	0.705815	0.587132	0.695698	0.568656	0.662021	0.901463	0.565218	0.419138	0.437735	0.768689	0.694446	0.565911	0.189791	0.215355	0.625179	0.130949	1.05291	0.248445	0.496045	0.534284	0.379665	0.521982	0.376098	
0.207759	0.441651	0.435183	0.484503	0.172891	0.551133	0.128027	0.481943	0.749569	0.767009	0.760696	0.235372	0.146993	0.618139	0.45444	0.416068	0.161732	0.431799	0.549963	0.709938	0.29319	0.39489	0.217523	0.190183	0.792499	
1.03123	0.743094	0.473327	0.402898	0.831711	0.367557	0.972855	0.64682	0.404181	0.624589	0.591027	0.869795	0.914282	0.350617	0.737039	0.728648	0.753703	0.827788	0.87409	0.791239	1.12037	0.493778	0.967073	0.689986	0.722522	
0.468786	0.268686	0.251067	0.165394	0.385186	0.208435	0.467203	0.467306	0.405896	0.469601	0.454001	0.453337	0.439435	0.269848	0.272388	0.24041	0.289684	0.330447	0.657739	0.487665	0.55649	0.0845722	0.402053	0.174601	0.524172	
0.916216	0.572565	0.460701	0.318665	0.789192	0.245169	0.906226	0.687473	0.197072	0.417383	0.383823	0.841691	0.862202	0.189118	0.564363	0.563388	0.699479	0.65839	0.920792	0.588159	1.00058	0.403109	0.841093	0.609269	0.515324	
0.448898	0.242589	0.749537	0.64008	0.710468	0.62657	0.661417	0.934897	0.630266	0.481993	0.501505	0.78195	0.701154	0.627363	0.245279	0.265349	0.646297	0.170192	1.07552	0.304823	0.466937	0.582133	0.367978	0.550174	0.434189	
0.383042	0.113228	0.420014	0.323639	0.451592	0.334311	0.473556	0.616538	0.44636	0.423616	0.420188	0.525841	0.476481	0.365427	0.122353	0.0828918	0.366467	0.159529	0.782087	0.37397	0.458271	0.2552	0.297343	0.250316	0.447281	
0.617629	0.285696	0.797697	0.655257	0.832652	0.617178	0.809684	1.01202	0.548918	0.358814	0.385933	0.906551	0.837871	0.59426	0.279074	0.316028	0.756245	0.262217	1.17894	0.162627	0.644301	0.61976	0.530791	0.645791	0.286914	
0.802489	0.40034	0.842997	0.674113	0.958411	0.611254	0.965725	1.08022	0.45885	0.238591	0.272129	1.03261	0.97983	0.562068	0.388238	0.427839	0.871761	0.419158	1.27309	0.132892	0.840768	0.667356	0.711384	0.752608	0.140733	
0.186214	0.314525	0.445193	0.442122	0.285874	0.491874	0.254019	0.553931	0.659852	0.651818	0.648663	0.35616	0.277774	0.547646	0.327786	0.290842	0.235233	0.299971	0.658669	0.581571	0.276106	0.351485	0.136897	0.183907	0.669791	
0.649799	0.588883	0.0764368	0.257231	0.349424	0.342244	0.510057	0.176058	0.590438	0.735101	0.710871	0.372976	0.437149	0.421014	0.592969	0.560026	0.295977	0.644799	0.405646	0.796182	0.740263	0.253202	0.62046	0.300207	0.809099	
0.756951	0.416499	0.368739	0.194822	0.658893	0.105919	0.762211	0.614849	0.152765	0.33869	0.307622	0.717927	0.725472	0.028937	0.409341	0.405131	0.56549	0.502121	0.842594	0.474506	0.840324	0.263664	0.680384	0.464845	0.43125	
0.475611	0.150629	0.670061	0.54578	0.679866	0.524464	0.657287	0.872075	0.519178	0.378487	0.395604	0.753594	0.684326	0.520033	0.149014	0.178649	0.605241	0.109015	1.03053	0.217925	0.51291	0.496315	0.385729	0.497698	0.341912	
0.474712	0.419546	0.146166	0.214453	0.256921	0.298656	0.384001	0.30718	0.537985	0.631383	0.613351	0.313755	0.331177	0.378141	0.425871	0.389459	0.168034	0.465833	0.490986	0.653459	0.566227	0.14417	0.436169	0.116398	0.690023	
0.650509	0.706663	0.252259	0.432676	0.286332	0.520957	0.451019	0.0436031	0.771096	0.901676	0.879816	0.271178	0.36727	0.601519	0.713548	0.676371	0.287567	0.746812	0.221674	0.940393	0.733991	0.406001	0.647402	0.359382	0.968708	
0.430528	0.616345	0.364237	0.495201	0.060995	0.581263	0.206279	0.290717	0.819543	0.893316	0.879319	0.032638	0.121804	0.661044	0.626967	0.586972	0.140675	0.629321	0.317368	0.878941	0.505739	0.426086	0.450145	0.261595	0.93911	
0.803271	0.686947	0.186585	0.300823	0.506727	0.361221	0.668806	0.259384	0.582501	0.762565	0.733958	0.524254	0.594713	0.424271	0.688325	0.660583	0.454763	0.753696	0.484545	0.858491	0.894357	0.341772	0.767654	0.447447	0.847732	
0.800967	0.379764	0.78792	0.614693	0.927223	0.547306	0.947173	1.02924	0.383839	0.163424	0.196978	1.00086	0.954916	0.493763	0.366564	0.404461	0.837731	0.413792	1.22865	0.119778	0.846778	0.615293	0.708584	0.717192	0.0656112	
0.415594	0.269572	0.761645	0.66228	0.69796	0.654802	0.637912	0.936782	0.672274	0.530236	0.548889	0.767931	0.682652	0.660684	0.274446	0.288719	0.639171	0.189159	1.06786	0.355092	0.426578	0.599222	0.339715	0.549611	0.484286	
0.641327	0.617842	0.12478	0.306976	0.318229	0.393725	0.483095	0.124538	0.642998	0.782167	0.75881	0.333045	0.406221	0.473405	0.622937	0.588308	0.277967	0.668618	0.351322	0.835193	0.730399	0.292739	0.619698	0.304397	0.85367	
0.924345	0.614508	0.414808	0.302612	0.760653	0.249603	0.889543	0.625577	0.279151	0.49875	0.465297	0.807279	0.838485	0.220919	0.607901	0.601427	0.675475	0.69974	0.858682	0.660319	1.01166	0.393031	0.855121	0.597189	0.596387	
0.883431	0.471277	0.591616	0.412974	0.856067	0.32344	0.937844	0.838796	0.0729981	0.200818	0.169324	0.920469	0.913522	0.242326	0.459236	0.474641	0.760639	0.550767	1.06539	0.392452	0.956501	0.465805	0.79651	0.648666	0.295519	
0.294529	0.1416	0.514579	0.439121	0.464388	0.454287	0.442649	0.684233	0.553072	0.494933	0.498393	0.537574	0.466807	0.484315	0.155531	0.128455	0.394892	0.109835	0.823713	0.397785	0.35786	0.363685	0.202481	0.297841	0.496961	
0.418569	0.567635	0.315641	0.439926	0.0521888	0.525457	0.219336	0.27772	0.763109	0.838164	0.823773	0.0868941	0.139457	0.60499	0.577818	0.537908	0.0894286	0.585113	0.345941	0.827972	0.499522	0.369751	0.426793	0.20855	0.885393	
0.0934859	0.358132	0.620393	0.6009	0.425305	0.637877	0.326679	0.722049	0.7676	0.711241	0.71617	0.485273	0.386114	0.681889	0.371837	0.347145	0.398089	0.30109	0.802152	0.594162	0.13919	0.512968	0.0392393	0.359871	0.704993	
