25	25
7.49564	10.1416
8.46271	37.635
11.0278	34.0657
20.1375	115.478
33.5178	18.3773
14.6096	42.6513
24.0604	81.5751
14.8031	88.5444
36.742	137.656
22.4049	153.945
61.149	74.0348
0.136283	115.486
17.9265	106.582
19.0399	155.071
25.3578	45.9367
60.7641	51.2041
65.1393	112.389
31.6876	118.077
45.5459	149.303
52.0189	81.543
69.6034	84.7122
18.2275	146.11
71.1582	13.7978
67.0374	157.547
63.6252	18.477
71.6063
86.8868
72.2805
18.4183
68.0644
70.7716
7.43636
52.905
15.3741
21.8696
90.5365
22.1219
18.4595
52.5904
28.5966
7.89095
18.9638
34.7884
55.4257
0.904725
33.6313
75.1325
85.6596
23.9004
40.9542
0.415974	0.694953	0.710287	1.01681	0.206879	0.962156	0.161988	0.706499	0.410372	0.935133	0.059852	0.453798	0.716717	0.161769	0.652348	0.510273	0.644216	0.770244	0.319564	0.546349	0.311005	0.351687	0.394726	1.04535	0.616558	
0.394895	0.655195	0.716609	1.00067	0.0965698	0.906521	0.218266	0.757579	0.380835	0.946379	0.0925132	0.404338	0.597013	0.291739	0.721608	0.399633	0.549418	0.816371	0.335427	0.42634	0.390698	0.278717	0.346514	1.04482	0.568678	
0.272275	0.422562	0.573673	0.788002	0.342909	0.631627	0.362343	0.71176	0.245162	0.792094	0.353574	0.20657	0.312429	0.521424	0.724284	0.0991325	0.241391	0.752156	0.328633	0.152544	0.486255	0.112778	0.184734	0.860256	0.330804	
0.382214	0.526135	0.349066	0.662533	0.715093	0.776812	0.401589	0.185548	0.408344	0.498268	0.541814	0.473184	0.904945	0.439258	0.105169	0.71604	0.726649	0.253691	0.319898	0.783688	0.236219	0.529951	0.463794	0.632116	0.518971	
0.2834	0.321534	0.516915	0.681415	0.487364	0.495886	0.464912	0.69679	0.258735	0.716567	0.484505	0.191276	0.240491	0.632877	0.732036	0.0989294	0.100385	0.725529	0.383753	0.156704	0.555028	0.19894	0.212522	0.766524	0.237104	
0.631933	0.467465	0.705479	0.67743	0.862494	0.379206	0.858384	0.941752	0.614901	0.815457	0.881941	0.544214	0.297942	1.02801	1.01332	0.443086	0.298692	0.944235	0.753287	0.436254	0.924189	0.595929	0.588406	0.797083	0.455699	
0.42075	0.234629	0.474455	0.503036	0.746858	0.251829	0.672428	0.708253	0.408473	0.606355	0.723603	0.342818	0.330644	0.842113	0.779692	0.346736	0.178461	0.712679	0.546897	0.377461	0.712765	0.429991	0.396155	0.612019	0.22587	
0.179208	0.170185	0.156073	0.433447	0.65695	0.439145	0.42874	0.333925	0.197395	0.381647	0.542675	0.211687	0.598835	0.572711	0.393186	0.453317	0.402917	0.355481	0.267136	0.520959	0.385033	0.338154	0.248874	0.471542	0.168188	
0.392319	0.13489	0.359006	0.373803	0.791983	0.173166	0.662531	0.600673	0.388565	0.473346	0.737955	0.337455	0.456314	0.827018	0.68283	0.428703	0.278055	0.597354	0.517572	0.473656	0.669799	0.454708	0.396564	0.479385	0.178691	
0.386782	0.109579	0.251992	0.266647	0.834494	0.194973	0.658163	0.496625	0.391891	0.346688	0.753885	0.36067	0.572879	0.8127	0.588838	0.513866	0.383218	0.485082	0.501108	0.567559	0.632538	0.492946	0.41822	0.360883	0.19957	
0.350373	0.600286	0.677292	0.951345	0.127525	0.846395	0.222465	0.737559	0.33344	0.907277	0.13155	0.349309	0.534383	0.329883	0.711243	0.334627	0.484053	0.793392	0.309379	0.363568	0.393189	0.219093	0.293222	1.00075	0.51207	
0.405045	0.679247	0.711826	1.01084	0.160025	0.941407	0.175083	0.725123	0.396255	0.939255	0.0358277	0.432974	0.672195	0.210246	0.677839	0.468529	0.608443	0.787171	0.321094	0.501467	0.338495	0.32139	0.373652	1.04528	0.597502	
0.323872	0.592607	0.641044	0.930993	0.174671	0.851804	0.145462	0.678783	0.312336	0.870418	0.0664782	0.344192	0.592441	0.253179	0.644469	0.384383	0.518865	0.737456	0.256982	0.422774	0.318024	0.230165	0.285045	0.971257	0.509112	
0.166303	0.373838	0.299021	0.621799	0.545931	0.649002	0.257755	0.310222	0.191559	0.517265	0.393673	0.259125	0.689912	0.374299	0.301167	0.498197	0.51856	0.365825	0.118539	0.565801	0.174386	0.314224	0.245942	0.633401	0.337807	
0.374093	0.654244	0.628222	0.947418	0.331458	0.930405	0.105144	0.592771	0.377185	0.844997	0.153428	0.435888	0.769058	0.0658998	0.529611	0.555784	0.664192	0.658631	0.254793	0.603773	0.190424	0.368144	0.381439	0.962831	0.586907	
0.57636	0.77994	0.621079	0.93345	0.739197	1.04206	0.45209	0.43442	0.597291	0.760053	0.559971	0.668779	1.08608	0.379459	0.320933	0.878868	0.930951	0.496155	0.46858	0.940411	0.302105	0.677901	0.639247	0.895357	0.756033	
0.303483	0.544581	0.453186	0.78082	0.51383	0.820591	0.200374	0.379898	0.321528	0.653045	0.33614	0.393103	0.804301	0.236593	0.315253	0.597005	0.653927	0.446811	0.187633	0.659096	0.0276162	0.396316	0.359001	0.778523	0.501872	
0.643429	0.391112	0.37427	0.0495485	1.11086	0.289069	0.901277	0.560806	0.654804	0.254654	1.01309	0.636728	0.837201	1.03897	0.674576	0.79961	0.659884	0.515376	0.739546	0.851041	0.835963	0.77181	0.691166	0.154197	0.483115	
0.610676	0.357733	0.346878	0.0395282	1.07753	0.268029	0.869545	0.541532	0.621814	0.245581	0.980519	0.603342	0.807678	1.00851	0.654381	0.767027	0.628641	0.498891	0.707858	0.818934	0.806767	0.738399	0.657866	0.16177	0.449743	
0.291503	0.280771	0.0796689	0.406406	0.754993	0.508184	0.485607	0.194575	0.315862	0.287918	0.616995	0.348026	0.744169	0.60008	0.274095	0.596221	0.547267	0.209953	0.332034	0.664457	0.388564	0.462612	0.374269	0.405127	0.307516	
0.364566	0.280258	0.511788	0.607472	0.624607	0.380893	0.586508	0.724485	0.345484	0.680442	0.61879	0.274009	0.22823	0.756471	0.778951	0.215846	0.0465833	0.741069	0.482585	0.246143	0.654407	0.327386	0.31597	0.706973	0.225166	
0.551671	0.790869	0.879232	1.14795	0.078879	1.02205	0.39208	0.932152	0.533673	1.10918	0.255755	0.542428	0.618062	0.433407	0.896645	0.458782	0.626438	0.990182	0.507222	0.459216	0.563253	0.407473	0.48939	1.20114	0.700324	
0.322859	0.461557	0.294588	0.615464	0.685748	0.715468	0.376847	0.177128	0.349515	0.463598	0.518435	0.412259	0.843642	0.439778	0.138971	0.658324	0.663158	0.243541	0.273844	0.726512	0.225624	0.47712	0.406614	0.594682	0.453577	
0.138992	0.291501	0.228096	0.543461	0.585622	0.565088	0.321788	0.300593	0.166116	0.454553	0.448902	0.219937	0.648632	0.453102	0.322968	0.471519	0.465976	0.344479	0.163651	0.540495	0.258781	0.309176	0.226533	0.563381	0.263873	
0.343478	0.623639	0.600264	0.918332	0.330939	0.899782	0.0759558	0.57208	0.346714	0.8185	0.150128	0.405902	0.745422	0.0943602	0.513234	0.531803	0.636586	0.63724	0.224407	0.581517	0.172017	0.341457	0.351892	0.93524	0.556353	
