10	30
119.522	138.734
53.0038	24.0354
11.6299	73.8874
60.5985	136.686
58.6624	88.5038
21.3154	13.4474
41.426	109.034
15.5637	34.8395
117.889	21.7766
148.429	49.1363
8.37201
0.0872142
0.0667311
7.60708
3.79463
9.19817
6.00226
8.80841
9.59131
0.484621
1.12425
5.2599
2.73681
2.38561
2.93174
7.0715
3.15286
1.36632
7.84523
9.05906
9.59383
1.03943
7.76602
1.60702
1.91932
1.31134
7.24773
0.138037
1.37717
9.07047
0.66987	0.570098	0.274967	0.77965	0.229488	0.391206	0.218567	0.419074	0.704436	0.337666	0.62037	0.39531	0.294877	0.758858	0.460109	0.753599	0.161536	0.122266	0.572087	0.387038	0.467986	0.0887875	0.434888	0.196379	0.23475	0.701548	0.655386	0.282088	0.3065	0.3622	
0.863213	0.816489	0.400446	0.92382	0.151152	0.690162	0.373397	0.356411	0.816241	0.471827	0.654195	0.659263	0.624158	1.08448	0.771328	1.07672	0.243472	0.213933	0.768711	0.33725	0.788085	0.393881	0.551302	0.134984	0.463999	0.82071	0.858706	0.246006	0.601072	0.650386	
0.906297	0.756489	0.626908	1.04951	0.479966	0.129975	0.2623	0.791459	1.00469	0.227328	0.965897	0.0337108	0.326443	0.682322	0.218142	0.696819	0.384993	0.433244	0.819558	0.759411	0.268967	0.400346	0.254389	0.505086	0.539286	0.997188	0.883002	0.653596	0.109379	0.533116	
0.486185	0.517384	0.192445	0.499227	0.511813	0.800699	0.648988	0.104698	0.380281	0.772326	0.205243	0.831504	0.605201	0.949531	0.843587	0.926567	0.533416	0.451171	0.411634	0.113471	0.828214	0.414695	0.86932	0.43489	0.310794	0.388232	0.493429	0.214401	0.729122	0.478079	
0.270002	0.107891	0.493177	0.433352	0.810782	0.61618	0.765384	0.683137	0.468027	0.850192	0.587311	0.71253	0.396048	0.389737	0.584082	0.356662	0.750192	0.700724	0.247515	0.666343	0.532749	0.501047	0.930011	0.75604	0.401248	0.451568	0.239808	0.662661	0.612105	0.226941	
0.708758	0.697393	0.273204	0.744561	0.314717	0.758148	0.507336	0.150004	0.629083	0.624088	0.451663	0.755987	0.624917	1.04954	0.824289	1.03447	0.373035	0.302516	0.621483	0.137553	0.826341	0.387315	0.714701	0.248836	0.38024	0.635903	0.70988	0.108234	0.673133	0.580148	
0.54265	0.473647	0.114485	0.635626	0.313706	0.512184	0.375982	0.284957	0.551537	0.497093	0.459926	0.537502	0.345285	0.768033	0.564151	0.754723	0.288015	0.213294	0.444689	0.253826	0.557432	0.122584	0.594561	0.246575	0.118279	0.550121	0.532831	0.177489	0.436797	0.308967	
0.49189	0.324086	0.606041	0.655346	0.829953	0.483542	0.725253	0.816661	0.684904	0.782327	0.781217	0.589721	0.326759	0.189829	0.425349	0.168155	0.750245	0.722802	0.45946	0.793763	0.367945	0.525055	0.846083	0.792259	0.487938	0.669117	0.461691	0.75943	0.509573	0.289491	
0.249262	0.422368	0.603002	0.0860863	1.00661	1.06071	1.07177	0.646302	0.16317	1.18606	0.359439	1.13659	0.820744	0.891784	1.05582	0.854829	0.993757	0.91677	0.316742	0.654184	1.0134	0.777421	1.28079	0.931197	0.621716	0.159092	0.278959	0.73347	1.02553	0.608973	
0.701137	0.539542	0.528472	0.854883	0.556274	0.126673	0.392465	0.729791	0.829916	0.42457	0.83357	0.226187	0.124373	0.462719	0.125153	0.471388	0.461238	0.468224	0.623669	0.699182	0.112021	0.328658	0.48059	0.547162	0.412472	0.819604	0.675157	0.616301	0.143878	0.331707	
