15	30
148.971	15.5201
24.9621	132.014
82.7107	74.927
19.1672	146.471
126.411	124.903
59.5281	115.006
44.757	114.6
29.7341	49.5046
72.7747	82.9973
5.38575	36.4684
177.093	48.7638
10.1866	65.8698
38.1421	79.5092
24.4647	143.154
23.7358	35.7081
34.6253
36.3668
0.106848
5.54694
12.1922
3.82717
35.0904
16.4968
3.64956
41.3824
17.6362
9.82557
8.87028
42.1146
12.7582
19.6909
21.3125
7.7847
8.89543
45.4745
32.2533
21.7276
3.90649
5.19886
29.7355
23.8097
45.8119
24.3936
16.5937
45.6302
0.727245	0.542448	0.630143	0.216129	0.616818	0.958399	0.366692	0.682195	0.94218	0.929001	0.834744	0.388654	0.282784	0.612329	0.627994	0.800169	0.260354	0.618282	0.818884	0.715935	0.24215	0.674775	0.150212	0.30761	0.863159	1.07536	0.432855	0.644454	0.386548	0.988232	
0.217675	0.355708	0.132054	0.340902	0.365215	0.869246	0.675996	0.501388	0.648889	0.737032	0.332866	0.744446	0.659527	0.109181	0.899701	0.528683	0.460706	0.217835	0.567291	0.894587	0.6306	0.475183	0.526674	0.258065	0.356932	0.899526	0.805608	0.909721	0.663925	0.783481	
1.08504	0.665748	0.988975	0.652025	0.726702	0.623841	0.309446	0.65373	0.883264	0.744147	1.13843	0.288742	0.390786	0.986972	0.0458493	0.790131	0.505504	0.875134	0.772744	0.160097	0.430895	0.67459	0.531123	0.69879	1.17539	0.804444	0.264707	0.0335063	0.300792	0.791493	
0.992463	0.561444	0.906412	0.664605	0.603034	0.395184	0.40239	0.498682	0.689305	0.532818	1.02381	0.426347	0.501323	0.909991	0.233794	0.618148	0.525541	0.773719	0.592736	0.0712979	0.534379	0.524667	0.603719	0.680261	1.06073	0.577186	0.432822	0.221204	0.373131	0.57493	
0.842858	0.523055	0.798605	0.820515	0.492635	0.104114	0.76091	0.361961	0.307399	0.131731	0.813377	0.821338	0.847711	0.814702	0.712376	0.348795	0.742955	0.654174	0.306058	0.561963	0.863476	0.384934	0.872786	0.774284	0.844362	0.0852911	0.854715	0.703876	0.722512	0.121124	
0.118469	0.325335	0.0999244	0.494722	0.283066	0.762105	0.769675	0.410943	0.468872	0.596052	0.153792	0.846019	0.78055	0.124107	0.949311	0.377361	0.572186	0.113174	0.419972	0.904691	0.760215	0.381659	0.673725	0.398743	0.189631	0.751033	0.907148	0.955581	0.747608	0.631707	
0.760581	0.454982	0.657919	0.228439	0.535331	0.782602	0.157939	0.560446	0.833171	0.784738	0.84989	0.19617	0.0949105	0.64645	0.421724	0.696149	0.132322	0.598137	0.705188	0.505451	0.0629971	0.561269	0.0641877	0.31208	0.883248	0.917827	0.251674	0.437597	0.175855	0.844282	
0.85444	0.482922	0.795829	0.747004	0.472965	0.0459577	0.645017	0.334889	0.383228	0.200203	0.843622	0.701004	0.735892	0.808683	0.580381	0.375688	0.652589	0.648893	0.335736	0.428916	0.755098	0.362827	0.776222	0.713961	0.877357	0.216979	0.730784	0.57151	0.606986	0.225641	
0.709708	0.29152	0.633403	0.518936	0.312524	0.274914	0.441677	0.195166	0.406134	0.290212	0.728115	0.507787	0.524417	0.641321	0.454669	0.316349	0.423414	0.491452	0.295389	0.346262	0.53869	0.222307	0.549605	0.492695	0.764614	0.405578	0.548413	0.4522	0.403302	0.346786	
0.376974	0.420994	0.395188	0.712301	0.341509	0.626662	0.896529	0.384857	0.250684	0.429048	0.295785	0.975125	0.936844	0.419281	1.00813	0.258031	0.740922	0.31983	0.289131	0.917566	0.927552	0.364347	0.866575	0.620692	0.316953	0.551231	1.03162	1.00925	0.865445	0.439897	
0.829376	0.430957	0.73034	0.383873	0.503067	0.59277	0.0982514	0.468683	0.733283	0.639951	0.893746	0.15764	0.195048	0.726182	0.225596	0.613428	0.236998	0.628447	0.608572	0.275891	0.223354	0.481337	0.290789	0.428424	0.930122	0.749107	0.201919	0.237368	0.0620661	0.69692	
0.672289	0.241201	0.585094	0.404526	0.291731	0.396322	0.334406	0.222602	0.481919	0.397537	0.71051	0.40621	0.409982	0.588699	0.404971	0.365961	0.301758	0.454425	0.358092	0.338991	0.421128	0.239889	0.42754	0.389714	0.7476	0.524722	0.453387	0.407169	0.296917	0.456327	
0.696204	0.525909	0.599852	0.195751	0.598626	0.955596	0.384323	0.669652	0.926157	0.91921	0.80474	0.411515	0.305058	0.581637	0.647379	0.784006	0.258827	0.592486	0.804153	0.729245	0.264323	0.660925	0.16342	0.283677	0.832714	1.06786	0.458069	0.663532	0.401582	0.978169	
0.664745	0.42675	0.563445	0.123488	0.503712	0.834198	0.283493	0.560503	0.824178	0.805045	0.763399	0.326827	0.223748	0.548937	0.546817	0.68269	0.136388	0.527611	0.699361	0.615279	0.186408	0.554513	0.0718927	0.219065	0.794612	0.950606	0.381554	0.561999	0.29387	0.864388	
0.947941	0.581008	0.891782	0.839726	0.570164	0.0681244	0.71363	0.432177	0.449703	0.265014	0.932299	0.763597	0.807866	0.905104	0.616542	0.462571	0.739554	0.744898	0.4211	0.456706	0.829994	0.459794	0.8592	0.80979	0.965266	0.214952	0.787589	0.605402	0.676405	0.270973	
