15	30
8.26285	54.763
35.4404	143.636
158.537	126.832
75.5215	75.9641
30.288	108.345
21.7855	32.8016
139.08	41.7735
130.214	74.303
160.123	54.596
103.142	55.5752
39.363	24.8578
142.916	97.4583
9.19751	61.6434
173.447	115.556
126.819	110.015
25.5177
15.7422
10.0526
25.7815
34.3065
10.968
36.2479
19.8681
3.8456
37.5861
23.6725
18.0546
32.5314
30.9268
39.6525
37.3037
29.8777
31.4622
47.7275
30.2186
30.7716
4.11826
45.9868
2.24318
42.0447
45.8713
28.0209
12.9858
26.1006
5.92613
0.305913	0.496233	0.649405	0.420637	0.375817	0.376035	0.582747	0.292409	0.226314	0.339665	0.58406	0.374796	0.577691	0.170377	0.477585	0.526814	0.133493	0.793197	0.266233	0.302135	0.397615	0.584921	0.742018	0.739103	0.395126	0.396692	0.288477	0.617038	0.705675	0.155561	
0.30395	0.592782	0.821609	0.21938	0.170736	0.551788	0.391978	0.497021	0.18607	0.502609	0.453348	0.505818	0.488135	0.25319	0.475022	0.3746	0.262884	0.815614	0.469869	0.365326	0.601698	0.697903	0.702934	0.773151	0.500365	0.389098	0.375294	0.674386	0.721616	0.0760979	
0.518121	0.458231	0.365817	0.778375	0.739479	0.305335	0.924351	0.0783921	0.558897	0.338534	0.859981	0.32302	0.807054	0.445324	0.618382	0.831432	0.392019	0.820755	0.147599	0.4333	0.0337378	0.477958	0.877425	0.755312	0.389323	0.573495	0.39307	0.617535	0.759803	0.509704	
0.340675	0.658831	0.948681	0.0446523	0.0788047	0.751563	0.192134	0.676907	0.35834	0.702286	0.305819	0.610813	0.383379	0.449123	0.464882	0.21106	0.462553	0.793681	0.660018	0.438288	0.778515	0.770748	0.628393	0.765286	0.584126	0.392867	0.464551	0.696533	0.699952	0.239619	
0.56999	0.709388	0.746291	0.612245	0.553801	0.175216	0.791006	0.318109	0.269421	0.112924	0.836779	0.56936	0.840604	0.15213	0.737794	0.768997	0.142984	1.0384	0.239192	0.551811	0.399425	0.776432	1.00519	0.980163	0.610899	0.659486	0.528979	0.849786	0.95536	0.39119	
0.259386	0.372287	0.521357	0.499417	0.466255	0.402063	0.640133	0.22302	0.360197	0.385901	0.587663	0.243257	0.552608	0.293174	0.405308	0.550657	0.245498	0.692923	0.236623	0.211409	0.317702	0.454639	0.676351	0.634646	0.271361	0.336636	0.184356	0.505361	0.6109	0.235427	
0.286347	0.604223	0.890755	0.100002	0.106253	0.709687	0.237737	0.623392	0.337455	0.662938	0.303862	0.553243	0.363754	0.415941	0.420088	0.216863	0.423799	0.754303	0.609689	0.381837	0.724082	0.715842	0.601647	0.72273	0.527661	0.344264	0.407267	0.648025	0.65995	0.189486	
0.250319	0.558363	0.820072	0.176382	0.149547	0.618661	0.330159	0.533385	0.270072	0.573294	0.36953	0.489641	0.405262	0.332336	0.410488	0.293246	0.335347	0.75139	0.517594	0.330044	0.635196	0.667565	0.625631	0.712802	0.473075	0.326808	0.348488	0.623198	0.656806	0.0970801	
0.452468	0.390631	0.345742	0.731506	0.696417	0.349739	0.870673	0.0869974	0.540908	0.37288	0.795604	0.253075	0.739088	0.436178	0.547776	0.770947	0.381553	0.752808	0.168197	0.364455	0.102061	0.417985	0.806383	0.687639	0.318823	0.504559	0.323926	0.549654	0.690193	0.465227	
0.345466	0.220482	0.303046	0.68827	0.666601	0.505759	0.800326	0.243071	0.586229	0.51744	0.683504	0.0861359	0.608892	0.508006	0.399497	0.676708	0.455617	0.582557	0.31474	0.241646	0.265327	0.259973	0.64626	0.517401	0.154135	0.373208	0.20245	0.379404	0.521113	0.444797	
0.351968	0.516824	0.884537	0.473651	0.518572	1.00611	0.404447	0.820051	0.738182	0.97798	0.156122	0.574593	0.0646691	0.779203	0.25981	0.247858	0.764341	0.43396	0.84757	0.426315	0.892291	0.610438	0.209572	0.435974	0.511348	0.286146	0.466776	0.445425	0.357951	0.525652	
0.0173582	0.30864	0.626922	0.395253	0.397998	0.670864	0.467624	0.481556	0.48127	0.647782	0.338571	0.28531	0.283095	0.482195	0.160621	0.331101	0.454528	0.496991	0.507684	0.105948	0.559448	0.420852	0.419673	0.452917	0.242937	0.0753686	0.144729	0.358252	0.403891	0.258379	
0.506656	0.590236	0.601153	0.641848	0.590536	0.150221	0.810903	0.172936	0.348895	0.135607	0.812491	0.446617	0.794821	0.224408	0.658675	0.758551	0.179204	0.934678	0.094308	0.464192	0.257154	0.646955	0.929721	0.873502	0.496156	0.588673	0.434214	0.738858	0.857173	0.385777	
0.216145	0.518797	0.777157	0.21764	0.192433	0.593998	0.363753	0.495914	0.274917	0.551556	0.378013	0.447179	0.400264	0.320875	0.383128	0.30974	0.317138	0.724151	0.483888	0.290079	0.596667	0.627265	0.609982	0.683202	0.431946	0.297785	0.306981	0.589062	0.629893	0.0694159	
0.758601	0.517743	0.152104	1.10207	1.07593	0.668728	1.2172	0.46948	0.942641	0.716129	1.08633	0.473398	0.996605	0.835746	0.771988	1.08917	0.781469	0.810788	0.541564	0.652329	0.379201	0.447236	0.965861	0.749351	0.526615	0.77039	0.615726	0.638968	0.792103	0.847507	
