10	20
176.209	95.9118
98.3106	85.7638
39.0544	134.945
90.9411	77.3518
65.0356	126.235
101.899	47.977
128.9	149.882
1.10953	73.2796
95.829	60.2028
82.173	140.461
2.54723
11.5829
0.765274
18.7786
6.12239
1.7295
14.9897
16.4026
3.45613
10.5464
9.60109
7.7061
18.4583
13.2946
16.5947
1.44806
12.5048
9.12327
16.7797
5.97063
0.189166	0.531732	0.620022	0.91465	0.754292	0.605851	0.6121	0.926903	0.294096	0.522098	0.768827	0.186717	0.793577	0.387385	0.977413	0.146687	0.424181	0.394492	0.910989	0.708707	
0.412101	0.108395	0.504596	0.382081	0.586658	0.493545	0.297031	0.537356	0.366766	0.450694	0.253127	0.353851	0.633832	0.450669	0.489725	0.40022	0.329855	0.273123	0.758329	0.170586	
0.626569	0.19395	0.711817	0.208592	0.77327	0.451342	0.224501	0.632294	0.484508	0.448285	0.0555867	0.548355	0.818089	0.514632	0.500315	0.599133	0.387327	0.502022	0.934519	0.183615	
0.670427	0.554064	0.378022	0.514426	0.337767	0.939904	0.726104	0.0870301	0.789402	0.900932	0.522806	0.687667	0.364355	0.892091	0.201838	0.711659	0.777696	0.460019	0.442223	0.368555	
0.435835	0.0707518	0.548025	0.363444	0.629822	0.457206	0.255135	0.570302	0.356178	0.418679	0.225014	0.367854	0.676924	0.429637	0.508417	0.416457	0.304871	0.310885	0.801086	0.173234	
0.74701	0.893015	0.31846	0.979462	0.20238	1.25807	1.08374	0.443143	1.00853	1.19627	0.953962	0.829788	0.1546	1.13519	0.665103	0.822818	1.05542	0.610802	0.0345607	0.788663	
0.908901	0.566275	0.773882	0.232164	0.762194	0.868216	0.643786	0.46409	0.872315	0.867997	0.364635	0.870733	0.792092	0.925244	0.24155	0.913604	0.796009	0.717084	0.868285	0.350325	
0.798485	0.501311	0.63813	0.263094	0.626616	0.843516	0.61519	0.340315	0.79944	0.830286	0.345901	0.771919	0.657431	0.868191	0.129872	0.811318	0.739877	0.598833	0.737679	0.270851	
0.369056	0.45651	0.147991	0.643133	0.243637	0.812966	0.646638	0.380054	0.57326	0.751238	0.568295	0.417271	0.291265	0.696441	0.494502	0.426638	0.610798	0.179008	0.420022	0.412351	
0.616915	0.193694	0.683198	0.196519	0.741602	0.479995	0.251944	0.596874	0.493505	0.47272	0.0447259	0.543938	0.786081	0.531754	0.466733	0.593934	0.4032	0.482634	0.901586	0.14872	
