15	40
32.1259	146.42
28.185	45.1915
13.983	77.3747
39.1016	131.223
70.2584	32.2444
62.5011	158.351
3.67884	96.547
35.9223	131.506
11.2891	49.332
57.705	105.606
74.2229	38.5493
83.6145	31.1168
13.3307	156.527
8.94202	72.7179
52.8887	16.2709
41.0049
32.3948
20.9506
2.64707
27.027
37.2259
11.4996
14.9223
12.3015
11.9388
37.088
31.4693
20.3647
37.0504
7.64
10.0693
10.4672
43.5725
4.84454
1.68488
12.8983
14.9826
33.0446
9.75705
10.4904
30.4772
26.4468
30.1896
40.292
7.86453
24.9849
11.7099
34.7533
38.4233
11.2134
40.8326
29.2204
9.31574
22.2395
4.01862
0.483721	0.356384	0.895084	0.983844	0.362221	0.918721	0.650223	0.473706	0.594531	0.953988	0.878416	0.415099	0.613362	0.762082	0.701057	0.731431	0.916437	0.469987	0.611754	0.988834	0.645004	0.732625	0.531526	0.562269	0.405275	1.09541	0.811562	1.27407	1.10377	1.07723	0.882797	1.03835	0.265622	0.729902	0.348428	0.821821	0.598352	0.779776	0.858139	0.396482	
0.211588	0.567836	0.415046	0.702673	0.161187	0.558989	0.269932	0.413102	0.152071	0.538402	0.396034	0.493645	0.487413	0.605556	0.832767	0.60119	0.666286	0.665675	0.637254	0.566684	0.210863	0.6296	0.764184	0.784924	0.665809	0.780922	0.413145	0.983663	0.813803	0.799531	0.473394	0.875604	0.439068	0.77301	0.531785	0.761386	0.673549	0.45275	0.685926	0.516892	
0.555825	0.815344	0.554289	0.0876043	0.699614	0.153254	0.429888	0.570943	0.552793	0.268002	0.586899	0.685877	0.448434	0.34794	0.782526	0.390138	0.161722	0.812799	0.603691	0.281005	0.498633	0.423997	0.885829	0.881608	0.884631	0.0813145	0.306672	0.284868	0.124118	0.127364	0.281712	0.35395	0.792153	0.64262	0.786895	0.487735	0.669182	0.252	0.30156	0.72491	
0.62775	0.879018	0.602426	0.127714	0.771527	0.216121	0.500125	0.638259	0.621614	0.31219	0.636596	0.75046	0.512283	0.401554	0.827063	0.444089	0.209604	0.871147	0.657603	0.317814	0.566567	0.474898	0.940639	0.934809	0.945346	0.0181583	0.370642	0.218501	0.0823547	0.105378	0.33767	0.356817	0.860408	0.68558	0.851565	0.524134	0.72218	0.323703	0.342677	0.78904	
0.449025	0.257668	0.891465	0.919383	0.349223	0.871278	0.618884	0.400209	0.582253	0.919768	0.878695	0.326001	0.538674	0.684922	0.601755	0.651839	0.848434	0.37063	0.51892	0.955858	0.627197	0.64956	0.433466	0.464022	0.307023	1.03475	0.77666	1.20643	1.0385	1.01031	0.848584	0.955642	0.18042	0.633504	0.251879	0.731928	0.502037	0.730201	0.780213	0.303555	
0.2037	0.511943	0.48369	0.72659	0.107298	0.597179	0.304305	0.382523	0.202778	0.589749	0.465601	0.448453	0.473944	0.602984	0.793226	0.593723	0.683279	0.614723	0.606273	0.619959	0.260934	0.618422	0.711866	0.73405	0.608605	0.812753	0.458026	1.013	0.841189	0.824329	0.522307	0.880572	0.379524	0.743699	0.47697	0.747124	0.637052	0.480535	0.688635	0.468016	
0.632441	0.828942	0.684616	0.095032	0.776211	0.278343	0.529399	0.604265	0.656777	0.399623	0.716584	0.704687	0.469012	0.337721	0.739777	0.379063	0.155464	0.80732	0.587192	0.412252	0.606282	0.403052	0.868901	0.860128	0.886524	0.0982658	0.426094	0.202736	0.0458812	0.00993691	0.409676	0.243578	0.827475	0.597536	0.804885	0.430492	0.649153	0.34524	0.261027	0.741334	
0.499887	0.457891	0.86455	1.02492	0.362118	0.938938	0.656388	0.535419	0.580519	0.957787	0.843799	0.498587	0.673067	0.822788	0.804056	0.795932	0.962899	0.574488	0.698079	0.990722	0.635712	0.802118	0.641041	0.671481	0.514569	1.13049	0.818321	1.31727	1.1449	1.12078	0.887577	1.10476	0.350035	0.822576	0.444957	0.901281	0.691622	0.804711	0.91886	0.486004	
0.340602	0.175784	0.79354	0.581823	0.385181	0.600573	0.458414	0.128692	0.510945	0.696648	0.797837	0.0669556	0.196695	0.316707	0.303047	0.277466	0.502342	0.181961	0.133887	0.734162	0.520843	0.26552	0.275151	0.284865	0.241937	0.704946	0.568599	0.850572	0.69362	0.661204	0.633439	0.568518	0.216818	0.266975	0.155109	0.34005	0.147171	0.467789	0.405866	0.0924334	
0.186302	0.550038	0.41451	0.680217	0.14566	0.539823	0.249054	0.389304	0.136352	0.524134	0.397579	0.472513	0.462078	0.580219	0.809989	0.575762	0.642667	0.645926	0.61323	0.553371	0.195265	0.604186	0.744785	0.765026	0.648419	0.760214	0.396011	0.962461	0.792102	0.777299	0.457968	0.850748	0.423247	0.748698	0.513624	0.73602	0.650329	0.430808	0.66086	0.496732	
0.796668	0.984227	0.801027	0.258266	0.940688	0.4136	0.686153	0.767011	0.81149	0.51066	0.835696	0.862814	0.630015	0.491906	0.86157	0.53135	0.319598	0.953839	0.730976	0.512985	0.758516	0.549757	1.00793	0.99624	1.03612	0.184306	0.567704	0.044161	0.142027	0.1608	0.537756	0.313205	0.989647	0.720997	0.962005	0.550404	0.789552	0.503376	0.40543	0.898344	
0.212537	0.224617	0.68041	0.574108	0.25167	0.547195	0.351852	0.054313	0.385123	0.621824	0.681069	0.108226	0.193964	0.342922	0.438214	0.313931	0.502069	0.288471	0.253648	0.659459	0.402316	0.320167	0.388016	0.40368	0.318552	0.691537	0.484162	0.859992	0.692674	0.664042	0.553782	0.622582	0.171442	0.391515	0.188231	0.427942	0.280737	0.406403	0.4391	0.142922	
0.35298	0.686439	0.382937	0.243625	0.492718	0.0862602	0.209521	0.428394	0.33027	0.168718	0.408709	0.556545	0.344176	0.32311	0.74782	0.353898	0.242099	0.713818	0.539345	0.204965	0.276158	0.395849	0.801608	0.80508	0.770468	0.303412	0.0979738	0.507457	0.341718	0.333472	0.120603	0.485195	0.632593	0.623017	0.652771	0.508119	0.604291	0.0647227	0.341124	0.59668	
0.777187	0.973356	0.775812	0.239338	0.921337	0.389547	0.66415	0.752663	0.788988	0.485461	0.810523	0.850778	0.616565	0.480893	0.859349	0.521018	0.304138	0.945773	0.723421	0.487692	0.735645	0.54106	1.00193	0.990962	1.02719	0.159799	0.543827	0.0539286	0.120945	0.143109	0.513048	0.31673	0.975688	0.718154	0.950422	0.547736	0.782963	0.481934	0.396763	0.886776	
0.39093	0.458625	0.733064	0.92666	0.247545	0.825823	0.537681	0.468661	0.453427	0.83551	0.71213	0.463498	0.598997	0.74656	0.796978	0.724624	0.87005	0.577343	0.659643	0.867441	0.5099	0.736852	0.658249	0.686731	0.534842	1.02655	0.698332	1.21887	1.04575	1.02389	0.766135	1.03151	0.32871	0.792462	0.435938	0.847873	0.665658	0.696061	0.841149	0.461534	
