15	30
50.0568	70.0734
126.875	151.822
144.389	151.024
156.917	118
76.4561	64.0472
52.6069	113.122
30.8146	84.8697
9.50792	152.303
74.1812	155.312
176.547	126.483
155.053	98.6524
133.806	136.06
105.999	13.6777
25.2768	83.0378
90.3762	61.6064
16.9285
0.00200962
31.7513
4.28028
1.89889
15.4568
32.3179
6.60769
68.8341
61.4052
78.5301
42.6028
59.6341
0.759013
38.2686
28.1118
49.7105
28.9264
7.08087
69.115
66.445
14.408
77.0642
61.4365
38.1229
30.6441
39.7858
19.053
50.7193
13.4936
0.775994	0.714002	0.677345	0.347909	0.114273	0.310616	0.290749	0.758473	0.67739	0.772806	0.480505	0.607361	0.315642	0.496647	0.495467	0.630077	1.12929	0.837152	0.247763	0.527369	0.369863	0.355936	0.379069	0.727166	0.790973	0.446336	0.557222	0.807106	0.192443	0.679529	
0.384948	0.947591	0.709006	0.124723	0.438775	0.550656	0.17246	0.568801	0.662608	0.460532	0.669426	0.641945	0.657801	0.47311	0.249923	0.843082	0.99599	0.434148	0.475888	0.703762	0.613375	0.147865	0.482337	0.720814	0.353578	0.0946991	0.7298	0.68185	0.421649	0.779364	
0.515434	0.58209	0.20554	0.613645	0.850971	0.521678	0.707122	0.153218	0.139995	0.360944	0.435588	0.221357	0.644919	0.271787	0.418396	0.502381	0.361934	0.556979	0.540067	0.417861	0.513117	0.571855	0.400221	0.148842	0.643572	0.758634	0.414285	0.0497195	0.897506	0.316698	
0.504678	0.87137	0.505865	0.796062	1.09346	0.815532	0.899341	0.269193	0.445951	0.36047	0.742031	0.528075	0.9452	0.545248	0.582506	0.801105	0.251988	0.511918	0.820989	0.72441	0.814535	0.758315	0.685201	0.441565	0.63426	0.901541	0.7198	0.257042	1.1262	0.609987	
0.272174	0.819491	0.533783	0.190469	0.531219	0.474251	0.294152	0.368731	0.479302	0.286576	0.549484	0.472901	0.605363	0.309156	0.0593745	0.714296	0.795842	0.334778	0.417887	0.574717	0.52464	0.160587	0.366912	0.536095	0.315924	0.294036	0.596472	0.482075	0.542267	0.617918	
0.992658	0.199236	0.453271	0.734625	0.662958	0.306465	0.750423	0.751168	0.51235	0.896554	0.234997	0.433688	0.234519	0.501575	0.715597	0.180644	0.927942	1.05429	0.384256	0.237205	0.24463	0.709645	0.399397	0.519734	1.07504	0.897639	0.238052	0.701896	0.742265	0.362425	
0.454791	0.618555	0.383427	0.239385	0.456561	0.269532	0.316477	0.369935	0.35	0.403902	0.343732	0.31254	0.405982	0.147952	0.161605	0.51323	0.761401	0.518597	0.225293	0.372938	0.316134	0.199625	0.158194	0.408075	0.521551	0.407943	0.397149	0.432922	0.497484	0.444034	
0.30498	1.05478	0.779602	0.264284	0.580031	0.676859	0.315667	0.578122	0.723721	0.423766	0.779315	0.718719	0.792218	0.553597	0.305304	0.949438	0.997515	0.338813	0.606446	0.809145	0.736106	0.276762	0.591945	0.779734	0.233111	0.188481	0.832934	0.704965	0.5559	0.863106	
0.422635	0.999581	0.768758	0.167909	0.439513	0.595662	0.182065	0.627629	0.723125	0.511143	0.721316	0.70116	0.696059	0.532366	0.310697	0.895592	1.05474	0.466744	0.518564	0.757	0.659978	0.198832	0.535329	0.781391	0.373442	0.0459793	0.783619	0.742079	0.411502	0.83732	
0.266936	0.743135	0.396493	0.387407	0.694544	0.50106	0.490459	0.157644	0.32805	0.156338	0.507649	0.355657	0.641557	0.240771	0.173851	0.643495	0.584819	0.322337	0.475727	0.516194	0.52855	0.349405	0.366378	0.376764	0.381699	0.50524	0.528974	0.278628	0.721161	0.501076	
0.866721	0.142962	0.239265	0.717901	0.761737	0.341592	0.765788	0.568135	0.30933	0.744279	0.17351	0.249126	0.3698	0.381685	0.629461	0.0621963	0.69001	0.92337	0.417486	0.129326	0.279475	0.683148	0.347562	0.299953	0.96987	0.88971	0.0999926	0.492372	0.834759	0.131218	
0.645048	0.460169	0.347855	0.374517	0.431802	0.0794401	0.411241	0.489606	0.353039	0.576878	0.184686	0.278769	0.219817	0.202994	0.354501	0.358514	0.813699	0.708527	0.0833256	0.226682	0.124719	0.345303	0.0616132	0.3997	0.714331	0.543853	0.256211	0.504301	0.496808	0.356794	
0.775165	0.237415	0.20404	0.608087	0.66515	0.244235	0.656732	0.502431	0.259594	0.662385	0.0751695	0.181429	0.302744	0.282496	0.525746	0.133006	0.692703	0.83383	0.315222	0.0294846	0.189705	0.573474	0.237734	0.271332	0.872614	0.779888	0.0160793	0.449135	0.735838	0.138775	
1.03723	0.125363	0.452007	0.808256	0.753781	0.382193	0.83069	0.770004	0.51831	0.930349	0.27654	0.447289	0.324913	0.542299	0.770965	0.155803	0.902816	1.09736	0.462516	0.262933	0.316329	0.780808	0.457561	0.515241	1.12721	0.974366	0.252928	0.705434	0.832853	0.347995	
0.685403	0.801984	0.704853	0.244041	0.108051	0.379575	0.166886	0.725092	0.691039	0.705206	0.546018	0.632032	0.422434	0.494416	0.427464	0.709829	1.12231	0.743774	0.301904	0.591604	0.445938	0.263711	0.405303	0.745641	0.684479	0.317362	0.62181	0.794164	0.136315	0.727512	
