15	30
179.609	53.1898
114.753	51.278
19.6242	155.935
169.705	45.667
177.041	104.507
2.161	28.3575
120.198	127.522
95.0756	119.188
174.919	153.27
102.424	13.5822
165.066	106.828
176.993	23.165
79.0199	50.471
46.9074	33.9716
114.184	112.397
30.4587
25.603
33.6511
0.221461
44.8881
44.9307
25.2973
22.8186
18.2902
16.159
44.0221
37.9174
39.3198
45.8136
1.36757
47.5218
39.317
18.4141
28.8866
30.3328
11.9737
6.2259
18.0589
5.60418
18.3892
8.20517
6.26424
46.9786
29.6709
39.617
0.0719022	0.143771	0.0821647	0.314089	0.748847	0.335649	0.560615	0.225858	0.593909	0.276627	0.297309	0.632946	0.43358	0.343502	0.28301	0.251535	0.749996	0.751856	0.553832	0.325077	0.493722	0.446354	0.381578	0.511893	0.634274	0.281653	0.40674	0.182275	0.685678	0.381547	
0.248163	0.428955	0.3683	0.496452	0.762568	0.482166	0.584052	0.121983	0.708301	0.508118	0.383484	0.347367	0.513624	0.639736	0.574612	0.5112	0.687134	0.769426	0.739533	0.211103	0.774892	0.712374	0.349474	0.537691	0.619595	0.415002	0.222473	0.208598	0.384191	0.51385	
0.275778	0.163667	0.305522	0.545027	1.01424	0.121889	0.828999	0.471427	0.830827	0.477038	0.567209	0.84412	0.694551	0.391616	0.373466	0.0790755	1.02611	1.01628	0.748885	0.385082	0.561886	0.558045	0.658275	0.781455	0.907096	0.540939	0.662183	0.452918	0.862529	0.160159	
0.63161	0.596244	0.489313	0.265344	0.459688	0.858023	0.383349	0.637014	0.199223	0.290167	0.38475	0.950805	0.304882	0.406687	0.389992	0.681557	0.604404	0.453791	0.0264911	0.875399	0.316576	0.24554	0.491008	0.379029	0.467886	0.34453	0.674938	0.551264	1.06156	0.903607	
0.725659	0.851249	0.71009	0.568382	0.302086	1.03202	0.285115	0.552004	0.482371	0.65211	0.455896	0.505376	0.399603	0.880867	0.818553	0.964779	0.119705	0.31298	0.642071	0.82026	0.908068	0.818772	0.33665	0.298858	0.205219	0.505483	0.387825	0.542984	0.640743	1.07355	
0.324879	0.372541	0.22774	0.0881335	0.481125	0.608771	0.29839	0.293337	0.322794	0.146858	0.0651372	0.634915	0.16131	0.369926	0.305234	0.484424	0.515119	0.483037	0.32427	0.546642	0.432942	0.350131	0.206376	0.25317	0.383121	0.00893265	0.356195	0.208455	0.733298	0.655132	
0.801658	0.839394	0.700969	0.458556	0.147687	1.08653	0.245441	0.715095	0.180038	0.534689	0.469339	0.881354	0.326071	0.726184	0.688805	0.944696	0.337432	0.137426	0.336451	0.999853	0.667699	0.58874	0.476956	0.287772	0.257383	0.47323	0.652515	0.651667	1.01266	1.13307	
0.395695	0.224003	0.288744	0.412239	0.895712	0.417867	0.732701	0.560145	0.664173	0.325091	0.50873	0.96976	0.590138	0.1253	0.156949	0.218275	0.961645	0.894657	0.536112	0.614792	0.277331	0.298422	0.640523	0.693635	0.824071	0.459135	0.725413	0.496833	1.02475	0.453938	
0.954691	1.0411	0.895202	0.685731	0.204056	1.26034	0.371385	0.812068	0.463208	0.772014	0.631546	0.822671	0.512107	0.989241	0.940033	1.15388	0.210173	0.207541	0.636841	1.09689	0.96003	0.87534	0.564386	0.417618	0.29288	0.66145	0.679087	0.777484	0.957889	1.30511	
0.363452	0.317095	0.213367	0.113002	0.590854	0.57847	0.431376	0.420561	0.366569	0.0330138	0.24441	0.800247	0.290418	0.202069	0.148116	0.409389	0.664827	0.589849	0.273563	0.614967	0.256669	0.180014	0.385635	0.39563	0.524377	0.186969	0.525315	0.333882	0.888251	0.624341	
0.61787	0.635464	0.5022	0.254779	0.285236	0.888495	0.206986	0.56676	0.0320207	0.325477	0.304244	0.819659	0.175149	0.515938	0.477385	0.73776	0.422114	0.280813	0.157249	0.837422	0.47183	0.387797	0.366331	0.213436	0.286737	0.289877	0.556007	0.490687	0.940281	0.935121	
0.228737	0.405234	0.320356	0.420976	0.686366	0.503285	0.505523	0.0487826	0.627175	0.439425	0.303162	0.366223	0.432487	0.58917	0.521874	0.499856	0.620619	0.6929	0.661399	0.273123	0.714583	0.647599	0.27161	0.45854	0.545127	0.336916	0.173041	0.135702	0.427865	0.539801	
0.571687	0.577439	0.448274	0.200459	0.347398	0.83331	0.244179	0.538663	0.0965555	0.264468	0.276015	0.821178	0.169657	0.450192	0.412437	0.677423	0.472138	0.343638	0.114713	0.799815	0.409568	0.324174	0.361637	0.237832	0.332143	0.250736	0.549821	0.458089	0.936803	0.879876	
0.601937	0.782801	0.709717	0.772584	0.846662	0.8073	0.716637	0.436264	0.898769	0.811119	0.63005	0.0801597	0.714769	0.977932	0.910085	0.863388	0.699364	0.856421	0.985622	0.486907	1.09589	1.02295	0.521693	0.685388	0.703982	0.680365	0.334504	0.514913	0.0569918	0.830158	
0.0811553	0.248616	0.172945	0.343681	0.718523	0.385963	0.529146	0.119128	0.60038	0.333016	0.276398	0.523279	0.419702	0.444275	0.379817	0.347812	0.693272	0.723003	0.592284	0.268474	0.583803	0.526639	0.320445	0.479515	0.591142	0.282824	0.307104	0.105572	0.577138	0.428225	
