25	25
57.3839	38.307
22.0291	153.945
31.06	98.8467
39.4343	98.0262
28.7243	140.132
53.8196	131.818
48.5069	150.709
33.1317	26.5289
41.0181	140.264
33.8602	27.8229
30.898	76.9109
30.8002	103.085
31.5633	94.0622
31.0123	51.2038
48.0017	18.4919
40.2822	141.59
52.434	54.6369
1.03325	83.3538
28.3277	91.597
36.5315	127.077
66.6113	37.2832
73.1717	54.2688
24.7349	31.3061
55.6861	84.0349
33.909	11.2556
56.082
57.9464
21.2331
68.1345
33.0991
58.2409
15.8948
52.8082
6.27665
59.504
66.8641
61.2586
14.187
73.5522
78.7696
19.224
15.9138
6.38692
23.6733
47.3884
23.7996
61.9315
14.0364
45.3536
51.7198
0.23286	0.617684	0.164237	0.589214	0.531835	0.263345	0.235391	0.413909	0.496071	0.74225	0.987729	0.399206	0.756202	0.231339	0.894188	0.578991	0.645192	0.578399	0.75642	0.35647	0.83139	0.759737	0.409959	0.453112	0.212522	
0.711754	0.714865	0.961577	0.950167	0.412489	0.627894	0.731326	0.872442	0.648754	0.239606	0.2996	0.82532	0.426163	0.714838	0.31409	0.501966	0.577376	0.358941	0.529743	0.536003	0.653597	0.251029	0.932644	0.716175	0.69386	
0.72881	0.962679	0.764043	1.12841	0.604985	0.548178	0.755935	0.986101	0.840826	0.262996	0.778303	0.941401	0.789909	0.731673	0.760945	0.751937	0.861393	0.581241	0.0483221	0.561698	0.167032	0.242791	1.02874	0.877367	0.678775	
0.144721	0.534587	0.287987	0.585003	0.362124	0.0810589	0.167808	0.413403	0.397209	0.560438	0.814474	0.379749	0.604019	0.146055	0.725572	0.438098	0.524152	0.40382	0.611231	0.176222	0.704565	0.579339	0.437384	0.380826	0.0873119	
0.34984	0.351358	0.685611	0.5627	0.0362044	0.35538	0.362764	0.475519	0.256895	0.403551	0.422637	0.428485	0.220366	0.352519	0.328962	0.131818	0.239897	0.0440234	0.638541	0.225941	0.769657	0.431108	0.536017	0.3204	0.353542	
0.404339	0.199608	0.780619	0.44483	0.204492	0.483556	0.405153	0.412955	0.177696	0.574445	0.426544	0.373229	0.141152	0.405972	0.321026	0.0653127	0.0634479	0.220745	0.819829	0.35757	0.951083	0.60194	0.476557	0.252399	0.432835	
0.384365	0.141002	0.73252	0.115746	0.451689	0.56115	0.364099	0.170414	0.197963	0.848693	0.746101	0.170028	0.459251	0.383369	0.641999	0.333952	0.277063	0.49564	1.03991	0.48453	1.16012	0.875846	0.215252	0.159742	0.441327	
0.41951	0.786578	0.322101	0.860857	0.519441	0.240253	0.443737	0.689708	0.646553	0.500523	0.913468	0.655695	0.774038	0.421156	0.84612	0.642048	0.745575	0.53801	0.412074	0.351322	0.470631	0.507315	0.711669	0.645106	0.36081	
0.584738	0.491318	0.90572	0.737079	0.265878	0.566047	0.597686	0.685476	0.449682	0.383636	0.194787	0.640874	0.188288	0.587439	0.124796	0.296252	0.35057	0.217751	0.676796	0.44444	0.809982	0.40728	0.748472	0.523038	0.585617	
0.317984	0.716385	0.0696607	0.704736	0.580328	0.273141	0.327922	0.528561	0.58761	0.726035	1.03092	0.510777	0.820939	0.317349	0.943443	0.65087	0.728638	0.620881	0.694863	0.392704	0.755319	0.739977	0.527072	0.553072	0.280081	
0.75499	0.99547	0.775739	1.15858	0.638382	0.572009	0.782177	1.01447	0.872677	0.296904	0.811117	0.970121	0.824614	0.75781	0.794971	0.785541	0.895213	0.615291	0.0420497	0.590622	0.134341	0.276108	1.05614	0.908084	0.703977	
0.285781	0.115677	0.662337	0.25394	0.306236	0.439851	0.272889	0.199378	0.0521575	0.7026	0.640924	0.162957	0.354854	0.285813	0.535397	0.200412	0.181633	0.351843	0.896888	0.348293	1.01903	0.729706	0.262726	0.0511515	0.336068	
0.376029	0.774838	0.148657	0.79662	0.579955	0.261079	0.393199	0.619824	0.638748	0.653916	1.01349	0.595306	0.832072	0.376404	0.93417	0.674966	0.765297	0.612175	0.585779	0.391328	0.637062	0.664286	0.627174	0.617094	0.32492	
0.696599	0.934455	0.734285	1.09769	0.577815	0.515743	0.723737	0.954495	0.811458	0.249293	0.766767	0.909932	0.768116	0.699455	0.745402	0.725167	0.835111	0.555668	0.0498702	0.530285	0.18258	0.231515	0.996824	0.847012	0.646426	
0.512519	0.82337	0.497994	0.943326	0.500354	0.320461	0.53941	0.783617	0.687499	0.354417	0.824275	0.743289	0.73886	0.514946	0.77329	0.642349	0.753075	0.500814	0.238608	0.381603	0.317869	0.35507	0.816775	0.704968	0.456257	
0.720732	0.877931	0.844929	1.07382	0.519908	0.5669	0.746397	0.951921	0.771867	0.12329	0.605779	0.904806	0.658557	0.72385	0.600854	0.657685	0.760198	0.482964	0.231338	0.536891	0.34664	0.0957159	1.00252	0.821393	0.680515	
0.604371	0.700703	0.80984	0.911282	0.351673	0.48828	0.627371	0.805593	0.605578	0.0796775	0.438963	0.757809	0.467829	0.607546	0.418587	0.479051	0.576735	0.307465	0.378577	0.41903	0.509406	0.10183	0.861056	0.662553	0.575623	
0.320057	0.140696	0.702265	0.357127	0.219886	0.432135	0.316265	0.308052	0.0718795	0.616141	0.530702	0.267552	0.246927	0.321185	0.425219	0.0911457	0.0938164	0.257416	0.83411	0.317889	0.961234	0.643635	0.371719	0.146634	0.357503	
0.187809	0.432083	0.394629	0.357349	0.485681	0.360068	0.163613	0.186284	0.341566	0.805229	0.918457	0.184323	0.650087	0.184648	0.81581	0.469854	0.499868	0.539609	0.896876	0.374077	0.993078	0.828055	0.175797	0.276531	0.229691	
0.801955	0.689085	1.10543	0.940776	0.482411	0.764155	0.816038	0.902277	0.664958	0.450994	0.113904	0.858552	0.368284	0.804742	0.192292	0.511974	0.54878	0.431199	0.744881	0.650675	0.868982	0.464888	0.965637	0.739376	0.798865	
0.619579	0.583707	0.907672	0.822827	0.304982	0.566775	0.636286	0.75499	0.525367	0.293631	0.231202	0.708677	0.293423	0.622521	0.205656	0.375091	0.445113	0.250972	0.592119	0.457685	0.723351	0.314701	0.816606	0.595446	0.610425	
0.703642	0.921386	0.764998	1.09375	0.562206	0.528598	0.73056	0.955716	0.802287	0.210757	0.725907	0.910303	0.740599	0.706588	0.708808	0.708248	0.816837	0.53606	0.0945111	0.531102	0.21946	0.190364	1.00038	0.841689	0.655799	
0.335094	0.720681	0.0764559	0.680589	0.624158	0.332523	0.338715	0.507954	0.599579	0.798351	1.07894	0.497166	0.855127	0.333733	0.987815	0.67959	0.748161	0.668291	0.775017	0.441861	0.835076	0.813323	0.497097	0.556089	0.309396	
0.0453146	0.446084	0.340473	0.481655	0.341486	0.162304	0.0648317	0.31006	0.313766	0.611896	0.79639	0.276406	0.559903	0.0456371	0.700704	0.383164	0.454688	0.391001	0.698064	0.186567	0.79808	0.633578	0.336143	0.286411	0.0299342	
0.456071	0.856554	0.103725	0.847298	0.691548	0.372921	0.468228	0.671501	0.725199	0.772037	1.13093	0.654234	0.940385	0.455752	1.04953	0.777023	0.861114	0.726516	0.682773	0.501802	0.718417	0.78146	0.667883	0.694202	0.412637	
