10	30
57.4978	52.5452
29.9476	129.844
137.849	97.6496
39.3855	14.979
9.9864	140.81
90.9698	72.0633
164.788	108.079
174.017	17.3793
135.81	151.619
35.7563	111.838
25.0872
16.0223
11.5709
5.11875
11.7277
23.7892
19.9326
22.3994
33.1116
24.7769
17.6012
16.5935
24.864
9.29192
7.8239
4.82285
19.5087
10.6495
32.2713
16.2245
14.2437
30.4551
20.8975
32.6799
32.4654
28.0842
13.1889
21.4881
29.959
21.2213
0.194672	0.391355	0.791	0.651061	0.332153	0.429973	0.456271	0.0563048	0.184214	0.649525	0.51284	0.753968	0.202411	0.254507	0.245392	0.805232	0.898267	0.338967	0.715839	0.531277	0.116654	0.531688	0.236277	0.489746	0.449554	0.919794	0.66386	0.358044	0.282203	0.208644	
0.296524	0.573479	0.925047	0.784701	0.196274	0.618907	0.617462	0.171804	0.324951	0.840965	0.437712	0.854007	0.370765	0.158048	0.145891	0.916622	1.00319	0.529593	0.709325	0.473684	0.245436	0.616477	0.305649	0.611585	0.588601	1.03841	0.776096	0.229677	0.0902622	0.0407815	
0.504822	0.186156	0.405915	0.333379	0.822134	0.163463	0.201517	0.621347	0.579659	0.294116	0.849867	0.521731	0.391286	0.823408	0.738515	0.508894	0.597035	0.331669	0.826397	0.828363	0.521776	0.486017	0.537743	0.356096	0.29724	0.560749	0.429725	0.830955	0.848522	0.783122	
0.317799	0.426512	0.403804	0.288989	0.513204	0.506362	0.319703	0.566314	0.660203	0.776759	0.402358	0.276712	0.371099	0.728171	0.47115	0.349982	0.425766	0.596017	0.312439	0.362022	0.39544	0.0437591	0.285997	0.159995	0.221048	0.476113	0.224779	0.500847	0.644251	0.625513	
0.512094	0.319693	0.783706	0.677341	0.763331	0.261704	0.456123	0.443783	0.310305	0.264752	0.904967	0.851179	0.384874	0.600205	0.674308	0.863232	0.958758	0.12943	1.01536	0.907742	0.468206	0.716527	0.566462	0.603683	0.532169	0.938894	0.749141	0.78674	0.700463	0.61877	
0.372391	0.700783	0.895367	0.768073	0.112549	0.769618	0.682625	0.443684	0.605651	1.03345	0.158463	0.766303	0.505114	0.45355	0.18546	0.843413	0.911166	0.741316	0.476571	0.210142	0.38944	0.537707	0.332647	0.598568	0.612464	0.96935	0.719332	0.0790207	0.289491	0.338991	
0.492288	0.580875	0.393219	0.332701	0.641275	0.65718	0.457253	0.740194	0.838259	0.914543	0.468112	0.207733	0.548485	0.892355	0.616321	0.288849	0.329037	0.764273	0.236566	0.416254	0.570473	0.174627	0.455283	0.292671	0.364459	0.403477	0.23144	0.622164	0.792502	0.784145	
0.612828	0.311028	0.347805	0.322558	0.92899	0.294277	0.28466	0.748162	0.710563	0.358236	0.930735	0.502519	0.509878	0.951038	0.848636	0.469622	0.545831	0.460563	0.864749	0.903341	0.638637	0.528121	0.639398	0.406533	0.364495	0.493161	0.426453	0.934878	0.968402	0.90594	
0.467469	0.265469	0.732688	0.62427	0.730335	0.210034	0.402025	0.421205	0.302321	0.261329	0.861759	0.797126	0.337323	0.590132	0.640645	0.810122	0.905911	0.0794968	0.963795	0.862555	0.428457	0.662512	0.52121	0.549202	0.477665	0.88754	0.695022	0.752316	0.678857	0.598394	
0.369504	0.395951	0.864406	0.732762	0.531187	0.393966	0.508902	0.192336	0.0349763	0.53075	0.720619	0.870832	0.298361	0.324477	0.448667	0.907422	1.0043	0.237774	0.905937	0.737417	0.297571	0.675238	0.421168	0.599762	0.541291	1.00892	0.772025	0.559693	0.436323	0.353653	
