10	30
70.5738	153.197
38.8747	150.181
76.6632	116.993
164.668	28.7872
121.897	29.318
81.8951	111.893
127.16	116.01
152.919	30.308
171.846	54.8225
118.068	91.6724
9.18607
14.8852
20.4033
16.5944
14.2018
1.73668
15.2566
22.9815
13.2228
10.6325
20.6889
23.6855
12.9287
1.56312
16.8318
8.8941
20.7032
19.9138
6.88495
16.1279
9.25676
15.6142
8.03115
12.6673
18.5931
10.5081
24.1987
20.1157
15.4481
19.8353
0.215331	0.770322	0.341827	0.20933	0.633945	0.640171	0.813927	0.209582	0.357146	0.385054	0.756366	0.568615	0.379766	0.664073	0.507972	0.308703	0.679546	0.187512	0.497229	0.428679	0.275042	0.728806	0.716855	0.413986	0.482075	0.175785	0.33126	0.265542	0.699643	0.130732	
0.731188	0.342338	0.276388	0.67693	0.478178	0.501114	0.546074	0.770139	0.305533	0.448656	0.559835	0.15032	0.261316	0.910138	0.812797	0.88599	0.786826	0.569615	0.102733	0.536737	0.659628	0.710285	0.334228	0.229687	0.459174	0.426548	0.895888	0.831579	0.679214	0.716545	
0.574794	0.75339	0.380417	0.557739	0.755271	0.771456	0.896019	0.564746	0.145291	0.0257166	0.871893	0.521678	0.416843	0.973955	0.828381	0.643035	0.93554	0.491699	0.410546	0.649409	0.600898	0.931778	0.722494	0.214241	0.643915	0.342271	0.67749	0.497173	0.898846	0.452001	
0.22836	0.772134	0.497505	0.197917	0.513207	0.503592	0.688998	0.302966	0.676823	0.761902	0.603664	0.668204	0.505599	0.266797	0.108962	0.38269	0.347758	0.24518	0.664155	0.273971	0.135294	0.4638	0.708551	0.699868	0.38175	0.408363	0.341858	0.544606	0.447261	0.410632	
0.683425	0.154789	0.285189	0.617837	0.214816	0.238422	0.278033	0.745546	0.484995	0.644118	0.28544	0.126632	0.243272	0.708017	0.646965	0.867983	0.55337	0.514918	0.232248	0.364376	0.566736	0.451766	0.101362	0.429272	0.259853	0.441736	0.860806	0.882024	0.423175	0.738787	
0.340435	0.511393	0.256777	0.273094	0.29004	0.290044	0.47633	0.414477	0.486399	0.611105	0.405604	0.398529	0.251931	0.416017	0.306215	0.532806	0.348542	0.193545	0.40607	0.0655866	0.20539	0.366423	0.448462	0.485751	0.134922	0.251616	0.514768	0.606964	0.336027	0.452445	
0.201969	1.03341	0.636314	0.269362	0.831512	0.829363	1.01755	0.134517	0.678633	0.679867	0.942115	0.859843	0.667331	0.628823	0.484345	0.0147247	0.733391	0.365227	0.805178	0.584877	0.345126	0.839594	0.973654	0.737262	0.677325	0.474054	0.0497181	0.227437	0.818785	0.206232	
0.669692	0.181959	0.324508	0.602543	0.125836	0.149257	0.204851	0.737944	0.549743	0.708028	0.196785	0.214584	0.282904	0.635985	0.589946	0.859474	0.471633	0.506515	0.312006	0.317387	0.541064	0.362058	0.118671	0.501138	0.209659	0.463241	0.846568	0.89616	0.33446	0.747324	
0.345866	0.742695	0.536636	0.30869	0.463989	0.449851	0.625444	0.421596	0.744086	0.844869	0.536315	0.674463	0.535503	0.157515	0.0301386	0.499508	0.236453	0.331441	0.690022	0.259019	0.231828	0.368255	0.679712	0.756544	0.359501	0.480345	0.456415	0.662821	0.357217	0.52601	
0.404909	0.450516	0.24976	0.337522	0.22665	0.228077	0.412782	0.478377	0.494489	0.629688	0.344373	0.35516	0.234432	0.435539	0.344609	0.597177	0.338052	0.254147	0.378279	0.0615922	0.269468	0.328783	0.387222	0.48365	0.0706625	0.28491	0.579396	0.665594	0.296676	0.511399	
