25	25
88.8091	137.101
10.0827	57.2545
0.998869	46.3905
81.5883	25.9894
26.2508	100.097
44.8272	141.415
21.751	96.2804
42.4376	38.221
25.6077	60.6414
45.2931	147.888
50.1786	127.044
14.3468	133.24
36.1881	154.447
25.8887	55.1857
64.6001	33.174
36.6116	126.786
14.204	123.577
3.58886	50.8115
85.1499	129.936
49.9698	134.974
43.8676	14.7672
11.1106	72.7397
88.1661	131.655
75.8119	87.949
38.2222	135.623
6.75538
29.1104
1.31465
17.8343
26.0269
2.32531
29.6438
32.2746
28.7752
31.3717
9.02626
16.9415
8.85052
11.627
16.2045
27.2124
24.7502
18.3215
24.6818
9.74583
5.32018
20.963
10.8374
31.531
31.1925
0.572523	0.171049	0.52018	0.269393	0.572194	0.582574	0.308174	0.444657	0.343758	0.657178	0.75387	0.716284	0.785535	0.356694	0.257884	0.41134	0.809589	0.69189	0.243854	0.319686	0.350727	0.763793	0.478557	0.507351	0.808781	
0.571691	0.474367	0.883751	0.608914	0.761	0.767337	0.89588	0.22966	0.916644	0.74447	1.16624	1.15515	1.22225	0.831829	0.383084	0.953901	0.871331	0.442543	0.864764	0.585894	0.873426	0.967116	0.453566	0.708962	0.670857	
0.687524	0.244184	0.592363	0.375662	0.671576	0.68188	0.308086	0.551338	0.226233	0.763416	0.798645	0.754899	0.821635	0.413269	0.365447	0.429707	0.913183	0.809318	0.20917	0.429603	0.387341	0.851952	0.596154	0.609122	0.924684	
0.287413	0.281429	0.474189	0.194889	0.393587	0.402411	0.511054	0.186538	0.669742	0.426873	0.756343	0.74173	0.809812	0.418868	0.13271	0.548071	0.580651	0.365916	0.512066	0.171093	0.466575	0.610967	0.164631	0.329677	0.505792	
0.556881	0.359383	0.367843	0.236877	0.482027	0.491767	0.122455	0.562465	0.391236	0.588782	0.568684	0.52692	0.594943	0.183643	0.390994	0.2142	0.727141	0.730457	0.129491	0.294804	0.158127	0.638831	0.505208	0.428317	0.792517	
0.325737	0.878852	0.643392	0.647244	0.434135	0.428338	0.942752	0.629073	1.23319	0.315862	0.827672	0.856355	0.895213	0.764245	0.723983	0.897616	0.280001	0.307744	1.00291	0.589213	0.835606	0.475929	0.433111	0.461678	0.0921527	
0.0573274	0.509871	0.392219	0.271995	0.221974	0.226886	0.59345	0.34053	0.852227	0.207507	0.659326	0.662573	0.722488	0.436947	0.365019	0.579264	0.354261	0.249249	0.636186	0.213218	0.504538	0.423156	0.0925192	0.184092	0.293734	
0.328618	0.411525	0.653513	0.406712	0.51774	0.523778	0.727722	0.091151	0.848282	0.501028	0.934066	0.927615	0.992772	0.628776	0.261951	0.762198	0.632818	0.248263	0.723388	0.37039	0.680687	0.722652	0.209725	0.468181	0.46051	
0.676873	0.80548	0.268504	0.524691	0.471579	0.473702	0.387689	0.900521	0.781776	0.578574	0.137758	0.0796238	0.134951	0.314653	0.780201	0.261013	0.630257	0.905234	0.5014	0.544438	0.307902	0.444653	0.721309	0.480344	0.84071	
0.614547	0.0884077	0.712936	0.413022	0.697914	0.707741	0.562423	0.322046	0.490502	0.749409	0.974148	0.943494	1.01377	0.580525	0.194923	0.658948	0.904816	0.64675	0.494741	0.435644	0.590859	0.911196	0.48634	0.630399	0.823405	
0.16229	0.44867	0.501912	0.305574	0.349983	0.355547	0.64096	0.218624	0.840702	0.332898	0.777551	0.77598	0.838696	0.510015	0.291304	0.650629	0.470758	0.196457	0.661999	0.25417	0.571046	0.553001	0.0449075	0.304684	0.341975	
0.337966	0.610613	0.734685	0.548757	0.555313	0.557918	0.88315	0.289194	1.04232	0.495275	1.0003	1.00517	1.0643	0.755932	0.45779	0.896607	0.589011	0.128685	0.895091	0.499525	0.816902	0.726991	0.287692	0.526298	0.350888	
0.618846	0.422658	0.383111	0.305217	0.524255	0.533479	0.0542178	0.637702	0.373436	0.636127	0.548656	0.501744	0.566899	0.196865	0.464937	0.172624	0.76739	0.800172	0.0841179	0.361658	0.145026	0.66218	0.575177	0.476191	0.851609	
0.512761	0.139669	0.5021	0.225541	0.53014	0.540492	0.342656	0.37871	0.411067	0.607647	0.751711	0.718483	0.788567	0.355091	0.192613	0.431815	0.76199	0.624537	0.296104	0.269398	0.362782	0.730085	0.413523	0.463625	0.747152	
0.47375	0.350142	0.751948	0.469973	0.644707	0.651944	0.755156	0.0990551	0.797677	0.643486	1.03452	1.02094	1.08883	0.691979	0.243278	0.812841	0.781626	0.39738	0.726996	0.450353	0.732496	0.856958	0.34443	0.588075	0.614733	
0.762646	0.24528	0.702115	0.466209	0.768551	0.778924	0.418168	0.571661	0.210036	0.853755	0.911904	0.867985	0.93451	0.525364	0.395523	0.541598	1.0064	0.860205	0.313065	0.515743	0.500604	0.956302	0.658832	0.704039	0.995899	
0.590257	0.625624	0.213654	0.370157	0.418415	0.42432	0.211874	0.750889	0.614547	0.53697	0.296572	0.249293	0.315487	0.146704	0.613802	0.0868465	0.631097	0.809497	0.326495	0.402528	0.124302	0.479399	0.60343	0.400887	0.790412	
0.512828	0.317286	0.767868	0.47686	0.673509	0.681239	0.744943	0.13257	0.762013	0.679997	1.04962	1.03318	1.10189	0.695119	0.232449	0.810261	0.821722	0.449205	0.708982	0.463663	0.731081	0.88816	0.380437	0.614297	0.663891	
0.638156	0.792098	0.231343	0.500656	0.430612	0.4324	0.393405	0.872784	0.793071	0.536205	0.116098	0.066473	0.135033	0.299268	0.758828	0.266335	0.586527	0.866898	0.508032	0.516621	0.302413	0.401362	0.687043	0.442062	0.798279	
0.592198	0.729537	0.183504	0.439192	0.391488	0.39449	0.341248	0.813281	0.74389	0.502516	0.168484	0.127143	0.196979	0.236697	0.696656	0.215806	0.567906	0.819906	0.455796	0.457067	0.243243	0.393254	0.633499	0.395515	0.764188	
0.13748	0.483387	0.501633	0.325659	0.337936	0.342644	0.660463	0.248639	0.871353	0.310149	0.773319	0.774404	0.835672	0.522437	0.326309	0.664104	0.443074	0.170179	0.686169	0.271584	0.585559	0.534713	0.0555202	0.298189	0.306809	
0.646077	0.831683	0.247203	0.531986	0.433357	0.433967	0.44207	0.89865	0.842346	0.53273	0.0666511	0.0273204	0.0960782	0.339468	0.791903	0.315172	0.570008	0.875048	0.556748	0.543589	0.347962	0.378958	0.703864	0.452173	0.793601	
0.493761	0.264166	0.394953	0.17112	0.460606	0.470898	0.229837	0.45688	0.41725	0.554716	0.631875	0.596554	0.666381	0.234092	0.28352	0.308484	0.702903	0.64656	0.214401	0.228717	0.238288	0.643642	0.422855	0.398702	0.732248	
0.481411	0.80348	0.178595	0.472225	0.26465	0.26151	0.524984	0.792561	0.922908	0.3417	0.198511	0.229527	0.266223	0.359276	0.725336	0.414998	0.360395	0.705373	0.632664	0.460613	0.405146	0.16924	0.567291	0.307043	0.595942	
0.296921	0.528558	0.131172	0.194331	0.149559	0.158752	0.377277	0.525101	0.724238	0.264148	0.41323	0.405264	0.470503	0.193286	0.444769	0.327161	0.393335	0.519658	0.455214	0.18039	0.264559	0.319086	0.328345	0.110345	0.502454	
