10	30
111.776	143.64
77.6395	122.326
169.475	13.6855
33.9288	97.0297
24.0556	34.3232
108.139	64.2046
173.157	87.5304
46.6191	91.8936
171.128	153.254
137.289	120.592
3.77822
24.0025
20.9845
5.12597
8.05996
15.5295
8.76112
1.37784
24.7641
15.9273
23.1764
13.7653
25.8057
23.081
9.66416
0.32802
14.8233
27.032
18.2422
9.58258
22.4863
10.5064
3.10714
10.3363
21.2833
20.5537
15.7204
16.6502
29.2053
20.5788
0.654093	0.115238	0.601957	0.346478	0.949106	0.826582	0.70002	0.540421	0.593279	0.516333	0.249522	0.184478	0.353531	0.662061	0.336662	0.59811	0.796745	0.061948	0.435667	0.56274	0.309496	0.583556	0.304775	0.379928	0.393779	0.818724	0.158713	0.512438	0.776008	0.624089	
0.648566	0.0665105	0.562681	0.434349	0.872238	0.661472	0.654141	0.373788	0.508094	0.354205	0.0819641	0.24991	0.190004	0.517844	0.1806	0.429486	0.754975	0.119921	0.263942	0.549435	0.2151	0.53657	0.35643	0.426446	0.283123	0.690652	0.323767	0.341724	0.683811	0.452266	
0.202087	0.734115	0.192365	0.574347	0.219501	0.741604	0.0959598	0.887745	0.27891	0.6348	0.774666	0.967724	0.823927	0.516278	0.639778	0.709394	0.0121681	0.802671	0.77787	0.24853	0.95027	0.214068	0.528884	0.475267	0.992376	0.435642	0.802694	0.825344	0.23197	0.841563	
0.448167	0.453304	0.308728	0.55136	0.471358	0.38641	0.349177	0.463998	0.15188	0.208335	0.42077	0.683265	0.433438	0.144768	0.267303	0.285632	0.436763	0.532593	0.364653	0.370501	0.588123	0.274617	0.452655	0.462192	0.608621	0.262596	0.646584	0.402013	0.271879	0.415586	
0.562741	0.39754	0.427517	0.589695	0.600841	0.335205	0.479246	0.329232	0.282357	0.0748558	0.32614	0.607553	0.315109	0.157923	0.180229	0.166316	0.56982	0.473833	0.234473	0.475546	0.479537	0.392822	0.48702	0.515925	0.488901	0.342751	0.627612	0.267292	0.401262	0.287533	
0.562312	0.161141	0.524317	0.241026	0.883559	0.839064	0.623103	0.599769	0.539661	0.530032	0.30951	0.287129	0.41761	0.650264	0.352789	0.621708	0.716446	0.155245	0.483005	0.475451	0.404157	0.509976	0.204906	0.278923	0.485906	0.788995	0.118987	0.563106	0.721843	0.668236	
0.70083	0.521389	0.561602	0.747061	0.659648	0.189992	0.596877	0.288339	0.402247	0.120925	0.41655	0.703689	0.364205	0.159309	0.300891	0.0671709	0.677195	0.591574	0.258038	0.620175	0.534407	0.527433	0.644344	0.674003	0.51794	0.33934	0.767206	0.240013	0.469861	0.191977	
0.837731	0.385167	0.715701	0.729849	0.920182	0.456244	0.783465	0.0569736	0.592331	0.252977	0.237075	0.474414	0.130658	0.440819	0.260047	0.24057	0.879286	0.424222	0.0945623	0.740654	0.261102	0.682174	0.637223	0.694968	0.219964	0.634458	0.640823	0.0678731	0.720849	0.171421	
0.411744	0.206898	0.338531	0.260296	0.681718	0.670752	0.435191	0.52825	0.330557	0.377625	0.29128	0.43724	0.380681	0.458583	0.231769	0.478735	0.53382	0.272222	0.398423	0.313574	0.452586	0.317601	0.15926	0.210581	0.515122	0.582604	0.323581	0.476067	0.513282	0.559419	
0.520797	0.461571	0.381376	0.604408	0.518617	0.321143	0.41931	0.406377	0.222946	0.149651	0.405395	0.681385	0.400244	0.0940369	0.254419	0.215817	0.503994	0.539889	0.318937	0.442145	0.563345	0.34727	0.503417	0.520305	0.574272	0.261195	0.675359	0.345612	0.31976	0.347929	
