10	20
56.8167	105.162
55.7298	127.494
16.7514	74.0277
178.094	75.2032
85.5453	58.216
67.3968	132.235
70.4548	24.7947
164.764	92.9284
158.747	114.242
3.07096	156.758
55.8262
46.4287
41.5074
29.9412
47.299
59.6714
55.4803
15.7932
22.3509
10.5719
7.91545
53.1119
19.273
47.1894
8.00395
9.45737
13.1831
2.63838
49.0019
46.0632
0.632404	0.463574	0.545869	0.285413	0.944182	0.455361	0.645736	0.33798	0.671598	0.62955	0.764023	0.654095	0.282541	0.341848	0.44057	0.754683	0.672393	0.216846	0.173124	0.920789	
0.49999	0.698572	0.490422	0.321178	0.633262	0.694419	0.462988	0.126976	0.711242	0.417409	0.653642	0.327318	0.710886	0.420913	0.377254	0.574132	0.407912	0.623814	0.514453	0.637049	
0.343783	0.231466	0.237717	0.542875	0.718212	0.228314	0.38292	0.460621	0.336234	0.390098	0.448042	0.493548	0.540009	0.0556893	0.183888	0.470263	0.457456	0.523834	0.215899	0.677369	
0.302687	0.762156	0.390676	0.73754	0.209266	0.76314	0.232645	0.543389	0.584344	0.194409	0.392723	0.100959	1.02774	0.513998	0.382727	0.268478	0.117551	0.966614	0.73842	0.217019	
0.687538	0.310295	0.579678	0.551588	1.05823	0.30132	0.72598	0.59142	0.610519	0.728983	0.780224	0.807728	0.245978	0.386905	0.519795	0.813685	0.79113	0.292419	0.158515	1.02002	
0.819538	0.588474	0.730208	0.332827	1.1291	0.57952	0.833774	0.465872	0.838124	0.817194	0.948114	0.833932	0.15365	0.523335	0.627994	0.942421	0.858261	0.045918	0.309166	1.10746	
0.463779	0.0783354	0.361542	0.784928	0.85489	0.087385	0.527493	0.723133	0.259664	0.557299	0.486646	0.701037	0.633522	0.311249	0.395674	0.568077	0.633797	0.661485	0.363492	0.800049	
0.546868	0.715617	0.531073	0.274354	0.685376	0.710901	0.512433	0.0864503	0.748338	0.467821	0.701138	0.380006	0.686351	0.444561	0.414238	0.624628	0.460287	0.594889	0.51258	0.689754	
0.419192	0.108982	0.308179	0.629189	0.808584	0.105198	0.470618	0.571112	0.317836	0.48741	0.491043	0.607168	0.525504	0.177908	0.293102	0.540435	0.559672	0.534705	0.222359	0.7618	
0.379809	0.450754	0.319579	0.364221	0.663963	0.446382	0.378444	0.241863	0.509978	0.355149	0.52723	0.376526	0.556463	0.181158	0.19649	0.492806	0.392776	0.49707	0.290042	0.642258	
