15	40
63.0951	49.4562
82.3748	152.535
89.4936	119.79
28.0988	78.2149
9.2568	22.9011
16.4404	127.296
52.517	84.1558
45.4029	134.347
65.825	146.223
14.0054	113.928
13.4715	127.678
56.4771	97.636
56.7605	136.916
49.2362	143.033
65.6217	105.16
9.61612
39.5674
24.0014
33.4984
15.0269
4.59314
15.4235
17.9772
31.2125
40.4116
16.3248
21.483
33.2914
32.0828
36.344
30.8854
31.3245
2.77079
8.41259
14.3809
0.436054
4.37294
23.1327
34.9409
21.0455
29.278
10.1495
1.96455
23.7842
11.3401
33.0385
33.2754
6.48016
11.046
0.0797071
5.1542
32.3193
13.4948
36.6587
29.0152
0.602937	0.978433	0.433833	0.811713	0.707567	0.631535	0.933186	0.712264	0.280409	0.445563	0.988852	0.655091	1.02183	0.911158	0.624078	0.301901	0.689074	0.675989	0.410723	0.430613	0.611766	0.972264	0.523442	0.712584	0.236232	0.61746	1.08862	0.237887	0.370111	0.305367	0.918462	0.214188	0.951731	0.53607	0.288511	0.665684	0.676819	0.847443	0.882543	0.124575	
0.515348	0.10715	0.588955	0.169282	0.378267	0.356292	0.229416	0.308741	0.767813	0.770851	0.205498	0.757083	0.0653937	0.296046	0.6097	0.732494	0.694745	0.28894	0.796626	0.584197	0.80868	0.0297694	0.883909	0.244361	0.912083	0.375826	0.145619	0.825591	0.82592	0.661868	0.425443	0.76597	0.240123	0.643566	0.728731	0.41377	0.584175	0.110992	0.514868	0.897518	
0.491328	0.110065	0.488239	0.158919	0.270093	0.310056	0.162235	0.28789	0.70486	0.730765	0.287564	0.649423	0.166877	0.216528	0.501517	0.669784	0.587951	0.196958	0.691132	0.527582	0.700467	0.109197	0.775974	0.166804	0.848859	0.274132	0.216333	0.72831	0.776872	0.572262	0.472166	0.675068	0.307363	0.613901	0.632264	0.305514	0.476918	0.0519	0.549749	0.823042	
0.171408	0.462439	0.347716	0.241007	0.375313	0.0502877	0.481852	0.129662	0.364426	0.377926	0.405698	0.659923	0.466577	0.500842	0.518117	0.329219	0.629262	0.207349	0.568499	0.179262	0.678854	0.42786	0.698252	0.195005	0.508159	0.253559	0.54933	0.518125	0.423782	0.331018	0.380158	0.429114	0.36988	0.271856	0.426869	0.366621	0.531693	0.310751	0.390502	0.505168	
0.879181	0.696936	0.416919	0.749666	0.398581	0.722608	0.568513	0.783164	0.815361	0.9628	0.936829	0.0986459	0.81014	0.50119	0.199978	0.796825	0.0888983	0.568497	0.344624	0.759522	0.157068	0.754386	0.279799	0.626094	0.905463	0.478393	0.808684	0.515589	0.945773	0.549951	1.0546	0.571707	0.941639	0.933538	0.4903	0.378633	0.192763	0.683268	1.09455	0.804121	
0.536069	0.646294	0.0685658	0.555466	0.331545	0.435672	0.571093	0.517412	0.414464	0.568026	0.757087	0.312793	0.719862	0.536118	0.234742	0.397107	0.320608	0.371566	0.160919	0.383369	0.302652	0.663423	0.293451	0.427026	0.508803	0.280886	0.765627	0.185505	0.545464	0.149364	0.786562	0.18649	0.738536	0.559427	0.107486	0.287003	0.28435	0.547071	0.796155	0.416332	
0.522868	0.1241	0.457832	0.209594	0.21847	0.334123	0.113766	0.32641	0.709629	0.750476	0.35016	0.594375	0.214954	0.158133	0.448903	0.675071	0.531095	0.188722	0.650855	0.539064	0.647782	0.157178	0.728354	0.178119	0.852327	0.246311	0.243941	0.700863	0.790624	0.555022	0.529773	0.655479	0.369276	0.640743	0.606476	0.257473	0.421024	0.105734	0.603798	0.817887	
0.639627	0.863475	0.2819	0.747434	0.552748	0.596826	0.792251	0.682135	0.394559	0.57334	0.943681	0.42995	0.930002	0.756968	0.419692	0.39616	0.469914	0.576654	0.184048	0.461847	0.383689	0.874974	0.297056	0.626756	0.424835	0.494395	0.98151	0.0402486	0.519685	0.22615	0.931535	0.137478	0.917466	0.617561	0.137464	0.508141	0.474635	0.754638	0.92025	0.307959	
0.26696	0.839522	0.547812	0.602797	0.714667	0.422171	0.859121	0.464708	0.180632	0.00165965	0.712285	0.881299	0.828625	0.8719	0.775323	0.180951	0.878686	0.576592	0.692855	0.225989	0.870822	0.797551	0.834981	0.573767	0.237174	0.587637	0.917653	0.551283	0.0869822	0.422186	0.555887	0.448537	0.661158	0.141573	0.509193	0.691037	0.809559	0.686956	0.489681	0.322776	
0.102678	0.580614	0.570643	0.332256	0.592798	0.231343	0.643901	0.204343	0.433522	0.340766	0.383204	0.890607	0.535392	0.680482	0.749228	0.405696	0.86034	0.411725	0.783204	0.281998	0.907336	0.519448	0.918543	0.37441	0.55374	0.478729	0.630137	0.70411	0.42022	0.52102	0.219466	0.603407	0.328931	0.200298	0.623101	0.590545	0.7616	0.436845	0.18101	0.598487	
0.507475	0.657993	0.0774567	0.551343	0.353722	0.419591	0.590042	0.503083	0.373	0.528333	0.751326	0.353838	0.725733	0.559049	0.27501	0.356177	0.36235	0.373551	0.184025	0.349151	0.341115	0.670239	0.322688	0.426149	0.467398	0.288931	0.776018	0.166832	0.504236	0.108402	0.768082	0.149499	0.729884	0.524388	0.0763811	0.309936	0.323431	0.551059	0.77297	0.376478	
0.165368	0.527507	0.593168	0.283936	0.579351	0.229665	0.602556	0.176031	0.500166	0.416152	0.309769	0.900265	0.472178	0.645075	0.754224	0.470607	0.864388	0.39588	0.812471	0.336854	0.922643	0.461454	0.943625	0.350137	0.624985	0.474574	0.567479	0.747328	0.494486	0.561138	0.152642	0.649944	0.254793	0.275368	0.661628	0.582841	0.761131	0.390936	0.145239	0.663723	
0.829561	0.527041	0.440894	0.628718	0.289554	0.649998	0.392905	0.693312	0.84464	0.965927	0.797255	0.25809	0.645622	0.322785	0.223389	0.819443	0.18903	0.472982	0.467918	0.746143	0.329048	0.59338	0.450659	0.521792	0.9574	0.405314	0.630778	0.616333	0.966789	0.589134	0.94943	0.642619	0.811371	0.908379	0.561845	0.292247	0.17196	0.544645	1.00463	0.871736	
0.376247	0.454789	0.727159	0.279023	0.630525	0.360376	0.567062	0.27609	0.708512	0.630323	0.152864	0.993914	0.359478	0.626263	0.84177	0.677282	0.945436	0.461556	0.952703	0.53471	1.02909	0.375417	1.07182	0.402091	0.837504	0.558783	0.44865	0.916504	0.708915	0.729564	0.0984196	0.827028	0.107577	0.489702	0.824129	0.6487	0.834896	0.366366	0.200235	0.869353	
0.689435	0.772881	0.224198	0.707882	0.440786	0.594934	0.68063	0.676315	0.519632	0.689018	0.910299	0.247891	0.857331	0.634186	0.259003	0.510564	0.291193	0.519037	0.00233565	0.52753	0.203973	0.799689	0.144956	0.577061	0.582423	0.422528	0.893731	0.172565	0.651604	0.275722	0.945872	0.25046	0.894257	0.700544	0.181368	0.397143	0.31381	0.689335	0.954183	0.472083	
