25	25
42.0948	16.7588
75.3638	34.5378
76.3851	100.445
79.1161	65.7205
7.5512	59.1822
34.564	108.962
14.3905	151.766
63.9693	105.53
55.2214	153.844
4.96654	132.61
40.9106	101.129
50.7834	140.874
20.2696	150.343
34.6597	87.751
17.3864	143.702
47.2463	85.4401
31.05	40.481
69.3829	138.477
47.6815	78.0568
19.9429	66.3064
10.7707	65.638
60.6481	154.041
45.0777	24.4454
22.5561	34.7468
49.9962	148.157
2.70816
97.9388
13.4086
19.8916
26.881
67.2978
25.4227
53.0552
71.8192
115.44
13.1337
112.704
95.1547
39.9209
84.137
8.66742
125.582
92.9314
119.578
48.3693
118.981
24.0705
56.764
104.403
54.371
0.40694	0.25743	0.288414	0.281292	0.712858	0.314046	0.542197	0.589393	0.114252	0.469426	0.42116	0.410813	0.458999	0.949753	0.30346	0.484304	0.229078	0.151614	0.419075	0.319759	0.594869	0.582688	0.0598943	0.636621	0.123487	
0.528553	0.936052	0.428549	0.578672	0.0851167	0.53247	0.160832	0.233561	0.741127	0.212749	0.544965	0.286137	0.426425	0.562235	0.38469	0.860503	0.464943	0.796418	0.964004	0.958936	0.301327	1.00172	0.623666	0.748705	0.641486	
0.196553	0.770259	0.244623	0.588796	0.322751	0.246546	0.219346	0.13086	0.625977	0.256372	0.640448	0.205194	0.562125	0.427999	0.354395	0.52388	0.310641	0.673817	0.667457	0.844469	0.0853393	0.663022	0.467957	0.391402	0.430007	
0.630389	0.402508	0.442771	0.0992614	0.738684	0.541454	0.591075	0.68675	0.219811	0.503532	0.192986	0.492101	0.295015	1.09639	0.332172	0.775	0.380322	0.250425	0.70441	0.34066	0.72017	0.87584	0.301709	0.894834	0.398917	
0.360439	0.539212	0.490333	0.735919	0.868787	0.357121	0.724129	0.681381	0.566424	0.701477	0.864677	0.61635	0.863649	0.846396	0.633189	0.0441416	0.496919	0.572422	0.175697	0.678651	0.637503	0.124688	0.466941	0.324673	0.372	
0.331232	0.404119	0.400542	0.600357	0.818094	0.290687	0.659735	0.641523	0.421387	0.621754	0.733411	0.538555	0.743377	0.876993	0.52462	0.169314	0.391093	0.427282	0.144587	0.539473	0.610477	0.254817	0.330985	0.407699	0.240891	
0.248052	0.866857	0.421262	0.784862	0.509328	0.340868	0.444772	0.332822	0.766858	0.486553	0.855041	0.42924	0.78619	0.353534	0.563285	0.452376	0.482783	0.805926	0.649225	0.96807	0.263814	0.571421	0.606406	0.215925	0.537462	
0.144691	0.505553	0.100384	0.42173	0.519864	0.0552783	0.356511	0.357196	0.379669	0.317318	0.522787	0.2336	0.493381	0.682359	0.252711	0.377819	0.122683	0.421698	0.448126	0.588836	0.344422	0.514084	0.218537	0.412769	0.164554	
0.549075	0.699304	0.354176	0.274347	0.40334	0.49688	0.300696	0.424348	0.49026	0.228486	0.216172	0.280411	0.0988645	0.836606	0.202572	0.827657	0.338732	0.543237	0.854578	0.685319	0.48212	0.960262	0.43034	0.826351	0.493784	
0.279118	0.360416	0.292073	0.480412	0.725758	0.21024	0.561049	0.560331	0.322693	0.514249	0.611397	0.433826	0.619998	0.845276	0.404158	0.266824	0.273323	0.340274	0.252789	0.478423	0.539969	0.374229	0.211091	0.442251	0.117921	
0.489178	0.988259	0.450824	0.680931	0.0662599	0.51941	0.193611	0.16833	0.808051	0.278792	0.669561	0.320423	0.556436	0.412213	0.459982	0.81936	0.502794	0.862147	0.953263	1.03093	0.216361	0.958559	0.671223	0.663889	0.667258	
0.226588	0.469667	0.3236	0.580155	0.722064	0.197173	0.568758	0.541404	0.440379	0.538913	0.703797	0.454141	0.697057	0.77282	0.465016	0.164308	0.328745	0.458959	0.245516	0.593932	0.507285	0.292937	0.316151	0.32843	0.218843	
0.364705	0.434718	0.173493	0.196947	0.54139	0.280244	0.374158	0.44398	0.241387	0.294186	0.304328	0.250827	0.301656	0.838734	0.118998	0.565561	0.110885	0.296158	0.562695	0.463676	0.465754	0.688044	0.135736	0.637751	0.202388	
0.551383	0.711979	0.358592	0.288032	0.39243	0.501169	0.293938	0.418369	0.503044	0.224205	0.228359	0.279662	0.109597	0.829174	0.209681	0.833449	0.34546	0.556164	0.863346	0.698792	0.477194	0.966707	0.440905	0.82767	0.502825	
0.417062	0.49784	0.525854	0.739127	0.922368	0.401043	0.772183	0.737782	0.55056	0.742995	0.872758	0.658314	0.881748	0.917812	0.65912	0.116817	0.523901	0.54962	0.108897	0.640616	0.697419	0.121667	0.470044	0.397248	0.380202	
0.170353	0.539133	0.0388518	0.393897	0.461255	0.103919	0.295031	0.308341	0.391768	0.2524	0.482063	0.169213	0.441682	0.661416	0.199617	0.440506	0.0884756	0.438879	0.511966	0.609432	0.305648	0.577904	0.23293	0.450422	0.20439	
0.570062	0.822865	0.403068	0.412108	0.289818	0.538886	0.240981	0.364819	0.615926	0.205921	0.349985	0.286003	0.228372	0.753238	0.285835	0.878789	0.409701	0.670254	0.935808	0.818863	0.431435	1.01687	0.53425	0.832215	0.581882	
0.57164	0.822819	0.749315	1.03175	1.05597	0.606874	0.938784	0.864394	0.867469	0.937321	1.15588	0.854382	1.14327	0.891563	0.904716	0.289282	0.770681	0.871572	0.420662	0.966186	0.805394	0.207668	0.764711	0.364585	0.668203	
0.211338	0.422129	0.245321	0.48574	0.668224	0.145421	0.506749	0.497992	0.359778	0.466567	0.60891	0.38366	0.60413	0.777658	0.375802	0.259011	0.240105	0.385183	0.297625	0.533344	0.47475	0.383522	0.224488	0.391826	0.127874	
0.47041	0.194499	0.355978	0.294484	0.776238	0.37825	0.606135	0.656536	0.0692101	0.531118	0.436337	0.475748	0.490119	1.01711	0.359608	0.516449	0.295687	0.0884103	0.422117	0.252591	0.662702	0.602541	0.12697	0.68949	0.181926	
0.60158	0.679797	0.39977	0.235711	0.478026	0.541351	0.376163	0.498847	0.470956	0.301166	0.147908	0.345196	0.0261714	0.912398	0.239676	0.862748	0.373207	0.521053	0.871326	0.650754	0.555024	0.991294	0.436729	0.881604	0.511225	
0.376882	0.720295	0.225881	0.392135	0.255899	0.351864	0.101304	0.21564	0.528088	0.0165736	0.399146	0.0936676	0.301899	0.632626	0.172808	0.691615	0.252171	0.583164	0.767362	0.748452	0.270468	0.831259	0.407619	0.639856	0.43014	
0.627761	0.829099	0.449942	0.398638	0.356041	0.589653	0.311379	0.435893	0.620013	0.269123	0.314337	0.344486	0.194667	0.823738	0.315801	0.927771	0.447685	0.672839	0.971606	0.812511	0.502066	1.06403	0.55576	0.894956	0.612938	
0.175317	0.565153	0.331415	0.635069	0.683951	0.189347	0.543345	0.495844	0.521592	0.528251	0.749115	0.443573	0.727429	0.687317	0.487364	0.158279	0.354907	0.545194	0.316484	0.686574	0.452223	0.299471	0.383366	0.234088	0.288581	
0.382092	0.671259	0.206104	0.334355	0.311893	0.343105	0.158597	0.266955	0.475405	0.0711318	0.346883	0.104747	0.257133	0.684768	0.118926	0.682425	0.218033	0.530672	0.742198	0.694253	0.316422	0.820079	0.362658	0.654735	0.394902	
