15	40
53.386	91.305
5.57011	70.01
26.014	117.24
13.4142	114.765
0.159375	152.69
12.3394	46.7494
36.3966	24.7971
35.1534	12.5349
49.4214	23.0237
87.57	18.0682
89.0852	70.1731
14.1744	158.452
32.2417	121.764
54.9971	124.232
66.719	34.2934
2.59451
5.82961
24.1819
3.3345
2.96411
14.5487
3.44511
12.1407
6.55373
4.9711
9.04684
28.216
15.0678
1.906
17.3057
18.3423
14.5969
28.5597
25.2557
24.8866
26.7144
28.052
6.73703
31.3498
10.636
18.2901
10.8479
5.11636
7.5166
24.5413
19.3
13.3009
31.797
8.85288
20.0976
2.5547
18.199
10.2544
0.364886
31.7783
0.236479	0.141081	0.514024	0.449248	0.307101	0.283721	0.492391	0.271883	0.753208	0.416166	0.273303	0.438817	0.940084	0.115656	0.302186	0.543447	0.175078	0.62921	0.323636	0.87586	0.219908	0.299814	0.649989	0.425498	0.562652	0.269716	0.184549	0.0662782	0.26454	0.187164	0.615518	0.167776	0.762101	0.271423	0.137801	0.740557	0.709298	0.860151	0.52209	0.0633577	
0.244405	0.497548	0.371433	0.617122	0.0977085	0.235776	0.263547	0.596262	0.416661	0.623783	0.602364	0.524	0.647498	0.474036	0.226183	0.523163	0.5245	0.32345	0.669246	0.646742	0.576831	0.557844	0.710211	0.174508	0.38555	0.624427	0.219223	0.302436	0.620787	0.430457	0.378682	0.243462	0.798946	0.562366	0.484448	0.784662	0.38232	0.571716	0.198054	0.397455	
0.115412	0.409386	0.307766	0.489312	0.161504	0.269655	0.373829	0.478579	0.484793	0.494511	0.485867	0.40278	0.678222	0.381078	0.270455	0.424246	0.443488	0.361618	0.557871	0.637678	0.476642	0.430661	0.598408	0.161313	0.487395	0.520424	0.197875	0.204523	0.532176	0.305655	0.36727	0.21557	0.693922	0.438836	0.405064	0.677747	0.440463	0.598829	0.32717	0.320837	
0.578578	0.935054	0.378962	0.810876	0.585773	0.721997	0.652498	0.956053	0.12667	0.85629	0.966641	0.675781	0.160846	0.904415	0.709329	0.552493	0.97181	0.16948	1.04847	0.259095	0.990261	0.861403	0.742347	0.371272	0.76813	1.02716	0.703199	0.730867	1.05545	0.772574	0.224833	0.72616	0.768364	0.895184	0.934212	0.768525	0.119562	0.0965981	0.504778	0.850993	
0.547503	0.796522	0.559842	0.907378	0.358072	0.448739	0.280422	0.90927	0.302268	0.923463	0.915146	0.796823	0.574808	0.776799	0.428541	0.749733	0.817223	0.339038	0.980169	0.670758	0.882384	0.86798	0.952858	0.381024	0.369445	0.931798	0.495051	0.611838	0.917266	0.742522	0.473104	0.518868	1.02169	0.875076	0.777256	1.01253	0.313574	0.522903	0.153191	0.691984	
0.367901	0.57487	0.47983	0.741764	0.136576	0.233261	0.154185	0.699608	0.417666	0.746083	0.704335	0.649749	0.676654	0.556446	0.214894	0.643389	0.594455	0.366487	0.764884	0.711009	0.662867	0.673598	0.833972	0.277306	0.279858	0.713205	0.272057	0.397431	0.694813	0.543872	0.456717	0.295797	0.92018	0.672899	0.55457	0.906645	0.398168	0.607273	0.0795451	0.469799	
0.431176	0.700582	0.274507	0.300059	0.675978	0.777821	0.877842	0.585273	0.670015	0.367687	0.598685	0.201397	0.652686	0.666935	0.782097	0.0915426	0.746429	0.534906	0.678245	0.475646	0.692265	0.453307	0.137598	0.463993	0.997889	0.699904	0.684391	0.574162	0.779426	0.462755	0.39944	0.691883	0.188413	0.510292	0.726352	0.178871	0.617284	0.592538	0.789656	0.682188	
0.250867	0.466141	0.410325	0.624909	0.048837	0.186916	0.237118	0.579193	0.461856	0.626204	0.584354	0.540227	0.695998	0.444772	0.177654	0.552263	0.4903	0.372123	0.647363	0.694834	0.549642	0.551427	0.733368	0.218599	0.354196	0.598723	0.176596	0.278966	0.588469	0.421626	0.425916	0.201182	0.825899	0.550879	0.450133	0.810636	0.429193	0.620423	0.201231	0.363492	
0.462138	0.82157	0.264916	0.696391	0.495778	0.633782	0.594515	0.837454	0.163714	0.739898	0.848119	0.562068	0.256539	0.790316	0.623302	0.447486	0.859431	0.0809418	0.930181	0.267736	0.874012	0.742662	0.644362	0.260566	0.716371	0.910004	0.603475	0.618538	0.94089	0.65414	0.112402	0.625469	0.68194	0.776342	0.822496	0.679422	0.115578	0.177393	0.453009	0.740673	
0.382489	0.103942	0.632605	0.403618	0.511093	0.477443	0.692017	0.109893	0.932988	0.345919	0.102296	0.455658	1.09314	0.10024	0.49747	0.59898	0.130851	0.79914	0.121783	1.00035	0.0355864	0.220589	0.642008	0.595098	0.751837	0.0681351	0.386149	0.254339	0.122919	0.206722	0.759673	0.36687	0.755481	0.164006	0.144399	0.731752	0.885363	1.01351	0.7261	0.195061	
0.189243	0.176606	0.46465	0.405341	0.303512	0.304201	0.502632	0.263233	0.721756	0.377226	0.267222	0.387698	0.899069	0.145484	0.320614	0.490343	0.216267	0.593055	0.328875	0.828562	0.239091	0.267865	0.599556	0.388319	0.582503	0.284417	0.198042	0.0401684	0.296717	0.145271	0.571351	0.186811	0.711143	0.248424	0.182243	0.689837	0.675977	0.819068	0.516977	0.115937	
0.662811	1.02056	0.450976	0.880776	0.669669	0.805154	0.726108	1.03758	0.184853	0.928993	1.04839	0.745152	0.0899345	0.989747	0.79196	0.613517	1.05755	0.255484	1.13074	0.252373	1.07467	0.939908	0.795077	0.457039	0.838382	1.1109	0.78866	0.816576	1.14065	0.854597	0.298661	0.811734	0.810773	0.975404	1.02005	0.813206	0.196382	0.0728466	0.57746	0.936973	
0.385542	0.199433	0.605771	0.318448	0.560553	0.547583	0.755862	0.0101093	0.940731	0.25589	0.0111562	0.3905	1.07819	0.186119	0.566334	0.543258	0.230403	0.800487	0.0948584	0.968936	0.126224	0.139021	0.561402	0.601109	0.825933	0.112271	0.448057	0.297213	0.208221	0.183139	0.743979	0.43201	0.673376	0.0808841	0.240217	0.649336	0.890402	0.999651	0.773492	0.274501	
0.536284	0.74713	0.594092	0.90656	0.312176	0.380803	0.193039	0.876985	0.387699	0.915768	0.881666	0.805203	0.661295	0.730475	0.359688	0.776183	0.763682	0.402733	0.94143	0.744797	0.8374	0.848707	0.975429	0.400688	0.276629	0.888322	0.442101	0.574595	0.864886	0.719759	0.527601	0.464627	1.05207	0.849676	0.724306	1.04104	0.392278	0.605572	0.0978398	0.641414	
0.556019	0.914556	0.350052	0.781775	0.574839	0.711927	0.651514	0.931097	0.141868	0.827791	0.941834	0.646543	0.169673	0.883535	0.699975	0.522294	0.951963	0.154752	1.02404	0.240871	0.967896	0.834806	0.711991	0.351839	0.769151	1.00402	0.688944	0.710976	1.0343	0.747942	0.196091	0.711552	0.738439	0.869433	0.914723	0.738451	0.122672	0.0959607	0.504952	0.832212	
