10	20
171.026	84.772
133.848	123.457
128.994	102.454
126.993	52.0508
13.3572	14.2417
152.87	94.1489
160.494	47.2289
99.0772	118.22
4.45249	13.9609
72.5863	23.3228
9.11154
17.4319
27.1181
16.1442
32.6766
14.8343
9.01074
37.6564
29.4254
5.19896
23.1988
35.5068
25.2663
16.4879
32.5265
20.8837
30.3912
26.0883
11.6108
28.6694
0.183926	0.615752	0.540812	0.813979	0.551533	0.287948	0.187085	0.429872	0.199657	0.666987	0.324443	0.693375	0.212752	0.202056	0.799894	0.395578	0.633854	0.52449	0.677082	0.112501	
0.989644	0.258774	0.541219	0.683424	0.786472	0.61942	0.81304	0.861933	0.929539	0.53382	0.644335	0.336132	0.815649	0.627319	0.163444	0.63043	0.409911	0.685356	0.538727	0.930352	
0.788795	0.159487	0.436396	0.592281	0.671293	0.444886	0.631029	0.715172	0.744041	0.414677	0.449416	0.306984	0.615746	0.429033	0.198751	0.443937	0.283746	0.570974	0.42261	0.734865	
0.674797	0.662382	0.848434	0.186441	1.01672	0.68652	0.767626	0.973111	0.827517	0.14408	0.312271	0.815112	0.451919	0.524381	0.525744	0.24071	0.258446	0.936724	0.144009	0.735489	
0.747061	0.201999	0.0910342	0.905624	0.336285	0.277547	0.458822	0.427245	0.576075	0.717827	0.579384	0.153324	0.666093	0.410078	0.537743	0.616887	0.598214	0.23529	0.727742	0.629604	
0.449876	0.639047	0.418953	1.08351	0.290043	0.284325	0.14808	0.127116	0.163813	0.913416	0.603121	0.642412	0.536356	0.393229	0.9245	0.673437	0.843329	0.319549	0.924266	0.290005	
0.320716	0.69632	0.519048	1.03703	0.425113	0.324189	0.128743	0.265286	0.0340855	0.879413	0.54676	0.726486	0.443315	0.366568	0.948278	0.618657	0.827571	0.441646	0.889945	0.164059	
0.132734	0.693719	0.66977	0.732919	0.703131	0.416084	0.341051	0.583774	0.335629	0.61174	0.27361	0.793818	0.0946582	0.274489	0.818048	0.333555	0.609277	0.66986	0.620655	0.212678	
0.153868	0.857046	0.834608	0.788541	0.85058	0.580284	0.480197	0.717203	0.441333	0.700682	0.395063	0.960552	0.211837	0.441072	0.955845	0.437816	0.724411	0.826195	0.708034	0.310599	
1.03613	0.265351	0.387594	0.957452	0.608161	0.582058	0.771835	0.731179	0.890278	0.787219	0.78299	0.1655	0.915703	0.674624	0.461235	0.795901	0.656069	0.518362	0.794467	0.933818	
