10	20
167.565	24.9759
56.0702	72.2497
124.019	37.0155
18.2464	104.667
106.902	65.5058
131.522	127.293
176.798	134.5
141.629	141.864
170.158	85.941
56.587	102.689
43.0316
1.48082
49.1508
38.048
49.4104
2.86931
41.4318
36.5035
44.9969
55.7951
19.9231
10.8853
12.5863
31.2183
29.4111
11.5813
11.4235
43.1914
32.597
32.2651
0.413856	0.511764	0.591174	0.720885	0.184018	0.493459	0.329161	0.347679	0.445772	0.827578	0.279273	0.806102	0.334842	0.529803	0.819003	0.622319	0.520508	0.591835	0.563092	0.222629	
0.446852	0.146652	0.539274	0.0910396	0.716949	0.353173	0.717058	0.28855	0.196526	0.217009	0.431714	0.315694	0.898585	0.741013	0.187634	0.442733	0.30821	0.186072	0.292323	0.610597	
0.860749	0.591527	0.257385	0.49452	0.961202	0.807604	1.04126	0.60519	0.486699	0.447049	0.768203	0.252376	0.891286	1.14684	0.565266	0.177337	0.77551	0.336372	0.272588	0.910258	
0.139384	0.228766	0.761844	0.425896	0.510624	0.0287162	0.439416	0.27112	0.343507	0.55669	0.242884	0.665098	0.852658	0.40034	0.470626	0.703331	0.0451804	0.483916	0.555887	0.38049	
0.604349	0.689328	0.630882	0.882643	0.29821	0.685866	0.465217	0.524169	0.60336	0.978243	0.471702	0.927031	0.150241	0.681916	0.985359	0.69372	0.712187	0.726306	0.674008	0.391049	
0.352615	0.476514	0.620891	0.695093	0.14848	0.43764	0.273929	0.31666	0.426887	0.807574	0.224111	0.801512	0.39738	0.46796	0.789452	0.640747	0.467745	0.583441	0.566692	0.159756	
0.793285	0.526476	0.226112	0.443019	0.897703	0.741309	0.97497	0.537589	0.419354	0.409692	0.700823	0.2238	0.846558	1.07924	0.521128	0.125053	0.709988	0.272404	0.204977	0.84424	
0.680935	0.381465	0.571355	0.152704	0.940667	0.582307	0.950695	0.508709	0.391886	0.0254129	0.662794	0.17627	1.06514	0.973272	0.154953	0.453783	0.534721	0.263558	0.350755	0.840611	
0.193805	0.126347	0.590597	0.361718	0.455649	0.152816	0.444783	0.0982976	0.182732	0.489128	0.162711	0.55091	0.721065	0.488564	0.441032	0.539569	0.14503	0.345209	0.398776	0.341288	
0.629989	0.332595	0.574242	0.100374	0.898002	0.530036	0.902999	0.466362	0.354633	0.0312683	0.616635	0.207705	1.03992	0.921413	0.113781	0.459139	0.482173	0.244571	0.341772	0.795115	
