10	30
179.446	122.875
161.98	106.601
166.08	31.9518
94.5544	91.2551
27.1981	13.5107
36.8607	112.097
146.133	108.82
113.621	96.7834
75.2833	121.692
54.5247	86.914
20.6925
15.2476
5.33016
38.8442
2.55045
5.96667
15.018
9.72703
33.3566
7.95891
25.8689
19.6304
8.92126
13.7947
38.3544
3.8025
19.5251
27.1386
35.9212
24.6162
23.8582
33.0748
17.6552
36.0007
16.1878
36.6891
27.5896
7.30346
22.557
1.81831
0.559622	0.694379	0.437909	0.458316	0.811107	0.81837	0.905462	0.323411	0.702095	0.820166	0.625162	0.104689	0.803212	0.525065	0.198493	0.223513	0.704686	0.715871	0.541292	0.626464	0.136255	0.78936	0.715419	0.575169	0.681488	0.179364	0.240239	0.795574	0.246626	0.173245	
0.604822	0.716544	0.517974	0.410152	0.820162	0.810512	0.902503	0.3823	0.677444	0.845837	0.592445	0.115272	0.807269	0.476809	0.12133	0.30566	0.707251	0.752787	0.503153	0.605609	0.0904121	0.84652	0.715151	0.495889	0.687005	0.0937725	0.263337	0.86675	0.170926	0.258878	
0.304627	0.463352	0.361774	0.86187	0.606652	0.748206	0.753891	0.443015	0.819868	0.464517	0.840419	0.847152	0.644891	0.891818	0.944303	0.686027	0.621066	0.336122	0.839045	0.762452	0.786127	0.130417	0.646064	1.13557	0.592379	0.908665	0.918266	0.0803179	0.887809	0.614486	
0.493045	0.59271	0.464446	0.324816	0.695336	0.6896	0.779979	0.29155	0.565937	0.722619	0.487773	0.2252	0.683012	0.391032	0.228715	0.339055	0.583159	0.634343	0.404201	0.491261	0.0531211	0.74387	0.591674	0.48025	0.562438	0.183716	0.37168	0.784522	0.165211	0.249552	
0.456786	0.379939	0.673934	0.165215	0.392068	0.321195	0.421841	0.461307	0.167042	0.4974	0.0999047	0.621641	0.359329	0.151638	0.568656	0.707923	0.269338	0.494108	0.083128	0.0979229	0.420176	0.702211	0.262864	0.440599	0.268449	0.518822	0.769811	0.836315	0.400447	0.593493	
0.260052	0.232138	0.553759	0.748629	0.329947	0.486212	0.468504	0.505649	0.607266	0.170518	0.659179	0.922476	0.37507	0.756409	0.973633	0.831702	0.386648	0.117417	0.690077	0.57158	0.796268	0.179786	0.40911	1.03605	0.366633	0.928324	1.03074	0.380428	0.866005	0.72838	
0.257457	0.110162	0.594861	0.640667	0.190604	0.345301	0.333885	0.49387	0.471154	0.0485237	0.530438	0.887076	0.234566	0.640214	0.916093	0.832903	0.249469	0.0986399	0.571004	0.44201	0.737187	0.305665	0.270781	0.926381	0.232884	0.868091	1.00886	0.500418	0.790374	0.720043	
0.437121	0.588232	0.324809	0.454963	0.716612	0.743371	0.823321	0.19649	0.652042	0.709659	0.589326	0.226633	0.714292	0.518248	0.31733	0.215468	0.619072	0.597498	0.517179	0.573153	0.18888	0.661973	0.632945	0.63054	0.592913	0.287584	0.339434	0.670984	0.311298	0.105564	
0.236934	0.0168622	0.578345	0.540848	0.147322	0.278034	0.294315	0.444738	0.378595	0.117544	0.43209	0.815171	0.177551	0.539709	0.832634	0.783514	0.159654	0.136937	0.470556	0.343936	0.65444	0.369004	0.183365	0.826127	0.137777	0.78369	0.943427	0.55042	0.699731	0.666521	
0.746783	0.636509	0.954865	0.272826	0.589591	0.453083	0.544355	0.739598	0.270706	0.732084	0.212083	0.789328	0.544266	0.208142	0.683559	0.934398	0.488971	0.763502	0.225162	0.297507	0.594408	0.983498	0.470556	0.333393	0.503786	0.642467	0.934346	1.12658	0.515301	0.831901	
