10	20
97.0427	103.156
129.782	141.437
174.61	135.767
176.986	124.538
10.8482	47.0805
90.8527	55.4664
90.3565	97.1855
149.391	83.5843
58.4902	155.038
22.501	157.209
8.96293
17.3445
17.3448
19.6346
2.07911
17.1918
0.790914
13.3304
5.54173
9.41107
14.1467
14.0015
16.6361
2.58455
7.19108
3.85246
18.5738
9.12053
8.10772
14.2462
0.414339	0.180225	0.633854	0.129959	0.346518	0.511805	0.479714	0.833452	0.653122	0.535601	0.328169	0.510789	0.336156	0.478841	0.612948	0.513484	0.343667	0.301229	0.59855	0.629218	
0.815342	0.911382	0.927742	0.813155	0.65687	0.488685	0.522631	0.196371	0.337222	0.66738	0.560537	0.526199	0.859783	0.717258	0.776703	0.486701	0.48043	0.478482	0.311642	0.91597	
0.591043	0.239096	0.810322	0.0608407	0.261787	0.678582	0.438323	0.946339	0.798431	0.716318	0.501019	0.465459	0.161439	0.660855	0.794949	0.680018	0.356771	0.342026	0.739408	0.806376	
0.777975	0.968321	0.843751	0.905224	0.805727	0.420852	0.69755	0.0386689	0.223636	0.585877	0.554468	0.706287	0.992422	0.654924	0.680349	0.418414	0.621108	0.602285	0.239942	0.831574	
0.654781	0.42583	0.867519	0.252952	0.0787982	0.615329	0.216653	0.779533	0.682201	0.707535	0.473719	0.245722	0.232236	0.677396	0.807948	0.616011	0.147734	0.161203	0.619245	0.860721	
0.981736	0.928354	1.14273	0.777912	0.520365	0.728651	0.337726	0.526644	0.635042	0.898735	0.721541	0.321304	0.734112	0.923055	1.01484	0.727398	0.411477	0.450297	0.589909	1.13211	
0.548013	0.593341	0.707562	0.506196	0.423876	0.317268	0.372313	0.425583	0.320123	0.471926	0.28598	0.394001	0.593775	0.488025	0.588003	0.316727	0.242407	0.207822	0.25701	0.697172	
0.330753	0.202424	0.549912	0.213386	0.413707	0.44209	0.526976	0.796387	0.597803	0.452582	0.255667	0.558416	0.421496	0.393611	0.527554	0.443953	0.376803	0.325633	0.547151	0.544962	
0.0908681	0.372749	0.303406	0.457719	0.644113	0.318929	0.722075	0.763657	0.516544	0.240344	0.186496	0.752686	0.670568	0.160757	0.287778	0.321404	0.558863	0.499836	0.487396	0.297572	
0.108333	0.429751	0.286458	0.500677	0.663177	0.261353	0.725771	0.712678	0.461092	0.179536	0.156407	0.755662	0.707375	0.106544	0.239677	0.26385	0.56159	0.502076	0.435893	0.278548	
