15	30
93.8642	66.5023
22.6088	33.7969
16.982	10.8031
92.2182	34.6734
56.9157	34.0599
175.052	21.9827
26.0244	43.1727
76.4818	54.6825
120.223	158.642
66.9978	11.2022
150.371	69.2898
37.4689	122.966
90.7909	94.8881
99.7293	118.411
134.5	109.553
26.5177
41.2283
6.52036
30.7307
37.4147
7.29481
34.363
26.9694
12.3069
35.9327
8.16102
1.85816
4.83527
20.6969
26.6753
41.4039
33.3886
1.09344
32.2897
11.6277
30.3936
17.2124
0.605995
37.3146
20.9339
31.1425
17.8698
16.3578
40.213
3.06403
0.482518	0.90672	0.745813	0.648495	0.878623	0.22037	0.40905	0.751518	0.665349	0.591393	0.220512	0.227927	0.681044	0.116439	0.199031	0.590507	0.380834	0.350347	0.510598	1.04889	0.807598	0.640375	0.417816	0.62878	0.468517	0.800831	0.402905	0.913875	0.678435	0.888011	
0.102258	0.449607	0.787387	0.544301	0.590467	0.644373	0.587078	0.583648	0.313322	0.772766	0.542442	0.681995	0.162514	0.564079	0.333066	0.208912	0.593373	0.617697	0.6813	0.589581	0.303608	0.396497	0.359022	0.634747	0.391154	0.387446	0.293865	0.848638	0.193453	0.737805	
0.481477	0.945881	0.829674	0.72256	0.941288	0.299614	0.493498	0.823013	0.714277	0.676785	0.30574	0.300326	0.701426	0.200136	0.229416	0.631419	0.465837	0.435749	0.595844	1.08927	0.83431	0.701004	0.483686	0.709727	0.536763	0.845602	0.369414	0.994706	0.707308	0.963288	
0.102272	0.509898	0.90695	0.663639	0.692895	0.726597	0.696363	0.699677	0.419767	0.886761	0.632437	0.760582	0.209257	0.636844	0.397394	0.320208	0.699762	0.719593	0.794185	0.640821	0.343805	0.51216	0.474716	0.754195	0.509451	0.471192	0.260716	0.966669	0.267859	0.852332	
0.34563	0.830348	0.816907	0.669738	0.858488	0.367265	0.494415	0.761253	0.612666	0.693719	0.328415	0.383297	0.572735	0.259294	0.133654	0.521275	0.474356	0.458908	0.6042	0.974123	0.708901	0.618089	0.418477	0.681954	0.474477	0.737018	0.242041	0.961897	0.584487	0.910184	
0.0844657	0.47549	0.847009	0.603584	0.639921	0.685069	0.641671	0.640876	0.364598	0.82981	0.586956	0.72089	0.176004	0.599667	0.362903	0.262853	0.646484	0.668518	0.737765	0.611305	0.317208	0.453434	0.416752	0.694329	0.450212	0.425904	0.27282	0.907099	0.224479	0.794193	
0.945926	0.751397	0.17111	0.329902	0.441198	0.754338	0.500076	0.310236	0.604591	0.382894	0.689663	0.789833	0.856681	0.806855	0.837183	0.681442	0.533004	0.578227	0.419256	0.801774	0.841661	0.488598	0.565154	0.279836	0.512582	0.658091	1.06806	0.0585422	0.787118	0.209948	
0.406727	0.477976	0.441695	0.216217	0.396415	0.463048	0.287455	0.292818	0.218375	0.441631	0.349319	0.508887	0.387432	0.438115	0.337488	0.206968	0.308487	0.352481	0.357364	0.608132	0.448897	0.158565	0.0682489	0.288673	0.0510875	0.35749	0.529791	0.526215	0.336648	0.446713	
0.486087	0.381917	0.41694	0.155159	0.256268	0.589941	0.37841	0.180663	0.146371	0.483347	0.478888	0.635916	0.386657	0.574566	0.47296	0.207167	0.407233	0.457964	0.416402	0.497746	0.401507	0.0273196	0.205888	0.278538	0.162651	0.260196	0.636878	0.445589	0.320218	0.337019	
0.555779	0.14379	0.615257	0.372613	0.18449	0.83984	0.637435	0.313279	0.17535	0.727419	0.726262	0.88573	0.340184	0.811179	0.662294	0.269135	0.666094	0.716279	0.669516	0.239197	0.258486	0.232308	0.444721	0.50617	0.413744	0.0721292	0.742241	0.561203	0.274236	0.409675	
0.228221	0.355917	0.677575	0.42515	0.459427	0.630328	0.520594	0.4552	0.181841	0.68902	0.519217	0.672468	0.145068	0.567778	0.365655	0.0768087	0.534113	0.568042	0.602391	0.499642	0.24798	0.26769	0.281268	0.527397	0.297998	0.272143	0.409485	0.723531	0.118147	0.607815	
0.175105	0.493275	0.95492	0.70522	0.706745	0.798354	0.759465	0.73178	0.442248	0.946053	0.702771	0.832776	0.204013	0.709402	0.47011	0.35105	0.764574	0.786515	0.854556	0.615812	0.321026	0.545188	0.532206	0.803176	0.562784	0.472236	0.319781	1.00234	0.272498	0.880819	
0.505362	0.457695	0.360925	0.11099	0.307328	0.525638	0.30439	0.182452	0.215976	0.409655	0.417416	0.571417	0.440946	0.519277	0.445716	0.255742	0.334312	0.386113	0.340804	0.572698	0.470128	0.103133	0.162436	0.214319	0.109079	0.335847	0.638726	0.420454	0.378743	0.335673	
0.705276	1.0893	0.767149	0.745925	1.00988	0.18675	0.448523	0.855648	0.835673	0.571975	0.285474	0.147367	0.889687	0.195007	0.41414	0.776697	0.412732	0.361907	0.517904	1.22765	1.00835	0.784973	0.56082	0.68646	0.600046	0.975639	0.623101	0.960068	0.878529	0.970078	
0.106904	0.585449	0.771479	0.557899	0.671908	0.519653	0.515715	0.622661	0.400588	0.7155	0.429004	0.553058	0.314075	0.429276	0.190302	0.296625	0.513281	0.525971	0.620891	0.72832	0.452393	0.44686	0.324328	0.619775	0.372513	0.505497	0.191862	0.868198	0.332227	0.779572	
