15	40
10.3061	153.038
27.6115	144.139
85.8236	10.2996
50.0921	122.884
52.277	16.401
12.0868	137.617
74.3204	64.3067
62.2363	149.536
53.3869	84.4174
19.1234	110.712
10.8309	148.138
74.0165	32.9332
87.1371	149.431
21.6438	80.6145
84.4988	118.062
30.584
1.84933
45.6404
13.2279
27.3754
21.5899
40.4347
44.1658
1.96986
37.4248
9.44235
13.1705
4.75083
4.26522
5.16422
27.3995
8.23725
6.51859
26.328
15.7726
26.3053
29.2031
37.3943
17.821
7.27796
37.5468
29.2191
43.6459
27.2114
26.6633
32.7102
19.6757
31.4931
44.7239
41.8402
24.0732
37.0115
36.2418
42.282
37.3693
0.816733	0.798824	0.274344	0.222593	0.777213	0.79125	0.0714688	0.574639	1.02383	0.348676	0.467332	0.878843	0.179485	0.603985	0.275362	0.772644	0.343032	0.732296	0.160136	0.103651	0.757782	0.365578	0.441459	0.317241	1.05668	0.523564	0.553238	0.220991	0.231451	0.0610429	0.184191	0.503142	0.87333	0.264105	0.622581	0.595626	0.0406753	0.702826	0.780488	0.745265	
0.75876	0.329283	0.639769	0.481307	0.901033	0.557185	0.722863	0.125425	0.71121	0.772444	0.57944	0.8283	0.828031	0.37111	0.75195	0.954926	0.380746	0.417528	0.775858	0.796461	0.205143	0.41443	0.38704	0.388481	0.758673	0.848804	0.147932	0.891813	0.48456	0.651195	0.687729	0.316191	0.809499	0.827249	0.753575	0.974066	0.705691	0.220102	1.08946	0.837456	
0.263988	0.298712	0.391391	0.533039	0.397966	0.159189	0.602483	0.446627	0.391344	0.452177	0.195317	0.336998	0.811539	0.135592	0.482497	0.458416	0.5491	0.159884	0.782695	0.729351	0.366676	0.628072	0.231643	0.508651	0.424663	0.429448	0.473784	0.850638	0.437245	0.572132	0.49185	0.647883	0.321037	0.575709	0.270604	0.547995	0.608952	0.311258	0.615445	0.333595	
0.410881	0.581188	0.143673	0.431957	0.365206	0.452003	0.363183	0.567124	0.669142	0.146191	0.115426	0.467211	0.589175	0.368065	0.188895	0.37437	0.514665	0.458388	0.577217	0.493623	0.608916	0.587178	0.285784	0.465886	0.692367	0.179513	0.574458	0.611026	0.324945	0.36708	0.237858	0.67015	0.464078	0.278372	0.205468	0.302608	0.3819	0.545349	0.443759	0.328656	
0.281438	0.302051	0.687062	0.811715	0.500282	0.138688	0.900304	0.624489	0.0978906	0.730992	0.485099	0.312595	1.10773	0.352481	0.771097	0.57745	0.803262	0.232756	1.0769	1.02691	0.426531	0.878108	0.506808	0.770151	0.140194	0.663564	0.661399	1.14812	0.724795	0.868569	0.788562	0.863033	0.292438	0.863097	0.467221	0.761761	0.906515	0.409519	0.764301	0.447121	
0.479605	0.160709	0.474373	0.46825	0.627071	0.288303	0.633566	0.242771	0.479913	0.582753	0.344615	0.549757	0.804032	0.0980622	0.585936	0.685378	0.431665	0.154203	0.762503	0.741956	0.154108	0.501734	0.20604	0.406324	0.524953	0.615833	0.277829	0.856822	0.408569	0.578998	0.554448	0.477704	0.531308	0.674983	0.489646	0.740737	0.628247	0.0909788	0.833092	0.562833	
0.302442	0.66184	0.356565	0.650853	0.161039	0.45159	0.558705	0.743388	0.617858	0.284358	0.2617	0.329952	0.782366	0.479024	0.355833	0.155487	0.728808	0.519985	0.7783	0.683538	0.725049	0.803264	0.461557	0.680127	0.626561	0.129178	0.758027	0.793435	0.543233	0.576318	0.436342	0.877587	0.336071	0.419807	0.095798	0.204007	0.582284	0.665586	0.256765	0.151777	
0.310803	0.200876	0.615168	0.71223	0.518577	0.0927712	0.819638	0.513967	0.204992	0.676497	0.420936	0.361708	1.01976	0.250179	0.708219	0.592808	0.697253	0.124476	0.986061	0.943068	0.322416	0.77104	0.410186	0.665838	0.249751	0.634251	0.550873	1.06355	0.630399	0.782044	0.713997	0.752845	0.340773	0.801434	0.448521	0.743362	0.823132	0.300653	0.773008	0.458495	
0.499874	0.369774	0.272838	0.290401	0.574404	0.390846	0.422617	0.273708	0.619164	0.396705	0.212701	0.572673	0.602659	0.175646	0.386626	0.613339	0.302122	0.305595	0.565336	0.534553	0.350424	0.381512	0.0167747	0.260592	0.658016	0.472197	0.284449	0.651824	0.207887	0.371109	0.344835	0.41816	0.559251	0.471518	0.409412	0.596552	0.418633	0.288773	0.724434	0.516681	
0.744012	0.935122	0.319807	0.539209	0.612051	0.820274	0.292019	0.829741	1.03137	0.222895	0.480482	0.783826	0.438477	0.718617	0.206522	0.573607	0.661304	0.822444	0.464082	0.350009	0.940665	0.704718	0.592434	0.621715	1.05057	0.329201	0.821604	0.416636	0.480593	0.362594	0.26699	0.831934	0.787068	0.124887	0.515124	0.324685	0.323413	0.877602	0.504687	0.609784	
0.503759	0.82429	0.347821	0.653543	0.332857	0.640541	0.484544	0.836124	0.818282	0.215942	0.370472	0.527244	0.688616	0.621544	0.283128	0.284134	0.755795	0.688711	0.698462	0.590313	0.868185	0.820624	0.555376	0.708122	0.827865	0.0997824	0.841994	0.68366	0.557755	0.527269	0.383795	0.920608	0.535051	0.303609	0.287622	0.0411027	0.514154	0.80547	0.226926	0.346032	
0.390496	0.198376	0.705533	0.780063	0.604766	0.187261	0.904644	0.54419	0.188151	0.771708	0.514964	0.432066	1.09881	0.321805	0.801378	0.680402	0.752678	0.192135	1.06265	1.02554	0.322302	0.822897	0.485195	0.725547	0.235524	0.731041	0.583072	1.14514	0.70527	0.863165	0.802735	0.789489	0.411334	0.894709	0.543951	0.839338	0.90636	0.319622	0.863307	0.546759	
0.434587	0.630878	0.151362	0.454855	0.362523	0.494046	0.355218	0.612465	0.706351	0.106365	0.164824	0.485877	0.580749	0.418198	0.16284	0.36119	0.545329	0.506592	0.573569	0.483065	0.659112	0.615295	0.333206	0.496754	0.727474	0.140135	0.618264	0.597232	0.35089	0.369601	0.231044	0.705022	0.48477	0.245665	0.21577	0.258767	0.377255	0.595526	0.410587	0.334036	
0.926273	0.819942	0.407781	0.193509	0.915146	0.864082	0.238648	0.535869	1.09505	0.505824	0.57478	0.993146	0.18375	0.651823	0.434611	0.918719	0.271825	0.781429	0.127852	0.198685	0.754697	0.257784	0.491352	0.27051	1.13238	0.677824	0.505508	0.251397	0.273896	0.191193	0.336249	0.397259	0.985004	0.431452	0.752626	0.758234	0.20697	0.708545	0.941006	0.876681	
0.32491	0.677539	0.347913	0.645995	0.178479	0.471275	0.545491	0.749674	0.639887	0.268609	0.266603	0.352162	0.76816	0.491231	0.340981	0.164579	0.727031	0.536377	0.7654	0.669097	0.738061	0.800637	0.466692	0.678274	0.648866	0.108207	0.763239	0.777784	0.539097	0.56562	0.424262	0.878134	0.358451	0.402123	0.114643	0.182605	0.569763	0.67801	0.247435	0.173305	
