10	30
30.0071	141.183
30.9156	73.003
136.725	70.2129
179.145	15.4042
109.93	40.6333
146.964	46.4222
129.617	66.9207
96.1798	85.6416
102.943	154.079
139.729	147.324
33.1448
13.0619
1.7563
9.66493
34.7304
28.0976
1.17729
21.5335
9.99338
17.2953
33.6131
31.1749
7.99374
32.6938
22.7471
1.57489
9.13521
29.0424
10.1728
13.6784
34.5445
32.1162
7.50743
9.53139
2.17253
12.2188
34.3692
23.3511
30.5299
11.9267
0.599723	0.455602	0.321032	0.406288	0.480848	0.442262	0.356734	0.598292	0.0744295	0.563368	0.473467	0.26881	0.446736	0.532899	0.155529	0.0729395	0.373379	0.71519	0.211838	0.313974	0.453887	0.585528	0.705894	0.0675563	0.540578	0.122096	0.233538	0.295263	0.416127	0.548511	
0.595163	0.360148	0.439736	0.34243	0.50471	0.37004	0.454954	0.474357	0.0537212	0.437957	0.375394	0.22901	0.370372	0.533672	0.0698867	0.148539	0.416984	0.587486	0.0844676	0.261076	0.325871	0.556704	0.586273	0.176603	0.552685	0.17319	0.361163	0.352545	0.341247	0.465713	
0.875769	0.246194	0.58901	0.614728	0.776019	0.17807	0.369936	0.483491	0.283992	0.577331	0.267122	0.056171	0.19033	0.813099	0.350773	0.242215	0.67604	0.634092	0.281487	0.0660645	0.445019	0.280582	0.547604	0.278689	0.28132	0.419958	0.436987	0.202852	0.164717	0.717855	
0.902994	0.709529	0.348394	0.788164	0.751085	0.644373	0.106086	0.924028	0.459887	0.943479	0.730571	0.480632	0.657281	0.834853	0.550294	0.361771	0.63025	1.06275	0.581604	0.523924	0.821977	0.635705	1.00624	0.333905	0.486426	0.473542	0.20758	0.270066	0.631821	0.937388	
0.642283	0.296671	0.686168	0.323239	0.614866	0.371002	0.696202	0.253352	0.315188	0.181712	0.297262	0.35561	0.360438	0.599463	0.252361	0.402264	0.57063	0.334559	0.181797	0.349414	0.0663874	0.61238	0.379685	0.435895	0.680886	0.394646	0.62268	0.562952	0.345802	0.356614	
1.13088	0.261945	0.877103	0.839307	1.0479	0.187407	0.596939	0.482907	0.560219	0.67425	0.267779	0.325709	0.195478	1.07274	0.606513	0.53225	0.955738	0.630167	0.510266	0.284205	0.55873	0.102961	0.475192	0.56915	0.278073	0.700939	0.717954	0.438449	0.215841	0.908295	
1.26428	0.375908	1.00815	0.968143	1.18386	0.316756	0.706484	0.562026	0.696819	0.774374	0.376534	0.462148	0.321954	1.20702	0.741679	0.667361	1.09232	0.697326	0.643315	0.42079	0.668324	0.176878	0.524781	0.703441	0.347625	0.837554	0.845377	0.556914	0.346051	1.02883	
0.580078	0.420322	0.368014	0.361678	0.473475	0.418366	0.407745	0.546539	0.0233422	0.504661	0.436928	0.25707	0.420878	0.515197	0.0988495	0.104903	0.374806	0.659545	0.156894	0.297386	0.396534	0.583146	0.657351	0.118863	0.556465	0.119607	0.291948	0.328553	0.390715	0.498663	
0.937709	0.0641752	0.832866	0.624371	0.886157	0.14839	0.678846	0.208189	0.451558	0.398754	0.0432295	0.294225	0.132196	0.888287	0.453421	0.478817	0.816902	0.361072	0.343296	0.249708	0.294171	0.364361	0.240589	0.521533	0.494522	0.58446	0.709978	0.512254	0.148192	0.662936	
0.371968	0.560132	0.601798	0.0557103	0.376637	0.618022	0.768393	0.510305	0.363216	0.318084	0.564504	0.537932	0.61086	0.337588	0.267961	0.466332	0.374593	0.537933	0.31271	0.553642	0.31398	0.846002	0.636778	0.478501	0.874295	0.333841	0.613125	0.68363	0.589681	0.136752	
