10	30
128.933	95.7076
14.9071	151.69
58.1403	148.054
68.7663	102.04
41.2621	71.1151
133.995	97.9002
50.1655	150.43
139.14	29.9753
120.462	60.4786
145.779	29.9577
1.20323
8.76117
11.4665
9.03181
2.00571
5.44386
10.7165
5.0891
10.8509
8.70909
5.39124
1.37891
9.29003
6.27657
3.46334
11.9931
10.4157
5.30742
1.87358
4.15837
7.91445
5.19484
2.54266
8.9719
1.48552
11.9942
5.43687
1.88793
6.07936
3.13588
0.452735	0.676157	0.317758	0.323037	0.25279	0.100041	0.612282	0.134729	0.622117	0.60968	0.381784	0.247078	0.339633	0.0251101	0.386005	0.144376	0.272082	0.322434	0.636639	0.305217	0.485199	0.229393	0.41618	0.38455	0.657889	0.18769	0.469239	0.370128	0.308303	0.286712	
0.361741	0.294965	0.765168	0.766482	0.536792	0.522484	0.225103	0.532118	0.252218	0.286699	0.125965	0.611286	0.547661	0.427258	0.727014	0.309356	0.557584	0.75507	0.20606	0.718709	0.524281	0.679161	0.628353	0.786696	0.619385	0.551443	0.705092	0.371425	0.668213	0.685047	
0.435617	0.434747	0.537554	0.563765	0.292348	0.335512	0.372419	0.359934	0.475299	0.487927	0.146682	0.463506	0.47895	0.216934	0.481792	0.105631	0.448022	0.517098	0.451475	0.54356	0.546564	0.458854	0.565783	0.620768	0.692729	0.306372	0.635021	0.389579	0.42183	0.440519	
0.478396	0.504583	0.461913	0.498643	0.215335	0.285148	0.44549	0.315902	0.550602	0.558517	0.226098	0.425696	0.472943	0.161729	0.402904	0.0904611	0.42751	0.437416	0.532014	0.490952	0.568595	0.387225	0.557999	0.570407	0.725543	0.224774	0.622032	0.41963	0.34099	0.358962	
0.368439	0.368714	0.635638	0.645204	0.40804	0.404488	0.300057	0.419703	0.361756	0.379271	0.0771169	0.510121	0.481422	0.300296	0.597497	0.180487	0.472117	0.622949	0.336261	0.607655	0.505857	0.551536	0.567104	0.68002	0.632646	0.418813	0.641489	0.344692	0.536742	0.552282	
0.694096	0.506068	0.540018	0.623576	0.190012	0.466196	0.470899	0.50437	0.709401	0.733009	0.333684	0.616659	0.692042	0.35277	0.339861	0.3151	0.637641	0.482656	0.65868	0.651856	0.792972	0.496059	0.775199	0.732543	0.947347	0.275051	0.834951	0.641762	0.319173	0.375769	
0.505308	0.96483	0.339059	0.214871	0.542599	0.227856	0.896177	0.193342	0.779254	0.739979	0.668272	0.0863825	0.226083	0.349173	0.596077	0.443698	0.155238	0.410995	0.836923	0.0974592	0.418205	0.280034	0.229418	0.107109	0.577597	0.452624	0.226774	0.41837	0.524802	0.464478	
0.192818	0.65606	0.92189	0.859594	0.833866	0.64523	0.598044	0.626729	0.220092	0.1529	0.519008	0.636932	0.46948	0.623607	1.00669	0.554534	0.540717	0.948673	0.338031	0.764256	0.305647	0.829262	0.505361	0.799964	0.276435	0.806195	0.569236	0.284354	0.932898	0.920251	
0.136732	0.784303	0.716175	0.629727	0.723697	0.45475	0.715926	0.424496	0.430315	0.370395	0.551091	0.400003	0.214744	0.481546	0.86723	0.464344	0.299624	0.760067	0.528808	0.522792	0.0371419	0.628127	0.23534	0.545697	0.176422	0.669313	0.297782	0.137618	0.789055	0.758334	
0.681035	0.453149	0.585089	0.662379	0.2379	0.490853	0.419831	0.527289	0.675285	0.702747	0.297866	0.639646	0.70135	0.372477	0.393654	0.317561	0.652796	0.5309	0.618398	0.683526	0.789863	0.536208	0.786116	0.764411	0.938751	0.317985	0.848878	0.63487	0.370984	0.425375	
