10	20
97.6247	111.021
37.2388	153.9
6.41013	97.6723
176.947	48.1512
95.8808	34.7796
25.675	148.439
124.137	121.886
0.578679	94.8318
127.26	20.0399
36.8044	36.8137
15.7287
0.0057923
13.7274
8.09583
4.27938
13.3489
17.8
0.148778
7.29967
2.45391
16.0602
12.3171
7.33318
3.94466
13.1563
1.79243
5.87018
17.1685
1.76375
11.2123
0.601885	0.287248	0.599959	0.173073	0.0391112	0.574314	0.0571822	0.583912	0.700126	0.311373	0.562755	0.567172	0.276878	0.561885	0.10233	0.191937	0.444325	0.323875	0.282834	0.50868	
0.590292	0.197724	0.687032	0.0990189	0.102944	0.668593	0.145426	0.551047	0.682986	0.292169	0.638531	0.579739	0.373711	0.586577	0.195673	0.284211	0.510216	0.396117	0.364806	0.585787	
0.390719	0.520524	0.426804	0.434562	0.253034	0.470725	0.240112	0.43322	0.493103	0.213012	0.334477	0.307282	0.323117	0.28409	0.306867	0.34811	0.189876	0.120829	0.456358	0.290162	
0.690221	0.641675	0.272283	0.524109	0.349936	0.219406	0.305146	0.740459	0.790756	0.501013	0.302031	0.581992	0.108606	0.533925	0.277027	0.225552	0.276461	0.201292	0.278163	0.252797	
0.576216	0.919319	0.218322	0.822793	0.630209	0.358263	0.60053	0.689114	0.647696	0.586377	0.112375	0.428672	0.514561	0.355464	0.627369	0.614573	0.216735	0.333322	0.689135	0.16364	
0.771327	0.146888	1.02849	0.26663	0.44473	1.00776	0.486603	0.677185	0.837972	0.516073	0.972978	0.818513	0.702985	0.848908	0.518197	0.596675	0.836952	0.73089	0.643497	0.921798	
0.721215	0.187005	0.744276	0.0793201	0.191435	0.701541	0.214327	0.679607	0.813748	0.423095	0.717774	0.706902	0.38826	0.709376	0.207299	0.27501	0.602752	0.481461	0.318123	0.663211	
0.0097792	0.698944	0.710603	0.672447	0.560688	0.802992	0.573572	0.142983	0.10843	0.297243	0.57397	0.137892	0.707747	0.211103	0.65945	0.720196	0.455482	0.482336	0.830528	0.560935	
0.658438	0.901315	0.0950174	0.79556	0.602795	0.236379	0.566824	0.759511	0.739213	0.61476	0.0797758	0.513874	0.4369	0.442474	0.576305	0.547451	0.226233	0.311414	0.607913	0.12138	
0.71957	0.874385	0.0130412	0.762455	0.574085	0.131628	0.533769	0.809212	0.806997	0.633043	0.14596	0.580377	0.368206	0.512367	0.527469	0.484953	0.260259	0.305866	0.531478	0.149861	
