10	20
176.038	29.1044
137.095	58.0832
6.32327	79.7128
87.1989	30.0363
177.601	133.714
175.508	126.258
70.7202	154.832
37.6537	158.609
128.005	40.0755
177.393	145.147
2.11135
16.1268
40.6671
11.1973
31.9334
36.7996
35.4664
6.90585
43.3446
24.3898
39.0117
24.6449
35.0535
10.3298
25.4594
5.5841
44.7705
35.4737
0.410912
8.10526
0.29264	0.484191	0.326399	0.199976	0.34886	0.184309	0.284568	0.244228	0.528447	0.115057	0.386753	0.402769	0.299791	0.22812	0.327603	0.369103	0.455296	0.381708	0.49766	0.253754	
0.909571	0.258791	0.908691	0.671569	0.319182	0.522687	0.79756	0.434861	0.165866	0.515943	0.286663	0.391814	0.339049	0.443458	0.663384	0.401064	0.238195	0.987684	0.827658	0.740531	
0.455179	0.753852	0.707139	0.644729	0.630703	0.586669	0.716306	0.592995	0.583305	0.439692	0.470291	0.745196	0.472781	0.578395	0.767618	0.346437	0.508249	0.715815	0.0815456	0.695059	
0.636395	0.94073	0.911922	0.862258	0.826886	0.801667	0.930724	0.80186	0.724201	0.654048	0.638442	0.947881	0.662488	0.78802	0.985099	0.511754	0.660311	0.910495	0.1777	0.911505	
0.0704459	0.839963	0.366561	0.472144	0.703499	0.532545	0.456601	0.600259	0.835141	0.457608	0.689191	0.75579	0.62362	0.584281	0.607478	0.61823	0.754286	0.325632	0.44438	0.473701	
0.518478	0.510594	0.269276	0.156814	0.438269	0.270881	0.135643	0.339381	0.724546	0.395634	0.61983	0.372627	0.523013	0.339042	0.0898153	0.663161	0.677895	0.362706	0.851565	0.116353	
0.621392	0.156798	0.573723	0.334046	0.020561	0.18699	0.459821	0.0987252	0.306025	0.230181	0.233083	0.133897	0.161487	0.110019	0.336861	0.329947	0.274132	0.656253	0.695265	0.402815	
0.717327	0.63491	0.892382	0.74269	0.556138	0.624946	0.850954	0.583832	0.361347	0.496532	0.327786	0.687664	0.397564	0.575867	0.827453	0.232296	0.318231	0.930696	0.393474	0.810613	
0.437752	0.345419	0.381043	0.156598	0.21883	0.0348273	0.282253	0.101793	0.459874	0.115134	0.337928	0.251733	0.239966	0.0884379	0.22896	0.372314	0.401202	0.459885	0.616615	0.229652	
0.251049	0.841472	0.551654	0.579588	0.70468	0.584186	0.60708	0.626621	0.755389	0.462617	0.618208	0.790162	0.58075	0.61002	0.71736	0.516582	0.673855	0.531348	0.229765	0.606106	
