15	30
36.0936	149.576
38.784	31.3253
125.292	56.896
163.631	94.5923
25.6115	51.539
159.844	73.4102
128.846	56.8534
159.567	62.2037
153.244	28.4525
147.869	86.2698
166.438	100.202
134.169	114.289
72.2069	85.9696
139.553	155.442
114.995	124.967
32.5785
4.0228
14.7393
23.7304
15.6308
13.1446
39.6209
34.2979
20.6141
32.8472
29.4317
15.9583
39.08
1.62584
14.2048
22.1656
41.9499
38.2382
2.6559
1.68028
16.5764
12.789
6.76755
43.5705
8.82969
29.7143
9.39724
12.3693
24.1369
33.6259
0.720977	0.798372	0.430728	0.678101	0.646026	1.02817	1.05686	0.818613	0.142585	1.06747	0.444529	0.688126	0.8286	0.66273	1.10816	0.461781	0.125556	0.419629	0.887878	0.406966	0.300743	0.394628	0.392487	0.607646	0.923708	1.11316	0.94426	0.747159	1.1016	0.960957	
0.373455	0.448803	0.554833	0.405515	0.625197	0.865	0.826833	0.670942	0.398611	0.836916	0.470929	0.359181	0.485418	0.58811	0.815035	0.541228	0.229488	0.127558	0.755024	0.346514	0.0528273	0.148481	0.340632	0.275407	0.705092	0.822491	0.796678	0.397868	0.904154	0.717268	
0.144963	0.324136	0.693619	0.124243	0.594595	0.605292	0.496427	0.469986	0.688874	0.505103	0.558999	0.397884	0.170764	0.509602	0.435552	0.645529	0.575932	0.280796	0.551564	0.436314	0.419955	0.306785	0.444368	0.36304	0.40294	0.443846	0.566568	0.303732	0.601307	0.382942	
0.20912	0.321283	0.875858	0.275544	0.742393	0.633095	0.465973	0.557155	0.883339	0.471593	0.738193	0.458805	0.104524	0.649174	0.308718	0.823596	0.765553	0.470691	0.625684	0.622889	0.60224	0.500032	0.632139	0.458816	0.422325	0.320484	0.621178	0.331777	0.590241	0.367073	
0.783741	0.939037	0.0674147	0.576429	0.212035	0.66539	0.779539	0.478288	0.350056	0.789283	0.118995	0.909523	0.846389	0.285272	0.935101	0.0353228	0.472053	0.515977	0.513367	0.253832	0.541189	0.468078	0.252156	0.829639	0.654366	0.934191	0.576358	0.896418	0.771487	0.722653	
0.601089	0.776578	0.633353	0.348422	0.379376	0.153626	0.205107	0.100782	0.808004	0.214205	0.512071	0.853377	0.57646	0.292284	0.415651	0.567247	0.800484	0.58586	0.123685	0.489289	0.722318	0.570138	0.504008	0.807971	0.105888	0.409607	0.111465	0.761167	0.208648	0.186871	
0.620776	0.795677	0.331896	0.366923	0.110498	0.406021	0.502337	0.205007	0.530156	0.512142	0.21529	0.813876	0.652383	0.0309191	0.666647	0.265808	0.566388	0.44821	0.257009	0.23786	0.545393	0.411523	0.250766	0.746006	0.377471	0.664598	0.317676	0.762777	0.501878	0.447864	
0.282713	0.139791	0.957182	0.537487	0.955059	1.02713	0.900094	0.886148	0.818815	0.907472	0.850009	0.0636191	0.352346	0.887269	0.763784	0.930956	0.63971	0.450021	0.969969	0.714368	0.472639	0.498064	0.714332	0.14664	0.82158	0.775878	0.988297	0.126135	1.01462	0.790018	
0.687578	0.866068	0.412029	0.422409	0.139706	0.315887	0.44983	0.145682	0.636049	0.458589	0.314508	0.899816	0.702846	0.08405	0.648313	0.347225	0.67883	0.549496	0.163897	0.350382	0.654364	0.515944	0.363252	0.836362	0.341005	0.644061	0.226891	0.837491	0.424463	0.419719	
0.763305	0.932889	0.230135	0.521198	0.0592542	0.510031	0.643603	0.337752	0.49433	0.652738	0.182521	0.932172	0.805271	0.154707	0.824989	0.172325	0.583428	0.545877	0.359353	0.288385	0.610687	0.501983	0.295159	0.85822	0.526986	0.822266	0.421998	0.895993	0.621434	0.601729	
0.214983	0.389413	0.69718	0.0954934	0.566372	0.530516	0.415259	0.409743	0.725001	0.423902	0.558908	0.476173	0.20164	0.475485	0.366671	0.643948	0.628287	0.337385	0.487797	0.447363	0.482447	0.355038	0.457495	0.443964	0.324834	0.373821	0.49733	0.375086	0.521415	0.301839	
0.597669	0.716431	0.27848	0.490993	0.437595	0.807915	0.844275	0.598353	0.151571	0.854888	0.240843	0.64711	0.691227	0.444813	0.917096	0.2835	0.160248	0.284397	0.667586	0.186714	0.244266	0.242325	0.172167	0.563516	0.710375	0.92073	0.72385	0.667637	0.883396	0.753107	
0.529869	0.658684	0.297608	0.411756	0.40158	0.742321	0.769122	0.53319	0.230758	0.779739	0.220869	0.603512	0.619072	0.393395	0.837768	0.284458	0.202558	0.222176	0.606295	0.126436	0.221908	0.176205	0.113631	0.521102	0.635559	0.84145	0.660312	0.61136	0.812796	0.676003	
0.272291	0.417066	0.524158	0.20916	0.503606	0.674781	0.628963	0.48974	0.477584	0.639055	0.403592	0.403317	0.360495	0.443489	0.630122	0.488108	0.363844	0.0740251	0.575551	0.268302	0.221945	0.0928009	0.271251	0.332385	0.507853	0.636477	0.611602	0.374556	0.707886	0.519671	
0.196462	0.0928441	0.889814	0.449855	0.873984	0.939663	0.815634	0.798678	0.771493	0.823225	0.777383	0.0794457	0.275944	0.803798	0.68918	0.860026	0.599588	0.381342	0.882351	0.641467	0.425814	0.429462	0.642511	0.118901	0.734699	0.700885	0.900507	0.0519778	0.928791	0.704803	
