15	30
37.3326	124.99
165.874	102.889
158.145	71.9217
139.98	148.224
99.0222	146.418
154.32	140.983
175.512	35.4572
125.999	48.8816
69.5479	124.69
122.894	155.014
165.227	75.6754
110.313	35.6539
108.222	136.035
66.7329	32.5621
17.5848	80.3662
36.6409
10.8214
4.23917
24.9731
44.0515
34.7151
23.1951
34.9839
32.7488
26.0817
12.9892
7.29426
19.5611
31.3141
6.20082
32.1635
15.0528
41.7275
33.2565
40.5863
23.0375
31.379
9.94394
46.2887
24.1958
15.8839
13.4032
20.3301
17.1803
15.6416
0.952251	0.538974	0.538869	0.532502	0.859583	0.956961	0.440655	0.908768	0.695043	0.798731	0.693686	0.0784817	0.557612	0.316632	0.659374	0.800621	0.985919	0.587023	0.147529	0.460377	0.776054	0.59364	0.52683	0.369018	0.404145	0.661604	0.914398	0.710142	0.910071	0.37519	
0.511318	0.281443	1.13341	0.255857	0.19239	0.241638	0.496951	0.713903	0.218508	0.817488	0.426587	0.721336	0.230198	0.940721	0.491302	0.065639	0.296924	0.666038	0.724445	0.348442	0.994498	0.203798	0.273854	0.535697	0.382341	0.360399	0.565391	0.456094	0.32512	0.907165	
0.978463	0.511546	0.73562	0.476865	0.819459	0.910572	0.497657	0.98925	0.671038	0.917239	0.728221	0.130349	0.476794	0.51159	0.713687	0.735681	0.949318	0.694291	0.299734	0.439463	0.93287	0.541608	0.431434	0.435919	0.360174	0.678795	0.959418	0.75148	0.896377	0.560835	
0.850312	0.513856	0.394277	0.534623	0.821322	0.920398	0.34786	0.764419	0.651524	0.630648	0.59621	0.233784	0.580195	0.169	0.546357	0.789065	0.939069	0.432904	0.0776559	0.440764	0.591266	0.585433	0.566383	0.280304	0.416822	0.582239	0.79785	0.605565	0.845023	0.197386	
0.40818	0.745096	0.906582	0.822647	0.717919	0.757021	0.641114	0.16806	0.675303	0.259297	0.479874	1.0394	0.887214	0.889241	0.450108	0.819586	0.716059	0.449541	0.889725	0.77086	0.44881	0.794461	0.932892	0.698269	0.849927	0.553479	0.324021	0.447632	0.60072	0.791531	
0.480348	0.0182659	0.835448	0.0933946	0.329442	0.427605	0.202758	0.566574	0.165421	0.596602	0.258118	0.481711	0.163228	0.645754	0.28418	0.289655	0.455377	0.404377	0.443269	0.0717079	0.734861	0.0997963	0.201912	0.237826	0.150963	0.190152	0.481438	0.288928	0.387892	0.609259	
0.357871	0.25688	0.727368	0.334465	0.405051	0.495029	0.160699	0.3436	0.263182	0.356844	0.106734	0.580557	0.403841	0.588202	0.060269	0.439823	0.493891	0.190889	0.468703	0.269404	0.51709	0.324099	0.442082	0.231507	0.347268	0.127984	0.314042	0.112913	0.378746	0.519125	
0.720026	0.614203	0.32987	0.673516	0.834294	0.924233	0.394079	0.531309	0.683653	0.334294	0.524796	0.58283	0.740031	0.307445	0.449985	0.857024	0.920162	0.250837	0.409702	0.57358	0.23229	0.695741	0.753345	0.382727	0.604177	0.556999	0.637835	0.513908	0.799648	0.208148	
0.924934	0.57752	0.381197	0.59232	0.889264	0.988346	0.420786	0.836654	0.719659	0.696284	0.670443	0.227405	0.633096	0.156531	0.621064	0.851753	1.0087	0.504345	0.123382	0.502342	0.640085	0.646086	0.614311	0.351977	0.470006	0.65499	0.872503	0.680124	0.91689	0.220339	
0.509071	0.21694	1.06882	0.187984	0.213498	0.283276	0.435379	0.689858	0.182902	0.7775	0.390536	0.654918	0.165813	0.874109	0.449672	0.0974926	0.333536	0.614817	0.65664	0.281454	0.945343	0.13737	0.213456	0.470988	0.314668	0.320192	0.552625	0.421565	0.337016	0.842294	
0.972256	0.782911	0.0735152	0.825449	1.04814	1.14321	0.569907	0.791484	0.885725	0.589089	0.757327	0.567472	0.88296	0.18562	0.686445	1.04904	1.14686	0.497484	0.419822	0.72376	0.426671	0.863151	0.880909	0.52899	0.725965	0.775614	0.893815	0.751987	1.03246	0.161019	
0.378603	0.224008	1.0494	0.240833	0.101892	0.195376	0.408905	0.573297	0.0941402	0.683253	0.29195	0.70831	0.255441	0.872404	0.361028	0.0865796	0.231757	0.546902	0.677914	0.302301	0.869724	0.176084	0.311061	0.461116	0.363748	0.231472	0.426563	0.319941	0.208861	0.826577	
0.697235	0.486169	0.375025	0.536032	0.745789	0.841436	0.268732	0.567122	0.583007	0.41535	0.46385	0.425202	0.598652	0.240293	0.397836	0.747614	0.847066	0.236457	0.253175	0.433973	0.385601	0.567551	0.605483	0.237134	0.452458	0.475331	0.629809	0.462982	0.735936	0.161448	
0.421683	0.38891	0.62449	0.463722	0.54042	0.625404	0.219881	0.299804	0.406496	0.232148	0.222559	0.608565	0.534253	0.521708	0.14656	0.583082	0.61706	0.0553491	0.465215	0.383408	0.373162	0.462018	0.566401	0.268926	0.449336	0.2677	0.349127	0.208508	0.494627	0.437573	
0.116868	0.440052	1.09874	0.492636	0.222212	0.235067	0.518594	0.384264	0.28796	0.567822	0.273764	0.909562	0.52929	0.968695	0.33954	0.346547	0.191547	0.531814	0.83084	0.509669	0.793493	0.434699	0.585509	0.588996	0.590795	0.286121	0.205233	0.273968	0.0881887	0.897929	
