10	30
130.992	106.064
173.022	83.7782
33.9072	122.172
54.6492	62.9701
25.2968	141.192
135.35	18.9572
51.079	107.043
108.041	42.5567
49.0213	123.879
120.681	150.344
12.9655
25.7566
10.4979
18.2258
18.0278
38.4927
30.7502
30.2856
28.4791
6.63415
21.8409
29.0082
5.27186
20.0714
37.9794
12.1658
21.0263
28.0645
38.6913
17.243
10.324
22.0983
34.8469
5.94144
23.9025
3.14848
21.3026
38.4609
16.5257
11.2746
0.42523	0.536787	0.881209	0.618058	0.347	0.500007	0.76221	0.249543	0.568057	0.542475	0.464752	0.141666	0.636321	0.535537	0.936063	0.135173	0.546893	0.13635	0.166614	0.714565	0.74915	0.421004	0.766809	0.767942	0.488422	0.604116	0.391996	0.575773	0.672541	0.398154	
0.0582728	0.770759	0.655908	0.602012	0.0936291	0.259235	0.360745	0.359322	0.849839	0.142021	0.282997	0.51932	0.85052	0.232045	0.812925	0.290752	0.25006	0.469702	0.307925	0.310217	0.689489	0.0562207	0.46077	0.688053	0.428588	0.628615	0.430472	0.776104	0.297871	0.0187519	
0.443142	0.337439	0.521648	0.183708	0.391555	0.314725	0.682535	0.626026	0.44453	0.602526	0.253779	0.399594	0.392513	0.388449	0.512742	0.465148	0.384085	0.339762	0.295436	0.658732	0.316993	0.534283	0.5141	0.339596	0.120292	0.173627	0.054118	0.318436	0.550642	0.490213	
0.0543744	0.799611	0.615192	0.598942	0.130979	0.23684	0.299128	0.420118	0.884066	0.10723	0.272925	0.572061	0.874965	0.194188	0.786144	0.352035	0.212187	0.51959	0.354899	0.249408	0.676085	0.0932774	0.409841	0.671328	0.428144	0.631006	0.446745	0.800079	0.237362	0.0786187	
0.25685	1.00148	0.700002	0.773913	0.331309	0.399905	0.211717	0.532941	1.08667	0.101996	0.45036	0.761188	1.07504	0.334024	0.908868	0.515371	0.348018	0.713179	0.551664	0.1625	0.832094	0.221772	0.465767	0.820808	0.610481	0.81283	0.643931	1.00005	0.256646	0.24868	
0.321968	0.853073	0.336476	0.514588	0.378755	0.224601	0.216426	0.727945	0.960116	0.352555	0.280843	0.775442	0.899088	0.174381	0.559586	0.627796	0.164401	0.711644	0.555714	0.227926	0.526666	0.410693	0.101578	0.505521	0.399923	0.569033	0.491715	0.827894	0.107905	0.391147	
0.656407	0.385047	0.451116	0.104288	0.62294	0.478006	0.813685	0.88665	0.497936	0.804517	0.430977	0.634834	0.371068	0.546018	0.321744	0.72595	0.534218	0.582566	0.556444	0.805373	0.130046	0.760499	0.561681	0.167507	0.276378	0.0874884	0.311955	0.325628	0.6808	0.716785	
0.252213	0.995535	0.741694	0.789889	0.318991	0.417948	0.268056	0.485283	1.07632	0.0916948	0.463534	0.734313	1.07276	0.357468	0.943064	0.479985	0.372991	0.689614	0.532019	0.21771	0.855943	0.193073	0.510448	0.84686	0.622283	0.825451	0.645498	0.997977	0.301918	0.227287	
0.517251	0.477199	0.330046	0.0767772	0.496448	0.326551	0.650991	0.798822	0.593211	0.656791	0.287723	0.614625	0.492156	0.390268	0.299615	0.642805	0.377127	0.553465	0.482119	0.64407	0.122213	0.626179	0.402295	0.132234	0.157433	0.137967	0.247095	0.431388	0.518599	0.583781	
0.437937	0.406436	0.799243	0.49859	0.357144	0.454135	0.767011	0.377204	0.449962	0.580615	0.406402	0.100048	0.50457	0.505347	0.826457	0.233459	0.512808	0.0350337	0.132928	0.724869	0.632448	0.46757	0.7175	0.654521	0.3895	0.478289	0.28042	0.441672	0.659979	0.434472	
