10	20
76.2114	87.425
1.6179	46.1596
118.394	100.139
100.437	73.4893
82.6018	132.585
136.252	44.5782
166.636	156.172
2.85458	93.882
117.115	62.0342
97.484	152.328
3.04496
11.1089
52.1196
46.5096
19.8333
36.0021
59.1547
35.1181
2.69628
60.5572
22.3201
7.59244
53.5898
21.3464
20.1807
54.9636
38.7335
2.9408
57.2199
27.4968
0.514535	0.188744	0.645558	0.33514	0.357619	0.736283	0.655095	0.546788	0.158982	0.518722	0.729532	0.720531	0.572079	0.283262	0.17516	0.103799	0.425416	0.46001	0.291115	0.595471	
0.40387	0.58768	0.942174	0.554736	0.476204	0.224247	0.531527	0.69056	0.648769	0.66617	0.333536	0.448123	0.0518712	0.361387	0.577627	0.656926	0.327834	0.81759	0.765926	0.737282	
0.408205	0.655094	1.04233	0.600108	0.577028	0.229353	0.61236	0.787822	0.72289	0.76408	0.265667	0.510598	0.133231	0.423331	0.6465	0.747333	0.426317	0.918859	0.864244	0.833539	
0.838832	0.57972	0.270449	0.717869	0.224961	0.763762	0.439574	0.196196	0.537431	0.178236	0.975025	0.578299	0.672762	0.599175	0.565995	0.349251	0.386812	0.123086	0.212451	0.230888	
0.924851	0.821755	0.466523	0.911907	0.299481	0.562743	0.103496	0.205862	0.814584	0.210368	0.947989	0.265796	0.570981	0.728321	0.806555	0.665379	0.323487	0.466871	0.588809	0.213087	
0.167637	0.235998	1.001	0.10275	0.608127	0.691855	0.841378	0.844735	0.3244	0.815027	0.443899	0.834248	0.507539	0.155819	0.238357	0.4688	0.569957	0.822134	0.664577	0.897387	
0.42718	0.235372	0.685154	0.32327	0.299976	0.597265	0.572237	0.52801	0.257405	0.498361	0.607628	0.612207	0.430177	0.18539	0.2205	0.237214	0.316496	0.512357	0.385855	0.580269	
0.657485	0.801969	0.934823	0.795389	0.514122	0.0530484	0.413469	0.658945	0.848697	0.642648	0.536853	0.271466	0.209018	0.592208	0.789822	0.808663	0.355562	0.85534	0.864331	0.693838	
0.408537	0.159719	0.978448	0.147353	0.682369	0.907835	0.962156	0.889197	0.20118	0.860658	0.691554	0.99243	0.72255	0.331971	0.174807	0.39662	0.701805	0.790288	0.597256	0.938663	
0.81756	0.8447	0.737066	0.886335	0.404974	0.307834	0.179169	0.46133	0.866887	0.453313	0.76166	0.0164009	0.385022	0.680809	0.830344	0.770082	0.297791	0.698421	0.763611	0.484192	
