15	40
61.7203	145.125
83.178	23.5425
53.2354	152.288
40.696	81.2085
21.7234	110.763
9.25911	38.8989
8.76355	136.781
57.3751	150.51
29.568	130.768
49.4369	140.339
35.4807	109.825
1.15172	76.7766
26.8028	11.7636
79.378	123.522
48.3787	52.8286
10.5134
20.0631
21.9962
44.2103
16.5967
11.6843
40.4278
8.66214
29.159
13.6158
37.0509
11.2703
28.5023
40.6235
23.1437
33.3393
30.6681
7.89578
11.6793
39.5456
20.6883
28.1449
22.7583
0.355973
33.3095
35.7913
33.0025
6.64468
6.34224
16.8767
31.7346
28.9809
21.8836
19.3698
42.5065
31.8984
25.6538
32.8696
31.8817
38.6192
0.653982	0.707821	0.675854	0.318476	0.701678	0.194826	0.495681	0.1962	0.834213	0.298275	0.439878	0.27696	0.929128	0.360135	0.980995	0.792001	0.762852	0.743136	0.184062	0.698728	0.719002	0.755522	0.826361	0.377108	0.540706	0.856303	0.763822	0.664661	0.31752	0.921051	0.22059	0.877147	0.906577	0.40139	0.377952	0.680776	0.623551	0.686686	0.151803	0.209763	
0.391242	0.445146	0.421246	0.3017	0.66635	0.390724	0.307516	0.125948	0.70476	0.348234	0.203324	0.311526	0.723583	0.145679	0.797483	0.593249	0.506987	0.549117	0.205982	0.434823	0.62659	0.519752	0.55687	0.413374	0.619317	0.596527	0.506713	0.694798	0.111662	0.754055	0.23284	0.629858	0.704011	0.462534	0.502689	0.442152	0.607932	0.422017	0.357843	0.0607886	
0.748078	0.643057	0.799234	0.150203	0.2576	0.638709	0.32732	0.513845	0.446176	0.716966	0.636579	0.169664	0.645686	0.362878	0.650479	0.519347	0.65211	0.472872	0.566849	0.643456	0.306683	0.578653	0.834267	0.0737166	0.196895	0.745284	0.658262	0.245262	0.561171	0.571674	0.244356	0.710785	0.620475	0.0938395	0.203176	0.533243	0.178789	0.765279	0.595928	0.425769	
0.242058	0.472777	0.181296	0.840383	1.12365	0.81252	0.686199	0.599943	1.0318	0.645029	0.363661	0.866018	0.874061	0.609026	0.989296	0.807411	0.541638	0.792671	0.632512	0.459606	1.02643	0.648116	0.333785	0.955339	1.16079	0.549641	0.533085	1.20319	0.48133	0.996084	0.793273	0.650012	0.86939	1.00876	1.06381	0.60513	1.09161	0.244184	0.804012	0.618936	
0.811057	0.603287	0.8725	0.47451	0.202219	0.984772	0.396273	0.792571	0.0775385	1.01847	0.807495	0.524267	0.365448	0.544976	0.314023	0.301595	0.563877	0.286296	0.864155	0.612464	0.0777858	0.450868	0.802573	0.456482	0.478145	0.625974	0.572929	0.367772	0.785499	0.227447	0.571464	0.544848	0.344033	0.472657	0.576843	0.461044	0.264849	0.811095	0.941993	0.693276	
0.222078	0.183422	0.279324	0.422084	0.663924	0.6494	0.226583	0.378574	0.593754	0.573591	0.235973	0.464379	0.517359	0.194779	0.613175	0.407352	0.249225	0.376018	0.454849	0.17306	0.569971	0.287624	0.320257	0.530827	0.72695	0.335382	0.247846	0.750547	0.285987	0.592839	0.412312	0.378165	0.502805	0.585587	0.662512	0.213448	0.634652	0.235109	0.618452	0.318285	
0.264055	0.349024	0.294989	0.397157	0.724662	0.488033	0.312621	0.218099	0.714363	0.401237	0.103165	0.419449	0.68065	0.178852	0.768827	0.561134	0.42005	0.523265	0.289098	0.336585	0.660332	0.457187	0.43565	0.512177	0.718947	0.50143	0.417937	0.776892	0.113724	0.738222	0.346717	0.550335	0.664124	0.564577	0.61703	0.380861	0.677069	0.295284	0.460869	0.18738	
0.818188	0.695636	0.871255	0.234923	0.188963	0.715637	0.383395	0.598576	0.418119	0.800125	0.717108	0.251719	0.649275	0.439852	0.638495	0.53215	0.6964	0.489332	0.650817	0.697527	0.272521	0.612924	0.89199	0.146219	0.152515	0.786193	0.703256	0.161856	0.64481	0.555482	0.328482	0.741761	0.624251	0.135766	0.230674	0.576172	0.104942	0.833362	0.67317	0.51042	
0.654486	0.518284	0.710375	0.185913	0.24578	0.695698	0.209814	0.517077	0.335597	0.738562	0.582361	0.238906	0.504691	0.300809	0.518387	0.376119	0.51864	0.329174	0.583915	0.520604	0.217445	0.438334	0.716154	0.196999	0.326357	0.609225	0.525414	0.319102	0.532026	0.444209	0.282233	0.569268	0.479528	0.23506	0.343486	0.39851	0.202863	0.666639	0.652865	0.41921	
0.841257	0.678704	0.899017	0.342761	0.0504554	0.848278	0.393155	0.70094	0.285175	0.915177	0.779063	0.3768	0.547971	0.497482	0.517256	0.449365	0.66222	0.415039	0.761956	0.683794	0.142	0.562873	0.881449	0.284092	0.268238	0.742651	0.670249	0.171293	0.726125	0.431353	0.443479	0.68113	0.523977	0.284373	0.379858	0.544358	0.0548998	0.85033	0.805349	0.605797	
0.801187	0.617997	0.861007	0.380233	0.107967	0.89298	0.360642	0.719539	0.187147	0.941424	0.765751	0.424929	0.451459	0.49003	0.41806	0.36033	0.592448	0.330778	0.786784	0.624787	0.0428585	0.486897	0.821099	0.348152	0.365533	0.666898	0.600948	0.266976	0.727861	0.332205	0.480251	0.598174	0.427874	0.36043	0.463216	0.478637	0.153274	0.806367	0.849972	0.621237	
0.575684	0.495975	0.625214	0.0701139	0.385008	0.54898	0.190956	0.367896	0.475855	0.587761	0.462163	0.12873	0.594559	0.187038	0.631353	0.45763	0.5196	0.407717	0.433181	0.49383	0.367609	0.468507	0.676268	0.167688	0.36646	0.616444	0.524275	0.416467	0.394729	0.566201	0.139618	0.601616	0.570398	0.222387	0.307067	0.408112	0.324461	0.594755	0.50648	0.271472	
0.400509	0.167352	0.453905	0.656504	0.717526	0.985924	0.395575	0.716457	0.515121	0.911396	0.554084	0.712934	0.281483	0.489143	0.400236	0.26629	0.0905686	0.282728	0.793751	0.18201	0.577897	0.129044	0.279722	0.737804	0.892454	0.0628737	0.0935243	0.856633	0.624262	0.428647	0.68884	0.0485321	0.282999	0.787413	0.887146	0.178519	0.728847	0.377477	0.953121	0.647177	
0.622093	0.679773	0.643653	0.314287	0.702389	0.200192	0.476379	0.164229	0.824499	0.281921	0.407613	0.277748	0.910179	0.335951	0.965093	0.773498	0.736169	0.725022	0.157323	0.670405	0.713026	0.73195	0.795491	0.381878	0.553716	0.828986	0.736917	0.672933	0.285263	0.90707	0.214078	0.852071	0.887964	0.410027	0.394643	0.656583	0.625918	0.654925	0.157699	0.180009	
0.662976	0.418369	0.723316	0.614194	0.497314	1.06813	0.401051	0.824112	0.235402	1.04687	0.744892	0.67396	0.0599541	0.557553	0.103766	0.106351	0.350507	0.151566	0.903737	0.432149	0.349751	0.243368	0.586882	0.650257	0.741478	0.375627	0.35945	0.658724	0.770767	0.116685	0.686856	0.276204	0.0387784	0.686045	0.795307	0.301207	0.539486	0.650059	1.02854	0.732129	
