15	40
45.6288	101.706
46.5166	65.4692
8.57547	47.4712
65.5074	129.65
64.0179	47.5108
32.3183	158.368
56.0439	63.155
78.8676	18.1574
44.5006	13.7014
55.0775	58.5039
47.2625	136.944
76.3332	60.8441
52.7454	28.2421
45.8267	68.8768
17.6619	24.2768
5.75543
2.63961
15.6212
20.3371
19.1169
17.3775
10.1931
3.15435
16.497
9.36511
17.7894
10.9807
18.418
4.14651
19.2538
18.2694
6.90705
8.41644
5.81942
3.80261
5.79393
9.12465
18.8238
23.06
6.09245
11.5504
19.5539
17.7442
24.1853
9.51218
16.2485
7.8627
23.0594
2.30659
15.7409
25.0224
0.481497
4.37756
19.5553
17.4817
0.365343	0.86274	0.769185	0.814925	1.01723	1.01563	0.680108	1.01265	0.742797	0.761682	0.804757	0.161722	0.300239	0.651087	0.34062	0.803605	0.131482	0.924566	0.560815	0.544126	1.17046	0.790096	0.693367	0.862616	0.779406	0.532605	0.641524	0.474156	0.485499	0.871589	0.637062	0.164311	0.918335	0.456011	0.851385	0.936128	0.3314	0.398364	0.729497	0.574753	
0.537885	0.860357	0.338901	0.981012	0.756494	0.917374	0.290696	0.877245	0.283991	0.911277	0.506282	0.515044	0.442847	0.595959	0.526559	0.990651	0.480732	0.746879	0.479146	0.518955	0.985314	0.459851	0.740352	0.926019	0.697995	0.626454	0.186894	0.0775825	0.316825	0.799492	0.223815	0.314322	0.496586	0.615748	0.972797	0.532833	0.220152	0.368633	0.918159	0.572654	
0.39371	0.303335	0.529419	0.541957	0.365091	0.348225	0.423758	0.32542	0.638931	0.474066	0.282215	0.590646	0.404792	0.0882857	0.411945	0.571799	0.591478	0.232969	0.132977	0.163038	0.476819	0.330718	0.257887	0.403401	0.123587	0.285625	0.573482	0.499979	0.266303	0.224045	0.46825	0.677908	0.57258	0.368191	0.490992	0.53528	0.434876	0.299207	0.522567	0.166754	
0.578862	0.552901	0.291746	0.812407	0.277203	0.509535	0.219344	0.44676	0.42488	0.744164	0.0299404	0.72267	0.545215	0.352513	0.588718	0.841681	0.709353	0.304889	0.310975	0.375262	0.517956	0.0620686	0.528117	0.666437	0.365566	0.526371	0.393423	0.405077	0.292399	0.44042	0.287354	0.700419	0.303741	0.589042	0.76007	0.264922	0.450411	0.403628	0.789943	0.408022	
0.210638	0.700276	0.830982	0.60377	0.956114	0.880406	0.723601	0.893213	0.841609	0.556193	0.782625	0.0705918	0.209999	0.535253	0.189378	0.588744	0.10944	0.830686	0.477421	0.437066	1.06382	0.786573	0.527043	0.677149	0.657056	0.370049	0.737596	0.565107	0.470324	0.736059	0.700544	0.356109	0.962853	0.278471	0.649487	0.964996	0.383696	0.351941	0.5163	0.448937	
0.405571	0.318332	0.995464	0.0695826	0.805135	0.536982	0.879598	0.594775	1.07805	0.0344391	0.777697	0.58608	0.502209	0.412394	0.426631	0.0794489	0.616025	0.624492	0.486163	0.42402	0.767803	0.823241	0.238608	0.211067	0.435703	0.28878	0.990696	0.857388	0.627026	0.435579	0.902303	0.836171	1.06256	0.311988	0.123953	1.0295	0.700792	0.545898	0.0420836	0.374474	
0.189402	0.587231	0.541988	0.642403	0.697682	0.710603	0.431127	0.699178	0.570869	0.575045	0.498295	0.254099	0.100819	0.345096	0.180593	0.647901	0.239914	0.60425	0.242939	0.240007	0.851524	0.49554	0.435096	0.621053	0.47209	0.294008	0.469414	0.30683	0.178367	0.570157	0.415087	0.311052	0.66887	0.267862	0.646548	0.670163	0.129467	0.0770643	0.573868	0.282919	
0.796847	0.910512	0.0880206	1.13897	0.575457	0.871058	0.205855	0.803515	0.131977	1.06801	0.370912	0.855944	0.724568	0.680409	0.796145	1.16219	0.828226	0.662161	0.597194	0.661223	0.841882	0.304793	0.858182	1.01618	0.722596	0.810184	0.204925	0.363333	0.479216	0.803557	0.210605	0.702995	0.140022	0.843301	1.09937	0.203758	0.529343	0.595384	1.10098	0.708654	
0.411483	0.851598	0.56912	0.886324	0.892179	0.963927	0.49301	0.943672	0.529748	0.822859	0.657315	0.304034	0.314882	0.603156	0.391626	0.885426	0.265653	0.833638	0.491835	0.501497	1.08248	0.629279	0.698955	0.883776	0.726733	0.551615	0.430538	0.271019	0.364755	0.827388	0.440367	0.0752804	0.723357	0.504906	0.901203	0.749098	0.187273	0.329673	0.809809	0.546945	
0.31656	0.297087	0.905583	0.162603	0.74766	0.514969	0.789042	0.562244	0.985105	0.0967582	0.698798	0.509051	0.411265	0.332102	0.338765	0.173115	0.536467	0.571654	0.396121	0.332543	0.739814	0.740998	0.171272	0.223759	0.37566	0.193754	0.896752	0.762302	0.533115	0.39561	0.809678	0.748602	0.978078	0.221729	0.183561	0.947819	0.606161	0.450764	0.107761	0.284962	
0.236036	0.672411	0.563226	0.707262	0.773212	0.798013	0.460691	0.785729	0.570209	0.642329	0.561732	0.214846	0.137045	0.432557	0.219368	0.708813	0.189466	0.68792	0.329196	0.327262	0.936007	0.550886	0.516505	0.70071	0.5595	0.368421	0.466284	0.294402	0.241217	0.657606	0.431406	0.224197	0.7016	0.326297	0.718828	0.710767	0.112245	0.162234	0.633583	0.368958	
0.753935	0.390132	0.694557	0.71926	0.190672	0.19485	0.634579	0.116093	0.83431	0.672885	0.396204	0.95965	0.774908	0.428687	0.774474	0.761094	0.961894	0.140132	0.503224	0.529053	0.109609	0.460742	0.502471	0.516523	0.313537	0.614958	0.808661	0.80021	0.608482	0.271279	0.702041	1.03748	0.6467	0.708695	0.633983	0.582579	0.785787	0.667046	0.744389	0.515695	
0.581948	0.0810132	0.870068	0.373709	0.505522	0.169362	0.772552	0.242211	0.989078	0.341084	0.584156	0.802328	0.645184	0.330992	0.606555	0.417349	0.818485	0.32853	0.448697	0.425879	0.400648	0.646843	0.254193	0.167752	0.232821	0.413892	0.928244	0.850909	0.608437	0.145019	0.82187	0.9732	0.882087	0.502738	0.283052	0.830769	0.757321	0.598218	0.417281	0.380301	
0.243064	0.496772	0.472859	0.616107	0.565456	0.594097	0.355506	0.575598	0.532803	0.545124	0.375243	0.377737	0.197484	0.237158	0.247933	0.630458	0.368484	0.474142	0.122273	0.146892	0.722467	0.381533	0.367417	0.553623	0.357415	0.264138	0.440594	0.308727	0.0810442	0.458826	0.360723	0.427732	0.579808	0.283428	0.601255	0.570842	0.190812	0.0576973	0.561625	0.20004	
0.701048	0.702208	0.188073	0.963647	0.340608	0.639572	0.184027	0.56916	0.330749	0.895028	0.146701	0.818224	0.652947	0.502504	0.707534	0.992321	0.79932	0.429061	0.449065	0.514967	0.605623	0.0916497	0.679215	0.817643	0.515842	0.667944	0.335957	0.412433	0.389458	0.585555	0.252299	0.745259	0.152676	0.723006	0.911911	0.115924	0.514034	0.510518	0.939127	0.552494	
