10	20
32.9401	67.3315
147.765	107.658
106.516	100.393
174.319	70.0255
133.441	143.584
37.9211	118.037
125.773	30.1886
26.1991	21.884
150.764	126.856
62.4348	10.8463
1.45785
11.7389
3.28787
11.8673
6.45849
16.6942
20.8623
11.6678
1.86271
1.47883
0.506498
3.49305
10.464
12.149
6.14112
0.0604285
6.51254
2.92668
15.0656
14.6656
0.585387	0.16783	0.771387	0.55647	0.325457	0.714249	0.215533	0.365718	0.359209	0.319843	0.877982	0.563718	0.317794	0.324458	0.361211	0.266073	0.129451	0.425027	0.701942	0.746277	
0.670201	0.309985	0.457583	0.483437	0.416025	0.417219	0.497578	0.623635	0.487915	0.113341	0.744249	0.70849	0.234185	0.0142076	0.0768322	0.310563	0.447205	0.107494	0.615929	0.436865	
0.70574	0.285616	0.610805	0.582452	0.263204	0.511303	0.346713	0.563917	0.493641	0.234476	0.873465	0.7153	0.132374	0.159856	0.170784	0.15941	0.323298	0.263085	0.724885	0.593817	
0.92459	0.494351	0.767497	0.824273	0.0762498	0.572639	0.338359	0.708686	0.70239	0.472359	1.11407	0.915104	0.151105	0.370979	0.344806	0.0916234	0.404648	0.454819	0.967129	0.76213	
0.629966	0.798731	0.655696	0.413697	1.19294	0.937853	1.1673	0.963149	0.722511	0.6959	0.104816	0.757196	1.02512	0.80116	0.843129	1.08945	1.05146	0.74248	0.292899	0.616215	
0.131174	0.345294	0.781071	0.185992	0.824129	0.916319	0.696911	0.40469	0.177834	0.44149	0.461748	0.228165	0.732819	0.564492	0.626954	0.740609	0.56487	0.587187	0.268697	0.737728	
0.747586	0.411653	0.369435	0.529166	0.467901	0.315994	0.587783	0.726565	0.57942	0.184078	0.754573	0.796295	0.266163	0.0960699	0.0753384	0.365964	0.547444	0.0459781	0.649214	0.354988	
0.372322	0.164256	0.871376	0.456396	0.56595	0.890489	0.376981	0.151694	0.160171	0.413502	0.77804	0.32595	0.551292	0.484484	0.538947	0.510649	0.243263	0.562374	0.58556	0.836786	
0.0913564	0.408213	0.959859	0.371935	0.875002	1.07077	0.694026	0.308007	0.198737	0.579745	0.615029	0.0417676	0.824569	0.691951	0.75416	0.807462	0.561039	0.734231	0.431933	0.917405	
0.148204	0.306503	0.89042	0.337488	0.774486	0.982409	0.602104	0.251053	0.0976233	0.488536	0.621622	0.126124	0.723174	0.596361	0.658094	0.705816	0.468234	0.64459	0.429382	0.849433	
