15	30
36.8929	158.171
128.054	148.962
47.1258	59.186
65.2712	135.306
75.2738	108.681
103.235	120.366
27.9391	149.154
167.359	72.2874
20.5175	98.7388
88.534	49.3974
11.087	25.4902
169.281	98.7957
72.2677	14.7996
65.9782	110.798
145.867	16.3239
30.5726
25.6768
64.5909
52.9931
31.6937
27.5552
9.65449
8.85698
32.5483
3.35899
7.84786
34.0867
27.6318
8.07061
24.9824
46.4854
63.1736
56.6183
14.148
34.9971
17.8149
21.7322
3.07094
65.9776
51.2105
50.0995
15.5931
52.6554
13.9227
13.3509
0.664817	0.782007	0.768715	0.416066	0.610116	0.60674	0.171596	0.937226	0.403579	0.719065	0.606539	0.783374	0.308625	0.436619	1.03692	0.534123	0.926803	0.380661	0.283121	0.737632	0.289914	0.58106	0.588691	0.82734	0.438814	0.592692	0.369002	0.792856	0.164613	0.722043	
0.669543	0.314652	0.51618	0.431002	0.267941	0.461924	0.983936	0.205788	1.08738	0.682875	0.672244	0.936353	0.68944	0.774875	0.237402	0.390216	0.117828	0.468716	0.799573	0.61281	0.830536	0.534191	0.302556	0.795346	0.407575	0.528656	1.02571	0.284993	0.716227	0.596669	
0.78768	0.660221	0.769326	0.291864	0.438245	0.607667	0.636798	0.71073	0.843351	0.832472	0.207195	1.01312	0.183448	0.696773	0.774624	0.150979	0.652459	0.234514	0.609544	0.804236	0.635921	0.118763	0.447169	0.965495	0.269595	0.129455	0.794782	0.651539	0.437054	0.783881	
0.489618	0.194299	0.365601	0.277779	0.080251	0.275464	0.812261	0.253443	0.898359	0.510157	0.656092	0.757036	0.588873	0.580578	0.348644	0.336562	0.242015	0.331868	0.610879	0.447482	0.641471	0.516814	0.110992	0.632126	0.265699	0.515639	0.836326	0.177835	0.544755	0.429217	
0.788992	0.629445	0.753426	0.292969	0.41033	0.598232	0.692454	0.663003	0.89026	0.831112	0.217441	1.02448	0.24954	0.720348	0.72106	0.105734	0.599188	0.245617	0.645153	0.796931	0.672906	0.0903311	0.424202	0.964541	0.264846	0.0962176	0.839519	0.618038	0.478794	0.776499	
0.21671	0.228708	0.187786	0.30671	0.230808	0.0177649	0.662084	0.43576	0.679354	0.248467	0.801771	0.481114	0.626733	0.328179	0.549849	0.497291	0.479623	0.370153	0.408351	0.207818	0.434359	0.678158	0.197422	0.380354	0.327502	0.681661	0.617505	0.252546	0.424654	0.187392	
0.2148	0.198736	0.153197	0.334765	0.235919	0.020491	0.699526	0.40988	0.711541	0.238917	0.825949	0.482191	0.659363	0.356604	0.524069	0.516829	0.460063	0.399383	0.443776	0.18793	0.469176	0.699706	0.205507	0.367401	0.353148	0.702666	0.649966	0.224688	0.462782	0.167726	
0.642716	0.91242	0.817117	0.665019	0.810625	0.701268	0.198677	1.10878	0.0608302	0.689285	0.959406	0.628861	0.661099	0.379783	1.22017	0.841523	1.1288	0.658396	0.281178	0.742258	0.252326	0.922383	0.778896	0.74996	0.697412	0.933412	0.083781	0.93359	0.383977	0.734666	
0.695541	0.851711	0.819462	0.504171	0.691956	0.665061	0.0824311	1.01675	0.334093	0.749246	0.693863	0.78169	0.398218	0.447169	1.11919	0.630677	1.01173	0.473216	0.290464	0.776997	0.286723	0.675359	0.668149	0.847471	0.529007	0.687118	0.310882	0.864891	0.230177	0.763064	
0.385607	0.359066	0.392023	0.11233	0.197415	0.220369	0.536502	0.5163	0.627936	0.430575	0.60923	0.620993	0.420714	0.34814	0.621013	0.328421	0.519411	0.168759	0.340634	0.407427	0.371867	0.495628	0.169183	0.563416	0.14262	0.501046	0.566731	0.368162	0.271231	0.387424	
0.621114	0.253563	0.457059	0.441011	0.255319	0.421092	0.985736	0.137249	1.07268	0.630269	0.729632	0.885941	0.723678	0.747224	0.191305	0.434359	0.0713425	0.486652	0.785556	0.557562	0.81598	0.590034	0.286042	0.737822	0.422295	0.585394	1.01052	0.22274	0.71775	0.542489	
0.654557	0.367877	0.544033	0.298554	0.207837	0.438201	0.850892	0.346725	0.981047	0.680361	0.516948	0.919623	0.525197	0.701581	0.400555	0.224249	0.278563	0.322276	0.696635	0.621994	0.727966	0.376815	0.242385	0.806019	0.268776	0.372662	0.921075	0.346424	0.587473	0.60307	
0.61044	0.375927	0.526936	0.207932	0.172641	0.397557	0.757921	0.404752	0.893665	0.642216	0.473384	0.870052	0.441603	0.628183	0.474259	0.157159	0.352704	0.228714	0.611606	0.591759	0.642852	0.333705	0.199615	0.772334	0.17665	0.332388	0.834385	0.361018	0.495645	0.571905	
0.598028	0.475457	0.57377	0.101953	0.254182	0.412159	0.594365	0.558728	0.754399	0.640815	0.399983	0.834418	0.278853	0.540636	0.64017	0.123477	0.520754	0.0692653	0.486364	0.609485	0.516352	0.281518	0.257049	0.774198	0.0745312	0.286835	0.698348	0.470626	0.342758	0.589087	
0.702631	0.9072	0.849516	0.592374	0.767476	0.708041	0.0393263	1.0856	0.233852	0.754387	0.811699	0.747259	0.515802	0.439645	1.19198	0.737213	1.08965	0.5697	0.294399	0.793123	0.278492	0.791135	0.740354	0.838206	0.62039	0.802782	0.226779	0.923606	0.304647	0.781578	
