10	30
66.3685	52.1575
42.1315	120.668
24.0058	32.5517
2.45321	129.981
150.81	27.8114
155.131	147.857
156.308	40.7111
8.64993	146.822
38.5915	107.215
52.0272	24.3928
4.56564
8.73399
6.005
10.1483
1.29691
1.85997
1.56534
0.382391
8.49612
9.67546
7.46491
8.45253
4.70951
8.43624
6.18754
8.65427
7.60298
3.5067
1.9745
1.66736
0.262819
3.93249
4.19157
4.06669
8.15415
4.64056
4.83914
6.25374
10.5375
7.76942
0.836784	0.726291	0.148267	0.58243	0.180759	0.440859	0.751102	0.71086	0.582426	0.314401	0.413495	0.297554	0.638544	0.765445	0.534559	0.794811	0.22206	0.370828	0.650648	0.580812	0.189059	0.560439	0.374115	0.128274	0.229876	0.161945	0.621016	0.613125	0.25187	0.0807097	
0.760744	0.844999	0.654244	0.704648	0.368199	0.408702	0.612188	0.906426	0.136972	0.248811	0.78477	0.777342	0.997632	0.958299	0.0733109	0.823995	0.743652	0.55875	0.328354	0.0835651	0.710472	0.798239	0.258392	0.657362	0.493431	0.640287	0.225526	0.170438	0.774629	0.450097	
0.810976	0.857471	0.554789	0.709882	0.268211	0.420552	0.669386	0.904707	0.235082	0.208466	0.740699	0.707884	0.962439	0.958737	0.0938971	0.854572	0.660245	0.538043	0.410018	0.140639	0.613565	0.783422	0.253173	0.568986	0.446961	0.566968	0.317857	0.271354	0.677379	0.360021	
0.118552	0.401946	1.07772	0.434335	0.927102	0.511238	0.203078	0.524086	0.679068	0.733972	0.763801	0.928985	0.806555	0.532185	0.880083	0.264866	1.00862	0.58895	0.485509	0.879958	1.09231	0.577033	0.654038	0.995986	0.712668	0.889874	0.594041	0.656129	1.13758	0.909315	
0.714809	0.42372	0.771252	0.453047	0.873938	0.697881	0.774068	0.301339	1.03639	0.840489	0.320222	0.465918	0.0918469	0.301948	1.12394	0.560704	0.592304	0.520884	0.949189	1.15789	0.733236	0.303871	0.82075	0.665969	0.603258	0.571583	1.00736	1.04506	0.730013	0.778403	
0.748166	0.477161	0.589113	0.443409	0.718369	0.619723	0.770736	0.372271	0.942628	0.717561	0.179492	0.282641	0.106542	0.399329	1.00119	0.612035	0.407427	0.428443	0.887796	1.03919	0.548386	0.289858	0.713188	0.485759	0.472361	0.400118	0.928218	0.957009	0.543303	0.617991	
0.545463	0.356773	0.482137	0.236515	0.491854	0.323794	0.521936	0.326082	0.647175	0.43794	0.125956	0.267392	0.319676	0.380393	0.721622	0.454055	0.361109	0.131723	0.594118	0.756307	0.473331	0.175348	0.422004	0.379556	0.205058	0.263326	0.631284	0.660544	0.503686	0.408926	
0.631621	0.716185	0.637282	0.578662	0.367462	0.283665	0.485054	0.782037	0.0849643	0.185129	0.688813	0.708417	0.89197	0.832872	0.201383	0.692653	0.694838	0.44872	0.219183	0.213649	0.686489	0.680874	0.155674	0.618931	0.407911	0.579859	0.137978	0.115182	0.749881	0.424103	
0.9517	1.0234	0.68245	0.878353	0.408002	0.584804	0.803391	1.07587	0.321238	0.383019	0.913619	0.869931	1.13655	1.12935	0.119213	1.01063	0.81048	0.712183	0.516033	0.121489	0.744945	0.957206	0.421539	0.714776	0.620455	0.727743	0.40969	0.349727	0.806788	0.509593	
0.546227	0.342392	0.502153	0.232671	0.521932	0.348706	0.531526	0.302818	0.67566	0.469181	0.107936	0.27065	0.289131	0.356214	0.752698	0.446702	0.37233	0.158034	0.617446	0.787139	0.490021	0.151648	0.452049	0.397887	0.236304	0.282012	0.657724	0.688303	0.517181	0.437473	
