25	25
41.6829	97.202
17.3451	106.911
89.3977	144.336
9.06801	157.029
62.7694	74.5574
26.8219	20.5713
64.7373	86.0333
34.9535	98.7967
63.1397	81.1531
68.6318	92.4353
65.5175	31.4905
65.0491	67.059
42.7281	68.4343
34.5802	59.4162
59.6616	61.8828
74.5554	20.9516
85.3783	65.3334
70.9534	23.9927
63.6147	91.4117
75.9171	121.325
39.7122	62.4485
83.2073	124.476
56.921	112.715
8.25501	128.748
21.783	10.902
40.2095
93.5517
64.534
67.7742
101.795
40.1414
96.5268
97.5206
42.9511
53.4385
91.0819
6.32396
37.0386
61.2793
57.611
60.8403
59.6222
13.3729
52.7595
53.846
17.9826
24.2567
62.097
28.1816
15.005
0.330819	0.0670273	0.758254	0.389754	1.14624	0.80465	0.60037	0.474282	0.695588	0.142934	0.414124	0.74582	0.645094	0.452086	0.626176	0.728327	0.529934	0.865136	0.673073	0.759111	0.360717	0.755441	0.249068	0.648076	0.517848	
0.360818	0.0545765	0.848646	0.491402	1.24147	0.921885	0.71563	0.518901	0.770986	0.23737	0.514511	0.785324	0.760826	0.49847	0.683265	0.822519	0.605463	0.97351	0.704391	0.878738	0.435123	0.873574	0.320671	0.748632	0.569507	
0.773366	1.04777	0.234912	0.609571	0.182681	0.885619	0.890719	0.629645	0.332157	0.851158	0.58426	0.515295	0.88775	0.639524	0.471935	0.269676	0.484447	0.30975	0.58809	0.76597	0.649391	0.842097	1.09751	0.365929	0.572575	
0.705441	0.849028	0.305857	0.420456	0.468946	0.471534	0.492888	0.630213	0.435739	0.663565	0.403263	0.693362	0.482844	0.625222	0.559758	0.26692	0.460025	0.117439	0.718472	0.351576	0.54427	0.427776	0.80144	0.226705	0.592579	
0.320344	0.266038	0.589493	0.214495	0.96607	0.638368	0.448649	0.407856	0.554226	0.116436	0.239829	0.665376	0.489582	0.385569	0.52161	0.554074	0.397691	0.670424	0.611275	0.577577	0.253397	0.584919	0.29055	0.46531	0.432789	
0.273162	0.600128	0.315894	0.292533	0.691446	0.890306	0.77505	0.11837	0.180101	0.424785	0.278207	0.211596	0.798889	0.131245	0.0648489	0.320728	0.100094	0.553294	0.185803	0.782904	0.208242	0.83245	0.745606	0.323899	0.0607662	
0.42832	0.780221	0.457758	0.538533	0.746321	1.12781	1.02068	0.2853	0.312342	0.633175	0.524604	0.0553211	1.04343	0.308095	0.20177	0.485063	0.341482	0.718853	0.0829113	1.01648	0.436167	1.07057	0.96645	0.528055	0.256815	
0.39014	0.41723	0.479727	0.139757	0.836906	0.525794	0.363043	0.42099	0.478259	0.248654	0.158126	0.642884	0.396245	0.402007	0.486662	0.438623	0.34657	0.526131	0.608205	0.44852	0.262021	0.469033	0.391183	0.341384	0.425917	
0.298621	0.0602894	0.784212	0.430695	1.17767	0.891542	0.689268	0.455092	0.705344	0.177691	0.453235	0.722964	0.733588	0.434355	0.618299	0.758809	0.539873	0.914518	0.643519	0.841291	0.369635	0.841199	0.330985	0.686711	0.504926	
0.472437	0.290518	0.717957	0.354742	1.07455	0.580866	0.372173	0.570257	0.702258	0.247819	0.378721	0.827405	0.417775	0.547873	0.681469	0.677734	0.552624	0.753173	0.773912	0.550029	0.415756	0.535349	0.152349	0.580903	0.595258	
0.508707	0.818917	0.167589	0.427854	0.468476	0.903327	0.840547	0.354649	0.0802743	0.63059	0.404395	0.245813	0.852499	0.367953	0.188429	0.206181	0.242937	0.425764	0.306585	0.784636	0.412567	0.849581	0.924031	0.282932	0.296802	
0.60249	0.417287	0.772481	0.438338	1.10041	0.481751	0.270957	0.686966	0.780983	0.38188	0.459228	0.933263	0.316562	0.665234	0.781201	0.728283	0.644833	0.761364	0.887319	0.475156	0.527476	0.444137	0.19274	0.627048	0.705508	
0.569005	0.307133	0.848398	0.484521	1.20151	0.631787	0.421301	0.683264	0.831538	0.342292	0.508749	0.946575	0.466789	0.660546	0.804641	0.80787	0.679366	0.874545	0.888019	0.623915	0.534813	0.594551	0.0427577	0.710406	0.71313	
0.313156	0.65604	0.550708	0.512079	0.884656	1.13454	1.00025	0.219185	0.400916	0.537376	0.505546	0.201337	1.0292	0.23823	0.254357	0.56599	0.354872	0.802771	0.114945	1.03189	0.379148	1.07627	0.871939	0.581122	0.227875	
0.334517	0.673339	0.576107	0.540607	0.90462	1.1635	1.02851	0.247312	0.426018	0.560194	0.534304	0.215322	1.05768	0.26593	0.280731	0.592431	0.383743	0.829429	0.134822	1.06095	0.406622	1.10522	0.893979	0.609237	0.256937	
0.744996	0.974441	0.198293	0.524731	0.240879	0.718481	0.735753	0.623203	0.344548	0.777647	0.5007	0.582512	0.729218	0.627276	0.49357	0.201968	0.455825	0.140837	0.636924	0.59957	0.59997	0.676434	0.986322	0.266344	0.571052	
0.300132	0.358332	0.481082	0.106561	0.858671	0.616614	0.449655	0.344732	0.451166	0.171982	0.131784	0.584337	0.484639	0.324271	0.433333	0.445662	0.30093	0.570606	0.540411	0.538431	0.183366	0.559894	0.393149	0.357985	0.357796	
0.375411	0.653907	0.180163	0.250077	0.572461	0.777091	0.687419	0.248607	0.0977283	0.46079	0.226984	0.304935	0.704773	0.252153	0.156161	0.175954	0.0836521	0.405553	0.314716	0.663867	0.249485	0.72052	0.746273	0.179679	0.199016	
0.0541537	0.377186	0.502099	0.256051	0.89558	0.876212	0.716417	0.127711	0.395011	0.226806	0.262707	0.398777	0.750684	0.106279	0.291317	0.489364	0.239497	0.692388	0.326799	0.788116	0.110663	0.8185	0.562272	0.447064	0.176848	
0.231911	0.542424	0.631527	0.499778	0.992701	1.12715	0.97207	0.223887	0.488415	0.456309	0.500418	0.336135	1.00578	0.231635	0.340345	0.637173	0.394922	0.86754	0.243715	1.03393	0.353025	1.06908	0.780945	0.630207	0.264229	
0.502991	0.833822	0.260627	0.47824	0.529848	0.989223	0.916545	0.342274	0.14609	0.654342	0.45683	0.166174	0.93108	0.359898	0.171641	0.298164	0.276233	0.518273	0.242362	0.87154	0.434665	0.934612	0.964153	0.368557	0.28701	
0.549533	0.291576	0.832908	0.467525	1.18834	0.634063	0.42302	0.663913	0.814179	0.32279	0.491897	0.927494	0.468773	0.641188	0.78596	0.792766	0.66129	0.863332	0.868677	0.622447	0.515835	0.595424	0.0432896	0.695823	0.694005	
0.458199	0.617925	0.258848	0.174061	0.605561	0.550913	0.467913	0.400347	0.303406	0.425144	0.154996	0.530458	0.481632	0.391408	0.375919	0.213745	0.245703	0.311801	0.529134	0.43946	0.2966	0.49407	0.622711	0.112482	0.37323	
0.357952	0.673797	0.663319	0.599848	0.993405	1.22725	1.08287	0.30747	0.513556	0.584711	0.596406	0.301716	1.11429	0.322471	0.366691	0.678093	0.459822	0.914594	0.223896	1.12823	0.458447	1.16894	0.912024	0.689994	0.328799	
0.387039	0.738935	0.449144	0.504019	0.756129	1.1007	0.98866	0.244747	0.300497	0.592386	0.491069	0.0632377	1.01245	0.267543	0.175977	0.472957	0.311324	0.708944	0.0416277	0.990839	0.397459	1.04316	0.926026	0.50874	0.218701	
