25	25
48.076	140.452
84.4776	154.083
44.1369	135.41
26.8534	60.91
75.0454	125.262
8.95554	135.789
19.6173	75.8097
74.0153	76.5352
60.3639	46.7238
14.0826	88.5564
56.7476	60.4025
33.1018	36.9192
80.0149	39.7139
62.6667	73.0998
51.5907	144.431
49.0897	72.2708
61.2923	142.089
60.5039	123.823
21.572	106.111
4.11532	13.0217
16.2471	15.9372
47.3198	12.4892
69.8101	121.457
0.551424	133.851
5.60797	126.848
13.7023
57.4545
95.3759
80.7103
53.355
5.83292
62.6706
68.0441
30.3274
7.35051
56.4115
68.4498
55.9585
55.8776
4.35238
22.4412
60.6992
68.3409
6.8669
24.3859
50.6683
15.6472
52.8603
29.6901
83.524
0.879032	0.513003	0.304044	0.976417	0.458614	0.166197	0.345943	0.50866	0.14379	0.768762	0.574028	0.686579	0.625589	0.383314	0.305518	0.520967	0.669298	1.02745	0.808502	0.71087	0.402248	0.299956	0.0982398	0.665263	0.794327	
1.10302	0.746854	0.340381	0.884868	0.156133	0.631497	0.847017	0.806974	0.568953	0.796662	0.907587	0.822567	0.869252	0.483012	0.366302	0.165394	0.601106	0.80239	0.91021	0.271242	0.957557	0.881355	0.538773	0.261374	1.12212	
0.77599	0.441629	0.44427	0.944987	0.573146	0.128994	0.205153	0.416373	0.170343	0.723649	0.462966	0.620706	0.535569	0.39777	0.383181	0.614316	0.661806	1.02551	0.740472	0.78429	0.253219	0.155898	0.191374	0.737199	0.67126	
0.815827	0.440272	0.288377	0.891522	0.409081	0.108816	0.324955	0.444754	0.0625684	0.686483	0.519048	0.60988	0.558532	0.296898	0.231041	0.456643	0.583024	0.941052	0.73161	0.637866	0.4078	0.319214	0.0270841	0.591502	0.744781	
0.418881	0.277319	0.755239	0.256571	0.659236	0.573437	0.602113	0.347418	0.578737	0.0693555	0.407339	0.162332	0.292847	0.360899	0.52137	0.569433	0.12897	0.370813	0.192089	0.528549	0.728502	0.743288	0.637479	0.502837	0.518216	
0.120656	0.454278	1.09434	0.620685	1.08152	0.749104	0.598384	0.417581	0.798028	0.478584	0.336921	0.384239	0.325431	0.720523	0.880032	1.02609	0.648675	0.822065	0.353884	1.04221	0.649499	0.736472	0.871413	1.00895	0.129852	
0.234547	0.302001	0.901215	0.290901	0.83152	0.648341	0.606658	0.336507	0.671846	0.130525	0.346377	0.124662	0.228866	0.4979	0.667239	0.75106	0.322098	0.478033	0.00278122	0.722434	0.715105	0.758282	0.739863	0.695886	0.370539	
0.692719	0.564514	0.834517	0.2538	0.672788	0.787196	0.873018	0.641271	0.770043	0.338859	0.710848	0.46729	0.598735	0.524282	0.631704	0.556673	0.258933	0.133929	0.458191	0.408573	1.00495	1.00037	0.809641	0.41141	0.817469	
0.371031	0.0282892	0.664817	0.535619	0.653401	0.354401	0.314023	0.0542745	0.388462	0.30591	0.144165	0.182839	0.111008	0.292491	0.448067	0.609376	0.338836	0.665384	0.29979	0.667463	0.435453	0.462277	0.460678	0.626779	0.349364	
0.75952	0.657523	0.9133	0.283652	0.742345	0.881745	0.968163	0.733441	0.863249	0.417358	0.799916	0.551274	0.685444	0.617499	0.718214	0.624338	0.354351	0.0919889	0.528772	0.45581	1.09988	1.09593	0.901009	0.467282	0.894817	
0.285465	0.163109	0.774004	0.379457	0.722054	0.508721	0.477903	0.207338	0.533072	0.154111	0.243786	0.0165472	0.123991	0.373247	0.542654	0.653266	0.27001	0.532563	0.136913	0.658587	0.593865	0.627736	0.601864	0.625412	0.351447	
0.677056	0.466932	0.709878	0.985207	0.8211	0.343343	0.151262	0.401945	0.406727	0.755718	0.385491	0.624258	0.499032	0.564895	0.612324	0.842774	0.76364	1.1117	0.725795	0.985421	0.0181945	0.121025	0.450481	0.938515	0.52449	
0.821728	0.571533	0.659476	1.09425	0.802569	0.34871	0.24685	0.517829	0.399809	0.865112	0.520057	0.741289	0.625704	0.607892	0.613453	0.845098	0.844298	1.20307	0.85043	1.01078	0.154818	0.102341	0.419926	0.963549	0.674538	
0.716379	0.608118	0.880583	0.252996	0.715401	0.836287	0.919443	0.68399	0.819369	0.370115	0.750688	0.502884	0.63657	0.573612	0.680004	0.598395	0.306157	0.0936772	0.484051	0.441078	1.05098	1.04806	0.8589	0.4478	0.848347	
0.948804	0.593189	0.309984	0.755494	0.112911	0.50962	0.714611	0.655015	0.451875	0.649272	0.755827	0.669001	0.714805	0.33182	0.238811	0.0108663	0.456723	0.698087	0.759443	0.211059	0.832227	0.765715	0.437058	0.176467	0.968309	
0.193509	0.202847	0.846646	0.513233	0.829902	0.520232	0.416493	0.177687	0.562059	0.306674	0.134401	0.173563	0.0737015	0.468785	0.628903	0.777146	0.431682	0.685969	0.224785	0.808356	0.507845	0.567789	0.635287	0.771944	0.190343	
0.0647266	0.329714	0.975441	0.50927	0.950395	0.649925	0.531281	0.308014	0.692618	0.344656	0.249395	0.244531	0.200143	0.591087	0.75464	0.890625	0.509321	0.703015	0.225872	0.902562	0.607684	0.67934	0.765882	0.869543	0.151569	
1.11812	0.73828	0.181392	0.979658	0.127579	0.540571	0.765448	0.784431	0.474759	0.853112	0.881206	0.849224	0.867338	0.473259	0.314602	0.238826	0.669613	0.928858	0.952174	0.423107	0.860238	0.771105	0.426048	0.39854	1.10674	
0.789767	0.645567	0.845764	0.340431	0.668994	0.841071	0.944446	0.723829	0.817467	0.434509	0.798043	0.559901	0.688775	0.573277	0.659908	0.550483	0.333068	0.170472	0.555084	0.37558	1.07745	1.06553	0.850249	0.389354	0.912512	
0.85179	0.526786	0.463116	1.0314	0.615305	0.209891	0.264644	0.498064	0.238244	0.81002	0.537781	0.705846	0.616854	0.477042	0.442823	0.669064	0.74628	1.10995	0.825061	0.848857	0.272581	0.16139	0.236564	0.802177	0.73734	
0.549166	0.310229	0.659184	0.828625	0.735025	0.271593	0.0548957	0.245577	0.336745	0.599032	0.241516	0.468775	0.34758	0.436939	0.516721	0.737956	0.611181	0.95568	0.573567	0.860501	0.14185	0.193743	0.39876	0.814472	0.4203	
0.511071	0.123535	0.524187	0.597876	0.522098	0.237708	0.286525	0.159515	0.258639	0.377635	0.25838	0.288859	0.251389	0.168884	0.310682	0.490655	0.330706	0.68979	0.410727	0.580264	0.419934	0.411574	0.328169	0.535907	0.481614	
0.759162	0.624859	0.851358	0.307786	0.679162	0.831634	0.928147	0.702496	0.810407	0.405723	0.774499	0.533274	0.663683	0.565177	0.659412	0.56109	0.314529	0.1441	0.524881	0.393775	1.06077	1.05188	0.845714	0.404247	0.884261	
0.727708	0.339676	0.308389	0.744996	0.342524	0.154575	0.357053	0.369077	0.11062	0.549587	0.460815	0.491091	0.468069	0.143462	0.123978	0.352046	0.431161	0.786993	0.610147	0.507834	0.472924	0.411527	0.145834	0.460619	0.689353	
0.477366	0.454296	0.906645	0.0756695	0.783782	0.755107	0.780723	0.518201	0.757381	0.16531	0.562518	0.304152	0.441566	0.528864	0.678174	0.679794	0.249431	0.226465	0.251719	0.584489	0.904284	0.92427	0.813106	0.572369	0.621891	
