25	25
27.4269	25.9395
77.0021	107.225
50.9881	76.9426
38.0479	156.641
51.3182	150.478
88.3095	48.5302
34.0085	130.588
23.5402	158.191
4.67728	14.5506
43.9161	37.3862
14.2267	17.1766
77.7132	118.098
3.4363	65.8196
64.81	75.9111
61.2137	136.629
74.5496	79.0641
3.15027	147.128
55.7609	150.031
66.7265	11.282
67.1577	112.067
88.3247	51.7984
4.05794	126.976
42.2392	74.4896
47.8072	37.4026
74.3008	55.4801
30.864
24.4974
13.1289
6.53221
10.9799
0.0468177
24.8626
24.7083
15.0996
3.69206
24.8969
13.2959
34.9516
32.0304
19.4441
17.0869
21.8861
33.372
12.8422
23.6642
2.9858
14.4873
6.5013
19.0131
2.2951
0.389649	0.719637	0.685589	0.72034	1.23192	0.217562	0.355912	0.192946	0.992381	0.940585	0.82309	0.294325	0.678795	0.43265	0.0679163	0.889328	0.995689	0.275921	0.565973	0.722313	0.315565	0.226382	0.636178	0.432758	0.428711	
0.200239	0.629351	0.339354	0.343992	0.832108	0.199549	0.146396	0.217931	0.610662	0.539179	0.453821	0.139045	0.378508	0.273929	0.397377	0.501606	0.590431	0.154495	0.166639	0.554824	0.271688	0.332597	0.516978	0.104526	0.310079	
0.593026	1.02471	0.663707	0.320616	0.947881	0.504017	0.533648	0.501676	0.824299	0.686951	0.721744	0.363222	0.733837	0.169744	0.548375	0.717297	0.665654	0.373714	0.457699	0.943998	0.642605	0.385281	0.912132	0.291067	0.173501	
0.467308	0.887548	0.688293	0.551249	1.14538	0.292763	0.407508	0.273431	0.94975	0.855346	0.800506	0.215169	0.719392	0.195073	0.216824	0.838482	0.878525	0.205245	0.505709	0.849761	0.455931	0.0540768	0.785014	0.30277	0.172879	
0.745585	1.12888	0.68017	0.250823	0.74602	0.727256	0.699989	0.734256	0.711613	0.549718	0.674018	0.594585	0.771013	0.451404	0.831249	0.626597	0.479161	0.610612	0.516668	1.01997	0.827141	0.677816	1.01848	0.470111	0.471079	
0.557339	0.964905	0.554062	0.162383	0.785946	0.521967	0.506532	0.528028	0.674847	0.530691	0.588822	0.387785	0.635291	0.255319	0.627533	0.571538	0.50365	0.403668	0.360613	0.868079	0.63052	0.479291	0.852396	0.267286	0.282478	
0.413578	0.60533	0.133733	0.360653	0.467067	0.555923	0.423845	0.580865	0.221582	0.196804	0.0818217	0.528098	0.221868	0.6032	0.778229	0.115983	0.300635	0.543821	0.225709	0.474615	0.520696	0.720397	0.512606	0.43359	0.645071	
0.729382	1.08038	0.613464	0.214341	0.619661	0.743861	0.692132	0.755151	0.601669	0.437889	0.584878	0.622412	0.707648	0.514	0.878278	0.525549	0.357405	0.640011	0.479273	0.963055	0.821386	0.736042	0.973351	0.487335	0.54128	
0.92096	0.989994	0.62015	0.699498	0.0772044	1.06432	0.933883	1.08865	0.304255	0.351433	0.476427	1.0207	0.67304	1.04567	1.28214	0.394323	0.355096	1.03792	0.719685	0.855895	1.02625	1.20567	0.932619	0.904635	1.08614	
0.200079	0.378069	0.13138	0.502293	0.715221	0.385146	0.242602	0.411995	0.442567	0.459886	0.271097	0.424618	0.0890786	0.579243	0.61362	0.364142	0.561189	0.433514	0.238787	0.269982	0.291081	0.609766	0.271069	0.400971	0.616381	
0.644758	1.05239	0.634678	0.219835	0.815475	0.601906	0.593173	0.606166	0.731072	0.579003	0.659192	0.464642	0.718313	0.308396	0.690417	0.632583	0.535378	0.479464	0.445895	0.954257	0.716044	0.534657	0.939969	0.351227	0.326764	
0.498818	0.874316	0.435004	0.0330129	0.659903	0.511909	0.458926	0.524605	0.537132	0.395146	0.4552	0.397124	0.522345	0.332538	0.662635	0.433953	0.379166	0.415359	0.261981	0.767137	0.588057	0.535228	0.763796	0.259158	0.369261	
0.105756	0.54293	0.330889	0.436741	0.873497	0.14346	0.0466304	0.168797	0.631629	0.584585	0.463762	0.168358	0.344332	0.350668	0.369694	0.528397	0.650769	0.174856	0.214963	0.481254	0.172428	0.349338	0.432199	0.200034	0.3817	
0.458648	0.86167	0.455633	0.12616	0.746822	0.442087	0.410673	0.451743	0.604636	0.473152	0.502138	0.317368	0.534286	0.239579	0.57646	0.496767	0.46819	0.334951	0.258144	0.76481	0.537213	0.443933	0.74924	0.183868	0.27691	
0.609731	0.859139	0.382657	0.265027	0.364424	0.702965	0.598275	0.723326	0.290458	0.126601	0.303248	0.626745	0.474887	0.618329	0.89821	0.223944	0.0874996	0.645124	0.355925	0.728698	0.716844	0.797552	0.764163	0.496643	0.657639	
0.548016	0.421138	0.317441	0.722642	0.588523	0.736812	0.595376	0.763538	0.337342	0.47115	0.288185	0.773647	0.269386	0.907919	0.963247	0.358634	0.589188	0.783903	0.524803	0.298068	0.621931	0.961961	0.392601	0.72696	0.9478	
0.688973	0.699115	0.386109	0.635515	0.300178	0.856277	0.715734	0.88248	0.122397	0.284071	0.252618	0.845076	0.412593	0.921697	1.08425	0.225802	0.378576	0.860002	0.545641	0.5665	0.786902	1.03852	0.648008	0.754212	0.96362	
0.35814	0.764467	0.380538	0.184115	0.751704	0.354429	0.311121	0.36724	0.575052	0.464201	0.449918	0.243376	0.451139	0.236032	0.513531	0.463676	0.484541	0.261915	0.174262	0.671729	0.438635	0.400893	0.651751	0.105243	0.277827	
0.696487	0.68951	0.395779	0.65928	0.31975	0.866699	0.725308	0.893062	0.147758	0.310413	0.266802	0.859458	0.416236	0.940569	1.09533	0.247838	0.405699	0.87408	0.561872	0.558346	0.792713	1.05318	0.642357	0.77148	0.982482	
0.218094	0.570196	0.518946	0.620443	1.07998	0.0838684	0.191887	0.0788249	0.830875	0.792521	0.659294	0.220383	0.507011	0.413791	0.20861	0.731453	0.858802	0.207452	0.423033	0.557845	0.146335	0.283124	0.477529	0.342156	0.426743	
0.191298	0.62148	0.338319	0.353053	0.836586	0.191957	0.13697	0.210921	0.613022	0.543826	0.454881	0.137964	0.3752	0.279828	0.392763	0.504389	0.596568	0.152708	0.170286	0.54816	0.262129	0.331874	0.509221	0.112837	0.315407	
0.426736	0.838844	0.665422	0.567605	1.1453	0.244975	0.369288	0.223488	0.93881	0.853252	0.784082	0.19147	0.689657	0.228189	0.162963	0.828468	0.884231	0.17774	0.493057	0.80665	0.406407	0.00446414	0.738357	0.301223	0.214381	
0.490526	0.901832	0.503762	0.158044	0.785923	0.456284	0.4392	0.463259	0.651687	0.517	0.551335	0.324239	0.581033	0.214247	0.572065	0.544533	0.505339	0.340719	0.303934	0.808043	0.563039	0.430463	0.789107	0.200259	0.247843	
0.409764	0.324866	0.226682	0.656498	0.658177	0.599658	0.460257	0.626184	0.382908	0.47737	0.265821	0.646593	0.149881	0.795111	0.82414	0.360591	0.595606	0.655439	0.425822	0.189196	0.480048	0.830879	0.269433	0.61461	0.833522	
0.282597	0.445674	0.0344317	0.455474	0.616087	0.455265	0.312462	0.481951	0.344844	0.363395	0.172319	0.468936	0.0654447	0.59685	0.684924	0.265038	0.468527	0.480839	0.218685	0.321507	0.38216	0.661018	0.347527	0.415826	0.636622	
