15	40
82.5799	46.5043
1.31339	93.3418
75.3424	40.1722
3.59836	11.0777
8.5034	121.832
46.9413	70.1987
45.4082	109.835
73.0831	58.5031
78.9127	27.6353
20.4249	16.7277
11.4871	74.02
50.1326	18.297
65.7813	77.6819
51.316	69.1931
50.0592	21.8541
8.15245
2.95949
18.8703
6.61987
2.65533
13.4478
7.97041
12.3054
19.3253
14.0954
17.2395
19.973
5.86602
18.9572
11.7313
5.47634
13.4388
11.7657
6.76549
17.9562
1.32069
0.101815
15.3872
16.9542
9.11851
8.09453
11.4566
9.50683
1.40066
2.90982
14.9896
17.2585
5.18928
15.4981
4.67029
13.0431
3.78216
20.1222
8.11539
13.9463
0.875873	0.601736	0.87222	0.947568	0.607843	0.633722	0.918243	0.819615	0.620606	0.571319	0.582638	0.991341	0.750741	0.185121	0.341564	0.65487	0.187139	0.69235	0.82217	0.715547	0.373427	0.750024	0.784328	0.722609	0.602842	0.464381	0.389296	0.203536	0.984158	0.752588	0.492563	0.575956	0.898771	0.358176	0.276951	0.983189	0.631753	0.897818	1.02884	0.511071	
0.683758	0.474339	0.625451	0.915188	0.677956	0.352148	0.712773	0.557334	0.338639	0.296519	0.34094	0.778078	0.489582	0.29449	0.514391	0.702326	0.39139	0.455311	0.61791	0.434503	0.198466	0.47246	0.669837	0.529802	0.493491	0.321977	0.560457	0.36901	0.867061	0.687524	0.333274	0.328944	0.840397	0.0941484	0.5209	0.799865	0.371286	0.962567	0.874514	0.240214	
0.661783	0.625094	0.477483	1.09325	0.977139	0.128577	0.655189	0.369981	0.114516	0.091543	0.34741	0.689237	0.333528	0.668002	0.882329	0.981706	0.773738	0.402704	0.586988	0.0797598	0.447708	0.223302	0.783129	0.552067	0.661092	0.522792	0.924981	0.745784	0.941277	0.860592	0.505499	0.329304	0.997176	0.304654	0.905859	0.771807	0.289122	1.2326	0.887851	0.249646	
0.731435	0.427365	0.808723	0.667649	0.308724	0.698864	0.786817	0.793414	0.694377	0.694879	0.551999	0.864576	0.729221	0.133631	0.112649	0.357331	0.137611	0.633783	0.698726	0.802608	0.344876	0.777541	0.569248	0.597774	0.410319	0.350464	0.149904	0.0985866	0.755954	0.501507	0.385289	0.555345	0.634086	0.512159	0.223501	0.819308	0.625218	0.599167	0.831182	0.550614	
0.876189	0.572078	0.948104	0.774929	0.382206	0.809307	0.931462	0.926862	0.802182	0.786337	0.682646	1.0092	0.861073	0.205244	0.0763173	0.442324	0.106042	0.770806	0.84294	0.9083	0.466868	0.899381	0.708776	0.741691	0.554397	0.490113	0.113432	0.126947	0.890293	0.631363	0.524944	0.684006	0.754165	0.586409	0.0835939	0.96343	0.752363	0.652009	0.971736	0.664497	
0.825182	0.532068	0.858455	0.831062	0.475498	0.674021	0.874084	0.82197	0.664576	0.637218	0.577067	0.950181	0.753925	0.0930223	0.20704	0.525433	0.0552145	0.677301	0.780282	0.767653	0.356523	0.775587	0.699772	0.678209	0.525186	0.415328	0.255337	0.0697148	0.895081	0.650531	0.448113	0.574767	0.79068	0.431542	0.180127	0.924744	0.638874	0.76368	0.954863	0.535474	
0.840596	0.558539	0.851706	0.89054	0.547897	0.636356	0.885586	0.805802	0.624929	0.586238	0.564276	0.960023	0.737033	0.1291	0.285377	0.595131	0.132027	0.67062	0.79013	0.72421	0.348061	0.746297	0.736678	0.689243	0.556917	0.42763	0.333591	0.143962	0.935359	0.699353	0.457801	0.559428	0.843977	0.375458	0.238566	0.945229	0.619196	0.837927	0.985297	0.505467	
0.82422	0.646076	1.03437	0.31535	0.321698	1.13958	0.88584	1.08605	1.14582	1.19761	0.923794	0.945996	1.04833	0.75564	0.608677	0.287105	0.751432	0.930839	0.851456	1.24706	0.826021	1.15264	0.573005	0.797263	0.606866	0.732173	0.570823	0.724964	0.59985	0.443877	0.749194	0.938685	0.397644	1.07331	0.750914	0.828497	0.999968	0.0311664	0.741919	1.00514	
0.787704	0.500829	0.810749	0.828181	0.491176	0.618727	0.834558	0.771054	0.609129	0.581922	0.52686	0.909872	0.702728	0.0664189	0.246625	0.536339	0.105827	0.629396	0.739805	0.712064	0.307022	0.721479	0.676153	0.638195	0.49754	0.375294	0.29515	0.0966022	0.8742	0.636842	0.406845	0.523768	0.781283	0.377313	0.235678	0.890264	0.586762	0.78251	0.926759	0.481019	
0.191144	0.4057	0.416631	0.450594	0.70238	0.726818	0.213113	0.517359	0.745007	0.851328	0.542228	0.22987	0.526717	0.845082	0.900736	0.649081	0.936813	0.453462	0.265792	0.80031	0.658261	0.651483	0.253149	0.322969	0.4111	0.545967	0.905014	0.887124	0.163762	0.367186	0.522932	0.560678	0.358128	0.873763	1.03963	0.0985479	0.571667	0.754511	0.0357789	0.676439	
0.0521177	0.296451	0.194473	0.589898	0.702547	0.484918	0.0710495	0.281933	0.503609	0.612384	0.315763	0.146856	0.28422	0.710544	0.820485	0.665959	0.817341	0.214972	0.0268626	0.557233	0.476848	0.409539	0.279592	0.125474	0.324007	0.388521	0.837451	0.768194	0.356463	0.410127	0.356966	0.332793	0.485268	0.65721	0.938039	0.165248	0.333054	0.842663	0.278584	0.448186	
0.709019	0.573288	0.930846	0.17347	0.353664	1.07568	0.76834	0.99257	1.08434	1.14808	0.854923	0.823347	0.96161	0.769581	0.659215	0.297849	0.787324	0.845906	0.744631	1.18042	0.790247	1.07323	0.464863	0.702879	0.535964	0.683173	0.628974	0.753355	0.462317	0.34731	0.69407	0.871392	0.266326	1.04673	0.811055	0.700717	0.927233	0.159282	0.605631	0.950632	
0.303611	0.189016	0.301098	0.651898	0.595289	0.316217	0.335471	0.290362	0.32721	0.410192	0.094264	0.405207	0.232942	0.469746	0.619579	0.582254	0.583442	0.125533	0.239428	0.418893	0.214875	0.320398	0.344854	0.15036	0.227586	0.158797	0.647243	0.536821	0.520288	0.420397	0.124288	0.112176	0.555881	0.402058	0.713449	0.41994	0.16621	0.815388	0.502458	0.215666	
0.637962	0.490212	0.534226	0.956069	0.771567	0.217208	0.655199	0.451111	0.201238	0.156491	0.276847	0.711848	0.387403	0.426397	0.643692	0.786467	0.529834	0.383726	0.565866	0.292491	0.243827	0.345978	0.67748	0.493116	0.51834	0.352142	0.687912	0.503449	0.863873	0.721795	0.349071	0.259784	0.870886	0.0786299	0.661496	0.755763	0.277847	1.04496	0.847765	0.146013	
0.721202	0.438169	0.863119	0.482712	0.0797166	0.849431	0.783767	0.877584	0.850022	0.875505	0.660821	0.859295	0.822592	0.367633	0.226264	0.142308	0.359942	0.710734	0.712479	0.957976	0.499112	0.899483	0.49885	0.623834	0.404532	0.444415	0.19933	0.332493	0.64685	0.387295	0.473429	0.670375	0.479675	0.718187	0.379653	0.780799	0.740086	0.362145	0.754349	0.702356	
