10	30
73.4282	115.043
28.7236	90.1554
26.9396	90.3943
55.6513	97.7543
70.2086	18.3869
169.939	82.6751
69.8039	86.1594
130.169	16.9762
38.7171	14.2814
55.9949	89.2355
6.85225
8.23856
18.1399
2.14864
19.9535
18.4525
6.43589
15.6434
6.78445
13.0628
18.4238
9.47078
19.3912
12.2261
12.452
8.49456
17.4503
15.1395
5.33855
14.8663
15.6689
4.73007
9.24928
18.116
9.61525
2.96425
3.44624
15.8511
5.71373
16.2108
0.168198	0.537281	0.888094	0.395452	0.642079	0.360842	0.52243	0.577429	0.0515886	0.930561	0.329915	0.499908	0.421158	0.360747	0.623931	0.641085	0.5049	0.781504	0.396539	0.607694	0.778974	0.226348	0.611611	0.318684	0.66017	0.660198	0.258074	0.75522	0.582748	0.592631	
0.963222	0.821847	0.074817	0.613916	0.772291	0.519829	0.382152	1.10432	0.903084	0.907787	0.535791	0.871757	0.728676	0.563677	1.22121	1.31853	0.639753	0.543729	0.878266	1.10236	0.450016	0.646473	1.17316	0.925435	0.93729	0.32051	0.903718	1.02601	0.798818	0.275009	
0.604191	0.535826	0.377922	0.366967	0.534289	0.209285	0.18552	0.785987	0.547515	0.761216	0.198469	0.5678	0.413384	0.281935	0.893836	0.978682	0.359882	0.44441	0.548158	0.791543	0.386352	0.288745	0.851184	0.63327	0.672719	0.199842	0.550869	0.774409	0.532307	0.125062	
0.794386	0.513778	0.310747	0.681576	0.436083	0.520119	0.479992	0.811702	0.777337	0.551401	0.496432	0.576509	0.462234	0.595659	0.935954	1.05081	0.349987	0.187434	0.616063	0.801295	0.0961658	0.532114	0.882343	0.935739	0.606694	0.114882	0.691811	0.685599	0.477631	0.364714	
0.584943	0.123763	0.781194	0.836386	0.0418814	0.67156	0.746968	0.376924	0.643533	0.279133	0.616846	0.188882	0.238209	0.744632	0.501891	0.633626	0.217027	0.334386	0.292657	0.354123	0.411632	0.53178	0.44414	0.950619	0.131208	0.494839	0.440996	0.211941	0.0709532	0.691218	
0.413309	0.391159	0.564246	0.375644	0.431878	0.209834	0.313677	0.605169	0.373315	0.701956	0.154828	0.404931	0.252188	0.282909	0.706277	0.784601	0.250073	0.463904	0.364239	0.61557	0.443974	0.122832	0.667166	0.549891	0.535468	0.315058	0.353498	0.64104	0.405445	0.313802	
0.232789	0.546181	0.826642	0.325678	0.640572	0.290533	0.451677	0.620891	0.122994	0.929133	0.263254	0.517607	0.419055	0.288417	0.67729	0.703313	0.489064	0.752816	0.421043	0.648421	0.742337	0.177675	0.660504	0.295567	0.677206	0.611086	0.297614	0.776316	0.586749	0.526245	
0.55288	0.656379	0.538014	0.145159	0.69209	0.0622386	0.116539	0.849081	0.459942	0.948992	0.118919	0.666055	0.516276	0.0704888	0.937351	0.995	0.50876	0.658518	0.610706	0.864702	0.606791	0.256162	0.90537	0.434836	0.800812	0.42162	0.555016	0.90643	0.670252	0.223389	
0.862429	0.539254	0.352047	0.775541	0.442773	0.613286	0.572929	0.837996	0.854071	0.505764	0.587977	0.607126	0.510937	0.689274	0.963888	1.08498	0.394742	0.153563	0.660622	0.823302	0.0719997	0.615573	0.90837	1.02649	0.612863	0.208909	0.751176	0.680703	0.495614	0.455609	
0.624039	0.184457	0.69186	0.805752	0.0595581	0.635554	0.69283	0.466542	0.667007	0.272322	0.584018	0.257141	0.249572	0.712145	0.592443	0.721713	0.182154	0.238983	0.347125	0.446251	0.316319	0.518703	0.535116	0.950833	0.226844	0.4119	0.484052	0.300674	0.1283	0.62518	
