10	20
67.4957	132.642
143.278	37.1791
61.5734	45.7234
10.403	100.43
126.19	63.1374
144.655	15.0932
111.705	126.561
88.2961	67.7524
141.808	83.4131
176.691	118.902
43.2878
24.1897
36.2385
30.5763
49.2048
29.7054
40.0595
30.0783
6.61722
1.36181
1.1421
37.3513
2.64099
39.4699
29.5737
53.1314
10.6574
51.6952
9.13272
1.10851
0.823187	0.856942	0.480481	0.367272	0.553498	0.917111	0.27149	0.521642	0.257438	0.510197	0.99739	0.187398	0.785621	0.27736	0.562427	0.264444	0.448304	0.434187	0.640883	0.584836	
0.139898	0.342487	0.540086	0.580003	0.402465	0.7801	0.977896	0.442576	0.959688	0.481822	0.163016	0.796492	0.160144	1.08258	0.48393	0.800978	0.661946	0.867538	0.306896	0.827034	
0.780178	0.774989	0.476963	0.331662	0.518422	0.954833	0.365022	0.457417	0.348552	0.494116	0.961642	0.21838	0.735646	0.382442	0.556991	0.314008	0.473907	0.502023	0.587651	0.478817	
0.622691	0.674771	0.304972	0.166983	0.354401	0.798737	0.331702	0.326752	0.311064	0.322145	0.79902	0.110445	0.584631	0.398106	0.384583	0.20142	0.316345	0.395514	0.440393	0.51763	
0.922289	1.02423	0.532634	0.488576	0.65354	0.851185	0.124016	0.670652	0.128293	0.581481	1.0773	0.264425	0.898638	0.0622658	0.608819	0.262642	0.448027	0.334361	0.765816	0.800439	
0.507644	0.549615	0.255611	0.0754138	0.24927	0.78181	0.440746	0.199145	0.419849	0.24791	0.689755	0.217118	0.464388	0.518569	0.32288	0.281897	0.319581	0.457503	0.317556	0.472307	
0.104965	0.428677	0.485567	0.556942	0.370363	0.676535	0.927315	0.449779	0.910212	0.432882	0.0870551	0.762001	0.166163	1.03561	0.419495	0.753999	0.59857	0.799858	0.307299	0.873337	
0.6822	0.865613	0.281199	0.327256	0.433523	0.579406	0.174411	0.512116	0.162648	0.340963	0.817063	0.192225	0.673382	0.287755	0.344664	0.0929837	0.168716	0.103013	0.563304	0.809192	
0.340481	0.0585192	0.559163	0.489262	0.397325	0.981349	0.92456	0.299932	0.903939	0.498435	0.487092	0.706527	0.274864	1.00966	0.548805	0.7518	0.688021	0.88533	0.267944	0.519273	
0.397926	0.734514	0.268515	0.446135	0.336824	0.29738	0.616907	0.503051	0.605861	0.278563	0.446358	0.541807	0.43534	0.729972	0.200158	0.481591	0.287007	0.434966	0.43023	0.960798	
