15	30
125.978	93.9989
50.7717	51.1089
149.712	14.9426
130.981	22.7751
175.616	40.7891
116.129	123.479
145.986	144.977
39.2884	135.301
68.2351	90.1684
20.8387	49.7903
123.334	84.3197
70.0141	30.4649
59.0024	121.946
13.5799	49.1426
65.5303	104.994
12.7597
5.18435
2.34075
11.4998
7.14082
6.22682
1.17952
8.05485
5.17422
4.97839
2.65046
12.2072
8.81045
8.36794
9.39997
0.222838
9.44026
13.1035
9.98917
9.03025
4.98133
11.7286
11.6595
5.60762
11.3066
1.72793
3.53197
9.88224
13.4551
9.99761
0.714569	0.809988	0.758585	0.895852	0.966644	0.392676	0.925357	0.101197	0.469403	0.803184	0.926624	0.76138	0.920874	0.373266	0.723722	0.853087	0.45042	0.494713	0.794724	0.577275	0.951746	0.575729	0.657071	0.0869525	0.18284	0.630666	0.69283	0.701503	1.19707	0.091934	
0.300513	0.427225	0.058123	0.192902	0.893384	0.455295	0.305606	0.602745	0.419596	0.347012	0.4753	0.615818	0.217938	0.548535	0.652795	0.496315	0.324498	0.28653	0.202469	0.269746	0.327763	0.658576	0.0745707	0.72462	0.525527	0.734634	0.486576	0.0582144	0.606883	0.769981	
0.399486	0.816255	0.434613	0.344544	0.815983	0.739296	0.565199	1.00122	0.881343	0.727855	0.295441	0.619813	0.33528	0.813404	0.689981	0.404092	0.645304	0.747105	0.568169	0.72859	0.143051	0.796299	0.466624	1.08878	0.936076	0.844922	0.545707	0.428843	0.15783	1.13937	
0.670678	0.114889	0.344912	0.375657	1.26302	0.75984	0.165995	0.766337	0.409856	0.0600852	0.826787	0.984206	0.38275	0.84928	1.01689	0.862427	0.635185	0.373029	0.171471	0.28771	0.622943	1.00144	0.437562	0.915859	0.68515	1.08056	0.85425	0.427952	0.8758	0.948715	
0.206433	0.918294	0.537197	0.589344	0.390719	0.350234	0.793706	0.677646	0.775157	0.844707	0.239652	0.118425	0.604862	0.379284	0.176908	0.132087	0.352012	0.652444	0.704872	0.695593	0.428078	0.284551	0.435743	0.702312	0.646842	0.326465	0.0484266	0.446004	0.547129	0.752682	
0.106197	0.830044	0.434752	0.477115	0.494775	0.369552	0.687449	0.683846	0.722137	0.752554	0.169655	0.2323	0.491822	0.42288	0.290998	0.106719	0.328795	0.591712	0.605959	0.623634	0.316302	0.379212	0.345286	0.73255	0.640306	0.431432	0.129862	0.348185	0.467338	0.783913	
0.631328	0.528673	0.554437	0.690885	1.05138	0.416744	0.671834	0.201824	0.186556	0.528879	0.858078	0.797028	0.714883	0.460018	0.784577	0.815284	0.384781	0.241664	0.546248	0.313838	0.809574	0.676997	0.485761	0.352828	0.141072	0.75035	0.691723	0.526028	1.08042	0.374387	
0.436028	0.924499	0.533123	0.453219	0.762135	0.777008	0.676804	1.05977	0.97114	0.836037	0.272907	0.598714	0.445406	0.842797	0.671725	0.384575	0.697149	0.834974	0.6751	0.823425	0.226245	0.796031	0.548484	1.13539	0.999651	0.835495	0.546621	0.514714	0.0531134	1.18661	
0.214752	0.620637	0.207516	0.192528	0.778618	0.519148	0.42083	0.753589	0.633106	0.534109	0.288949	0.523517	0.203639	0.603318	0.579786	0.346492	0.40899	0.497004	0.372424	0.48753	0.113148	0.640207	0.212471	0.851122	0.685448	0.704527	0.410875	0.176764	0.391131	0.900655	
0.104392	0.797352	0.388608	0.410452	0.559575	0.431789	0.631267	0.731917	0.726228	0.715895	0.122689	0.311505	0.422633	0.494465	0.374321	0.130284	0.368588	0.591221	0.562045	0.611509	0.230726	0.465396	0.320484	0.793624	0.681038	0.517989	0.216466	0.312502	0.392955	0.845052	
0.366346	0.399697	0.218139	0.356143	0.915762	0.370434	0.396045	0.444966	0.269802	0.343578	0.580048	0.635694	0.380751	0.460349	0.65475	0.570907	0.247342	0.132433	0.265635	0.158115	0.481401	0.617773	0.157306	0.577186	0.364929	0.69769	0.507492	0.192129	0.758564	0.619372	
0.524905	0.34474	0.358406	0.489212	1.04221	0.441054	0.455216	0.382842	0.10392	0.325114	0.743539	0.766915	0.51206	0.517091	0.774843	0.727123	0.346879	0.0341818	0.329648	0.098484	0.643871	0.708629	0.322625	0.532734	0.301757	0.788205	0.643819	0.354438	0.922255	0.565239	
0.421363	0.93514	0.538268	0.465195	0.731803	0.760782	0.692073	1.04847	0.970965	0.84672	0.247828	0.571776	0.458853	0.824443	0.645016	0.358811	0.684855	0.834242	0.684979	0.825832	0.22942	0.771884	0.546439	1.12068	0.989958	0.809788	0.523438	0.514399	0.0628578	1.172	
0.305889	0.859704	0.55745	0.656239	0.5013	0.133861	0.810511	0.453664	0.6365	0.802327	0.46035	0.257498	0.677791	0.138247	0.234635	0.366183	0.21517	0.53949	0.695433	0.605575	0.579233	0.157612	0.431277	0.462524	0.438232	0.237354	0.193532	0.462667	0.761428	0.512432	
0.557533	0.168264	0.264189	0.351617	1.13729	0.604789	0.238015	0.609853	0.274411	0.108302	0.74077	0.85659	0.368171	0.692679	0.882547	0.758727	0.483675	0.214212	0.134645	0.130101	0.571464	0.853815	0.318383	0.757901	0.52803	0.933615	0.726497	0.322424	0.843854	0.792232	
