10	20
133.375	49.621
4.7227	94.8395
57.4315	72.304
124.801	37.5717
30.4952	148.595
117.249	56.0839
156.149	147.493
75.9562	50.4785
167.526	110.953
145.64	92.301
44.6038
23.1113
35.5172
25.2495
10.8026
31.8032
7.13369
3.45188
7.79951
35.2351
42.1087
56.6896
47.3557
14.2923
56.405
40.8473
40.1145
13.1095
10.0171
27.8463
0.823587	0.258111	0.113892	0.221396	0.6144	0.353377	0.606923	0.38741	0.917442	0.430403	0.148879	0.628683	0.990979	0.840432	0.536544	0.701249	0.217439	0.4822	0.892801	0.227991	
0.471021	0.542258	0.396646	0.257786	0.829723	0.105159	0.637756	0.156857	0.727295	0.354873	0.603306	0.743975	0.797828	0.590946	0.234319	0.251305	0.467405	0.826142	0.669393	0.229185	
0.686068	0.353269	0.126323	0.106498	0.700756	0.176193	0.609155	0.242303	0.844214	0.363623	0.334589	0.670113	0.918719	0.741661	0.400143	0.515972	0.283127	0.62378	0.805819	0.0546434	
0.484642	0.542907	0.388056	0.255696	0.83462	0.10169	0.646429	0.163781	0.740452	0.363173	0.598002	0.751156	0.811106	0.604498	0.247313	0.253877	0.467804	0.826954	0.682815	0.223386	
0.874741	0.429848	0.787547	0.681156	0.0778837	0.802818	0.300539	0.720283	0.667444	0.533997	0.649665	0.16068	0.709753	0.723632	0.731951	1.09463	0.486714	0.32359	0.706615	0.75397	
0.560385	0.310352	0.257214	0.0457502	0.61959	0.135496	0.482756	0.122813	0.699528	0.221397	0.397221	0.561231	0.774041	0.599673	0.272344	0.48272	0.235151	0.594442	0.662064	0.100667	
0.151487	0.608011	0.671784	0.46286	0.738703	0.403321	0.456721	0.3078	0.37109	0.289542	0.791661	0.594999	0.437019	0.224108	0.150641	0.437191	0.556171	0.846591	0.305588	0.49575	
0.404174	0.354899	0.489144	0.281358	0.519635	0.31298	0.287797	0.202854	0.460728	0.0364517	0.557093	0.404797	0.535164	0.378368	0.181663	0.545096	0.308127	0.596447	0.430439	0.342159	
0.664958	0.133599	0.451053	0.324943	0.298893	0.452022	0.248587	0.382624	0.620207	0.234929	0.389508	0.264635	0.687889	0.593054	0.439455	0.769364	0.149845	0.329504	0.619127	0.397876	
0.629746	0.136717	0.410233	0.27074	0.355304	0.395357	0.271427	0.326886	0.615617	0.192046	0.378542	0.309863	0.685752	0.574239	0.391684	0.714239	0.12214	0.374572	0.607469	0.344339	
