25	25
5.85572	93.5759
23.6228	116.08
22.9217	30.0434
61.5454	70.7458
51.5844	142.706
16.3079	88.6818
83.8159	120.813
65.2337	42.0891
10.9888	98.3106
4.09004	57.9358
17.8465	22.4536
6.73041	98.0409
31.7793	28.9113
34.8227	112.286
39.1502	113.142
36.4569	109.468
16.5279	10.4513
44.6246	124.103
60.3068	21.1403
52.8685	14.2757
38.8637	12.0861
39.0798	38.7164
50.7959	94.7025
52.9697	88.9054
51.9618	149.261
4.01379
45.4833
87.6893
28.0249
46.9791
50.5823
17.3269
13.5433
28.0256
44.9425
5.39912
56.4179
109.3
31.0407
39.8696
94.1207
115.802
3.14611
91.0863
105.906
76.9544
33.908
46.427
62.6837
27.2763
0.66183	0.257816	0.693019	0.750817	0.457709	0.654787	0.186384	0.3459	0.25917	0.732857	0.115801	0.113999	0.499357	0.905636	0.601077	1.0103	0.71103	0.413481	0.173975	0.649565	1.02996	0.717711	0.182396	0.405089	0.770955	
1.2337	0.873669	1.15865	0.397091	0.805625	1.14823	0.566584	0.417662	0.436001	0.911008	0.583899	0.783364	1.0268	0.945224	1.09649	0.968687	0.296529	0.291332	0.73598	0.214455	0.986508	1.12361	0.527652	0.745714	0.63969	
0.850712	0.891313	0.702221	0.25807	0.380871	0.713723	0.448703	0.667931	0.455314	0.356279	0.528817	0.658984	0.649149	0.383498	0.674365	0.435269	0.316603	0.40726	0.790892	0.360532	0.455052	0.635547	0.621431	0.356178	0.1378	
0.333626	0.46664	0.371807	0.843278	0.285482	0.32756	0.355946	0.663282	0.493683	0.555094	0.367543	0.232603	0.171853	0.761569	0.276468	0.887732	0.842872	0.628135	0.470264	0.814741	0.904991	0.417843	0.502559	0.282662	0.751478	
0.662218	0.70241	0.545707	0.43312	0.194246	0.544567	0.277837	0.576328	0.34137	0.331822	0.359999	0.45562	0.453967	0.466749	0.497967	0.563054	0.453852	0.372456	0.617768	0.45515	0.582913	0.501874	0.483888	0.150596	0.341044	
0.806177	0.289196	0.82893	0.727421	0.56314	0.793309	0.232289	0.208798	0.217603	0.821474	0.153855	0.257111	0.639087	0.975432	0.738959	1.06851	0.67026	0.351773	0.154613	0.59498	1.08855	0.846087	0.0599973	0.50329	0.797277	
0.514262	0.25294	0.586066	0.87137	0.440736	0.539766	0.306129	0.518392	0.416557	0.725876	0.266913	0.0671542	0.385696	0.92044	0.490332	1.03798	0.845806	0.570062	0.263821	0.795033	1.05666	0.631927	0.355855	0.408286	0.844157	
0.973827	0.54578	0.94342	0.529486	0.61468	0.920404	0.293891	0.127641	0.158461	0.810878	0.279713	0.471185	0.779316	0.916663	0.865699	0.983111	0.452771	0.146833	0.408506	0.365079	1.00301	0.933217	0.198972	0.548849	0.67121	
0.861144	1.14368	0.657632	0.529637	0.48966	0.694203	0.728564	0.999984	0.774059	0.236398	0.810802	0.885447	0.706161	0.056938	0.678336	0.116147	0.618956	0.748872	1.06731	0.685839	0.134935	0.560807	0.929668	0.513579	0.264583	
0.778371	0.529372	0.727401	0.471285	0.392176	0.708322	0.112584	0.310116	0.0751516	0.597535	0.164259	0.35091	0.575231	0.724092	0.654388	0.806561	0.432453	0.167912	0.41338	0.378022	0.82668	0.712109	0.233577	0.326428	0.524042	
0.515596	0.575683	0.441526	0.597467	0.119938	0.42536	0.226533	0.570389	0.347809	0.391091	0.291231	0.314177	0.305717	0.573565	0.372664	0.687841	0.605116	0.44208	0.516246	0.588815	0.706739	0.427896	0.438799	0.062697	0.508426	
0.550382	0.880665	0.362858	0.6209	0.201143	0.389415	0.523449	0.851552	0.616724	0.088829	0.597627	0.616379	0.387079	0.29849	0.365585	0.428875	0.675796	0.656622	0.828991	0.703889	0.444694	0.280662	0.739453	0.250613	0.406385	
0.796472	1.08244	0.595553	0.528062	0.423348	0.630474	0.673666	0.956411	0.727018	0.171064	0.755425	0.822757	0.639014	0.0714339	0.61303	0.181838	0.611299	0.712816	1.00948	0.670813	0.199708	0.500419	0.878636	0.449463	0.264036	
0.646402	0.154302	0.713417	0.865231	0.528555	0.66887	0.298576	0.415793	0.370263	0.811581	0.2302	0.116758	0.513531	0.994637	0.618167	1.10464	0.824967	0.523277	0.131422	0.761886	1.124	0.753044	0.262564	0.484139	0.878447	
0.620778	0.135478	0.703859	0.91455	0.546795	0.656714	0.345093	0.468681	0.424063	0.83179	0.281236	0.132726	0.503534	1.02039	0.608025	1.13366	0.876722	0.577627	0.164355	0.815217	1.15277	0.750474	0.317551	0.507445	0.918093	
1.2301	0.925823	1.13942	0.315552	0.785358	1.13344	0.582627	0.485387	0.462342	0.863004	0.612118	0.811477	1.02084	0.880129	1.08343	0.894832	0.216688	0.308697	0.789351	0.15086	0.912066	1.09687	0.5768	0.729116	0.568881	
0.62458	0.977888	0.422378	0.6234	0.298688	0.457677	0.608087	0.926361	0.69102	0.0193382	0.684971	0.713738	0.476605	0.206931	0.442256	0.339456	0.690396	0.714275	0.922578	0.730822	0.353875	0.328098	0.823035	0.343806	0.38211	
0.472094	0.449644	0.459982	0.70487	0.229985	0.427947	0.209962	0.536836	0.348545	0.514896	0.237416	0.185345	0.279127	0.706164	0.372967	0.823249	0.697985	0.478474	0.409082	0.666073	0.841919	0.476468	0.383772	0.193552	0.641502	
0.711721	0.93388	0.531732	0.467523	0.289831	0.555573	0.523669	0.814312	0.582206	0.139427	0.605265	0.675903	0.532457	0.220227	0.527182	0.325436	0.534084	0.581702	0.859222	0.576929	0.344599	0.44984	0.730289	0.306033	0.237453	
0.501325	0.235338	0.609198	0.971566	0.517201	0.558099	0.405833	0.591623	0.511743	0.799443	0.362071	0.165133	0.412643	0.99964	0.514033	1.12057	0.945769	0.66607	0.296956	0.893866	1.13883	0.668463	0.433579	0.492414	0.939167	
0.592372	0.747804	0.453858	0.505628	0.124191	0.459579	0.354151	0.673674	0.43843	0.23687	0.432625	0.488501	0.391638	0.401209	0.417659	0.512872	0.540731	0.479634	0.678722	0.55247	0.531877	0.401141	0.568386	0.120293	0.356782	
1.06417	0.751041	0.989809	0.335202	0.637614	0.978605	0.403263	0.33691	0.280562	0.761161	0.430343	0.629774	0.856952	0.818871	0.926702	0.859928	0.246132	0.127462	0.616243	0.152651	0.878893	0.957246	0.402504	0.576841	0.531503	
0.227584	0.634783	0.202947	0.868384	0.249831	0.162419	0.472628	0.804749	0.609662	0.456505	0.505238	0.399236	0.0184576	0.667464	0.108795	0.799058	0.887279	0.724519	0.638101	0.876733	0.81433	0.252819	0.649845	0.285842	0.725863	
0.930758	0.762489	0.830313	0.237088	0.476592	0.826083	0.339494	0.445605	0.274622	0.570426	0.399572	0.580235	0.720574	0.62864	0.777172	0.677472	0.201909	0.172752	0.640857	0.173326	0.696917	0.787152	0.440627	0.42253	0.355437	
0.752988	0.0994606	0.82546	0.906212	0.63085	0.780631	0.36165	0.374449	0.396461	0.910659	0.281896	0.227117	0.62548	1.08692	0.730145	1.19216	0.854906	0.539466	0.0407096	0.782702	1.21182	0.864711	0.249729	0.582219	0.947996	
