10	30
167.448	65.6384
38.1758	129.353
6.0018	105.734
68.027	26.6377
1.97887	153.506
89.1746	101.649
57.1383	59.4233
62.924	20.888
70.7914	89.341
161.852	128.475
32.8503
36.2155
30.1924
11.7581
12.9559
38.4305
14.6332
20.283
7.02522
0.813744
8.1124
9.03749
25.7382
4.64562
10.8316
43.5981
4.92958
0.674218
41.0414
5.21235
42.5353
6.99681
22.6254
6.80724
28.9254
23.1187
42.9999
38.5229
8.99548
6.59105
0.721691	0.551204	0.254322	0.244732	0.286337	0.267581	0.148456	0.550603	0.681206	0.544833	0.148479	0.0715607	0.173336	0.255541	0.343762	0.239379	0.838745	0.178823	0.255593	0.240477	0.588525	0.145421	0.21084	0.0774458	0.370679	0.347494	0.123026	0.208909	0.311914	0.604188	
0.489696	0.490621	0.394247	0.30491	0.41059	0.308221	0.139459	0.385097	0.456091	0.523684	0.386283	0.328806	0.34872	0.175738	0.519269	0.193327	0.847524	0.245058	0.474066	0.0373075	0.586016	0.373437	0.357116	0.322617	0.154916	0.151712	0.339085	0.360831	0.236689	0.703863	
0.830409	0.70708	0.399744	0.143089	0.134586	0.16901	0.202518	0.687904	0.794592	0.702232	0.0889176	0.135519	0.0170462	0.397908	0.466331	0.38672	0.993628	0.12452	0.134146	0.339531	0.745489	0.0667123	0.358565	0.198541	0.483709	0.467293	0.255307	0.0568236	0.270603	0.744895	
0.901453	0.612342	0.230337	0.428827	0.413184	0.454809	0.379474	0.689945	0.856303	0.574417	0.206435	0.178072	0.305656	0.414883	0.21718	0.388632	0.805287	0.38306	0.275409	0.454816	0.594242	0.227075	0.21607	0.157924	0.562165	0.532991	0.149477	0.343769	0.530638	0.508774	
0.109573	0.467837	0.650451	0.677105	0.788666	0.673965	0.525338	0.239106	0.09649	0.544627	0.766513	0.697981	0.734584	0.40485	0.773833	0.432671	0.822736	0.626586	0.859141	0.390989	0.609617	0.755736	0.632415	0.673512	0.257377	0.284926	0.668238	0.745307	0.56718	0.832546	
0.474744	0.0364131	0.352258	0.713538	0.790288	0.726959	0.529887	0.219069	0.426198	0.0900125	0.653642	0.564244	0.68582	0.29521	0.43145	0.294295	0.401392	0.639939	0.763555	0.424729	0.156745	0.656532	0.367011	0.505991	0.347478	0.326222	0.463795	0.717414	0.68822	0.38687	
0.512841	0.132158	0.501709	0.881129	0.958825	0.89398	0.696695	0.297475	0.470734	0.159529	0.819188	0.729769	0.854051	0.461252	0.558056	0.462085	0.296025	0.807749	0.928899	0.585401	0.16967	0.82295	0.523107	0.669941	0.489854	0.474416	0.624872	0.88588	0.849845	0.423046	
0.633695	0.307832	0.0869215	0.504242	0.556862	0.523686	0.344396	0.39742	0.585325	0.282713	0.391887	0.303615	0.442917	0.187974	0.205453	0.1613	0.568329	0.431539	0.500209	0.30925	0.319875	0.398635	0.0919003	0.240582	0.340413	0.307309	0.192206	0.479355	0.527352	0.362014	
0.591479	0.597669	0.437663	0.193804	0.304554	0.193933	0.0857499	0.501808	0.561778	0.623261	0.325703	0.292805	0.263742	0.27005	0.552375	0.279307	0.944486	0.145368	0.395321	0.140109	0.682431	0.30829	0.3954	0.310211	0.270573	0.268392	0.344609	0.26632	0.125859	0.772032	
0.105139	0.375004	0.635403	0.761295	0.868048	0.762248	0.591991	0.158711	0.0614453	0.456798	0.813995	0.736286	0.798617	0.419621	0.749127	0.443503	0.70541	0.702323	0.914792	0.451431	0.516413	0.806651	0.626723	0.700498	0.306164	0.322485	0.683763	0.815407	0.667739	0.758379	
