10	20
175.763	52.0559
68.5474	153.871
32.0449	155.896
112.576	116.752
117.801	152.993
146.948	52.9353
49.5223	45.5263
43.1654	24.6147
55.3686	45.6321
18.8535	125.352
16.2123
5.61836
12.0372
1.16224
5.49831
9.08061
13.538
3.3175
12.5479
14.6593
11.5176
12.3035
6.73218
0.627067
17.6742
0.897044
12.333
15.7712
7.10234
6.4957
0.463625	0.717385	0.148087	0.246556	0.405542	0.344879	0.225008	0.757434	0.590304	0.847054	0.513616	0.169831	0.272709	0.950643	0.453919	0.843922	0.507158	0.329353	0.22648	0.405281	
0.245634	0.368822	0.363714	0.556184	0.0325317	0.554774	0.368662	0.372082	0.348461	0.429105	0.521718	0.26677	0.46542	0.613685	0.384951	0.505457	0.415832	0.520144	0.370995	0.662863	
0.238304	0.196863	0.551606	0.747054	0.212455	0.747413	0.561292	0.374277	0.470568	0.243437	0.526944	0.435169	0.561599	0.43147	0.558069	0.53334	0.579878	0.712684	0.482199	0.855723	
0.536403	0.420341	0.727296	0.897828	0.424462	0.856225	0.705403	0.18441	0.426144	0.257132	0.826255	0.656751	0.841991	0.564127	0.596167	0.322775	0.590936	0.821838	0.753533	0.96538	
0.263069	0.417415	0.307353	0.499908	0.0395757	0.501138	0.313212	0.401665	0.339057	0.485505	0.520272	0.216673	0.436652	0.663338	0.347798	0.523885	0.38352	0.466737	0.339696	0.608566	
0.332334	0.55836	0.14041	0.339322	0.211963	0.375721	0.183191	0.565025	0.427791	0.662245	0.493729	0.0475368	0.324043	0.80149	0.341362	0.663644	0.391991	0.345609	0.230505	0.472325	
0.692166	0.887996	0.248495	0.17958	0.510045	0.0619957	0.182923	0.668236	0.418602	0.935864	0.845929	0.393589	0.630575	1.13411	0.224213	0.683003	0.256696	0.0455136	0.559316	0.161058	
0.166674	0.36958	0.527494	0.706154	0.377539	0.772738	0.587364	0.748463	0.741786	0.57678	0.127707	0.376803	0.257846	0.542814	0.725673	0.895901	0.769922	0.745755	0.247777	0.857837	
0.651513	0.83852	0.231119	0.214019	0.460583	0.115409	0.156112	0.609942	0.362022	0.880233	0.821193	0.365192	0.616828	1.08427	0.167968	0.628147	0.204696	0.0867161	0.539419	0.219505	
0.527181	0.609454	0.405507	0.531358	0.29821	0.465471	0.353831	0.258231	0.0672175	0.580856	0.791972	0.416	0.6828	0.838276	0.192339	0.305205	0.188372	0.43288	0.584927	0.571298	
