15	40
63.6979	58.3095
36.5364	42.7717
83.8086	157.517
1.48984	70.7829
28.6095	52.6223
16.8364	29.8932
76.138	34.106
40.3959	75.1358
13.5052	97.2077
41.8385	98.0225
80.2576	105.535
34.6351	22.5293
49.9234	111.02
0.517889	29.0032
62.1516	114.789
25.7825
26.6318
5.98019
1.27195
20.8583
17.4152
25.9418
4.56551
11.7749
27.7571
22.4149
14.8044
11.4383
21.2576
27.2089
29.6233
22.5372
23.7021
0.680148
29.5803
7.28138
25.9657
20.805
23.8393
7.14118
12.9795
22.4472
22.4017
13.17
9.61901
0.572119
36.2858
34.741
35.7738
4.57755
30.0689
31.5994
9.18584
12.0125
1.13686
0.334223	0.482054	0.853242	0.247006	0.572482	0.812567	0.867884	0.0785938	0.378146	0.277652	0.64529	0.949062	0.849491	0.723346	0.544161	0.510016	0.344169	0.569063	0.0543972	0.460091	0.642598	0.461611	0.166086	0.237776	0.608138	0.829191	0.367025	0.514079	0.30294	0.242047	0.607575	0.613886	0.663495	0.1771	0.350819	0.886133	0.391199	0.665854	0.599187	0.521778	
0.740702	0.668665	0.966424	0.552368	0.6342	0.841696	0.944172	0.481752	0.772851	0.298492	1.01255	0.975009	0.877354	0.692747	0.556991	0.637863	0.145456	0.726929	0.441294	0.804176	0.279783	0.760758	0.498533	0.614983	0.773468	0.905775	0.760786	0.546922	0.223036	0.52958	0.281477	0.295624	1.04273	0.241941	0.752136	0.914462	0.72685	0.979344	0.985968	0.845269	
0.63573	0.0796798	0.345042	0.747461	0.11172	0.316544	0.355675	0.54498	0.739987	0.355742	0.580745	0.445655	0.350961	0.294904	0.174464	0.0118021	0.50172	0.0809633	0.557772	0.393291	0.685042	0.28481	0.369453	0.423828	0.127185	0.317267	0.519165	0.150905	0.425384	0.291722	0.61362	0.605653	0.639564	0.489109	0.55414	0.384954	0.346487	0.442007	0.625139	0.370418	
0.459882	0.558972	0.917546	0.284934	0.610454	0.848737	0.920709	0.201053	0.48733	0.260328	0.777916	0.987369	0.886208	0.736897	0.563484	0.567683	0.259056	0.639885	0.157885	0.586693	0.543171	0.575475	0.278641	0.369588	0.682891	0.881232	0.501754	0.538354	0.248681	0.341743	0.519469	0.528545	0.797684	0.107956	0.484748	0.923874	0.514463	0.786918	0.733842	0.643791	
0.803126	0.388368	0.559394	0.787243	0.247354	0.405499	0.520015	0.611799	0.886264	0.270626	0.875274	0.533886	0.439297	0.248978	0.158186	0.311181	0.318225	0.395671	0.599476	0.667335	0.381936	0.57354	0.486458	0.59655	0.435903	0.484313	0.734219	0.172892	0.282606	0.445032	0.308274	0.297034	0.927634	0.417656	0.753838	0.475296	0.600677	0.759426	0.898146	0.667023	
0.80433	0.441447	0.636212	0.758179	0.318606	0.482795	0.597697	0.594774	0.880337	0.245818	0.913135	0.609887	0.516258	0.324123	0.22924	0.371339	0.256979	0.459484	0.577023	0.701103	0.308096	0.614202	0.488591	0.605783	0.50177	0.561906	0.749563	0.237846	0.237045	0.459043	0.234782	0.224913	0.962403	0.378275	0.764607	0.551969	0.63051	0.809893	0.927749	0.708405	
1.0128	0.450793	0.120157	1.15167	0.358066	0.146857	0.0511063	0.949065	1.1219	0.723765	0.824961	0.0924141	0.119893	0.31364	0.424686	0.40618	0.840372	0.361866	0.962158	0.708278	0.919058	0.60312	0.772616	0.811877	0.337447	0.087287	0.876303	0.439668	0.77793	0.693466	0.846744	0.832833	0.890512	0.872998	0.91867	0.0965144	0.693683	0.631426	0.906391	0.65074	
0.752688	0.204039	0.314881	0.837531	0.0218555	0.218557	0.295428	0.637653	0.854292	0.386608	0.700748	0.356299	0.255749	0.169923	0.101316	0.117431	0.50893	0.163348	0.643898	0.517902	0.637809	0.408672	0.468702	0.538392	0.192883	0.256135	0.641784	0.105379	0.442609	0.396376	0.564281	0.553535	0.760907	0.536508	0.675181	0.292926	0.471213	0.550085	0.748994	0.491681	
0.620195	0.318743	0.610636	0.600271	0.281064	0.5082	0.596399	0.421783	0.699047	0.0915507	0.746572	0.646428	0.545458	0.385915	0.217268	0.278406	0.21446	0.368461	0.410398	0.531762	0.42831	0.456195	0.303891	0.421092	0.414932	0.55711	0.566047	0.197773	0.14221	0.276424	0.364371	0.361487	0.791787	0.246867	0.579965	0.583363	0.457763	0.665581	0.752191	0.54945	
0.997957	0.428415	0.185318	1.11108	0.298715	0.0601857	0.102268	0.909664	1.10465	0.657678	0.852265	0.0794203	0.0237638	0.21944	0.351515	0.36735	0.763747	0.345025	0.918475	0.713569	0.825272	0.604206	0.736437	0.789813	0.332891	0.100269	0.869809	0.371721	0.705998	0.659845	0.753596	0.739271	0.917339	0.810455	0.909395	0.01652	0.688325	0.66598	0.925327	0.66401	
0.398863	0.232529	0.527094	0.622813	0.423886	0.593627	0.579663	0.441924	0.50988	0.485746	0.278875	0.699009	0.621253	0.605935	0.474229	0.321274	0.641978	0.293582	0.47724	0.0826557	0.90086	0.0284444	0.296777	0.243132	0.299433	0.550335	0.25078	0.443355	0.562174	0.242233	0.837819	0.834686	0.332428	0.543027	0.29651	0.647766	0.0779204	0.212766	0.313017	0.0768031	
0.899413	0.332734	0.225067	0.996794	0.181308	0.0600642	0.169731	0.796446	1.00381	0.537662	0.794664	0.198779	0.0975364	0.128002	0.231841	0.260633	0.645663	0.259239	0.803323	0.635407	0.724721	0.524377	0.625699	0.687595	0.261179	0.137621	0.778857	0.251726	0.58653	0.551201	0.651828	0.638416	0.858277	0.690554	0.815797	0.13535	0.600736	0.620641	0.857673	0.594908	
0.69457	0.146846	0.22943	0.851649	0.199671	0.282961	0.267387	0.650038	0.804003	0.497665	0.543701	0.383496	0.307689	0.338409	0.286826	0.152591	0.644831	0.0643076	0.669432	0.396339	0.81862	0.287762	0.472694	0.496932	0.0208768	0.235701	0.558371	0.274236	0.568275	0.392235	0.746055	0.736869	0.607645	0.625707	0.600318	0.332584	0.37575	0.371291	0.610245	0.34778	
0.300498	0.354557	0.72826	0.352152	0.474132	0.709146	0.750658	0.149826	0.38153	0.271288	0.523593	0.841836	0.744977	0.6421	0.464811	0.396871	0.393621	0.443775	0.171972	0.325795	0.688215	0.319266	0.0277612	0.122408	0.479419	0.713034	0.271856	0.431649	0.328068	0.10811	0.64027	0.642931	0.550158	0.251852	0.272804	0.780216	0.253141	0.526388	0.492767	0.382811	
0.52162	0.370798	0.525157	0.792212	0.547536	0.652948	0.597976	0.627968	0.626051	0.682985	0.184235	0.727197	0.671568	0.712306	0.617458	0.454517	0.84078	0.39057	0.666942	0.198355	1.08887	0.210453	0.496837	0.424185	0.371208	0.579563	0.369189	0.59166	0.760214	0.44487	1.0229	1.01826	0.249362	0.745671	0.416364	0.688834	0.26199	0.0173121	0.279643	0.131565	
