10	30
29.786	104.901
33.5049	114.421
152.923	147.866
11.5673	54.3587
39.2747	113.824
21.2092	61.9956
36.3102	43.5959
24.2541	159.142
116.465	89.5912
171.434	138.177
6.92411
50.8644
28.1641
0.131941
37.8858
23.2767
48.9493
26.7851
33.4941
50.8987
4.33409
8.53097
50.4891
13.3313
44.1874
7.09934
6.14932
18.0902
2.65548
46.5363
14.5674
6.96154
10.8015
10.5708
34.8368
19.6783
23.1405
12.6487
0.327975
42.9372
0.29085	0.167594	0.556716	0.121212	0.287904	0.22939	0.600226	0.345055	0.504059	0.142898	0.442303	0.773674	0.466164	0.718272	0.514193	0.645806	0.2895	0.523723	0.326601	0.468797	0.20768	0.653659	0.669002	0.0526356	0.449204	0.799968	0.0407842	0.306601	0.513594	0.28153	
0.457445	0.641294	1.12452	0.828597	0.98334	0.65718	0.570463	0.746621	0.521559	0.738715	0.716832	0.342826	0.663205	0.987327	0.513046	0.461397	0.455036	1.00869	0.722691	0.31452	0.583855	0.0965181	0.352628	0.718696	0.326679	0.0647181	0.708514	0.973571	0.31665	0.868144	
0.409151	0.234763	0.595123	0.18404	0.291237	0.369324	0.744379	0.466932	0.649768	0.267269	0.571877	0.91815	0.602658	0.82365	0.660118	0.792472	0.41651	0.596221	0.452934	0.607179	0.290999	0.772446	0.814328	0.196493	0.587035	0.918124	0.168543	0.330219	0.606018	0.359619	
0.669249	0.791074	0.650143	0.696763	0.736444	0.497665	0.17937	0.410229	0.275705	0.597376	0.29894	0.438182	0.261419	0.314167	0.274464	0.272147	0.6317	0.507165	0.416838	0.516631	0.768955	0.718527	0.383417	0.674408	0.525274	0.791908	0.726053	0.692122	0.813726	0.572668	
0.226153	0.0727288	0.787516	0.351745	0.513344	0.390903	0.699251	0.532181	0.594481	0.351921	0.607611	0.779899	0.611008	0.911356	0.600818	0.704266	0.254438	0.746139	0.50794	0.452846	0.0905809	0.55162	0.689336	0.258508	0.432471	0.691719	0.196857	0.536562	0.35639	0.507573	
0.142477	0.316527	0.891494	0.531248	0.696395	0.408551	0.521959	0.535406	0.427517	0.459085	0.552254	0.489034	0.520856	0.864938	0.426961	0.473832	0.154781	0.800432	0.50792	0.190554	0.258983	0.229206	0.418966	0.415992	0.17756	0.373748	0.394166	0.696666	0.12073	0.610745	
0.287265	0.427343	0.644099	0.436761	0.554182	0.21752	0.214109	0.266243	0.109259	0.327287	0.237274	0.377502	0.193376	0.537394	0.114769	0.233997	0.249844	0.524929	0.244725	0.17905	0.396143	0.427067	0.26921	0.363629	0.176402	0.548506	0.395932	0.530441	0.451736	0.410275	
0.582892	0.727718	0.721703	0.683873	0.753964	0.467053	0.0911354	0.418202	0.193544	0.576668	0.31342	0.304861	0.255767	0.433037	0.186636	0.138443	0.546523	0.579029	0.415763	0.403907	0.697466	0.588791	0.247853	0.639422	0.415606	0.65685	0.682807	0.715284	0.700776	0.589802	
0.12958	0.322469	0.833208	0.497491	0.65709	0.35024	0.445826	0.469184	0.350503	0.414389	0.479036	0.438214	0.445386	0.789886	0.35014	0.403363	0.121614	0.735952	0.442084	0.120955	0.267967	0.244627	0.35835	0.385777	0.104926	0.390291	0.375557	0.652413	0.196258	0.558036	
0.809606	0.948711	0.811308	0.872975	0.91427	0.668475	0.311663	0.58798	0.416594	0.77161	0.476617	0.449858	0.435466	0.437518	0.411231	0.347947	0.773023	0.670591	0.593681	0.627519	0.921244	0.790107	0.437274	0.844849	0.640396	0.834666	0.893599	0.869511	0.922155	0.750712	
