10	30
9.33102	25.49
123.265	108.736
151.852	126.09
27.9281	138.253
147.012	121.473
161.088	13.5952
124.42	10.6752
108.108	137.482
119.665	108.04
147.683	135.836
25.426
12.478
17.5703
18.215
13.8047
34.2269
32.3488
35.7732
30.5743
1.34338
10.7258
6.42583
26.7459
35.9572
18.652
20.1091
18.7206
29.2984
10.8077
36.3736
6.06456
28.1608
19.469
19.396
11.5444
17.5148
5.34707
12.948
28.2376
32.8542
0.318541	0.411646	0.472374	0.426615	0.24728	0.294558	0.310522	0.0328331	0.802895	0.690172	0.137905	0.38514	0.6225	0.526873	0.658147	0.307155	0.61977	0.242397	0.235691	0.254662	0.634315	0.385902	0.341373	0.729502	0.476322	0.167013	0.319049	0.712002	0.575113	0.676846	
0.356091	0.54516	0.446291	0.302689	0.69884	0.415416	0.60916	0.641572	0.204681	0.2366	0.500729	0.71292	0.0375222	0.481734	0.220267	0.439508	0.302499	0.516986	0.495199	0.406426	0.515623	0.362588	0.818104	0.230736	0.607998	0.708815	0.654868	0.084653	0.0695962	0.337467	
0.662962	0.713533	0.748944	0.760292	0.465041	0.65201	0.587217	0.371302	1.17198	1.05571	0.507004	0.599782	0.989895	0.787398	1.0241	0.655734	0.93855	0.531419	0.541224	0.62143	0.953316	0.707391	0.457768	1.09642	0.753919	0.379988	0.568179	1.07459	0.938075	1.03225	
0.448742	0.773638	0.40927	0.498714	0.61722	0.614249	0.683876	0.406168	0.997525	0.939704	0.44435	0.759308	0.80121	0.425133	0.907584	0.640473	0.623894	0.288584	0.314474	0.551674	0.974742	0.437261	0.690617	0.967329	0.844566	0.526147	0.694162	0.848461	0.727249	0.963571	
0.236072	0.546631	0.306402	0.164621	0.649576	0.378732	0.581556	0.553689	0.345116	0.352006	0.415979	0.692146	0.158004	0.344707	0.327894	0.411035	0.193633	0.390321	0.371088	0.347527	0.577356	0.225718	0.772636	0.357849	0.619919	0.641257	0.62561	0.186633	0.0757596	0.434107	
0.0399402	0.483154	0.213141	0.133685	0.470953	0.286907	0.454229	0.313884	0.591335	0.532988	0.201619	0.563188	0.3955	0.274605	0.501308	0.323774	0.3262	0.122305	0.0996605	0.22083	0.623711	0.0954144	0.590368	0.558797	0.564041	0.429735	0.488439	0.457777	0.326865	0.568376	
0.161488	0.618176	0.105795	0.164965	0.580993	0.422813	0.580784	0.395258	0.671688	0.641017	0.315099	0.686541	0.477292	0.159366	0.61078	0.459314	0.296579	0.126994	0.132627	0.355967	0.758311	0.105939	0.694564	0.660651	0.698869	0.524789	0.61165	0.512627	0.39864	0.689416	
0.342663	0.342906	0.520059	0.355524	0.528996	0.253574	0.42322	0.524937	0.289512	0.162955	0.392588	0.519167	0.172688	0.571762	0.13042	0.265489	0.452802	0.493902	0.467421	0.274812	0.319397	0.397813	0.640964	0.200498	0.401385	0.559257	0.468629	0.287842	0.206071	0.19266	
0.111869	0.357426	0.333858	0.205708	0.386286	0.160264	0.344017	0.283975	0.532639	0.442036	0.143866	0.455956	0.34686	0.395208	0.409473	0.197841	0.394639	0.22161	0.194506	0.0985226	0.496324	0.202123	0.509584	0.475035	0.438396	0.368829	0.38294	0.435708	0.298949	0.459218	
0.398114	0.497837	0.519799	0.501095	0.295704	0.394977	0.385757	0.113834	0.901782	0.791397	0.237877	0.441924	0.718733	0.568466	0.75933	0.405631	0.688419	0.288103	0.290435	0.35592	0.727389	0.453389	0.360871	0.83049	0.556213	0.200569	0.384766	0.804317	0.667597	0.777574	
