25	25
53.3724	62.3098
49.8757	30.5105
88.7676	14.5935
86.2525	131.516
58.113	37.4874
10.299	42.8212
67.4799	156.922
44.5154	44.5589
19.7642	16.5451
89.9771	55.9652
18.6418	33.8371
82.1003	138.466
68.9265	34.0319
13.3831	19.086
22.6131	120.325
42.3089	17.059
62.7018	127.548
32.3687	139.904
40.1093	45.5817
82.5357	125.598
81.0529	10.8942
36.9446	76.503
70.5321	117.212
72.5203	113.55
35.784	149.195
50.7507
33.8297
60.7415
19.9145
69.676
44.0516
2.05663
10.2792
18.8509
16.8636
40.4528
57.2844
81.5936
2.96386
56.9986
20.3339
40.7861
50.3281
36.6552
3.28609
11.7515
61.0665
8.44452
60.52
71.5311
0.899044	0.737705	0.150036	0.0894158	0.676969	0.909241	0.176803	0.217281	0.526629	0.234541	0.535719	0.352594	0.840007	0.334454	0.366286	0.531713	0.101455	0.59199	0.9014	0.682439	0.242144	0.828444	0.170488	0.0659272	0.470638	
0.0692292	0.715138	1.11083	0.986428	0.721371	0.290268	0.793315	0.768989	0.486786	0.765561	0.452041	0.832161	0.369437	0.667547	0.821532	0.69751	1.06691	0.445253	0.0691199	0.85194	0.941024	0.228644	1.10462	1.00545	0.894024	
0.926762	0.257602	0.959882	0.848322	0.290493	0.667591	0.810921	0.911746	0.644728	0.729345	0.900776	0.562839	0.578258	0.68549	0.550014	0.42754	0.958114	0.618781	0.933926	0.232801	1.10481	0.722965	0.904034	0.980386	0.450419	
0.578093	0.798895	0.587579	0.50899	0.75503	0.719696	0.340387	0.23402	0.42087	0.387979	0.213026	0.571979	0.69635	0.374712	0.574491	0.61998	0.535228	0.473481	0.577399	0.832559	0.313183	0.606145	0.612617	0.448955	0.703248	
0.645641	0.0782641	0.749825	0.620196	0.0422256	0.440313	0.528299	0.613595	0.317636	0.447702	0.573675	0.331637	0.340055	0.380761	0.315821	0.134347	0.733058	0.29606	0.652336	0.171454	0.819272	0.45259	0.706552	0.731033	0.291158	
0.838645	0.973333	0.488443	0.471722	0.920681	0.968559	0.395064	0.286192	0.632036	0.47318	0.468967	0.659315	0.934425	0.515267	0.667721	0.7732	0.439557	0.693788	0.837838	0.970201	0.146365	0.858711	0.536681	0.350194	0.794103	
0.552607	0.410866	0.527753	0.394048	0.361718	0.509427	0.231352	0.289123	0.131487	0.170014	0.296815	0.234348	0.437769	0.0678096	0.228112	0.222594	0.493224	0.192505	0.556857	0.435615	0.50092	0.439014	0.507883	0.459044	0.338611	
0.312819	0.381571	0.932722	0.798216	0.392873	0.105614	0.632241	0.658836	0.281337	0.575588	0.436615	0.573889	0.0550394	0.472926	0.560182	0.399661	0.898824	0.214972	0.320048	0.523997	0.866216	0.10858	0.909297	0.861074	0.601915	
0.713925	0.945383	0.599329	0.553761	0.898518	0.874418	0.425872	0.307557	0.574694	0.49148	0.367099	0.681986	0.853318	0.503202	0.687222	0.758054	0.547537	0.629342	0.712333	0.966778	0.268695	0.759478	0.638631	0.456024	0.817008	
0.779951	0.177475	0.980491	0.856939	0.235284	0.509886	0.781597	0.868722	0.551165	0.700313	0.802431	0.563402	0.425942	0.63587	0.548394	0.384608	0.969821	0.511942	0.787215	0.261822	1.0738	0.575814	0.931051	0.976693	0.480907	
0.331891	0.385742	0.979136	0.844267	0.405001	0.0721809	0.681581	0.710601	0.331513	0.623007	0.487781	0.611641	0.0286745	0.520959	0.597456	0.429434	0.946273	0.264721	0.339197	0.535092	0.918466	0.13296	0.954043	0.910436	0.630676	
0.892561	0.734101	0.156531	0.0918188	0.673454	0.903388	0.170668	0.210905	0.520749	0.229308	0.529176	0.35005	0.834419	0.328856	0.363606	0.527874	0.107998	0.586186	0.89491	0.680052	0.239743	0.822326	0.176217	0.0690445	0.469102	
0.95591	0.315622	1.04621	0.933714	0.358097	0.68431	0.890866	0.989096	0.705017	0.809047	0.960184	0.646569	0.601839	0.760338	0.633391	0.501759	1.04389	0.673117	0.963171	0.316519	1.18513	0.75174	0.990588	1.06471	0.536505	
0.919337	0.649975	0.165415	0.0493739	0.588237	0.885527	0.208349	0.301976	0.51188	0.217775	0.584521	0.254256	0.805887	0.318222	0.269755	0.452749	0.154966	0.57168	0.922691	0.574062	0.37755	0.819458	0.129292	0.192878	0.353197	
1.08474	0.615863	0.3655	0.32859	0.560255	0.976788	0.461909	0.572896	0.655131	0.428807	0.806334	0.30894	0.882423	0.497648	0.319967	0.479057	0.392982	0.697566	1.08949	0.484103	0.659939	0.942044	0.301126	0.463789	0.285836	
1.12457	0.801032	0.144689	0.210789	0.740241	1.08199	0.407434	0.482802	0.714116	0.422932	0.785014	0.418444	0.998289	0.522349	0.434122	0.621576	0.19274	0.771893	1.12793	0.695936	0.485831	1.02111	0.100522	0.28354	0.473007	
0.879746	0.19538	0.813788	0.702783	0.196825	0.649325	0.673473	0.778341	0.546398	0.592654	0.799693	0.419862	0.551796	0.558061	0.407678	0.306419	0.812229	0.532862	0.88661	0.0945198	0.966052	0.681473	0.758076	0.835994	0.304405	
0.899087	0.288064	0.632337	0.529081	0.245502	0.716583	0.532535	0.646197	0.504459	0.456888	0.736873	0.268199	0.616434	0.45079	0.260218	0.251812	0.634995	0.514674	0.905278	0.1374	0.815933	0.717876	0.574548	0.667615	0.134733	
0.308488	0.585105	0.739014	0.619785	0.558385	0.41418	0.42316	0.392194	0.207546	0.408791	0.0932387	0.522143	0.399573	0.323194	0.515954	0.462177	0.693359	0.224024	0.310333	0.667963	0.572013	0.300002	0.738111	0.629116	0.620761	
0.928194	0.422104	0.461251	0.367856	0.366195	0.794484	0.414592	0.532885	0.503317	0.35222	0.695316	0.173016	0.697819	0.384291	0.175958	0.294429	0.468155	0.535079	0.93355	0.296799	0.676593	0.770172	0.401821	0.510296	0.0937447	
0.122408	0.626056	1.08674	0.957863	0.637062	0.189611	0.770624	0.761494	0.440855	0.733282	0.461546	0.778346	0.273745	0.631654	0.766517	0.627748	1.04567	0.389703	0.12825	0.768182	0.947219	0.147744	1.07483	0.991091	0.828064	
0.0573728	0.717182	1.1012	0.977411	0.722129	0.297642	0.783756	0.7578	0.480881	0.757215	0.439726	0.826826	0.374172	0.659813	0.816401	0.69513	1.05697	0.440979	0.0562602	0.85244	0.92845	0.230501	1.09569	0.994794	0.890707	
0.927126	0.254952	0.765201	0.661331	0.240157	0.709992	0.652928	0.763028	0.568847	0.574332	0.816324	0.391252	0.610922	0.55325	0.381121	0.317144	0.76782	0.564106	0.933803	0.1113	0.941207	0.733124	0.707102	0.798819	0.26366	
0.86679	0.225015	0.693129	0.583901	0.191048	0.667561	0.567285	0.676771	0.491843	0.488281	0.735365	0.307084	0.567368	0.467154	0.296309	0.237359	0.692487	0.492702	0.873248	0.0682928	0.856732	0.678621	0.637142	0.719042	0.18474	
1.09695	0.639896	0.345902	0.317582	0.583716	0.994864	0.460536	0.569209	0.667601	0.432051	0.811478	0.32279	0.901237	0.505194	0.334606	0.498689	0.375755	0.7118	1.10158	0.509813	0.647941	0.957634	0.281825	0.449515	0.308326	
