15	30
51.8609	29.7776
13.3148	83.5825
170.086	48.2034
11.6887	37.7342
166.565	39.1433
117.14	136.299
123.903	42.6711
59.2745	98.9211
90.7466	156.412
143.201	51.8189
117.701	147.569
110.602	79.1897
150.181	95.0081
168.953	113.355
60.1631	108.557
32.2667
3.94064
17.0489
30.0844
5.62206
7.58585
37.1962
27.5356
28.2626
38.5012
27.8457
20.4375
10.3964
35.8108
23.2749
15.5894
20.0287
10.5538
34.3297
19.3216
29.0874
30.0087
11.4271
40.4273
1.5396
11.9449
19.56
29.9498
8.57099
5.97274
0.175221	0.452944	0.400477	0.680415	0.681543	0.31361	0.156333	0.636643	0.267291	0.742803	0.283984	0.218823	0.461187	0.440364	0.396093	0.503894	0.317207	0.522748	0.628776	0.689647	0.243029	0.510183	0.384074	0.608638	0.804538	0.256022	0.246458	0.309911	0.714534	0.555478	
0.235813	0.0899274	0.447536	0.861132	0.903153	0.498996	0.458527	0.950518	0.161325	0.820486	0.589872	0.186265	0.602352	0.0858178	0.534857	0.54325	0.684584	0.871033	0.505632	0.789068	0.174656	0.48399	0.0655343	0.898418	0.728816	0.400439	0.208145	0.70746	0.828478	0.60801	
0.556536	0.785332	0.34854	0.297051	0.270039	0.217928	0.54993	0.247582	0.543516	0.444625	0.137	0.578634	0.229055	0.77578	0.238042	0.364009	0.556246	0.212836	0.588464	0.38381	0.534591	0.438872	0.655028	0.196279	0.649495	0.308021	0.496103	0.337533	0.386715	0.364272	
0.185849	0.345489	0.601305	0.938189	0.945856	0.557417	0.185495	0.900566	0.327075	0.975112	0.551187	0.213376	0.701962	0.332803	0.631732	0.711492	0.399546	0.778901	0.772477	0.927158	0.305716	0.690682	0.379554	0.875533	0.979101	0.475774	0.348022	0.523924	0.956974	0.771531	
0.270139	0.176338	0.373919	0.79155	0.839933	0.44642	0.497345	0.907459	0.144386	0.73746	0.556759	0.222056	0.534453	0.175382	0.470448	0.462737	0.714888	0.84036	0.412694	0.709166	0.167671	0.397947	0.0373667	0.850028	0.636037	0.351862	0.178753	0.706807	0.749696	0.526787	
0.413477	0.544432	0.0231023	0.407427	0.457809	0.127099	0.541812	0.561929	0.317586	0.385002	0.286005	0.406393	0.150601	0.538562	0.094267	0.118707	0.669994	0.536095	0.2838	0.34355	0.323728	0.137636	0.393104	0.493118	0.422265	0.130459	0.273619	0.535015	0.379609	0.177012	
0.0127234	0.291239	0.412901	0.768931	0.786889	0.383656	0.219895	0.777382	0.152701	0.790358	0.412451	0.0599488	0.523069	0.278469	0.451671	0.523152	0.440246	0.674526	0.588175	0.744497	0.127754	0.50134	0.244773	0.739825	0.790933	0.294204	0.162447	0.472128	0.776279	0.584082	
0.323251	0.565484	0.273516	0.485312	0.486973	0.140962	0.341767	0.468526	0.33011	0.562255	0.102147	0.348073	0.28057	0.554907	0.225475	0.355916	0.423739	0.380493	0.532266	0.506044	0.316215	0.390256	0.450126	0.428345	0.669806	0.145183	0.286421	0.287306	0.527133	0.395079	
0.322597	0.461902	0.0962987	0.488614	0.530308	0.141013	0.464164	0.604523	0.228613	0.476644	0.282617	0.314752	0.229856	0.455119	0.161422	0.206502	0.611951	0.55677	0.323324	0.434686	0.2331	0.19831	0.314663	0.542504	0.493124	0.0733804	0.18326	0.505267	0.469964	0.267588	
0.774677	0.854246	0.356624	0.314777	0.408945	0.440127	0.901478	0.63485	0.660605	0.11262	0.56083	0.761912	0.304905	0.851898	0.354992	0.246516	1.00167	0.693532	0.309361	0.148802	0.672733	0.283122	0.70079	0.554555	0.185161	0.491371	0.623291	0.821301	0.180298	0.189741	
0.361455	0.619641	0.343253	0.499805	0.487152	0.201263	0.330798	0.431285	0.391509	0.601602	0.0860319	0.39341	0.326095	0.60839	0.281178	0.417853	0.372117	0.326542	0.603709	0.543061	0.374972	0.45923	0.51354	0.402544	0.732091	0.219854	0.350601	0.214141	0.559237	0.450863	
0.563767	0.770645	0.292068	0.237353	0.234775	0.186783	0.589257	0.290349	0.528334	0.364546	0.176729	0.579119	0.152745	0.762128	0.17814	0.290245	0.620942	0.287756	0.517152	0.303705	0.523251	0.370145	0.631688	0.221969	0.567393	0.285509	0.480073	0.412044	0.310102	0.284293	
0.91642	1.16432	0.723014	0.439586	0.345638	0.603912	0.846435	0.140816	0.924995	0.650639	0.498025	0.946167	0.573972	1.15404	0.609083	0.708661	0.752823	0.236804	0.934292	0.60343	0.913727	0.794106	1.03969	0.213851	0.930601	0.69427	0.87856	0.523641	0.577509	0.684004	
0.549869	0.721211	0.201483	0.231371	0.272431	0.15832	0.619828	0.395621	0.484541	0.284575	0.241513	0.555254	0.0400055	0.714234	0.0979858	0.176361	0.688928	0.404122	0.403715	0.226813	0.485012	0.260136	0.573508	0.320485	0.454143	0.249122	0.437167	0.500234	0.247522	0.168345	
0.675289	0.945322	0.617753	0.53357	0.464906	0.470069	0.562403	0.25356	0.722224	0.718098	0.316729	0.713728	0.51941	0.933542	0.517161	0.651402	0.447583	0.112828	0.871049	0.658743	0.704963	0.720148	0.844469	0.295713	0.940658	0.531607	0.68156	0.224915	0.65222	0.655517	
