10	20
13.9933	141.857
21.1118	144.264
151.162	103.075
159.939	48.2228
137.783	60.3204
34.4392	81.407
136.538	70.7825
32.8101	48.1544
105.399	91.1971
124.171	44.7414
43.7169
27.2868
0.667951
48.062
28.1791
19.7368
33.9258
19.2453
14.8178
9.67683
2.11526
20.9073
18.6425
17.959
2.68304
11.035
8.3612
43.1136
26.3954
20.4833
0.256678	0.707142	0.291987	1.11459	0.680965	0.687613	0.645498	0.634735	0.910976	0.848302	0.295823	0.282145	0.955372	1.10801	0.931239	0.698983	0.503316	0.838802	0.636253	0.391147	
0.575884	0.535012	0.559947	0.6499	0.259309	0.366073	0.375936	0.24227	0.455121	0.388221	0.510105	0.527635	0.621127	0.648748	0.536535	0.5117	0.379385	0.375142	0.519915	0.0768671	
0.739428	0.546596	0.715564	0.465085	0.150866	0.366582	0.369404	0.225489	0.292431	0.220446	0.660762	0.682359	0.523911	0.475782	0.402998	0.560344	0.453146	0.189356	0.599271	0.262059	
0.428955	0.76751	0.454417	1.01915	0.635581	0.525862	0.665761	0.496891	0.79396	0.738609	0.44259	0.437018	0.961869	0.991833	0.906583	0.518427	0.562217	0.752437	0.454203	0.308843	
0.687173	0.705566	0.682592	0.652612	0.381614	0.202205	0.541928	0.116809	0.415161	0.365735	0.640144	0.652507	0.759445	0.612061	0.650427	0.34179	0.549653	0.406333	0.360423	0.179565	
0.205281	0.383603	0.151144	1.04294	0.562138	0.837163	0.403121	0.727809	0.91072	0.838387	0.0986384	0.127772	0.695075	1.08664	0.729852	0.93077	0.224387	0.77712	0.898997	0.45567	
0.965531	0.868108	0.956149	0.473221	0.464997	0.163782	0.69099	0.170198	0.219733	0.223397	0.909393	0.92477	0.808873	0.382333	0.660061	0.356134	0.759575	0.334847	0.437542	0.446006	
0.613224	0.595616	0.601713	0.644548	0.296561	0.306345	0.434321	0.18873	0.432493	0.370268	0.55461	0.57014	0.668009	0.629498	0.573014	0.451091	0.440123	0.376602	0.462404	0.0932438	
0.469705	0.640281	0.473053	0.83933	0.45382	0.410863	0.513254	0.343638	0.623287	0.563642	0.438777	0.44577	0.79478	0.82118	0.727936	0.474753	0.446012	0.569525	0.444075	0.124612	
0.132645	0.551915	0.138786	1.07489	0.608849	0.747429	0.519547	0.663569	0.901375	0.832602	0.124025	0.117684	0.829141	1.09184	0.829875	0.802313	0.35699	0.79831	0.755104	0.389168	
