10	20
101.632	81.3668
61.4745	48.9653
46.6771	99.6913
143.004	49.9466
90.2648	132.449
84.7123	44.4696
94.2011	26.005
10.3781	128.566
121.454	64.0403
65.2353	29.7756
11.5037
11.0861
0.102114
11.4524
12.3352
15.5485
2.66857
6.85131
11.4292
15.2078
4.70825
3.63385
4.66487
4.79854
1.46437
5.25897
9.68018
0.917328
4.66162
3.08232
0.616322	0.412615	0.693075	0.481391	0.246812	0.672804	0.480252	0.464983	0.550157	0.644503	0.391444	0.611738	0.607777	0.398278	0.650512	0.614809	0.319732	0.17785	0.772873	0.679908	
0.898269	0.25034	0.941018	0.20626	0.635591	0.641393	0.731729	0.792677	0.127611	0.0573448	0.380585	0.229219	0.845026	0.331747	0.670259	0.0292147	0.430403	0.584669	0.708057	1.0756	
0.724373	0.383017	0.800734	0.447977	0.351296	0.758885	0.58462	0.572918	0.561531	0.645543	0.325446	0.564395	0.714087	0.44425	0.741066	0.602498	0.385084	0.276079	0.859363	0.786935	
0.412556	0.628592	0.491513	0.696839	0.185172	0.604351	0.332465	0.276466	0.694972	0.79987	0.640616	0.837042	0.427008	0.495845	0.564673	0.793788	0.390578	0.217278	0.694407	0.428072	
0.603522	0.266801	0.652573	0.302763	0.344977	0.410456	0.434184	0.491893	0.179022	0.284964	0.393769	0.432328	0.554417	0.0305725	0.422057	0.302846	0.134382	0.310361	0.500008	0.774913	
0.0806786	0.834071	0.0645037	0.884943	0.412843	0.311885	0.183239	0.199716	0.750557	0.845261	0.920894	1.02166	0.0497495	0.563786	0.259344	0.886211	0.498758	0.492489	0.345018	0.282951	
0.474287	0.363351	0.539373	0.424277	0.143232	0.428272	0.3069	0.336095	0.379917	0.485606	0.433556	0.567437	0.441928	0.179917	0.413457	0.487662	0.077119	0.106738	0.528719	0.61082	
0.30684	0.609858	0.385408	0.674676	0.115842	0.479508	0.206288	0.159528	0.63237	0.738513	0.650771	0.817922	0.31034	0.424495	0.438578	0.7451	0.320135	0.18953	0.568169	0.375832	
0.224762	1.05618	0.173852	1.11076	0.595844	0.535625	0.395662	0.367988	0.986891	1.08268	1.13065	1.25006	0.269947	0.795295	0.486241	1.12178	0.721567	0.679152	0.543909	0.202959	
0.536721	0.335473	0.583472	0.373861	0.309335	0.343264	0.369159	0.431709	0.236262	0.339424	0.456549	0.503605	0.485825	0.0495157	0.352171	0.367217	0.107856	0.291326	0.435622	0.714055	
