25	25
20.9706	51.7944
81.5142	81.4634
76.3371	72.0307
28.4178	68.7564
88.9727	59.5199
21.5466	102.937
28.9822	73.1492
39.5659	112.528
67.7044	122.736
44.0458	45.2314
12.3846	124.267
46.6116	52.3706
77.8457	73.5825
47.4709	30.8966
34.3417	126.307
26.8959	58.9752
3.4863	30.1172
6.88919	35.9677
75.7274	92.9778
23.2575	74.511
83.5294	155.332
8.53559	67.6664
53.8533	34.5567
35.3302	79.9604
46.4861	152.272
9.07924
17.9716
11.3242
17.5007
21.2028
19.5849
8.0613
26.6731
25.1707
9.08343
28.6346
1.33109
20.4529
11.839
3.03756
4.17979
13.6677
22.4762
20.4221
7.46925
29.8414
23.0189
0.135604
10.3973
33.4264
0.207314	0.233549	0.641596	0.0341828	0.394222	0.719844	0.419787	0.235703	0.315602	0.193436	0.707734	0.57949	0.447098	0.220026	0.515547	0.314023	0.692205	0.38545	0.637423	0.123598	0.419459	0.415478	0.559248	0.391726	0.384706	
0.411636	0.697475	0.949697	0.443264	0.497281	0.408187	0.496552	0.677562	0.656866	0.420855	0.746849	0.119511	0.815971	0.271165	0.743525	0.159884	1.0138	0.854984	0.943442	0.447173	0.052902	0.0543505	0.610596	0.254348	0.854488	
0.43347	0.777617	0.452138	0.604962	0.242096	0.499595	0.222178	0.596779	0.424812	0.4439	0.0764261	0.781167	0.491439	0.54079	0.254632	0.599594	0.512952	0.835071	0.445341	0.738465	0.675728	0.658493	0.0780902	0.838801	0.817068	
0.370475	0.766869	0.601047	0.545253	0.208017	0.318671	0.178666	0.615428	0.469053	0.385289	0.238661	0.60408	0.582584	0.428728	0.379273	0.458817	0.666109	0.858903	0.59402	0.663027	0.515701	0.498193	0.144016	0.700595	0.844808	
0.345947	0.220663	0.419582	0.303669	0.437334	0.883529	0.466379	0.0553479	0.185817	0.331378	0.675282	0.848005	0.207251	0.460839	0.394759	0.571668	0.453505	0.224761	0.417714	0.39391	0.685782	0.678091	0.560561	0.68218	0.206481	
0.371903	0.691813	0.89756	0.43	0.437871	0.351608	0.434971	0.652291	0.615253	0.382986	0.678536	0.171958	0.773905	0.246312	0.686831	0.146943	0.962465	0.843934	0.891152	0.455552	0.0904375	0.0767901	0.544234	0.306642	0.841517	
0.360145	0.490702	0.192656	0.446782	0.307982	0.776154	0.328044	0.292204	0.13966	0.355638	0.42961	0.882776	0.112713	0.514145	0.129064	0.620258	0.252452	0.494194	0.187411	0.578636	0.731709	0.718568	0.354102	0.806103	0.472818	
0.388749	0.590367	0.939932	0.359558	0.525268	0.545774	0.532793	0.60696	0.624582	0.392559	0.812461	0.219048	0.780359	0.234676	0.752944	0.143064	1.0006	0.753923	0.934257	0.326106	0.104357	0.117578	0.665199	0.113482	0.756685	
0.337417	0.738624	0.612064	0.510314	0.189744	0.303866	0.161578	0.594238	0.455803	0.352733	0.277444	0.563851	0.578135	0.387416	0.387631	0.415271	0.677912	0.836726	0.605038	0.624979	0.472514	0.455008	0.165595	0.656991	0.823509	
0.314157	0.716668	0.609375	0.486384	0.173859	0.308284	0.146876	0.575168	0.440632	0.329614	0.294208	0.547511	0.567062	0.362751	0.384206	0.392083	0.675546	0.817042	0.602365	0.600403	0.451915	0.434427	0.172619	0.633987	0.804195	
0.528568	0.82459	1.05333	0.57056	0.58935	0.382517	0.583708	0.802702	0.772551	0.539141	0.804659	0.057634	0.931314	0.395317	0.839903	0.285989	1.11855	0.982438	1.04685	0.571413	0.178859	0.181778	0.681028	0.342514	0.981936	
0.384928	0.677366	0.324605	0.54037	0.215957	0.598526	0.212114	0.487005	0.310503	0.391088	0.185188	0.817309	0.358226	0.518819	0.119274	0.598766	0.38821	0.717873	0.317641	0.678699	0.691477	0.675194	0.136564	0.826522	0.698575	
0.396836	0.756169	0.479081	0.570964	0.205396	0.455635	0.182262	0.581651	0.414668	0.408315	0.119756	0.729898	0.497102	0.496489	0.268805	0.551413	0.542011	0.822985	0.472145	0.702053	0.625524	0.608241	0.0409258	0.791545	0.805965	
0.580369	0.778072	0.200781	0.70889	0.438522	0.816437	0.439614	0.579638	0.417962	0.582315	0.314596	1.04638	0.367692	0.727159	0.210849	0.817011	0.237852	0.769513	0.196609	0.846381	0.91549	0.899704	0.3575	1.03436	0.746879	
0.223201	0.623098	0.678238	0.367753	0.208926	0.324687	0.201979	0.520195	0.43131	0.239238	0.452889	0.405978	0.582513	0.210035	0.46001	0.224829	0.744338	0.748045	0.671555	0.46119	0.290391	0.273144	0.311621	0.466651	0.739394	
0.449763	0.607709	0.998994	0.397825	0.594862	0.608497	0.603442	0.645963	0.678943	0.45198	0.885145	0.239571	0.832089	0.297426	0.817777	0.214666	1.05839	0.773419	0.99351	0.339114	0.168138	0.183725	0.737293	0.0554919	0.778339	
0.551661	0.921944	0.59639	0.727826	0.364167	0.442425	0.337749	0.747892	0.579406	0.5645	0.122803	0.800347	0.649962	0.63193	0.411787	0.66775	0.653251	0.988712	0.589877	0.854453	0.722803	0.705311	0.207016	0.909623	0.971388	
0.516689	0.922003	0.760691	0.68381	0.376317	0.206688	0.347583	0.781486	0.640709	0.532595	0.332716	0.601005	0.754838	0.53776	0.544352	0.534501	0.824108	1.02375	0.75372	0.787598	0.557267	0.540618	0.302115	0.764961	1.0107	
0.13771	0.418304	0.686379	0.152806	0.307026	0.539923	0.323625	0.374279	0.370162	0.13914	0.621187	0.420393	0.526945	0.0353545	0.508348	0.143635	0.746373	0.564667	0.680836	0.226843	0.258485	0.250119	0.467743	0.317705	0.561329	
0.33952	0.398059	0.254032	0.388558	0.341909	0.813519	0.366972	0.201268	0.0942823	0.330944	0.515865	0.870657	0.0648244	0.48796	0.220671	0.598898	0.301415	0.397476	0.250655	0.512035	0.713571	0.702084	0.42327	0.762671	0.376314	
0.590483	0.834978	0.298015	0.735804	0.425854	0.754172	0.420202	0.63677	0.465493	0.595145	0.232767	1.01994	0.443897	0.728328	0.24314	0.8086	0.338085	0.842158	0.293265	0.874667	0.899418	0.882895	0.311075	1.03628	0.820253	
0.690748	0.839105	0.204352	0.804491	0.562463	0.946353	0.565772	0.644887	0.501015	0.69086	0.43607	1.17203	0.412361	0.841341	0.321091	0.935793	0.202096	0.805511	0.204522	0.938976	1.03744	1.02203	0.488123	1.14605	0.781972	
0.566779	0.915154	0.534681	0.740257	0.375129	0.521821	0.35236	0.732444	0.558583	0.578031	0.0689462	0.863361	0.610256	0.663673	0.369337	0.711035	0.588202	0.968581	0.528461	0.872051	0.775372	0.75788	0.208884	0.952792	0.949966	
0.250385	0.550087	0.353857	0.401719	0.116831	0.577378	0.131646	0.368299	0.199484	0.255057	0.298862	0.722423	0.299934	0.392584	0.135978	0.482496	0.420264	0.608201	0.347077	0.54013	0.583917	0.568697	0.176377	0.700453	0.590915	
0.608554	0.927895	0.480634	0.776286	0.418912	0.617172	0.400746	0.737353	0.560599	0.617946	0.107187	0.946445	0.586792	0.720149	0.350512	0.777753	0.527846	0.965049	0.47501	0.912022	0.849913	0.832528	0.257508	1.01772	0.945036	
