25	25
78.5187	159.607
18.8691	16.578
43.1191	105.59
21.0925	25.582
71.9228	121.885
85.4989	118.87
63.5252	15.0419
65.9496	37.2068
32.5233	159.227
76.2948	37.0788
45.7053	20.7118
55.5073	21.9037
52.2965	49.4075
5.59154	77.026
34.9376	85.8351
8.04247	121.482
78.4348	13.5393
24.465	50.0503
31.8596	126.742
55.05	26.6723
71.2015	99.1174
48.0227	95.6044
22.3344	29.8312
24.3148	141.458
9.89011	158.221
83.9283
30.2662
83.5683
13.8425
30.9295
40.706
77.9274
36.4168
20.9798
54.4235
72.1498
82.8739
86.5692
69.7403
67.1115
14.7719
11.956
63.5446
77.1369
23.0799
27.224
22.5675
66.6319
56.7359
61.0976
0.566904	0.954953	0.426659	0.414892	0.713748	0.875287	0.853554	0.802589	0.592445	0.984669	0.691327	0.722917	0.821449	0.249177	0.0823989	0.462749	0.578334	0.692928	1.0428	1.11961	0.801837	0.980561	0.540441	0.577844	0.770671	
0.830881	0.226974	0.846963	0.63782	0.761878	0.409564	0.292258	0.581408	0.458204	0.0678351	0.774225	0.375031	0.399936	0.801435	1.09972	0.801381	0.530852	0.954982	0.0647123	0.0964589	0.614734	0.148106	0.575336	0.496707	0.362125	
0.0273861	0.661499	0.776785	0.487517	0.184111	0.500835	0.816606	0.34873	0.511473	0.789061	0.965402	0.484435	0.47563	0.442725	0.528202	0.112156	0.351217	0.169782	0.880627	0.879511	0.970176	0.86531	0.316353	0.41244	0.767618	
0.21323	0.754884	0.991695	0.697098	0.207829	0.573552	0.984488	0.397296	0.696182	0.911019	1.17567	0.627549	0.570525	0.657108	0.706802	0.326885	0.525549	0.0486278	1.0076	0.976488	1.16929	1.00865	0.500094	0.591837	0.946232	
0.959596	0.745641	0.371616	0.485283	1.00169	0.832326	0.358432	0.919148	0.487872	0.61796	0.148073	0.634704	0.778489	0.605809	0.854753	0.860147	0.657594	1.12999	0.595348	0.744271	0.0406039	0.503147	0.67306	0.591369	0.311578	
0.843596	0.409831	0.619946	0.497722	0.824932	0.546626	0.050455	0.683523	0.362005	0.250271	0.508385	0.40016	0.507829	0.666746	0.966874	0.778496	0.508844	0.997002	0.2186	0.367976	0.343088	0.126349	0.545355	0.449514	0.134136	
0.75341	0.759904	0.0968981	0.277464	0.834321	0.778628	0.48043	0.807804	0.390926	0.69915	0.22706	0.571675	0.71802	0.335848	0.556582	0.641295	0.519265	0.922854	0.718629	0.84175	0.328764	0.63431	0.515	0.46599	0.397	
0.704058	0.0677711	0.873994	0.611733	0.615624	0.250276	0.389841	0.426556	0.428269	0.1453	0.852207	0.286482	0.255321	0.759798	1.04474	0.693463	0.443353	0.812155	0.230118	0.154404	0.715734	0.287833	0.487378	0.429329	0.43417	
1.15077	0.898853	0.512981	0.674828	1.19116	1.00377	0.497439	1.10172	0.675538	0.750153	0.246947	0.813201	0.952786	0.786793	1.01699	1.05085	0.84657	1.32117	0.707157	0.860842	0.193912	0.618736	0.86335	0.779946	0.473278	
0.0800433	0.690249	0.739444	0.463327	0.238805	0.537146	0.817898	0.393595	0.507347	0.808115	0.937974	0.500474	0.507097	0.402064	0.47222	0.0877033	0.356933	0.209489	0.897296	0.905194	0.952934	0.876361	0.317865	0.413461	0.764012	
0.180369	0.710447	0.960706	0.6609	0.162862	0.529671	0.940279	0.353773	0.654019	0.865889	1.13918	0.582598	0.52571	0.628802	0.696425	0.296595	0.482785	0.0509272	0.962427	0.932156	1.12894	0.963502	0.458564	0.549341	0.902943	
0.178354	0.590827	0.923708	0.607352	0.0540945	0.40879	0.841288	0.232399	0.570914	0.750604	1.0795	0.477775	0.407968	0.606536	0.726909	0.284187	0.398728	0.164545	0.847815	0.81216	1.05204	0.853719	0.383108	0.465711	0.810788	
0.40004	0.490489	0.437085	0.108183	0.456012	0.43945	0.448898	0.431544	0.139732	0.52401	0.571961	0.259865	0.379922	0.220309	0.509834	0.304957	0.144929	0.570443	0.591927	0.654912	0.562759	0.543571	0.132997	0.11565	0.382812	
0.134791	0.631804	0.9038	0.59524	0.0838814	0.452842	0.859683	0.278692	0.577036	0.78497	1.07179	0.501083	0.44605	0.578716	0.679683	0.248738	0.405004	0.113519	0.881316	0.853683	1.05468	0.881887	0.383297	0.471921	0.823797	
0.818843	0.867353	0.0396846	0.362378	0.912623	0.880957	0.58222	0.900773	0.494226	0.806297	0.236948	0.675225	0.820126	0.378648	0.543565	0.703593	0.611953	0.985014	0.823213	0.948646	0.387739	0.737443	0.603026	0.562841	0.500394	
0.783895	0.451386	0.502204	0.394466	0.786346	0.554964	0.0759193	0.667691	0.286524	0.326226	0.411212	0.375758	0.50667	0.560774	0.857923	0.707017	0.451153	0.945152	0.321234	0.460113	0.269591	0.232208	0.481603	0.38626	0.0299503	
0.78914	0.22904	0.769954	0.565752	0.732955	0.39867	0.220876	0.561981	0.388965	0.0458203	0.701719	0.326417	0.377846	0.731182	1.03103	0.750947	0.47643	0.921961	0.0706481	0.169869	0.547297	0.0967661	0.520171	0.436366	0.286659	
0.868647	0.727039	0.264433	0.386921	0.92287	0.789826	0.372844	0.857774	0.420922	0.623746	0.119116	0.584742	0.732658	0.496246	0.741181	0.764854	0.583164	1.03973	0.618917	0.759452	0.142	0.52793	0.592921	0.519267	0.304685	
0.797293	0.7969	0.0867397	0.322551	0.879343	0.820594	0.502126	0.852336	0.432847	0.729125	0.194471	0.613152	0.760138	0.374559	0.580169	0.684665	0.563963	0.96641	0.743847	0.871026	0.318886	0.657585	0.560057	0.510063	0.420775	
0.523935	0.705171	0.256954	0.136561	0.626755	0.664832	0.561548	0.643957	0.320778	0.707437	0.473494	0.4798	0.605284	0.0884559	0.358825	0.408081	0.367024	0.689148	0.758104	0.846795	0.539703	0.691658	0.344171	0.33956	0.478525	
0.291154	0.725729	0.524918	0.304136	0.431542	0.617151	0.73162	0.524797	0.423708	0.795022	0.746796	0.499622	0.569056	0.187219	0.284597	0.180772	0.341492	0.437702	0.870074	0.916559	0.793598	0.826672	0.297646	0.366159	0.66126	
0.930826	0.826277	0.237885	0.446586	0.996652	0.883844	0.470973	0.943579	0.507651	0.72355	0.0329082	0.677235	0.825798	0.529096	0.742709	0.822407	0.663008	1.1017	0.716472	0.85854	0.195315	0.62497	0.668308	0.60147	0.404631	
0.276501	0.788518	0.598912	0.392942	0.431005	0.665687	0.817584	0.553796	0.507195	0.869755	0.829466	0.568308	0.622328	0.267538	0.272062	0.189005	0.40925	0.397136	0.947985	0.986728	0.881422	0.9082	0.364526	0.442036	0.74854	
0.788663	0.433615	0.527729	0.411471	0.785911	0.543699	0.050064	0.661821	0.293872	0.302935	0.435202	0.370476	0.49713	0.579004	0.877428	0.71478	0.454524	0.948151	0.295608	0.435483	0.288705	0.206375	0.486715	0.390792	0.0423594	
0.488194	0.933865	0.504607	0.428996	0.640718	0.837008	0.876013	0.747345	0.593237	0.982278	0.764186	0.703069	0.786702	0.259775	0.0620072	0.392454	0.550065	0.603216	1.04787	1.11206	0.859372	0.992596	0.508601	0.561053	0.796338	
