10	30
62.3444	104.072
98.4765	127.057
96.3549	17.9958
144.648	157.121
138.332	15.7095
112.82	63.9674
142.637	13.9358
73.8579	61.1707
40.8347	92.018
70.2261	28.2875
5.89298
4.57566
0.466709
19.1773
1.38398
18.0843
15.3442
21.4351
19.0632
4.85133
22.7471
9.16689
1.92033
15.9025
19.1804
8.07197
12.3826
12.3922
10.9523
3.56501
14.8667
6.88614
12.7749
9.23297
1.80621
3.21828
24.4144
25.3204
8.87659
6.71497
0.443793	0.672381	0.776109	0.85177	0.568379	0.116083	0.687953	0.613291	0.0125202	0.228297	0.664393	0.489763	0.387379	0.605187	0.683633	0.324167	0.524158	0.853806	0.332184	0.33749	0.142302	0.691193	0.113671	0.147522	0.365377	1.03209	0.865065	0.626123	0.735237	0.680273	
0.326067	0.0261572	0.880203	0.476202	0.267814	0.627789	0.914448	0.539385	0.635998	0.518698	0.061158	0.288645	0.552723	0.999849	0.979525	0.411978	0.603377	0.898763	0.328009	0.554736	0.512531	0.93747	0.610294	0.506097	0.286026	0.692404	0.438414	0.206459	1.05211	0.598741	
0.852432	0.806549	0.147346	0.577132	0.526772	0.512798	0.130566	0.276521	0.633324	0.443773	0.753387	0.868899	0.286189	0.317042	0.217971	0.453827	0.185323	0.231242	0.70085	0.322288	0.568079	0.157776	0.517162	0.651506	0.609703	0.631287	0.632477	0.92452	0.287851	0.262811	
0.396457	0.579633	0.702483	0.740849	0.458043	0.0874065	0.632511	0.510398	0.106323	0.125903	0.566013	0.436331	0.293835	0.587321	0.643346	0.213164	0.432127	0.774265	0.260741	0.245788	0.0420396	0.640073	0.0698104	0.107269	0.2679	0.92315	0.753972	0.559678	0.702168	0.579699	
0.7146	0.500206	0.463239	0.140448	0.257367	0.657651	0.563496	0.180721	0.745931	0.523033	0.437635	0.704264	0.398618	0.742264	0.656266	0.430481	0.316546	0.447582	0.60556	0.44253	0.620583	0.592709	0.649042	0.678892	0.492018	0.28311	0.194152	0.686947	0.724917	0.1762	
0.328694	0.610328	0.885444	0.871465	0.571005	0.242217	0.812645	0.676951	0.134636	0.303602	0.615531	0.378455	0.473095	0.747165	0.817314	0.359719	0.61081	0.956502	0.257409	0.42658	0.179181	0.818763	0.23162	0.108358	0.332742	1.0683	0.874011	0.524206	0.87239	0.749066	
0.367894	0.60208	0.790011	0.811012	0.518559	0.147105	0.715671	0.594816	0.0641697	0.213204	0.597361	0.41353	0.381994	0.65486	0.721189	0.286601	0.520254	0.862501	0.257389	0.33417	0.0965058	0.721866	0.135315	0.0720161	0.300261	0.999872	0.819516	0.549909	0.777196	0.665233	
0.989137	0.814427	0.264559	0.401939	0.550719	0.792271	0.421203	0.314166	0.904303	0.682624	0.752163	0.987882	0.516221	0.651071	0.520068	0.633179	0.379429	0.192997	0.858497	0.565927	0.803838	0.449101	0.79059	0.878996	0.746901	0.339174	0.466408	0.991336	0.570416	0.239339	
0.498911	0.22347	0.705946	0.257998	0.136564	0.633865	0.768701	0.366523	0.681922	0.500804	0.161166	0.474775	0.46364	0.896389	0.847321	0.382924	0.465012	0.70989	0.436143	0.485147	0.547178	0.794986	0.619245	0.574058	0.341455	0.476113	0.228109	0.423959	0.920017	0.411569	
0.328907	0.598858	0.859961	0.849437	0.55009	0.219527	0.788203	0.651746	0.117602	0.277834	0.601748	0.37772	0.447326	0.726143	0.794075	0.335249	0.585047	0.930818	0.24597	0.400838	0.153487	0.794633	0.208187	0.0851256	0.314798	1.04504	0.853045	0.521348	0.849822	0.723716	
