15	30
23.7387	56.6563
159.847	82.4034
119.799	147.622
158.95	16.1135
141.455	62.5061
160.588	76.135
170.223	14.0886
111.31	156.932
155.156	25.3399
139.324	16.0083
140.567	60.3017
130.865	40.0513
152.962	32.9361
17.9041	50.1174
155.064	42.6403
22.2484
24.6676
22.072
27.4653
13.0084
16.8408
3.97241
1.47764
27.6138
11.9104
8.49019
23.4825
18.2901
19.0705
11.0975
0.362884
13.5429
11.4792
0.0179053
24.5591
9.37338
13.6629
18.2243
14.7088
21.9064
2.25989
20.0924
6.28158
4.39054
27.356
0.501115	0.404297	0.467605	0.254323	0.894617	0.170558	0.415423	0.87032	0.477085	0.598152	0.492149	0.334796	0.520688	0.082295	0.229986	0.52625	0.368129	0.631134	0.613627	0.441431	0.154686	0.707732	0.396218	0.261555	0.369292	0.504098	0.946025	0.830122	0.804835	0.657927	
0.435064	0.41282	0.689124	0.0955934	1.11391	0.409951	0.343919	1.02881	0.72653	0.664226	0.59518	0.589669	0.764869	0.230311	0.0858818	0.725834	0.380432	0.675388	0.822446	0.688389	0.103978	0.923049	0.616061	0.38923	0.435412	0.735422	1.16859	1.05887	1.012	0.616571	
0.488481	0.386768	0.353717	0.672946	0.529463	0.509006	0.512753	0.287266	0.531901	0.177066	0.164334	0.628513	0.494858	0.577951	0.672926	0.259858	0.403906	0.230068	0.310815	0.500546	0.716126	0.383621	0.358968	0.379678	0.327035	0.879104	0.587295	0.537156	0.403041	0.444269	
0.614453	0.517818	0.507674	0.343781	0.925201	0.219998	0.527635	0.940812	0.475683	0.702385	0.590705	0.301866	0.529	0.196231	0.31798	0.581854	0.481806	0.738531	0.659282	0.447485	0.214566	0.745433	0.441886	0.36454	0.478564	0.418424	0.972775	0.852229	0.847209	0.771915	
0.643598	0.534168	0.337098	0.79994	0.382364	0.572396	0.661838	0.152487	0.501583	0.333315	0.307217	0.640039	0.450078	0.67814	0.796568	0.235269	0.546945	0.383107	0.229907	0.481148	0.824093	0.266424	0.373276	0.489112	0.464065	0.875643	0.438407	0.404656	0.25825	0.599419	
0.356741	0.376059	0.685212	0.681913	0.883569	0.720436	0.438386	0.57346	0.857853	0.222065	0.345975	0.903068	0.83382	0.694337	0.695281	0.607788	0.412502	0.164228	0.673543	0.819577	0.785822	0.748586	0.664191	0.525433	0.404928	1.15644	0.939224	0.900163	0.759093	0.190549	
0.675499	0.53356	0.1293	0.603372	0.51588	0.2278	0.628281	0.59443	0.100199	0.553779	0.429641	0.175774	0.1273	0.408587	0.585729	0.230771	0.51436	0.611141	0.27238	0.0563042	0.545302	0.342776	0.112352	0.346284	0.444363	0.41321	0.562549	0.442069	0.447475	0.755168	
0.954774	0.821755	0.461184	0.774612	0.716931	0.432564	0.887752	0.903504	0.291405	0.88938	0.763204	0.214511	0.348564	0.581832	0.7505	0.562987	0.794314	0.944592	0.572632	0.313087	0.662827	0.601464	0.453663	0.624823	0.743211	0.108274	0.742716	0.622611	0.700395	1.06566	
0.688539	0.562139	0.230195	0.786982	0.298981	0.50443	0.688997	0.237133	0.378438	0.411901	0.345122	0.53366	0.322745	0.638374	0.779347	0.141077	0.566395	0.469015	0.0983957	0.363522	0.787941	0.142013	0.283604	0.468939	0.478783	0.757799	0.358183	0.295542	0.174913	0.677144	
0.458436	0.324162	0.212541	0.548577	0.534875	0.32976	0.448728	0.410894	0.38358	0.252354	0.136481	0.453238	0.36145	0.419849	0.543074	0.156119	0.324755	0.311708	0.2509	0.346016	0.56577	0.351706	0.192545	0.232687	0.23687	0.706553	0.593798	0.509847	0.415915	0.484372	
0.528973	0.522685	0.713834	0.839087	0.819667	0.815677	0.604296	0.476793	0.89202	0.298997	0.419294	0.971986	0.856148	0.823066	0.849759	0.621109	0.557154	0.265495	0.663026	0.859005	0.930686	0.717494	0.711088	0.63638	0.527784	1.22613	0.87046	0.85457	0.70292	0.370071	
0.28871	0.1613	0.369154	0.44007	0.699317	0.361408	0.289268	0.518683	0.523866	0.160938	0.0702589	0.544473	0.51416	0.370711	0.441661	0.326625	0.17185	0.202197	0.421091	0.481977	0.496092	0.520464	0.327477	0.17708	0.092637	0.796663	0.758531	0.679413	0.576831	0.325129	
0.297022	0.273945	0.618609	0.0458227	1.03207	0.375619	0.204623	0.913521	0.688618	0.528749	0.470172	0.5844	0.71662	0.201681	0.0628915	0.637995	0.243369	0.536536	0.737922	0.646889	0.175992	0.841065	0.547391	0.289259	0.307594	0.770791	1.08885	0.986257	0.922508	0.477366	
0.649314	0.508333	0.0322169	0.660778	0.400777	0.327455	0.623163	0.434624	0.198784	0.455065	0.34381	0.335583	0.160495	0.486111	0.648113	0.0773266	0.499591	0.515369	0.120621	0.173324	0.63411	0.211618	0.100131	0.356568	0.415854	0.567114	0.454769	0.347251	0.309475	0.691018	
0.910815	0.7691	0.311162	0.809872	0.497791	0.429958	0.86103	0.706666	0.139599	0.773403	0.653764	0.245341	0.166522	0.609516	0.789291	0.401618	0.749277	0.83268	0.383442	0.181992	0.727397	0.393074	0.3363	0.579721	0.679981	0.325797	0.523949	0.403414	0.487346	0.988255	
