25	25
32.7228	77.0925
66.4153	139.454
11.8413	96.5458
17.4932	79.7909
30.8452	159.396
42.3461	142.14
87.5183	24.5044
12.4511	143.753
39.0901	65.1762
80.5977	32.867
8.18236	146.621
38.767	135.102
69.5866	92.11
77.7171	116.909
68.3916	110.91
33.4057	60.0918
55.3944	159.747
78.5835	104.185
2.16276	119.939
32.5296	142.742
44.7801	149.167
15.0338	42.3877
16.6554	62.234
7.74027	103.138
79.0611	102.159
18.3365
7.57067
34.1347
34.8882
0.0726364
26.0765
17.3853
21.2537
31.901
26.7326
35.2474
27.8661
15.1758
12.8479
21.0829
8.3764
15.2972
29.4529
13.8231
24.7688
14.7391
33.2645
8.14447
36.2567
6.93697
0.647663	0.259827	0.640497	0.477662	0.857925	0.42357	0.505168	0.30805	0.56824	0.873625	0.240883	0.087369	0.6794	0.418999	0.535124	0.72252	0.25327	0.268955	0.487078	0.313197	0.358368	0.334497	0.366683	0.567571	0.511985	
0.590291	0.71438	0.523415	0.587057	0.340336	0.754355	0.149472	0.801713	0.574928	0.299583	0.348233	0.664542	0.230129	0.632004	0.399615	0.150235	0.334791	0.359366	0.634621	0.865997	0.934531	0.541841	0.305829	0.386055	0.103873	
0.0253119	0.884684	1.01616	0.185556	0.887672	1.02368	0.655776	0.937275	0.0775136	0.772112	0.477617	0.681126	0.415258	0.963907	0.16837	0.671421	0.476602	0.652866	1.00695	0.918704	0.902016	0.308304	0.692279	0.884264	0.469197	
1.27663	0.607493	0.272315	1.17108	0.747126	0.442039	0.646947	0.663105	1.22253	0.906546	0.787771	0.81265	1.02102	0.364647	1.09426	0.822773	0.785084	0.60716	0.291218	0.795995	0.934056	1.04575	0.560321	0.406416	0.839639	
0.773986	0.630433	0.315087	0.733255	0.292525	0.621358	0.0959726	0.721476	0.74432	0.370846	0.400617	0.655885	0.440954	0.483672	0.580386	0.248764	0.389262	0.306854	0.467007	0.812678	0.907667	0.653736	0.213331	0.180956	0.284184	
0.830513	0.0841557	0.602549	0.659544	0.921642	0.266653	0.584178	0.128109	0.751191	0.970391	0.391342	0.159645	0.826956	0.312819	0.711644	0.82212	0.401281	0.33399	0.388611	0.183595	0.291292	0.516481	0.417034	0.568615	0.643027	
0.680863	0.647132	0.407325	0.651196	0.312612	0.664761	0.0496442	0.737098	0.655067	0.338264	0.347573	0.635598	0.346119	0.534947	0.487357	0.194673	0.334912	0.299336	0.530075	0.815425	0.898267	0.58296	0.223218	0.270019	0.188137	
0.922533	0.374662	0.193855	0.814955	0.586925	0.308668	0.343532	0.459944	0.866582	0.693969	0.431358	0.508214	0.708292	0.16515	0.743939	0.570573	0.428653	0.250796	0.144037	0.577687	0.699918	0.691894	0.212433	0.182981	0.513884	
0.227923	0.75466	0.818452	0.245967	0.697421	0.87172	0.453366	0.820344	0.209515	0.600266	0.315924	0.587981	0.259117	0.794767	0.034363	0.48399	0.310868	0.475872	0.830143	0.828179	0.841485	0.274056	0.501748	0.684731	0.267663	
0.654947	0.609629	0.411192	0.615718	0.357591	0.635877	0.0287083	0.699025	0.624812	0.377844	0.303076	0.591404	0.346575	0.510194	0.461427	0.230659	0.29052	0.258561	0.51105	0.774304	0.855055	0.542506	0.189121	0.272928	0.169791	
0.754598	0.773978	0.444917	0.753194	0.180728	0.774445	0.182324	0.86467	0.741783	0.217148	0.479798	0.771986	0.359517	0.637492	0.5656	0.107129	0.466798	0.432802	0.620083	0.948067	1.03379	0.700531	0.349529	0.322536	0.270287	
0.638877	0.483698	0.403134	0.561928	0.480768	0.52784	0.127883	0.571968	0.593077	0.508136	0.200922	0.462829	0.419129	0.414914	0.452365	0.359452	0.190744	0.129341	0.431541	0.643844	0.724621	0.464877	0.0881354	0.27631	0.22058	
0.352972	0.554893	0.739967	0.221296	0.761058	0.691851	0.439313	0.612994	0.282349	0.71281	0.162786	0.371229	0.429153	0.638745	0.230664	0.571456	0.167153	0.343031	0.687755	0.612	0.62412	0.120625	0.4064	0.621918	0.326165	
0.537426	0.668265	0.538742	0.521064	0.409454	0.723144	0.156514	0.753491	0.515493	0.368174	0.281382	0.602251	0.22736	0.608774	0.344326	0.220553	0.267983	0.315749	0.619722	0.810632	0.873413	0.471204	0.279303	0.400557	0.0435721	
0.20958	0.877947	0.9012	0.317309	0.711223	0.98991	0.522988	0.944798	0.239202	0.585596	0.436061	0.712514	0.228393	0.906423	0.11324	0.494687	0.429802	0.586284	0.937012	0.952913	0.963561	0.383117	0.600043	0.764212	0.325291	
0.687762	0.525383	0.355805	0.623542	0.416127	0.547134	0.0722344	0.615499	0.64759	0.45985	0.271427	0.526879	0.423065	0.42226	0.49714	0.316155	0.260828	0.181654	0.426232	0.69641	0.784012	0.532332	0.1015	0.221747	0.231812	
0.540725	0.472963	0.510278	0.449818	0.570044	0.556138	0.222466	0.554213	0.488244	0.567136	0.0906389	0.395316	0.397664	0.465671	0.362987	0.416139	0.0787296	0.145554	0.498046	0.603913	0.665871	0.349841	0.178132	0.388688	0.210413	
1.07087	0.289849	0.345887	0.934087	0.806006	0.127835	0.563322	0.34473	1.00419	0.919437	0.570959	0.510054	0.915429	0.0850379	0.90854	0.795565	0.573006	0.405055	0.0870044	0.477489	0.615144	0.797003	0.410158	0.39811	0.717239	
0.573868	0.940136	0.731887	0.64509	0.382838	0.988668	0.380592	1.02515	0.592906	0.226899	0.535148	0.861161	0.141171	0.866701	0.420936	0.191992	0.52245	0.587017	0.867343	1.07846	1.13284	0.651254	0.54031	0.599927	0.264684	
0.657383	0.874776	0.610625	0.696369	0.262702	0.902586	0.285945	0.963086	0.661987	0.148421	0.508746	0.828316	0.226835	0.773066	0.483427	0.0619565	0.495353	0.520313	0.76566	1.03008	1.09872	0.675753	0.457155	0.482842	0.24201	
0.366472	0.587032	0.681612	0.287644	0.658312	0.701555	0.350165	0.655955	0.314582	0.605892	0.145705	0.438256	0.3321	0.62763	0.196573	0.465194	0.140919	0.311694	0.666651	0.67427	0.70324	0.221952	0.352075	0.55499	0.219743	
1.19852	0.498289	0.255658	1.08339	0.749925	0.333754	0.598153	0.554152	1.14045	0.895492	0.702886	0.706587	0.971835	0.25799	1.02107	0.796558	0.701444	0.523041	0.187079	0.687017	0.824916	0.954202	0.488729	0.371331	0.782848	
0.418534	0.511397	0.654545	0.305205	0.689198	0.633037	0.357899	0.578489	0.355619	0.655373	0.0824994	0.360357	0.40512	0.568177	0.265953	0.509312	0.0838855	0.262263	0.612792	0.595685	0.626999	0.203374	0.32092	0.535812	0.268333	
0.869566	0.313502	0.26743	0.752945	0.620947	0.280514	0.339433	0.401965	0.809898	0.71106	0.372056	0.433483	0.687096	0.149462	0.696595	0.578355	0.370915	0.192982	0.164901	0.513692	0.631802	0.626073	0.181803	0.2331	0.489122	
0.680644	0.421076	0.372307	0.587308	0.522846	0.460687	0.178576	0.510382	0.62879	0.565682	0.207999	0.422255	0.485203	0.349427	0.499545	0.419302	0.201265	0.0738274	0.370025	0.588446	0.676383	0.478016	0.0387441	0.258547	0.286455	
