10	30
10.9336	82.1433
133.392	109.458
90.0883	103.534
138.915	134.54
16.6806	21.8588
164.27	123.984
107.054	133.144
20.7121	26.8614
12.1783	84.3392
65.9159	145.706
0.316267
8.74786
11.4211
10.721
11.2961
11.835
7.67072
4.11394
10.421
8.22369
3.07626
6.1516
1.4901
4.33954
11.3519
1.45341
10.7187
7.45858
4.28879
11.9442
8.16497
1.95731
5.92443
5.08082
3.70508
1.68363
6.39276
2.36476
1.2035
9.59677
0.845738	0.739839	0.274898	0.141629	0.53448	0.293099	0.432867	0.609238	0.531344	0.247734	0.558585	0.541338	0.63762	0.627266	0.142554	0.397768	0.230073	0.448313	0.71193	0.921379	0.279147	0.215146	0.103672	0.742651	0.966103	0.790764	0.298082	0.546598	0.669792	0.500092	
1.11366	1.01692	0.445896	0.199445	0.808725	0.586465	0.718205	0.812447	0.735411	0.182554	0.547006	0.758212	0.929778	0.901564	0.379108	0.619594	0.463675	0.716214	0.915584	1.1695	0.0799634	0.466392	0.285562	0.992788	1.22354	1.05889	0.592156	0.60214	0.86984	0.748597	
0.675832	0.555587	0.735241	0.771868	0.502668	0.363342	0.20607	0.793475	0.75534	0.875252	1.08614	0.726033	0.351701	0.526658	0.643439	0.349874	0.456128	0.526043	0.848218	0.825731	0.867116	0.446205	0.626047	0.705184	0.813678	0.641529	0.36822	1.01096	0.83394	0.212063	
0.317491	0.25396	0.377936	0.605302	0.118645	0.405871	0.484029	0.179285	0.170121	0.655887	0.628627	0.128745	0.322158	0.153039	0.429267	0.695129	0.617845	0.123728	0.23139	0.368026	0.818098	0.58321	0.640524	0.189421	0.418807	0.26521	0.388843	0.510576	0.214636	0.674164	
0.757139	0.699347	0.144867	0.323637	0.514618	0.522847	0.677067	0.373039	0.308858	0.300491	0.210284	0.345957	0.708992	0.589972	0.274188	0.754133	0.599711	0.425881	0.466973	0.764583	0.533204	0.573686	0.492226	0.605586	0.833725	0.707938	0.513903	0.155564	0.42109	0.817429	
0.357111	0.241101	0.419729	0.590967	0.0666559	0.272984	0.314154	0.354915	0.325677	0.665885	0.73438	0.291508	0.177979	0.137718	0.410684	0.544938	0.49912	0.107427	0.409759	0.466445	0.779811	0.466004	0.567146	0.303436	0.490664	0.303927	0.256949	0.631778	0.394061	0.505197	
1.01506	0.915053	0.368409	0.114664	0.707357	0.477934	0.611075	0.733551	0.655373	0.15787	0.537282	0.674407	0.822486	0.800413	0.281587	0.526948	0.36523	0.616453	0.837454	1.07775	0.109159	0.36445	0.185482	0.899821	1.12873	0.960121	0.483619	0.569141	0.792515	0.650344	
0.818979	0.718516	0.214905	0.114742	0.510782	0.307636	0.457379	0.559487	0.481095	0.213891	0.499108	0.494228	0.632559	0.603842	0.0914314	0.450067	0.284516	0.420218	0.662971	0.885966	0.301143	0.265465	0.164551	0.707428	0.934541	0.764001	0.309239	0.484299	0.619808	0.54349	
0.488693	0.378588	0.306326	0.45289	0.177146	0.17177	0.278461	0.37131	0.315282	0.531964	0.645083	0.296077	0.296455	0.268052	0.274306	0.462973	0.38448	0.111461	0.452943	0.581793	0.640012	0.350023	0.431336	0.407355	0.616164	0.43416	0.15486	0.558459	0.424236	0.459077	
0.403439	0.357566	0.311965	0.557809	0.218064	0.44392	0.548347	0.0957991	0.0613682	0.593281	0.525231	0.0226931	0.426886	0.261659	0.394528	0.734942	0.635245	0.178876	0.186131	0.420365	0.778019	0.600849	0.626915	0.25278	0.483945	0.355406	0.427532	0.404231	0.151006	0.733539	
