15	30
38.2167	109.372
83.5811	89.0396
24.4074	52.1173
96.667	115.704
155.642	47.0124
142.884	145.736
41.9243	145.441
54.6025	124.533
153.767	27.7468
147.631	107.817
135.461	157.223
162.221	155.506
114.623	88.0385
98.0438	84.2212
95.2613	139.491
31.9138
37.0892
44.6318
41.6838
27.5696
25.8199
13.8166
49.6256
3.60774
33.6564
17.3845
40.2551
26.4444
31.6206
21.9086
33.4332
29.652
15.7199
8.10263
18.274
6.03348
49.6807
35.2665
36.0603
33.6439
2.14519
24.2349
11.328
25.9875
17.9085
0.532956	0.597571	0.638501	0.42037	0.541142	0.882133	0.63898	0.496607	0.888076	0.804286	0.476032	0.6724	0.392847	0.453833	0.394697	0.437589	0.936092	0.727943	0.882773	0.616475	0.859394	0.909651	0.454115	0.910553	0.429609	0.510948	0.446271	0.270149	0.607361	0.186793	
0.845017	0.37561	0.925006	0.413444	0.366381	1.13804	0.507945	0.66921	1.0648	0.978991	0.198816	0.625578	0.192881	0.415568	0.0270401	0.651425	1.06589	0.595515	0.8404	0.900525	1.00822	1.01982	0.342858	1.07572	0.700045	0.736874	0.17677	0.37193	0.649965	0.336875	
0.619933	0.207804	0.664147	0.0683248	0.135568	0.836465	0.208654	0.360164	0.724161	0.640984	0.222294	0.275533	0.171494	0.0543453	0.337079	0.376024	0.71091	0.298856	0.495834	0.640138	0.659674	0.661817	0.0441197	0.730479	0.460485	0.452306	0.21778	0.1788	0.28963	0.246146	
0.452488	0.413714	0.523223	0.175164	0.34398	0.735455	0.40606	0.278852	0.683734	0.597266	0.363704	0.41582	0.277499	0.213528	0.388432	0.249063	0.709114	0.488277	0.623124	0.498637	0.639676	0.674426	0.248751	0.700133	0.299809	0.334522	0.343038	0.0383038	0.348847	0.0913402	
0.814167	0.102495	0.863113	0.267894	0.11312	1.03442	0.249622	0.559509	0.90998	0.829304	0.0743354	0.390469	0.132822	0.244227	0.246564	0.574519	0.882622	0.329829	0.590164	0.838982	0.840012	0.828467	0.157033	0.912884	0.655068	0.651874	0.0998527	0.339342	0.46012	0.371161	
0.305759	0.932396	0.416714	0.68002	0.862239	0.649071	0.905889	0.532369	0.771789	0.71106	0.862284	0.863731	0.772932	0.719383	0.820294	0.456155	0.871858	0.975255	1.02022	0.408383	0.787294	0.875417	0.767146	0.805256	0.362799	0.461229	0.836217	0.554469	0.737477	0.522247	
0.573322	0.61856	0.514067	0.474866	0.571338	0.510885	0.460417	0.338896	0.290658	0.247968	0.733059	0.304634	0.696446	0.470987	0.862007	0.415467	0.211072	0.434624	0.24514	0.503574	0.204646	0.150218	0.55035	0.274857	0.49241	0.390612	0.73634	0.573997	0.236681	0.657179	
0.597108	0.63423	0.705368	0.478815	0.582974	0.950802	0.68988	0.569533	0.96088	0.877223	0.497944	0.733577	0.420783	0.510079	0.392712	0.510603	1.0091	0.780485	0.946803	0.683844	0.932464	0.982338	0.500833	0.983513	0.500299	0.583432	0.46746	0.332328	0.675238	0.246127	
0.263834	0.961859	0.148737	0.709672	0.892424	0.10646	0.848238	0.418248	0.293068	0.28223	0.992427	0.723664	0.917635	0.735361	1.04574	0.412491	0.421609	0.870253	0.762175	0.170204	0.353088	0.456696	0.820622	0.329055	0.366559	0.328916	0.979467	0.690366	0.579712	0.730382	
0.270126	0.832428	0.388503	0.580798	0.762303	0.63422	0.807668	0.449236	0.727209	0.65941	0.764151	0.770452	0.674772	0.620214	0.728379	0.371463	0.817562	0.878526	0.934352	0.374901	0.732886	0.81498	0.667195	0.758817	0.285726	0.389005	0.738495	0.454547	0.648475	0.424219	
0.593359	0.651533	0.528041	0.511963	0.605758	0.507	0.492068	0.370558	0.278281	0.246335	0.768729	0.336295	0.733068	0.507751	0.898796	0.446203	0.185607	0.461979	0.254779	0.519043	0.192823	0.12272	0.586586	0.25854	0.519766	0.416712	0.772407	0.610813	0.273734	0.693752	
0.330268	0.569146	0.31411	0.330385	0.50146	0.441301	0.454227	0.0695341	0.342728	0.256281	0.619101	0.340905	0.55496	0.349701	0.703942	0.141396	0.37086	0.483839	0.445027	0.294647	0.297736	0.344352	0.437701	0.35767	0.220483	0.126423	0.611147	0.362835	0.193888	0.432796	
0.614996	0.573221	0.563755	0.452836	0.53062	0.572649	0.412137	0.358802	0.353516	0.309616	0.697306	0.256983	0.667084	0.44405	0.833882	0.436906	0.26859	0.379013	0.183232	0.551635	0.267478	0.205919	0.518509	0.33705	0.521466	0.423406	0.702805	0.564956	0.217533	0.650269	
0.156014	0.940683	0.24021	0.6741	0.86773	0.455779	0.880229	0.451964	0.60145	0.551656	0.906801	0.805869	0.81928	0.711007	0.901321	0.388808	0.712696	0.935221	0.927961	0.23912	0.630047	0.725949	0.776674	0.636586	0.287725	0.357679	0.884857	0.581852	0.665153	0.578915	
0.90248	0.475463	0.990045	0.508723	0.468816	1.21185	0.610484	0.751078	1.15152	1.06525	0.299088	0.727318	0.294201	0.51375	0.129559	0.726163	1.15845	0.697724	0.94277	0.965865	1.09814	1.11411	0.443969	1.16409	0.765099	0.811518	0.278651	0.449501	0.746604	0.399886	
