25	25
27.1166	43.219
23.5073	27.5176
39.2887	18.1559
6.49059	42.8471
86.8719	159.739
1.59534	132.782
59.3716	11.2129
21.4786	74.6563
72.4334	36.486
35.7761	112.73
19.5302	42.4099
56.1828	45.7223
12.9499	143.979
63.9132	102.345
58.0709	51.7589
37.765	149.429
61.1478	90.803
76.2311	22.7318
15.8793	132.199
69.0263	135.332
69.1292	78.3448
37.6943	77.6416
22.7247	137.296
39.7426	59.7911
32.0227	12.6871
7.17853
12.4551
29.859
2.44497
20.9845
4.24801
14.2316
28.6495
5.1692
8.65205
11.1295
24.7422
17.8207
19.7466
20.4993
22.3258
15.3472
25.5641
28.4023
14.4938
5.36016
11.4887
5.54909
29.7612
2.2601
0.66262	0.416404	0.452825	0.538667	0.503368	0.703732	0.171706	0.823289	0.23748	0.136018	1.11015	0.53258	0.601693	0.232141	0.550455	0.384429	0.472232	0.924093	0.636197	0.732016	0.409494	0.229734	0.529273	0.968365	0.31674	
0.363968	0.849142	0.756711	0.472181	0.544945	0.460576	0.800478	0.475724	0.732706	0.940278	0.61686	0.504894	0.874828	0.888875	1.01677	1.07276	0.617137	0.182611	0.512491	0.332666	0.840556	0.889485	0.804934	0.369254	0.65178	
0.367085	0.605781	0.712215	0.261089	0.31696	0.199534	0.626278	0.586033	0.562394	0.802862	0.80733	0.278932	0.872364	0.776813	0.983354	0.987071	0.567437	0.374451	0.254763	0.077605	0.598289	0.675601	0.785332	0.554409	0.48948	
0.629398	0.794991	0.238571	0.72248	0.734626	0.923406	0.464377	0.649774	0.477656	0.289798	0.878619	0.743483	0.238103	0.214472	0.127068	0.107943	0.376474	0.875717	0.875578	0.888906	0.785415	0.62562	0.227395	0.832257	0.500221	
0.58747	0.246328	0.499564	0.387177	0.337522	0.531523	0.100738	0.791252	0.144383	0.276005	1.08639	0.371535	0.678434	0.337066	0.668742	0.537405	0.462606	0.832155	0.461401	0.576437	0.237627	0.0827186	0.590966	0.909743	0.216506	
0.267716	0.854749	0.652623	0.468771	0.547629	0.512228	0.753733	0.342873	0.686327	0.8696	0.497314	0.508953	0.75583	0.807626	0.904265	0.977008	0.520112	0.0541552	0.549906	0.379007	0.84508	0.866584	0.691769	0.244402	0.604842	
0.424571	0.813102	0.0989918	0.617528	0.65597	0.813945	0.497811	0.398125	0.475255	0.419342	0.628417	0.651069	0.105253	0.317607	0.236519	0.359268	0.209271	0.645151	0.782984	0.747172	0.80204	0.681066	0.026638	0.582404	0.454555	
0.15476	0.839975	0.475586	0.473171	0.550818	0.588543	0.663095	0.150726	0.600263	0.736865	0.39	0.518835	0.558626	0.66066	0.712902	0.805742	0.360063	0.170112	0.602975	0.466038	0.829123	0.807661	0.501539	0.169805	0.524028	
0.639703	0.655961	0.294942	0.651847	0.647053	0.846132	0.336535	0.720571	0.368007	0.134737	0.978988	0.663732	0.379627	0.108353	0.293114	0.127907	0.392189	0.901829	0.789686	0.834554	0.647263	0.477569	0.334162	0.892893	0.413234	
0.682569	0.950298	0.304086	0.836573	0.859994	1.03776	0.618312	0.639256	0.622928	0.454458	0.822015	0.863357	0.178889	0.372904	0.0407022	0.240417	0.448419	0.90266	0.996964	0.986578	0.940328	0.786135	0.237326	0.824535	0.632624	
0.689355	0.836384	0.297681	0.779782	0.789591	0.980282	0.508581	0.702486	0.526969	0.320833	0.92248	0.799659	0.27258	0.258644	0.126703	0.0847761	0.436775	0.934113	0.931141	0.948073	0.827163	0.662295	0.277958	0.886087	0.554249	
0.288302	0.969747	0.480656	0.619656	0.694406	0.747843	0.753862	0.0542235	0.697179	0.787336	0.248229	0.665474	0.505601	0.698419	0.672469	0.803544	0.405632	0.285698	0.75848	0.627107	0.958564	0.914903	0.474828	0.142364	0.628586	
0.336959	0.912623	0.718929	0.527421	0.605136	0.552117	0.822046	0.386703	0.754497	0.939462	0.500895	0.565809	0.815624	0.877203	0.967113	1.04472	0.588302	0.0879417	0.595854	0.419653	0.903235	0.931336	0.754801	0.257611	0.672927	
0.328655	0.424788	0.574811	0.0555104	0.118943	0.164937	0.423028	0.581109	0.361215	0.608939	0.849931	0.0788921	0.754292	0.594969	0.839839	0.813203	0.439853	0.471133	0.14888	0.137998	0.415772	0.47235	0.660309	0.614343	0.293758	
0.498573	0.440573	0.763484	0.226442	0.224402	0.0251729	0.560632	0.74417	0.508773	0.763333	0.992556	0.206087	0.944233	0.764186	1.0261	0.98603	0.629841	0.574302	0.088367	0.148073	0.435473	0.553753	0.850011	0.744368	0.456429	
0.350339	0.506388	0.65309	0.161616	0.214075	0.134576	0.529091	0.591977	0.466864	0.71263	0.839299	0.176214	0.824252	0.693953	0.922345	0.909291	0.511877	0.42759	0.168379	0.0325919	0.498497	0.572784	0.733109	0.592309	0.397488	
0.550599	0.197377	0.681335	0.221731	0.144498	0.235453	0.372479	0.801232	0.341126	0.58351	1.08265	0.176465	0.872556	0.611228	0.916266	0.831837	0.576574	0.717352	0.163645	0.333625	0.191271	0.317913	0.776226	0.855286	0.324373	
0.385787	0.342848	0.577796	0.0540543	0.0383932	0.175653	0.36855	0.638299	0.312564	0.566367	0.915452	0.00924923	0.764118	0.565185	0.834214	0.787171	0.45333	0.549838	0.125093	0.204189	0.333786	0.397049	0.668252	0.685906	0.257416	
0.392127	0.700586	0.763314	0.351591	0.41104	0.286425	0.712453	0.581337	0.647209	0.881457	0.773788	0.37249	0.911828	0.848571	1.03366	1.05295	0.617769	0.3312	0.346865	0.172555	0.693178	0.769088	0.829423	0.519908	0.571584	
0.210353	0.742379	0.206018	0.461454	0.518067	0.642582	0.480985	0.236237	0.432394	0.496943	0.520656	0.502305	0.312238	0.408986	0.451351	0.536496	0.117822	0.434034	0.625239	0.556935	0.730925	0.654401	0.239036	0.402492	0.377305	
0.388066	0.639693	0.076842	0.485291	0.509785	0.686664	0.322076	0.466664	0.301272	0.272042	0.739068	0.511992	0.263504	0.177927	0.314436	0.323776	0.13482	0.645633	0.645624	0.641989	0.628761	0.505414	0.170434	0.63466	0.290014	
0.527566	0.926544	0.213145	0.738198	0.777046	0.933772	0.604568	0.451522	0.588119	0.497213	0.63422	0.772072	0.0281449	0.397416	0.186762	0.370261	0.329301	0.725908	0.903805	0.863502	0.91564	0.786244	0.117341	0.636064	0.572799	
0.536807	0.806415	0.914416	0.488308	0.537709	0.374833	0.854608	0.702417	0.790843	1.02991	0.858156	0.501788	1.05892	0.999755	1.18423	1.20518	0.76898	0.421814	0.445471	0.296601	0.800354	0.895862	0.978468	0.610459	0.71754	
0.0580489	0.637364	0.413198	0.274986	0.350541	0.4187	0.483811	0.310748	0.417524	0.595077	0.587734	0.320814	0.557485	0.537479	0.681395	0.72099	0.269129	0.284414	0.418852	0.315854	0.62655	0.613564	0.475111	0.370223	0.337273	
0.709556	0.809954	0.322875	0.777443	0.781941	0.976359	0.48684	0.738329	0.511434	0.289215	0.966229	0.794535	0.320291	0.241354	0.179142	0.033966	0.455341	0.959885	0.924328	0.951228	0.801124	0.632041	0.316135	0.920445	0.545931	
