10	30
140.895	136.527
147.878	80.091
41.9998	110.808
39.4138	21.9905
20.0211	66.1523
108.425	13.3573
171.276	73.0056
134.526	63.3928
35.6195	144.138
36.1921	15.2558
7.35469
5.90146
8.89944
7.99771
2.33866
8.57836
5.13967
3.10528
5.84283
2.40067
4.90432
8.31871
0.613574
0.595807
7.65715
0.956657
2.58277
5.55764
2.55598
6.44675
1.31346
9.12475
8.53216
5.6865
4.29782
6.59744
1.35755
2.79006
1.5941
5.90173
0.239117	0.410041	0.802535	0.811595	0.703068	0.561555	0.793496	0.543538	0.709785	0.721617	0.727938	0.281663	0.160857	0.387631	0.545999	0.765268	0.658793	0.721256	0.316576	0.636874	0.563461	0.49463	0.745087	0.934286	0.225091	0.164364	0.680933	0.347777	0.699928	0.702641	
0.0621818	0.236499	0.753131	0.689998	0.459756	0.401424	0.608424	0.340546	0.471113	0.482622	0.74235	0.200412	0.209073	0.204238	0.336526	0.579927	0.453275	0.632472	0.42113	0.511602	0.604828	0.315672	0.529552	0.707759	0.317233	0.289819	0.454129	0.215496	0.459774	0.652731	
0.195264	0.380215	0.815863	0.804185	0.641549	0.539311	0.765324	0.47462	0.657397	0.66899	0.75749	0.215702	0.105733	0.354122	0.506992	0.736823	0.589826	0.722624	0.361208	0.62643	0.597751	0.42568	0.676438	0.889486	0.261027	0.205405	0.635422	0.279716	0.646348	0.714738	
0.670726	0.591898	0.274242	0.487605	1.00921	0.547487	0.687396	1.04602	0.896726	0.906943	0.0732004	0.910788	0.834132	0.614755	0.683559	0.675463	1.14416	0.364575	0.382987	0.458002	0.132052	1.04037	1.19546	0.957349	0.470375	0.530297	0.804815	0.945243	0.904434	0.252736	
0.529399	0.337265	0.389748	0.174704	0.539762	0.173831	0.101121	0.717175	0.386101	0.391955	0.53745	0.761885	0.774571	0.367978	0.266906	0.0902006	0.771413	0.235812	0.615071	0.13994	0.540483	0.753614	0.782014	0.372302	0.594261	0.634708	0.289467	0.746963	0.402275	0.343539	
0.546489	0.380897	0.631106	0.408186	0.344077	0.287921	0.162631	0.585523	0.183631	0.183841	0.769045	0.719575	0.772583	0.397132	0.236456	0.155846	0.608615	0.475482	0.757863	0.35376	0.745893	0.64049	0.596155	0.162658	0.706388	0.729574	0.121472	0.682123	0.204241	0.57917	
0.298582	0.483002	0.895597	0.899277	0.730244	0.640546	0.868177	0.536967	0.755919	0.767318	0.819774	0.252745	0.121714	0.457375	0.610337	0.839708	0.649766	0.81204	0.403902	0.722951	0.654175	0.478501	0.740467	0.991403	0.316939	0.255582	0.737358	0.326035	0.744043	0.795555	
0.721516	0.534244	0.553862	0.31127	0.571789	0.387001	0.150309	0.81502	0.413372	0.412301	0.733329	0.926052	0.961633	0.559894	0.41774	0.178212	0.839298	0.426846	0.846745	0.369892	0.762304	0.86744	0.823343	0.244291	0.821448	0.858212	0.347267	0.896486	0.434246	0.539102	
0.216436	0.33774	0.675945	0.698931	0.697413	0.470561	0.707233	0.589105	0.674774	0.687	0.599956	0.367764	0.269329	0.323713	0.484647	0.679825	0.703492	0.60164	0.197998	0.529078	0.436863	0.553689	0.782001	0.877137	0.0982461	0.0429219	0.629573	0.421446	0.668417	0.576761	
0.489279	0.475773	0.444727	0.580302	0.906288	0.503659	0.707958	0.881735	0.826353	0.838025	0.296748	0.702755	0.610742	0.487394	0.605056	0.687708	0.989365	0.452421	0.144895	0.47159	0.130044	0.862377	1.054	0.95151	0.245379	0.299929	0.748229	0.747766	0.828521	0.369901	
