15	30
83.8377	82.2413
22.3128	111.746
29.8557	58.5084
32.7415	23.7255
159.886	95.2756
82.3911	64.7732
77.1349	116.741
9.95714	52.9849
42.9644	61.689
68.5909	90.3978
17.1036	116.745
81.0039	138.501
14.9456	88.21
141.261	121.227
141.283	88.2923
14.0208
0.120394
12.7131
14.8571
0.130915
0.792259
11.1115
18.5045
18.8853
4.39191
4.51882
8.76313
7.01367
7.76483
14.8181
15.1728
16.9908
5.47793
0.627208
0.923333
4.25006
1.10232
18.9686
0.184077
2.79903
9.99074
5.74431
11.2694
15.5688
14.7359
0.37481	0.415565	0.534139	0.500987	0.687065	0.757618	0.556499	0.526329	0.319224	1.0727	0.246619	0.771273	0.338393	0.779308	0.788058	0.740788	0.946084	0.515997	0.0666085	0.296543	0.609669	0.0774515	0.630087	0.770887	0.642132	1.01424	0.268713	0.68221	0.75953	0.770297	
0.203814	0.558253	0.543967	0.291866	0.551534	0.461835	0.364964	0.240216	0.469477	0.896495	0.057771	0.657379	0.127656	0.725834	0.68414	0.444006	0.815203	0.5191	0.3631	0.477687	0.416251	0.242577	0.572414	0.739455	0.747142	0.84627	0.361882	0.391207	0.612606	0.485623	
0.271031	0.596889	0.602261	0.358675	0.619487	0.490345	0.432194	0.240245	0.504203	0.962528	0.0522478	0.725195	0.0699747	0.7914	0.75179	0.467207	0.883118	0.577763	0.350438	0.506489	0.483018	0.248352	0.637364	0.803563	0.795232	0.912944	0.401999	0.396939	0.680467	0.528223	
0.44792	0.755461	0.536793	0.324643	0.240949	0.441406	0.265481	0.594034	0.736315	0.309329	0.659136	0.293646	0.702454	0.453619	0.324436	0.479648	0.32473	0.523302	0.880244	0.779518	0.213254	0.744519	0.410904	0.506595	0.778721	0.276032	0.653767	0.582806	0.204602	0.319955	
0.538083	0.136433	0.234576	0.600385	0.534026	0.990202	0.5869	0.888648	0.23269	0.869833	0.666174	0.535348	0.787711	0.428193	0.526092	0.998646	0.682056	0.250082	0.550375	0.259194	0.609519	0.518291	0.369201	0.383947	0.0928737	0.806844	0.316826	1.00918	0.592155	0.929955	
0.345423	0.293186	0.424863	0.46951	0.612731	0.77975	0.51225	0.579564	0.196708	1.00318	0.303546	0.686462	0.41582	0.677191	0.699615	0.769566	0.86242	0.409043	0.135921	0.175867	0.562524	0.106868	0.533631	0.663861	0.51963	0.942506	0.159438	0.729724	0.686447	0.772856	
0.450028	0.582034	0.340099	0.371886	0.0990999	0.657929	0.298865	0.729098	0.593828	0.319971	0.689469	0.0313621	0.770824	0.191455	0.0623414	0.688537	0.170265	0.336745	0.822209	0.641847	0.261507	0.701709	0.195316	0.245782	0.548314	0.256485	0.544576	0.766863	0.0622588	0.548491	
0.118791	0.482744	0.452911	0.2268	0.470405	0.479115	0.295119	0.301747	0.3994	0.828904	0.120688	0.573654	0.219282	0.635818	0.599142	0.469401	0.73591	0.427935	0.358281	0.414362	0.34849	0.222926	0.481804	0.648309	0.661946	0.775979	0.287905	0.439807	0.534763	0.479238	
0.448267	0.461489	0.22006	0.408925	0.171061	0.751843	0.347423	0.774775	0.490255	0.447169	0.679901	0.116956	0.777717	0.0776571	0.103291	0.776941	0.264085	0.224982	0.756126	0.538763	0.330154	0.649925	0.0893158	0.115001	0.4034	0.384052	0.464191	0.838208	0.194989	0.653421	
0.680201	0.888868	0.647309	0.56691	0.367889	0.684435	0.497294	0.856917	0.895841	0.0505481	0.90689	0.330419	0.960113	0.457039	0.339828	0.725924	0.209289	0.64344	1.09542	0.943169	0.443818	0.965361	0.502502	0.512596	0.844108	0.0702611	0.835707	0.837498	0.294778	0.560774	
0.533624	0.575091	0.335164	0.472226	0.201082	0.77489	0.402323	0.835505	0.605877	0.347912	0.771032	0.0925678	0.861276	0.105048	0.0587292	0.805019	0.15533	0.34061	0.867599	0.65438	0.371093	0.757213	0.202166	0.160573	0.495775	0.287116	0.577626	0.880633	0.179375	0.665717	
0.383254	0.832216	0.72535	0.33471	0.571086	0.121539	0.383304	0.159232	0.760479	0.783915	0.398885	0.677574	0.354229	0.805582	0.711392	0.0978427	0.781812	0.70092	0.709269	0.782145	0.401306	0.585317	0.6813	0.841027	0.972202	0.75328	0.647808	0.110661	0.597889	0.199701	
0.500309	0.477686	0.24351	0.462963	0.219726	0.803112	0.401202	0.828789	0.515869	0.450933	0.730007	0.145093	0.829513	0.0236778	0.120018	0.828941	0.259025	0.253332	0.793838	0.564013	0.382673	0.692193	0.133274	0.069554	0.392531	0.389429	0.499802	0.891705	0.23251	0.702696	
0.203962	0.64987	0.528003	0.136788	0.389639	0.264627	0.191466	0.248016	0.586845	0.666598	0.322701	0.499553	0.344029	0.615934	0.532234	0.270759	0.625575	0.503779	0.601281	0.614667	0.220579	0.465507	0.48558	0.648178	0.776998	0.624488	0.476542	0.302264	0.428763	0.238362	
0.615407	0.31149	0.252215	0.642899	0.493768	1.02837	0.608214	0.975023	0.398507	0.76549	0.788397	0.456903	0.906946	0.313589	0.437091	1.04443	0.56992	0.277265	0.721101	0.433727	0.614927	0.669174	0.326774	0.258768	0.103704	0.70557	0.455723	1.07655	0.533684	0.948889	
