15	40
26.3655	110.816
77.164	133.181
61.9784	91.9899
38.5855	74.0434
57.1581	66.3022
29.7634	94.7813
14.0323	84.7066
39.749	91.9137
10.8635	121.074
44.5695	47.9813
78.8285	120.122
56.0466	141.436
29.3327	42.864
37.5544	81.948
22.2908	20.8277
31.2764
16.4035
24.8001
26.6934
18.1181
8.85924
27.6272
18.7233
26.8519
4.41212
12.7715
8.26446
2.39638
20.7206
11.7185
0.0461406
17.6889
5.75154
17.3925
16.7897
21.4094
10.3195
22.7411
20.4089
7.76316
29.1089
25.0733
20.4382
22.4104
15.9211
8.85676
6.46054
23.6679
9.53611
14.8185
25.6265
20.0368
9.57483
15.6483
14.8676
0.680105	0.860835	0.670484	0.858111	0.254389	0.215122	0.547937	0.56607	0.155578	0.793402	0.996882	0.573352	0.609947	0.851824	0.372684	0.766726	0.790305	0.832519	0.808958	0.551929	0.564257	0.819253	0.264451	0.761863	1.01196	0.254501	0.432027	0.924739	0.639186	0.801816	0.621589	0.753551	0.653623	0.136288	0.584473	0.662271	0.861585	0.663474	0.716899	0.670567	
0.547206	0.723518	0.549955	0.730277	0.178263	0.126587	0.3794	0.424238	0.275732	0.693817	0.829874	0.570919	0.462668	0.78721	0.46371	0.611957	0.621927	0.687548	0.732264	0.395457	0.400615	0.652445	0.186483	0.61084	0.852118	0.233483	0.352874	0.835221	0.619529	0.74134	0.468396	0.668066	0.554235	0.278837	0.416346	0.523337	0.693848	0.510543	0.548466	0.649268	
0.641585	0.818301	0.642648	0.824333	0.251167	0.106753	0.456617	0.519057	0.254699	0.782425	0.914533	0.622906	0.557397	0.865703	0.465204	0.70539	0.696651	0.782289	0.814492	0.488916	0.490654	0.73787	0.260681	0.705029	0.943366	0.285088	0.331679	0.921586	0.679604	0.8182	0.56242	0.752707	0.642236	0.24282	0.499551	0.55328	0.77716	0.556386	0.629564	0.710291	
0.0881332	0.269664	0.0923552	0.266831	0.344949	0.559304	0.357365	0.0731494	0.591469	0.262506	0.542547	0.457706	0.101099	0.426515	0.629901	0.237379	0.481149	0.254158	0.350247	0.16602	0.230313	0.396224	0.335604	0.213074	0.48096	0.389259	0.709476	0.411115	0.435534	0.400669	0.143447	0.275815	0.154746	0.625299	0.312175	0.67398	0.449425	0.594919	0.380384	0.448311	
0.535764	0.709278	0.497963	0.682884	0.19288	0.452446	0.603447	0.465845	0.196411	0.567418	0.968689	0.267116	0.518104	0.576003	0.18256	0.681055	0.827534	0.705683	0.548663	0.504384	0.549573	0.800111	0.193074	0.662275	0.931083	0.109957	0.683586	0.675687	0.337259	0.523808	0.548488	0.508621	0.441271	0.240119	0.607805	0.832691	0.851308	0.798926	0.73239	0.368692	
0.689295	0.865636	0.655227	0.841695	0.294183	0.45662	0.700639	0.608392	0.101453	0.727223	1.10094	0.387566	0.66002	0.724589	0.116524	0.824711	0.936834	0.858185	0.70334	0.633518	0.669922	0.927621	0.299331	0.808837	1.07641	0.221701	0.684159	0.832019	0.467884	0.672051	0.686312	0.666849	0.601363	0.133116	0.717066	0.88449	0.976853	0.867369	0.847537	0.498213	
0.512047	0.689583	0.480423	0.668621	0.1379	0.397853	0.551099	0.431434	0.182157	0.566575	0.928748	0.30933	0.483319	0.594823	0.228187	0.647737	0.778717	0.680551	0.560352	0.462063	0.503666	0.757736	0.139227	0.63125	0.899184	0.0544944	0.628218	0.683795	0.372677	0.54346	0.511031	0.513847	0.434179	0.223833	0.558447	0.775506	0.808163	0.742792	0.685167	0.404037	
0.432795	0.547505	0.481247	0.590413	0.432094	0.376384	0.041764	0.324829	0.64436	0.654521	0.48142	0.770052	0.316082	0.823915	0.795073	0.37227	0.245914	0.484235	0.748172	0.232709	0.172989	0.315046	0.430862	0.39289	0.551978	0.515423	0.393232	0.800325	0.779852	0.795258	0.28528	0.673727	0.550956	0.654902	0.104189	0.276147	0.342775	0.200492	0.193922	0.801163	
0.182525	0.356209	0.202059	0.36655	0.276721	0.454534	0.265804	0.0571436	0.530807	0.370799	0.545877	0.491394	0.102703	0.523719	0.605275	0.26661	0.432018	0.323288	0.450433	0.0914819	0.15359	0.379855	0.268828	0.255714	0.518368	0.338603	0.59976	0.519555	0.48722	0.492529	0.126279	0.376354	0.251327	0.559911	0.233063	0.577234	0.432177	0.504193	0.33077	0.505549	
0.190606	0.354305	0.22171	0.372268	0.300257	0.451471	0.230716	0.062623	0.554211	0.393996	0.51378	0.530498	0.0894122	0.55463	0.638041	0.245306	0.39312	0.314264	0.479889	0.0526451	0.114655	0.345022	0.293095	0.239195	0.4952	0.366999	0.583091	0.542393	0.526014	0.525302	0.100486	0.405493	0.281561	0.581386	0.194838	0.544914	0.396832	0.469413	0.292021	0.544041	
0.286486	0.451193	0.239616	0.421134	0.240492	0.533902	0.490656	0.255438	0.435552	0.313234	0.756361	0.254393	0.303728	0.375027	0.4268	0.452161	0.66854	0.455505	0.323986	0.328378	0.390166	0.603436	0.230805	0.42697	0.692758	0.238096	0.734912	0.438358	0.255532	0.329164	0.342893	0.267068	0.18023	0.475869	0.46744	0.784667	0.656718	0.723138	0.566968	0.277687	
0.838362	1.01364	0.802596	0.987563	0.440218	0.552527	0.837973	0.758207	0.203651	0.865561	1.24856	0.490995	0.809762	0.843903	0.16941	0.974502	1.07727	1.00758	0.831167	0.781395	0.815479	1.07427	0.446114	0.958741	1.22626	0.370989	0.766449	0.961687	0.575023	0.791628	0.835589	0.801137	0.744399	0.203427	0.858807	0.996335	1.12282	0.989012	0.990563	0.603098	
0.172325	0.353741	0.161779	0.347301	0.261103	0.491176	0.348482	0.0987125	0.507337	0.313286	0.604971	0.411871	0.149419	0.449117	0.553427	0.308114	0.511285	0.337242	0.378956	0.172549	0.236492	0.447087	0.25166	0.288435	0.55726	0.30561	0.657966	0.46042	0.404249	0.414898	0.186369	0.306286	0.181563	0.541039	0.31661	0.656954	0.500234	0.586299	0.40957	0.422113	
0.356487	0.429597	0.417617	0.483359	0.507469	0.518871	0.129748	0.28597	0.745152	0.582427	0.334345	0.784921	0.25371	0.769719	0.86779	0.244634	0.140736	0.360633	0.690719	0.202281	0.142202	0.16268	0.503438	0.272829	0.399269	0.586733	0.544909	0.719794	0.778138	0.749652	0.212475	0.618128	0.505338	0.762352	0.0851339	0.376947	0.195766	0.281664	0.0481394	0.794572	
0.109816	0.224619	0.0442125	0.188533	0.431522	0.676895	0.482326	0.200146	0.659653	0.133469	0.590163	0.424619	0.211547	0.307896	0.657134	0.286319	0.578288	0.245611	0.229086	0.290825	0.352471	0.47067	0.421517	0.252167	0.492494	0.456397	0.836594	0.282139	0.380318	0.290031	0.250298	0.156365	0.0673368	0.69766	0.432605	0.799577	0.521592	0.717705	0.481532	0.384668	
