15	40
50.101	30.1512
83.3694	130.773
26.5786	112.889
62.1242	25.4901
1.91495	95.9835
2.64047	90.7012
74.0937	72.4587
87.4457	66.4713
25.2221	77.2804
77.9045	69.2102
44.9869	13.5636
9.77028	103.997
39.2575	112.599
52.2836	127.091
70.7457	137.344
5.17044
2.05464
9.17612
10.8964
5.46996
1.58667
9.81192
8.56163
10.694
7.28964
5.64403
0.839577
6.96564
2.71817
0.85641
7.77882
1.74677
3.46644
4.64338
8.13618
8.071
8.84307
10.4441
6.95595
10.2296
10.1675
6.14594
9.73408
1.9002
11.1198
6.71855
9.73259
8.75959
4.99801
8.6464
1.06447
3.06316
3.26834
2.57612
7.25531
0.605539	0.198422	0.630497	0.900403	0.822369	0.33715	0.788037	0.67863	0.350751	0.45594	0.463659	0.802671	0.228456	0.424955	0.687901	0.654092	0.380331	0.455123	0.890352	0.947972	0.359417	0.433282	0.3654	0.565027	0.720798	0.270222	0.427231	0.69005	0.329916	0.891482	0.898292	0.283968	0.482254	0.48387	0.955697	0.391843	0.3585	0.255566	0.163956	0.404879	
0.456631	0.371139	0.293968	0.364313	0.353727	0.397503	0.293646	0.207032	0.690583	0.366308	0.59397	0.570978	0.608112	0.682751	0.164833	0.45522	0.422241	0.267639	0.462609	0.493795	0.290939	0.13477	0.52153	0.355864	0.193156	0.492978	0.31774	0.545259	0.360052	0.405752	0.337168	0.620427	0.151819	0.492238	0.484135	0.257295	0.655463	0.618476	0.457484	0.356377	
0.628643	0.176603	0.586723	0.89008	0.820903	0.285342	0.752027	0.673101	0.302053	0.474733	0.505726	0.824951	0.281012	0.371884	0.676582	0.674653	0.326584	0.462073	0.894948	0.950312	0.365672	0.41231	0.308515	0.579975	0.689946	0.213634	0.440194	0.716896	0.346471	0.888965	0.881579	0.335547	0.475291	0.515474	0.955917	0.394772	0.306101	0.204443	0.188709	0.422688	
0.281653	0.629761	0.671249	0.255993	0.102983	0.746585	0.59238	0.179378	1.01576	0.354064	0.538184	0.24615	0.70477	1.02926	0.240132	0.233172	0.782516	0.329873	0.105699	0.168152	0.425828	0.454319	0.873029	0.243863	0.49549	0.820244	0.362999	0.304644	0.46179	0.155323	0.34264	0.684696	0.336827	0.420649	0.185909	0.395654	0.98927	0.927764	0.626913	0.395322	
0.74691	0.65934	0.295519	0.379191	0.485383	0.591254	0.0876083	0.421273	0.876994	0.685694	0.917443	0.807818	0.929997	0.83551	0.351451	0.729557	0.58771	0.589203	0.595435	0.588444	0.618483	0.441034	0.686567	0.650572	0.138766	0.701861	0.64153	0.820947	0.6876	0.492227	0.280399	0.945902	0.476607	0.809984	0.560684	0.584993	0.832985	0.832645	0.771412	0.681671	
0.506363	0.681373	0.545253	0.0353828	0.150963	0.725797	0.4033	0.202418	1.01973	0.520052	0.740833	0.498119	0.850833	1.00958	0.180719	0.468442	0.747349	0.4518	0.246103	0.232889	0.529597	0.453495	0.848283	0.434673	0.33023	0.822052	0.502083	0.550212	0.587884	0.137791	0.0912594	0.845099	0.387509	0.620949	0.205654	0.491996	0.98431	0.946584	0.731605	0.543377	
0.501815	0.18986	0.28728	0.559839	0.527481	0.214162	0.405854	0.372304	0.497464	0.362091	0.546986	0.663537	0.479242	0.499199	0.351345	0.522278	0.250632	0.278871	0.625536	0.667273	0.231878	0.0787172	0.340815	0.410331	0.333429	0.298835	0.304682	0.600357	0.287172	0.587486	0.534477	0.506506	0.201401	0.47562	0.663189	0.220787	0.465169	0.421559	0.312074	0.326157	
0.606604	0.71149	0.496876	0.125269	0.264516	0.721793	0.325374	0.281902	1.01876	0.600978	0.829005	0.611058	0.914624	0.998007	0.235038	0.572777	0.735772	0.521966	0.358217	0.33748	0.588254	0.475756	0.838289	0.527077	0.276017	0.825052	0.574869	0.657474	0.651817	0.247707	0.0227933	0.914795	0.438401	0.710442	0.306313	0.550315	0.980014	0.953901	0.781778	0.617189	
0.672061	0.327623	0.127823	0.61044	0.622087	0.197823	0.312521	0.476291	0.483216	0.54049	0.728837	0.818701	0.640552	0.449954	0.43144	0.685889	0.193396	0.45144	0.732062	0.761311	0.413693	0.231301	0.294352	0.575776	0.286509	0.308399	0.483141	0.769064	0.469054	0.670286	0.555055	0.674295	0.354368	0.656885	0.749365	0.399943	0.440311	0.438318	0.471382	0.507206	
0.769821	0.262587	0.495303	0.924603	0.887025	0.180913	0.6905	0.732058	0.137295	0.611744	0.689341	0.959371	0.480357	0.178537	0.716123	0.808215	0.192752	0.570501	0.977862	1.0249	0.48089	0.440121	0.125588	0.702556	0.654237	0.0708165	0.565407	0.864889	0.487209	0.94966	0.893615	0.533869	0.54285	0.67902	1.02367	0.498467	0.119111	0.0605695	0.361026	0.560452	
0.649667	0.152833	0.510914	0.858114	0.802497	0.201967	0.685194	0.650251	0.255274	0.492093	0.558095	0.842593	0.353742	0.309675	0.645127	0.691163	0.241452	0.462043	0.884983	0.936577	0.36807	0.371512	0.226111	0.589332	0.630395	0.129721	0.449799	0.742669	0.364904	0.868447	0.840478	0.405817	0.45396	0.551334	0.938986	0.390967	0.247822	0.15654	0.230017	0.440042	
0.114367	0.609013	0.79043	0.476324	0.323524	0.777372	0.759593	0.333945	1.00669	0.264122	0.361661	0.0878401	0.579977	1.04018	0.404013	0.0640129	0.822268	0.30722	0.289565	0.355399	0.390839	0.510455	0.897294	0.171606	0.655925	0.825388	0.306172	0.0849551	0.392613	0.373925	0.557369	0.545914	0.384234	0.261575	0.384532	0.377531	0.989431	0.910425	0.55385	0.316369	
0.265661	0.269998	0.629092	0.649042	0.536462	0.477819	0.702579	0.420864	0.650833	0.123689	0.201665	0.462829	0.231146	0.699526	0.458588	0.315342	0.529135	0.17211	0.580718	0.643991	0.125113	0.32197	0.578079	0.237038	0.606288	0.490885	0.121401	0.35166	0.058942	0.606697	0.679353	0.221961	0.268008	0.156758	0.658634	0.156755	0.641389	0.551736	0.177216	0.0820014	
0.660138	0.15533	0.482599	0.847519	0.797426	0.170544	0.660539	0.643962	0.243366	0.50211	0.579961	0.851184	0.382812	0.289339	0.635397	0.699809	0.20894	0.465855	0.882986	0.932997	0.373851	0.359753	0.195445	0.595786	0.608987	0.0985022	0.45733	0.754538	0.376562	0.862371	0.826242	0.433977	0.449505	0.567568	0.934155	0.394093	0.230394	0.147867	0.251532	0.450488	
0.668743	0.402935	0.0705616	0.530184	0.561632	0.300637	0.209448	0.427053	0.586672	0.554047	0.761796	0.795538	0.705613	0.550355	0.372019	0.674023	0.296939	0.458044	0.675373	0.697281	0.441769	0.24411	0.397092	0.568839	0.187375	0.41134	0.498469	0.761891	0.504745	0.60258	0.465523	0.733668	0.347752	0.676913	0.681626	0.419941	0.543362	0.541732	0.537342	0.529086	
