10	30
12.8792	99.227
88.8456	87.4707
47.0963	19.5839
121.69	94.1462
117.415	101.926
41.3255	149.347
68.1904	151.117
26.0372	95.3114
13.1816	32.3836
35.9477	32.1686
37.4468
5.68761
21.1832
1.92618
0.539843
18.5855
28.8787
9.57572
13.7355
14.8019
36.6138
9.40951
41.7334
22.095
34.0146
29.5087
9.9435
21.6167
33.3819
0.907415
6.84223
23.406
19.3646
10.2293
42.3844
16.1132
29.6672
11.9026
7.45303
16.1726
0.404345	0.677362	0.615468	0.684059	0.52081	0.337766	0.113932	0.591047	0.246141	0.128752	0.80796	0.301244	0.751149	0.871137	0.767816	0.337863	0.474476	0.62024	0.687643	0.313786	0.28044	0.757785	0.592812	0.495461	0.315003	0.444118	0.624292	0.7224	0.80139	0.641097	
0.644078	0.0554318	0.202661	0.511776	0.837563	0.368403	0.798	0.0990082	0.444237	0.772439	0.477885	0.572199	0.264128	0.385517	0.0786607	0.861678	0.27417	0.099356	0.0716873	0.775374	0.795056	0.375555	0.261367	0.52662	0.731549	0.629692	0.138576	0.478009	0.239445	0.311749	
0.176836	0.811968	0.856805	1.08134	0.0952227	0.652889	0.557833	0.725215	0.537254	0.677413	1.14817	0.791358	0.642552	0.684175	0.842237	0.893912	0.758058	0.684015	0.830988	0.868496	0.83772	1.06168	0.874752	0.940999	0.248892	0.942734	0.649059	1.09207	0.718173	0.514692	
0.155412	0.792667	0.836155	1.05987	0.0985846	0.631391	0.541922	0.705492	0.515802	0.659723	1.12703	0.770454	0.628184	0.673259	0.824268	0.875785	0.736816	0.665309	0.811621	0.8493	0.819052	1.04077	0.853748	0.919572	0.232742	0.921734	0.630922	1.07071	0.703657	0.499324	
0.453572	0.278304	0.386681	0.689501	0.634793	0.385771	0.716014	0.222505	0.390769	0.733391	0.68978	0.616309	0.128487	0.258406	0.278028	0.875778	0.374535	0.14547	0.297992	0.801209	0.805663	0.588931	0.43292	0.644216	0.567784	0.719358	0.0978578	0.670273	0.183049	0.0801455	
0.78316	0.590633	0.450399	0.295122	0.947325	0.356686	0.546609	0.555004	0.433092	0.417305	0.451776	0.16807	0.839044	0.976683	0.696525	0.329968	0.367821	0.631522	0.58705	0.246139	0.296005	0.454984	0.393655	0.121099	0.746635	0.0160017	0.666978	0.355253	0.85075	0.790828	
0.161453	0.757172	0.756219	0.920888	0.20935	0.501337	0.300226	0.66339	0.373694	0.424439	1.01549	0.580907	0.693059	0.777851	0.817816	0.642387	0.631375	0.651869	0.773465	0.625417	0.590082	0.942799	0.757155	0.754863	0.0165466	0.732552	0.632452	0.944437	0.761859	0.560804	
0.322422	0.532889	0.627666	0.914213	0.451371	0.538601	0.711222	0.467383	0.480679	0.776259	0.934071	0.751814	0.287555	0.317884	0.528846	0.960932	0.581315	0.398422	0.552682	0.90312	0.892701	0.835332	0.666184	0.832559	0.466224	0.882028	0.352423	0.904022	0.362787	0.179406	
0.427943	0.252546	0.26791	0.524043	0.625881	0.170502	0.552449	0.158759	0.201024	0.54239	0.564806	0.40105	0.33676	0.47204	0.327246	0.666163	0.188684	0.173304	0.268011	0.58868	0.596396	0.474207	0.289744	0.442927	0.493329	0.507716	0.182091	0.52049	0.369861	0.272387	
0.218953	0.742845	0.7265	0.868463	0.288373	0.459853	0.221409	0.649121	0.333284	0.344741	0.97142	0.514571	0.713375	0.808705	0.812061	0.56278	0.595303	0.64779	0.75788	0.547724	0.511287	0.904054	0.721557	0.695295	0.0877789	0.664871	0.634025	0.89608	0.778433	0.584263	
