10	30
101.761	125.116
140.625	107.837
8.64426	68.4001
3.98382	15.9625
10.2126	24.5274
8.43327	54.2228
66.7384	83.6044
118.485	106.855
7.86212	119.029
12.1983	82.3351
2.24412
0.880042
8.62941
8.5523
5.17606
0.370478
2.93071
3.05507
3.97369
0.815703
5.47968
2.06282
9.17886
7.00887
7.51423
0.263537
9.03694
6.34123
2.02889
6.24953
8.47675
6.99058
2.68053
8.68891
9.32584
4.72175
4.31181
3.8035
8.42903
8.35691
0.695756	0.650416	0.982062	0.701227	0.781408	0.719663	0.319461	0.544985	0.94874	1.0361	0.309742	0.797239	0.694602	0.392871	0.780174	0.734214	0.329373	0.552949	0.2993	0.711204	0.297499	0.396343	0.892945	0.383026	0.208373	0.240193	0.339315	0.208976	0.982931	0.559734	
0.42788	0.337611	0.672564	0.404134	0.559205	0.625182	0.384144	0.299662	0.763081	0.77222	0.322893	0.504596	0.382087	0.250866	0.739089	0.650904	0.0418936	0.566854	0.220873	0.578585	0.0154835	0.101251	0.831208	0.167722	0.157254	0.240632	0.193384	0.106444	0.670885	0.309251	
0.652307	0.609995	0.939618	0.665347	0.739686	0.68701	0.296658	0.501761	0.909726	0.992957	0.279302	0.762469	0.654444	0.372589	0.753569	0.702763	0.291097	0.530137	0.281472	0.675122	0.256918	0.35359	0.864873	0.339711	0.165207	0.203504	0.297332	0.167207	0.941161	0.516435	
0.192827	0.265832	0.179698	0.385147	0.318277	0.622109	0.736116	0.327245	0.503627	0.302854	0.672693	0.42233	0.252674	0.676812	0.775185	0.654144	0.538363	0.760517	0.710715	0.532094	0.54971	0.44022	0.799126	0.466377	0.633253	0.655229	0.530595	0.628604	0.215616	0.310646	
0.328029	0.440864	0.172233	0.540225	0.371898	0.689975	0.881432	0.480095	0.48831	0.191715	0.822083	0.554212	0.420064	0.856941	0.836482	0.719354	0.719431	0.86851	0.892553	0.601307	0.728903	0.617778	0.835144	0.632326	0.803904	0.816416	0.691986	0.805106	0.230659	0.463543	
0.505519	0.685641	0.877853	0.819513	0.461356	0.239756	0.188194	0.391788	0.532913	0.747504	0.202197	0.917128	0.725421	0.737308	0.275433	0.24396	0.537416	0.0737526	0.677873	0.274272	0.491177	0.46557	0.388569	0.356179	0.381947	0.292773	0.304542	0.457878	0.908508	0.405707	
0.408028	0.149354	0.307828	0.105286	0.582501	0.837378	0.800714	0.449401	0.791738	0.605372	0.732479	0.116636	0.108569	0.487115	0.987413	0.869922	0.446326	0.905827	0.554425	0.754281	0.482775	0.414389	1.03724	0.502175	0.615411	0.677182	0.571376	0.573951	0.272478	0.438721	
0.34352	0.477449	0.211821	0.580305	0.366725	0.682244	0.893201	0.49718	0.465278	0.157236	0.83547	0.595554	0.458277	0.891463	0.826101	0.710741	0.748697	0.869401	0.924626	0.594861	0.756166	0.644089	0.819191	0.652775	0.825777	0.834127	0.710312	0.830237	0.269988	0.48086	
0.356551	0.5083	0.248288	0.614648	0.36136	0.672835	0.900621	0.510488	0.443094	0.126912	0.844445	0.63161	0.490741	0.919871	0.814015	0.700473	0.772249	0.867172	0.950637	0.586887	0.777856	0.665121	0.802247	0.668501	0.842427	0.846993	0.723989	0.849856	0.306313	0.494456	
0.568983	0.660472	0.922964	0.768396	0.586468	0.436993	0.0187039	0.422296	0.70655	0.869315	0.0779083	0.869967	0.704961	0.59576	0.477957	0.445768	0.424446	0.2479	0.521357	0.450517	0.375008	0.397697	0.592841	0.307448	0.235561	0.14433	0.237326	0.311747	0.941951	0.438937	
