10	20
167.949	52.4732
68.1094	57.9076
175.198	148.941
97.4497	16.4635
111.687	96.9091
122.318	146.371
141.299	41.1744
3.57187	48.557
13.5958	56.0671
21.4537	122.272
11.2908
28.9641
19.4382
21.9252
20.9429
6.25012
15.7151
15.3655
23.7038
33.1225
2.3806
24.5592
33.2698
33.0207
15.1038
23.1841
16.5104
14.3571
19.8941
14.5698
0.408536	0.260434	0.368728	0.190971	0.659077	0.403049	0.428103	0.706656	0.0720385	0.122577	0.30467	0.580311	0.413606	0.39411	0.172045	0.51933	0.434437	0.323624	0.589129	0.740702	
0.750898	0.709437	0.500993	0.888584	0.377288	1.04745	0.396843	0.213665	0.694541	0.672768	0.816855	0.271814	0.668176	0.967284	0.642864	0.233958	0.579663	0.827969	0.159958	0.609681	
0.388528	0.359332	0.788893	0.459846	1.07037	0.0199548	0.835282	0.964893	0.414257	0.54479	0.259219	0.837296	0.828331	0.126659	0.428217	0.887208	0.856915	0.686192	0.945813	0.807636	
0.876013	0.733968	0.269743	0.478259	0.410548	0.895854	0.353762	0.842782	0.550703	0.390188	0.805105	0.764949	0.102935	0.901672	0.615035	0.520307	0.159122	0.257597	0.581858	1.07784	
0.391795	0.269322	0.262715	0.389578	0.503109	0.557891	0.270371	0.495385	0.176337	0.191623	0.368519	0.373115	0.397285	0.506098	0.156469	0.314476	0.369516	0.422772	0.379763	0.599556	
0.161534	0.183195	0.699509	0.506377	0.950882	0.219143	0.719382	0.75837	0.334561	0.49459	0.0818977	0.635129	0.786436	0.102203	0.29384	0.732751	0.790398	0.698878	0.781279	0.579933	
0.571881	0.433577	0.482476	0.0373117	0.778844	0.415512	0.568129	0.908038	0.273667	0.246792	0.436616	0.78351	0.446204	0.463641	0.371576	0.691437	0.503905	0.263796	0.764711	0.938571	
0.832774	0.704785	0.17847	0.564971	0.224463	0.931886	0.212345	0.685097	0.548807	0.407391	0.793755	0.624456	0.171411	0.913218	0.585135	0.359758	0.0986914	0.384774	0.412145	0.964185	
0.651448	0.507193	0.44004	0.0818632	0.728474	0.519796	0.535581	0.92315	0.326892	0.243624	0.525064	0.804114	0.36996	0.564434	0.426838	0.676455	0.439344	0.169121	0.750928	0.994826	
0.319483	0.211044	0.568092	0.288876	0.850881	0.200888	0.616207	0.798612	0.195125	0.326437	0.170736	0.668424	0.615109	0.199222	0.229422	0.679046	0.638301	0.49515	0.741886	0.725262	
