15	30
61.5111	41.866
130.001	159.121
61.7018	94.5448
73.2072	119.192
72.3015	56.0021
98.3831	31.4959
13.6452	130.334
98.1519	82.741
74.1758	39.0823
83.0862	51.919
54.8487	105.622
22.9363	49.2992
26.441	40.075
130.648	84.0201
35.039	24.1912
3.08466
4.88289
1.9388
14.8619
5.14345
4.44564
10.4138
13.6944
6.38668
6.89906
13.4628
5.58753
7.09422
5.67227
2.0362
10.7545
6.19452
6.81757
3.10395
17.903
7.91805
2.28602
9.75235
2.19859
0.463262
0.863237
17.4763
15.9198
2.92281
11.7227
0.835685	0.622923	0.692084	0.596079	0.193787	0.450115	0.652034	0.407389	0.604635	0.877989	1.09326	0.888279	0.851821	0.485321	0.839885	0.673295	0.24436	1.09664	0.41183	0.255407	0.24037	0.808764	0.562817	0.749181	0.865145	0.367494	0.559188	0.565078	0.851175	0.722901	
0.297219	0.454046	0.174499	0.0331287	0.452191	0.268588	0.407117	0.207816	0.248139	0.564408	0.501258	0.467189	0.534634	0.354324	0.446357	0.387164	0.427384	0.488037	0.29163	0.40753	0.374357	0.54665	0.220407	0.651023	0.269704	0.282905	0.52083	0.265609	0.413587	0.431337	
0.198768	0.676667	0.336385	0.327388	0.752938	0.5221	0.522705	0.51586	0.477188	0.670827	0.196017	0.402754	0.533299	0.628752	0.535749	0.486531	0.742922	0.213641	0.594728	0.700848	0.69005	0.581775	0.477491	0.751356	0.0753871	0.596661	0.695234	0.515006	0.478431	0.500014	
0.395413	0.742114	0.435264	0.502439	0.934212	0.716946	0.725352	0.69101	0.571966	0.661371	0.227878	0.580646	0.718841	0.735066	0.536275	0.688717	0.891551	0.0137335	0.728135	0.886022	0.854185	0.773103	0.588218	0.949437	0.279008	0.744374	0.898868	0.615886	0.475924	0.699158	
0.480902	0.498522	0.391221	0.245028	0.18687	0.133257	0.373178	0.0596186	0.364377	0.701332	0.735426	0.564148	0.564689	0.34587	0.616056	0.379056	0.244901	0.752453	0.233998	0.144275	0.149587	0.542526	0.316007	0.563852	0.508073	0.17262	0.382976	0.344748	0.604633	0.433574	
0.414202	0.704778	0.407692	0.49299	0.923808	0.714849	0.738683	0.679448	0.541084	0.616338	0.270784	0.607977	0.743902	0.704755	0.492681	0.702859	0.870078	0.0367088	0.703789	0.877635	0.837616	0.795662	0.560261	0.967887	0.291094	0.72358	0.908354	0.585626	0.432546	0.716655	
0.587232	0.590264	0.52695	0.378723	0.0630653	0.195064	0.401845	0.197082	0.486515	0.813926	0.853182	0.632098	0.602209	0.433944	0.739348	0.420061	0.253151	0.885915	0.32509	0.00776078	0.153399	0.564918	0.438239	0.538056	0.631431	0.260399	0.344574	0.460304	0.732863	0.471333	
0.251652	0.949124	0.641566	0.472491	0.700696	0.45332	0.253223	0.56223	0.743012	1.03657	0.432351	0.036877	0.110981	0.837161	0.906217	0.224127	0.821468	0.629686	0.749892	0.639231	0.72716	0.178976	0.715059	0.372567	0.379637	0.712376	0.420902	0.760278	0.858814	0.183274	
0.51885	0.876576	0.69365	0.488681	0.383736	0.272646	0.189808	0.413125	0.71837	1.0594	0.789239	0.439207	0.343872	0.726036	0.956279	0.228062	0.589702	0.912151	0.614522	0.335806	0.485852	0.282761	0.672816	0.198668	0.623328	0.55306	0.00631508	0.709413	0.930916	0.247676	
0.153256	0.646808	0.305095	0.265686	0.687548	0.455087	0.462776	0.452472	0.441512	0.666154	0.243676	0.367179	0.489833	0.585903	0.531212	0.427531	0.685669	0.27732	0.543351	0.634837	0.628763	0.533404	0.436019	0.696351	0.0256553	0.5407	0.632064	0.476143	0.476976	0.444975	
0.334591	0.761909	0.530864	0.323563	0.399745	0.171962	0.0679737	0.310899	0.580223	0.914826	0.609292	0.30213	0.264561	0.623334	0.801699	0.0808676	0.547794	0.723577	0.51878	0.338862	0.446419	0.237311	0.53913	0.29557	0.434865	0.466697	0.185399	0.580616	0.769938	0.132642	
0.815838	0.331386	0.524793	0.531089	0.36992	0.520604	0.760318	0.395541	0.395897	0.590056	1.02507	0.939947	0.951682	0.235787	0.582042	0.766414	0.147887	0.959496	0.238357	0.404268	0.252407	0.929692	0.372109	0.932644	0.795777	0.251204	0.740985	0.350508	0.609133	0.820959	
0.459354	0.461584	0.343781	0.206734	0.229302	0.152105	0.387841	0.0178382	0.318701	0.657288	0.705737	0.559996	0.572529	0.312144	0.569611	0.389104	0.246538	0.712174	0.202314	0.19079	0.16416	0.556024	0.270525	0.591897	0.47601	0.146557	0.416809	0.301144	0.557326	0.443501	
0.111401	0.654311	0.343268	0.184393	0.541285	0.291353	0.286145	0.330422	0.446074	0.739901	0.374728	0.268539	0.355149	0.553778	0.611759	0.253238	0.588484	0.458613	0.480241	0.483736	0.51206	0.383062	0.421471	0.527178	0.171251	0.45666	0.450912	0.466578	0.567667	0.279873	
0.169695	0.883514	0.543748	0.451811	0.814424	0.557668	0.449529	0.611486	0.675181	0.905765	0.170406	0.230081	0.372211	0.808542	0.770558	0.411485	0.868361	0.386057	0.749292	0.754787	0.793094	0.436628	0.663326	0.627597	0.217659	0.73275	0.634232	0.705987	0.714717	0.397828	
