10	30
38.272	70.8609
95.7897	133.785
155.837	156.686
159.636	102.445
95.0709	25.6644
51.886	98.128
63.2449	136
34.4244	17.957
7.46879	109.624
60.8132	23.8777
5.14121
2.79958
9.56847
6.95281
1.76555
6.92179
5.90988
10.6081
4.42799
7.42088
5.26284
7.85791
0.578726
3.70295
2.89025
6.71829
6.51755
4.49278
6.27122
8.24827
8.50624
0.0402985
10.1
2.02916
4.49831
5.84408
2.66345
10.7179
8.83646
7.71268
0.518777	0.589312	0.529273	0.617977	0.493836	0.709708	0.172896	0.595214	0.507651	0.183362	0.909007	0.29717	0.661022	0.128749	0.663418	0.0950098	0.345321	0.691585	0.304299	0.404929	0.232628	0.621704	0.238348	0.492508	0.364093	0.356043	0.553414	0.3972	0.37339	0.56642	
0.670773	0.82272	0.703105	0.645596	0.579879	0.893307	0.345327	0.779343	0.726907	0.402651	1.13776	0.259429	0.901164	0.15101	0.895018	0.204384	0.587104	0.913662	0.187949	0.647008	0.0235553	0.864766	0.413388	0.735444	0.121077	0.55867	0.793299	0.429673	0.46928	0.808141	
0.438573	0.527565	0.448958	0.689607	0.556768	0.7328	0.0957959	0.515769	0.510561	0.109452	0.896814	0.377677	0.608046	0.153092	0.600107	0.175506	0.318698	0.688349	0.308327	0.358571	0.279967	0.5809	0.158321	0.456085	0.413258	0.278357	0.528128	0.471968	0.303523	0.517603	
0.623489	0.233886	0.554943	0.9299	0.757931	0.53368	0.623575	0.526424	0.333184	0.533662	0.374846	0.856976	0.135144	0.773621	0.252163	0.717183	0.319531	0.310814	0.922331	0.265201	0.892718	0.0427523	0.591699	0.168207	1.02453	0.47699	0.148608	0.818166	0.726702	0.130968	
1.15626	1.0356	1.14297	0.0676754	0.199561	0.518443	0.836404	1.18675	0.606865	0.801855	0.914124	0.451315	1.0314	0.747157	1.10448	0.595323	0.718785	0.714578	0.889424	0.828624	0.726638	0.925396	0.89041	0.82412	0.762423	0.954733	0.791749	0.285517	1.04407	0.938501	
0.582524	0.82018	0.631001	0.824482	0.747221	1.02373	0.326464	0.712384	0.826685	0.411651	1.22307	0.438893	0.915833	0.190758	0.886167	0.332581	0.646786	1.00953	0.0254513	0.679336	0.162806	0.902914	0.37792	0.781726	0.202724	0.527171	0.8562	0.604998	0.362379	0.832776	
0.521665	0.619036	0.538065	0.635343	0.519228	0.749424	0.173525	0.60737	0.549631	0.204071	0.950915	0.295431	0.694807	0.0869383	0.692346	0.0987393	0.385215	0.733645	0.263116	0.440518	0.194317	0.659297	0.242826	0.530939	0.327017	0.372273	0.593939	0.411894	0.360914	0.60158	
1.0004	0.795755	0.969762	0.321397	0.203538	0.221577	0.735436	0.996752	0.332317	0.671972	0.612074	0.522446	0.769238	0.719031	0.857409	0.565801	0.505896	0.413451	0.889867	0.607933	0.752794	0.655197	0.770645	0.573726	0.834899	0.789498	0.520355	0.364517	0.942524	0.685192	
0.476354	0.273186	0.431845	0.74058	0.569515	0.524962	0.35134	0.448963	0.262722	0.258491	0.578869	0.587356	0.306224	0.48559	0.346589	0.431122	0.0489856	0.397301	0.640533	0.0611508	0.603291	0.250904	0.336535	0.121852	0.735116	0.27365	0.199137	0.582691	0.498742	0.206115	
1.13461	0.988868	1.11639	0.127183	0.176358	0.441383	0.826719	1.15562	0.546516	0.78405	0.838381	0.478233	0.977409	0.75521	1.05573	0.599818	0.677483	0.643364	0.906798	0.786301	0.748436	0.868274	0.876392	0.772967	0.796597	0.929059	0.733657	0.304703	1.03637	0.887069	
