25	25
29.5385	23.2671
54.7039	89.7559
2.65182	10.6277
24.5211	150.526
18.3546	111.562
16.8306	73.6017
53.5235	139.708
59.723	145.731
46.6911	74.4944
84.4459	140.098
22.2345	127.251
29.3028	40.4554
30.9853	72.3802
23.1644	47.2018
8.44801	134.899
45.782	25.3892
32.534	153.977
38.3121	44.1902
68.5801	34.7787
75.3576	157.522
4.31294	118.815
59.6363	64.9555
81.6973	34.473
21.2546	60.3097
60.0282	53.6308
15.5917
17.545
26.6374
9.37816
11.5956
23.7715
9.53125
22.5836
17.4451
25.6291
27.2193
27.9846
27.2325
9.76571
16.7306
15.11
11.8175
20.9307
26.0035
26.4102
11.7194
4.6499
3.11225
1.59463
15.931
0.631507	0.585656	0.8227	0.545358	0.256977	0.832934	0.820668	0.967458	0.337436	0.581771	0.240484	0.520986	0.419635	0.963867	0.187811	0.576381	0.036541	1.0994	0.421422	0.239012	0.678054	0.90793	0.464106	0.546893	0.307732	
0.409723	0.711908	0.833721	0.790873	0.921007	0.398462	0.25362	0.027996	0.885968	0.667299	0.731477	0.448871	0.558987	0.0810102	0.790514	0.738733	0.975216	0.154016	0.559787	0.733417	0.340658	0.0616876	0.6928	0.465319	0.821735	
0.757079	0.770598	0.771196	0.856904	1.08564	0.776544	0.389403	0.355575	1.02546	0.737376	0.970331	0.728855	0.792244	0.317236	1.05298	0.797442	1.20405	0.24629	0.789178	0.971343	0.688453	0.406968	0.815777	0.661075	0.981746	
0.856041	0.685063	0.619679	0.766957	1.03637	0.923185	0.43937	0.51164	0.964819	0.662264	0.974727	0.78038	0.807498	0.46202	1.06851	0.709042	1.18945	0.440389	0.80233	0.975062	0.79252	0.546857	0.762318	0.670083	0.936117	
0.782348	0.494311	0.423543	0.573619	0.854303	0.894196	0.36772	0.526029	0.779036	0.476051	0.822389	0.67005	0.66825	0.473045	0.920993	0.516933	1.02193	0.507551	0.661838	0.822288	0.727271	0.539759	0.583286	0.534073	0.757107	
0.142196	0.683856	0.92329	0.715368	0.634922	0.29601	0.544311	0.563398	0.65445	0.645964	0.371353	0.236574	0.325314	0.585869	0.358106	0.697611	0.562549	0.704903	0.33376	0.374408	0.211564	0.502111	0.573568	0.400297	0.577362	
0.289583	0.869897	1.05346	0.93199	0.959287	0.111284	0.498945	0.348956	0.952785	0.824384	0.713771	0.449879	0.586923	0.398058	0.731897	0.892641	0.937051	0.455548	0.59224	0.716546	0.259448	0.316639	0.80329	0.565319	0.877354	
0.433573	0.58706	0.841472	0.576914	0.37107	0.626381	0.692655	0.803938	0.424291	0.567151	0.159629	0.357827	0.299968	0.808565	0.0625483	0.587612	0.235955	0.94199	0.305557	0.161192	0.487068	0.742179	0.455628	0.437279	0.360851	
0.65473	0.68658	0.714509	0.773032	0.98889	0.687671	0.284155	0.267336	0.931643	0.65066	0.865798	0.622479	0.687276	0.222771	0.947396	0.713921	1.10102	0.189351	0.684407	0.866872	0.586688	0.312258	0.722049	0.557431	0.884832	
0.268415	0.513141	0.764513	0.529944	0.427127	0.479355	0.519945	0.621738	0.447407	0.481658	0.164443	0.177399	0.161865	0.626953	0.177758	0.522022	0.38011	0.759999	0.17008	0.167469	0.313071	0.559983	0.390528	0.286307	0.370788	
0.21892	0.525413	0.707494	0.59243	0.674706	0.347902	0.202607	0.256126	0.64867	0.479588	0.474401	0.19281	0.304236	0.259779	0.534713	0.549256	0.718076	0.392711	0.305826	0.476375	0.160155	0.195954	0.472943	0.232241	0.57941	
0.261018	0.386079	0.607453	0.438746	0.49078	0.463487	0.286419	0.429901	0.46717	0.342913	0.302732	0.0884355	0.124788	0.421713	0.378184	0.405585	0.545325	0.557287	0.124763	0.304274	0.247405	0.373745	0.306273	0.0789514	0.396353	
0.689684	0.519549	0.506955	0.604535	0.858525	0.783602	0.268465	0.402647	0.790421	0.491415	0.787826	0.598939	0.620736	0.349611	0.881525	0.545287	1.00451	0.383312	0.615485	0.788183	0.630051	0.420284	0.58415	0.483337	0.756735	
0.291241	0.45194	0.703363	0.469925	0.387399	0.509109	0.484811	0.607002	0.399074	0.420503	0.135357	0.158522	0.103921	0.607163	0.184255	0.460994	0.37226	0.741958	0.111657	0.13803	0.324586	0.546575	0.329918	0.235618	0.321664	
0.209328	0.437285	0.658882	0.488148	0.521112	0.414046	0.301813	0.417077	0.504102	0.394377	0.312147	0.0465294	0.144943	0.415263	0.376252	0.456389	0.555885	0.550316	0.147889	0.314102	0.198633	0.3579	0.353448	0.130608	0.430899	
0.166056	0.499108	0.706812	0.5562	0.600499	0.348863	0.274165	0.350029	0.58297	0.454616	0.385549	0.0997033	0.223929	0.35474	0.441186	0.520154	0.628297	0.487582	0.227171	0.3877	0.13369	0.288896	0.425616	0.190111	0.51015	
0.223293	0.689131	0.863016	0.756317	0.821698	0.22618	0.309149	0.210849	0.802923	0.643266	0.598864	0.313691	0.444874	0.246864	0.640707	0.713137	0.837643	0.347624	0.448324	0.601262	0.157774	0.156963	0.634951	0.393848	0.730914	
0.715846	0.759697	0.775367	0.846169	1.06539	0.731439	0.359432	0.310842	1.00768	0.724667	0.941221	0.693866	0.762418	0.273864	1.02174	0.786885	1.17715	0.201153	0.759716	0.942338	0.646932	0.3633	0.798013	0.633454	0.961343	
0.221161	0.462952	0.70554	0.494976	0.456028	0.441129	0.418824	0.527425	0.457388	0.425894	0.214991	0.0787514	0.104637	0.529669	0.263549	0.476409	0.453944	0.663781	0.112913	0.217486	0.246628	0.466505	0.353253	0.197527	0.380174	
0.225302	0.843994	1.04312	0.900066	0.901646	0.023345	0.514394	0.400531	0.901693	0.799341	0.649053	0.401726	0.536959	0.445017	0.658809	0.865077	0.864602	0.520566	0.543131	0.651933	0.214159	0.357497	0.766193	0.534986	0.825045	
0.270975	0.463369	0.713353	0.484186	0.40763	0.48879	0.476163	0.592241	0.418455	0.430651	0.155139	0.143374	0.108605	0.593693	0.198598	0.473349	0.390173	0.728121	0.116916	0.157857	0.305044	0.531442	0.343443	0.234199	0.340982	
0.550167	0.448888	0.692684	0.416674	0.171507	0.764009	0.687841	0.848429	0.231621	0.441959	0.126501	0.41191	0.29431	0.840464	0.142701	0.441889	0.131927	0.975933	0.294471	0.123931	0.586348	0.790895	0.323955	0.412875	0.181074	
0.927423	0.282806	0.195982	0.241278	0.48245	1.13058	0.717869	0.950055	0.401456	0.327442	0.652821	0.742789	0.630782	0.909605	0.742692	0.263067	0.707387	1.0109	0.622383	0.650492	0.914539	0.922912	0.382762	0.592248	0.447778	
0.0723957	0.718407	0.937758	0.765278	0.73919	0.158258	0.473636	0.440979	0.744755	0.67585	0.482919	0.257923	0.385497	0.471658	0.490492	0.736771	0.696271	0.57929	0.392575	0.485847	0.111828	0.383141	0.626515	0.411699	0.667435	
0.551687	0.501154	0.745772	0.469852	0.214742	0.760576	0.720834	0.871437	0.2814	0.493038	0.142737	0.427792	0.320799	0.866373	0.117968	0.494629	0.101265	1.00196	0.322244	0.14097	0.593233	0.812575	0.375039	0.446844	0.234006	
