10	20
82.8729	115.557
20.5591	58.0782
9.57465	27.1179
51.7919	132.104
61.7213	121.051
147.623	66.5117
68.6208	46.9632
169.665	107.589
104.48	60.984
94.4143	144.416
36.042
28.607
8.91257
42.2518
10.1459
30.2959
5.34611
27.9624
16.4536
1.65082
4.54595
37.6161
32.2287
16.5535
10.193
26.3648
18.482
40.0554
14.7598
31.7181
0.436714	0.676552	0.45567	0.312545	0.2319	0.563445	0.384898	0.390701	0.497351	0.56016	0.544156	0.0991401	0.587142	0.508914	0.311314	0.165287	0.333726	0.179263	0.421846	0.0492963	
0.309465	0.747837	0.486885	0.559578	0.25062	0.156664	0.188167	0.539497	0.664122	0.1497	0.10575	0.352306	0.1426	0.238699	0.202033	0.503921	0.393201	0.589275	0.0996962	0.480937	
0.933568	0.969414	0.815332	0.636074	0.75437	1.10484	0.896648	0.748713	0.774529	1.10194	1.08314	0.640409	1.1297	1.03185	0.829455	0.552377	0.751811	0.445497	0.952841	0.506884	
0.140433	0.392802	0.848054	0.431855	0.533995	0.327144	0.570832	0.335618	0.40715	0.333436	0.47047	0.486716	0.42824	0.174506	0.542917	0.497993	0.727964	0.604113	0.500399	0.62144	
0.332923	0.427708	0.695873	0.0597555	0.408128	0.570725	0.544736	0.147579	0.242783	0.571018	0.620286	0.244804	0.633778	0.45178	0.475221	0.0969601	0.567338	0.184375	0.540503	0.292125	
0.243811	0.515561	0.570302	0.215438	0.259814	0.427196	0.385453	0.239589	0.365283	0.426215	0.459937	0.126665	0.479509	0.334881	0.318938	0.15764	0.439713	0.258349	0.37686	0.246908	
0.864436	0.885208	0.807402	0.55721	0.713469	1.04824	0.860456	0.669269	0.69104	1.04579	1.03646	0.586905	1.079	0.967214	0.790714	0.482843	0.731941	0.376337	0.910389	0.461355	
0.232036	0.468269	0.903425	0.543955	0.601923	0.316658	0.613359	0.446889	0.511157	0.324309	0.4731	0.578233	0.416258	0.201052	0.597756	0.605822	0.790158	0.712452	0.532936	0.717545	
0.241402	0.204904	0.889156	0.255496	0.568318	0.518295	0.659126	0.142466	0.173937	0.522571	0.632794	0.452846	0.611418	0.359846	0.607977	0.376219	0.759416	0.468316	0.614469	0.55278	
0.614355	0.822322	0.437502	0.445075	0.346123	0.722829	0.483718	0.54148	0.630959	0.718647	0.679228	0.271076	0.732489	0.682745	0.41826	0.298269	0.348911	0.241028	0.544361	0.128579	
