15	30
117.115	66.0062
68.7138	75.1114
118.797	56.8458
103.003	57.2821
30.7883	36.1622
14.3828	134.599
96.5918	142.263
3.20728	21.7636
104.291	142.492
77.8594	155.128
14.6367	17.1428
141.72	156.021
121.571	125.482
162.001	57.9169
127.378	74.667
17.703
9.46079
5.82057
0.980693
18.1904
4.65723
7.71033
10.0578
2.28383
7.8083
18.4318
9.97393
3.09243
5.00042
12.8432
0.64029
4.46027
3.10208
18.4619
7.44546
13.5589
10.5665
11.7479
12.6823
12.6326
5.35065
13.4548
10.1188
0.378472
5.16107
0.424474	0.718789	0.233726	0.423619	0.572141	0.612797	0.550085	0.5976	0.357315	0.51836	0.522354	0.254807	0.54703	0.506114	0.360512	0.562617	0.360552	0.603929	0.393995	0.513609	0.418323	0.370908	0.356701	0.571379	0.34677	0.349139	0.536805	0.603734	0.33452	0.232535	
0.621859	0.929763	0.501614	0.684744	0.960572	0.81876	0.560993	0.290477	0.719849	0.961009	0.46657	0.625181	0.747217	0.911614	0.60392	0.805361	0.312057	0.366514	0.388784	0.955405	0.311665	0.488136	0.776897	0.615515	0.258193	0.519071	0.627373	0.756585	0.777127	0.430698	
0.596137	0.906227	0.171328	0.614988	0.781736	0.796078	0.66195	0.572443	0.39091	0.685777	0.603893	0.464072	0.726254	0.713125	0.283075	0.754215	0.149777	0.612884	0.189505	0.668237	0.460618	0.50649	0.561118	0.697916	0.143373	0.216218	0.678437	0.770657	0.502281	0.378295	
0.522795	0.818029	0.137555	0.522817	0.650179	0.712154	0.635731	0.633549	0.301212	0.547827	0.59814	0.347745	0.646247	0.578547	0.267627	0.661648	0.284826	0.654059	0.306077	0.532887	0.477828	0.461214	0.425407	0.661243	0.283182	0.249848	0.630144	0.701915	0.36349	0.322998	
0.837069	1.1433	0.235725	0.849386	0.971412	1.03459	0.90197	0.757891	0.408432	0.800849	0.837831	0.680389	0.965871	0.894608	0.220042	0.988898	0.163812	0.816685	0.0867626	0.768117	0.68714	0.749809	0.741419	0.939892	0.218652	0.127881	0.921684	1.01296	0.635042	0.620972	
0.17443	0.362225	0.75841	0.26479	0.611358	0.266736	0.0685953	0.455257	0.870762	0.825995	0.161933	0.416782	0.212612	0.61628	0.888478	0.294288	0.772506	0.372742	0.838877	0.856258	0.286071	0.159789	0.573005	0.042991	0.727732	0.860579	0.039911	0.178163	0.705037	0.298239	
0.328754	0.628296	0.330098	0.334278	0.526375	0.520498	0.458441	0.550981	0.441812	0.534012	0.43895	0.191893	0.453313	0.470314	0.45712	0.473808	0.427921	0.543381	0.471819	0.539433	0.352932	0.27689	0.332664	0.476928	0.404204	0.443406	0.440735	0.507863	0.359644	0.140025	
0.590442	0.733053	0.502128	0.516162	0.337354	0.671858	0.812752	1.00173	0.368	0.0809362	0.83631	0.349084	0.642055	0.255482	0.542096	0.597886	0.744901	0.98317	0.744337	0.0953647	0.792879	0.642369	0.192057	0.802197	0.75124	0.609567	0.743918	0.725405	0.106192	0.55026	
0.62744	0.821276	0.373946	0.569411	0.465979	0.745445	0.829489	0.959623	0.221976	0.202305	0.834947	0.372844	0.703833	0.381195	0.399448	0.674156	0.627568	0.955435	0.617844	0.170371	0.764781	0.648689	0.269784	0.829401	0.641095	0.472691	0.776622	0.783523	0.094023	0.534039	
0.115817	0.395424	0.555576	0.102376	0.392856	0.288507	0.328274	0.590462	0.621535	0.552085	0.363583	0.140703	0.223905	0.37152	0.676796	0.241531	0.65298	0.543093	0.702212	0.58017	0.370751	0.171088	0.299885	0.318876	0.622723	0.673367	0.263726	0.288527	0.429076	0.164793	
0.203243	0.144206	0.805176	0.156802	0.347252	0.0748415	0.378788	0.750726	0.837226	0.645399	0.466615	0.346244	0.0979105	0.384391	0.9202	0.0194766	0.911561	0.677104	0.961286	0.69012	0.549888	0.340306	0.416802	0.330746	0.879853	0.925996	0.272105	0.1628	0.588524	0.411351	
0.580506	0.814116	0.810732	0.671979	1.01462	0.7216	0.390778	0.0785816	1.00506	1.13295	0.29421	0.723923	0.663921	0.994547	0.931175	0.742823	0.672944	0.0836298	0.750935	1.14475	0.262787	0.456	0.899162	0.448387	0.617928	0.859611	0.494795	0.631112	0.966949	0.506868	
0.428348	0.675387	0.302194	0.391478	0.438812	0.581899	0.610507	0.73579	0.31014	0.35744	0.60882	0.186114	0.527319	0.364035	0.398214	0.518535	0.500993	0.727755	0.518733	0.357132	0.536835	0.427212	0.21038	0.61661	0.496599	0.426173	0.568817	0.599283	0.176587	0.306492	
0.392647	0.58241	0.442877	0.327929	0.295933	0.503076	0.609455	0.8079	0.407145	0.277959	0.631797	0.144719	0.461409	0.220633	0.528696	0.432457	0.642382	0.78335	0.662101	0.299482	0.594496	0.437771	0.0671832	0.601557	0.634959	0.565847	0.545072	0.541818	0.151318	0.350483	
0.805945	1.11985	0.293936	0.831583	0.996405	1.00852	0.840235	0.655615	0.499123	0.8649	0.766616	0.683663	0.937535	0.924757	0.322455	0.970166	0.0786553	0.721918	0.0515937	0.838176	0.610468	0.70368	0.771382	0.883372	0.126067	0.223205	0.872668	0.975874	0.688973	0.585594	
