15	40
62.1408	130.024
81.2102	26.0308
86.8432	133.361
18.6529	112.804
58.6798	11.1211
76.4176	47.6295
83.2755	33.4768
34.3613	55.7866
56.6777	74.1181
39.9249	116.628
81.9819	49.8078
87.9429	64.4595
41.6035	126.276
5.55982	35.1702
5.4154	61.7969
33.0644
20.6177
21.4272
29.3166
31.6224
24.1835
15.5484
15.0256
4.46827
25.9651
7.32268
31.8508
38.8778
31.2601
18.6313
2.05192
18.8816
10.0107
14.3192
4.79417
36.6832
4.82261
13.9831
10.6775
1.95465
10.8648
5.98381
25.7098
10.3349
14.8236
15.4802
5.37225
19.0689
23.0188
19.5444
13.8571
1.2176
38.8445
13.5088
34.0045
0.65598	0.325483	0.787407	0.762297	0.779338	0.868405	0.760087	0.883948	0.552089	0.212266	0.907496	0.72505	0.589667	0.19394	0.472279	0.457197	0.318583	0.925466	0.580529	0.610181	0.0838305	0.0417897	0.168169	0.178531	0.669882	0.171338	0.761048	0.616854	0.95402	0.60916	0.810624	0.304947	0.865026	0.874118	0.791674	0.272333	0.912271	0.748083	0.684225	0.794582	
0.220842	0.299968	0.373178	0.362451	0.556856	0.462316	0.329692	0.458567	0.124296	0.241037	0.46533	0.614626	0.58005	0.295954	0.329906	0.280889	0.3635	0.524481	0.319655	0.173698	0.376439	0.483924	0.454039	0.271038	0.231497	0.33272	0.425275	0.174947	0.57158	0.592733	0.371673	0.280269	0.504496	0.562178	0.361553	0.301096	0.560399	0.326556	0.243351	0.488875	
0.302218	0.778904	0.334868	0.382104	0.604691	0.200972	0.204162	0.121412	0.406409	0.760333	0.0954259	0.770881	0.850715	0.812216	0.727203	0.687271	0.786108	0.216109	0.520029	0.373372	0.886123	0.999477	0.937322	0.781455	0.318438	0.825238	0.528478	0.351776	0.287417	0.8519	0.147774	0.723918	0.335692	0.455884	0.273031	0.757366	0.367506	0.228538	0.276465	0.598327	
0.460258	0.505263	0.206757	0.168388	0.946797	0.647479	0.504084	0.581619	0.483285	0.611766	0.437991	1.05304	1.04738	0.620931	0.372467	0.366852	0.835851	0.698837	0.74143	0.353629	0.780407	0.85227	0.890366	0.690523	0.340622	0.771595	0.0536861	0.389825	0.772898	1.05826	0.463993	0.75176	0.766477	0.872951	0.273231	0.767613	0.819059	0.53681	0.421145	0.0691028	
0.319448	0.465709	0.567759	0.569717	0.368517	0.458163	0.392754	0.494972	0.236173	0.322014	0.576368	0.387736	0.346448	0.388941	0.542156	0.495797	0.191106	0.508271	0.144835	0.361881	0.353257	0.472151	0.359302	0.272886	0.402846	0.269876	0.654185	0.338365	0.525699	0.358496	0.46146	0.141172	0.431876	0.438219	0.535986	0.177341	0.476706	0.366868	0.364502	0.721011	
0.346739	0.680489	0.625039	0.644317	0.153863	0.332041	0.353943	0.399541	0.328459	0.550262	0.538864	0.262902	0.334193	0.617553	0.732906	0.684037	0.371949	0.360019	0.0894064	0.45089	0.578516	0.695193	0.560758	0.503708	0.464187	0.491757	0.763633	0.41295	0.348621	0.333749	0.426864	0.357897	0.246826	0.214908	0.573185	0.392179	0.275749	0.316287	0.391547	0.838514	
0.27995	0.728901	0.262233	0.31002	0.644663	0.249977	0.201318	0.167171	0.382652	0.724781	0.023907	0.803118	0.869679	0.7728	0.667503	0.629705	0.779689	0.27799	0.533159	0.327423	0.859735	0.969858	0.920264	0.75426	0.269034	0.80454	0.454817	0.3126	0.352172	0.872517	0.12957	0.712139	0.387399	0.507962	0.202971	0.744017	0.425452	0.234356	0.244881	0.523693	
0.20829	0.581348	0.486899	0.505098	0.287044	0.263507	0.232466	0.309912	0.194366	0.475541	0.422643	0.397549	0.438736	0.541717	0.615015	0.565758	0.382367	0.311459	0.100889	0.312279	0.542373	0.662037	0.556353	0.451111	0.324862	0.463119	0.62467	0.273806	0.33032	0.442849	0.306583	0.33803	0.241008	0.276466	0.43706	0.374147	0.291117	0.197948	0.254078	0.699904	
0.388381	0.564559	0.653021	0.659521	0.2882	0.473261	0.441543	0.524795	0.321382	0.411337	0.631212	0.283809	0.249752	0.476546	0.646372	0.600335	0.192968	0.514085	0.12144	0.451531	0.409226	0.522743	0.38212	0.347411	0.485965	0.320965	0.752371	0.423262	0.516298	0.25974	0.51448	0.18851	0.416075	0.393613	0.615013	0.219938	0.451496	0.409794	0.435571	0.820959	
0.360212	0.187664	0.474807	0.453005	0.64143	0.599169	0.46912	0.597915	0.262407	0.104764	0.59872	0.664254	0.593857	0.156529	0.272187	0.230697	0.330226	0.660728	0.404145	0.296929	0.260376	0.356281	0.361584	0.162392	0.35685	0.242389	0.475839	0.307768	0.704241	0.609656	0.509665	0.249952	0.630878	0.675525	0.476997	0.254043	0.685231	0.465252	0.380669	0.524851	
0.262869	0.532293	0.0197361	0.0654179	0.743997	0.421537	0.283182	0.355258	0.320974	0.574878	0.222175	0.868478	0.888836	0.607843	0.444139	0.413527	0.72202	0.47235	0.561117	0.198708	0.732708	0.828322	0.820567	0.630142	0.154584	0.698762	0.213221	0.218511	0.546485	0.896873	0.237805	0.641774	0.543761	0.653995	0.0467886	0.666133	0.595012	0.318343	0.21721	0.286419	
0.218326	0.334221	0.21142	0.19102	0.675793	0.466193	0.310415	0.431182	0.196111	0.363872	0.372216	0.763007	0.747691	0.397483	0.281067	0.238302	0.54024	0.528046	0.453639	0.0920245	0.52373	0.617289	0.617686	0.422934	0.133245	0.495891	0.252627	0.131746	0.591326	0.759016	0.315891	0.456755	0.55126	0.637387	0.221052	0.476065	0.608257	0.32778	0.20328	0.32151	
0.358316	0.69667	0.636214	0.656269	0.138392	0.332627	0.36153	0.402185	0.342862	0.566138	0.544844	0.254834	0.33423	0.633416	0.748814	0.699919	0.383816	0.357933	0.105506	0.464291	0.592816	0.709159	0.573046	0.51891	0.476337	0.505816	0.776855	0.426019	0.343215	0.332838	0.433906	0.371914	0.241494	0.202724	0.583538	0.405937	0.267554	0.323616	0.402617	0.851955	
0.68222	0.559329	0.894701	0.883808	0.607182	0.826085	0.764476	0.867493	0.585531	0.392296	0.943862	0.500519	0.339951	0.421263	0.695507	0.665613	0.181883	0.871512	0.48046	0.690414	0.248013	0.290152	0.121799	0.299349	0.742968	0.213749	0.926915	0.679378	0.877323	0.359109	0.83109	0.249881	0.777291	0.746921	0.877492	0.222286	0.811715	0.739699	0.723587	0.977686	
0.412837	0.50587	0.153914	0.117187	0.899788	0.594907	0.45263	0.528689	0.442331	0.598807	0.385754	1.0102	1.01025	0.613607	0.381602	0.369142	0.807696	0.645983	0.698731	0.311599	0.766633	0.84447	0.872296	0.673109	0.293529	0.752077	0.0630538	0.345915	0.720125	1.02053	0.411313	0.723924	0.714814	0.822239	0.220357	0.741736	0.767069	0.485889	0.372348	0.117854	
