10	30
55.0998	105.951
13.3032	153.667
170.644	150.011
64.026	70.7368
162.582	131.325
28.7998	133.66
5.66814	40.3643
25.2089	83.2345
71.4714	73.3881
146.106	61.3309
5.5857
38.5291
35.3174
8.79344
34.0648
39.6609
4.04673
11.1023
7.42245
33.6792
25.3164
18.5738
18.8158
34.346
27.2731
14.9307
44.5161
33.4487
32.3944
38.171
38.5666
11.5399
16.8678
5.9065
2.55414
8.28581
4.34238
34.1619
11.4408
29.4586
0.295914	0.848741	0.597579	0.543736	0.195262	0.797287	0.779181	0.116981	0.444577	0.868857	0.244029	0.798208	0.515715	0.821706	0.746121	0.707591	0.686548	0.191163	0.927847	0.273473	0.524661	0.0236589	0.739662	0.320629	0.778393	1.06735	0.39431	1.04544	0.05219	0.842295	
0.32853	0.349151	0.638209	0.636168	0.309535	0.295993	0.286244	0.385624	0.0665326	0.748567	0.458848	0.541158	0.438091	0.658943	0.825251	0.444827	0.210147	0.56576	0.753093	0.368261	0.30069	0.518903	0.691814	0.185188	0.729876	0.97973	0.491266	0.92275	0.509549	0.870777	
0.88295	0.441033	0.596124	0.651546	0.763004	0.462941	0.405092	0.835357	0.581694	0.429601	0.997358	0.203299	0.478197	0.34382	0.707911	0.246864	0.395285	0.879768	0.358195	0.673154	0.411592	0.958431	0.504318	0.665744	0.515287	0.60356	0.642725	0.523205	0.967768	0.672991	
0.61199	0.884016	0.242311	0.174497	0.404058	0.848167	0.803965	0.396793	0.550364	0.546211	0.618985	0.582443	0.296332	0.533563	0.356535	0.526222	0.703484	0.21248	0.627902	0.254709	0.418509	0.412277	0.399879	0.466173	0.431935	0.70882	0.141446	0.703742	0.445812	0.459209	
0.300667	0.8692	0.62114	0.56635	0.216998	0.817305	0.800426	0.138019	0.4652	0.89419	0.236799	0.824501	0.541798	0.847626	0.767348	0.733805	0.70863	0.207043	0.953698	0.299752	0.550623	0.00303309	0.764268	0.341646	0.802836	1.09163	0.418851	1.07041	0.0369601	0.864545	
0.393238	0.697684	0.362027	0.322872	0.181145	0.654771	0.619707	0.20247	0.327733	0.611906	0.429406	0.542176	0.254914	0.561228	0.533889	0.456163	0.518969	0.195762	0.667608	0.0271601	0.2856	0.284403	0.489816	0.233358	0.529854	0.81871	0.155246	0.791006	0.305404	0.616211	
0.731872	0.0966666	0.798376	0.83101	0.700201	0.143633	0.122884	0.779162	0.454678	0.742242	0.864954	0.482414	0.612908	0.644493	0.957337	0.442805	0.208766	0.914935	0.693484	0.694076	0.470999	0.914155	0.766814	0.576093	0.79159	0.945516	0.747525	0.868651	0.909597	0.955093	
0.565589	0.759242	0.191976	0.149637	0.353841	0.725549	0.679127	0.37228	0.448099	0.468985	0.600601	0.464025	0.169313	0.437551	0.360624	0.400678	0.579451	0.265514	0.539107	0.182791	0.289827	0.42965	0.33338	0.3835	0.371445	0.660054	0.0198472	0.640905	0.45737	0.444092	
0.281161	0.397523	0.633227	0.625851	0.265647	0.343882	0.335339	0.340224	0.049496	0.763344	0.410386	0.567214	0.437617	0.676646	0.820813	0.468887	0.258072	0.528855	0.773811	0.340453	0.310702	0.472507	0.697638	0.144152	0.736623	0.994293	0.474138	0.940254	0.462113	0.872163	
0.931525	0.950225	0.183262	0.226287	0.721864	0.935357	0.876406	0.743705	0.757935	0.253466	0.972054	0.455022	0.370088	0.312001	0.0647602	0.471892	0.793226	0.599762	0.352234	0.549634	0.514086	0.790649	0.150165	0.728836	0.137982	0.332174	0.388739	0.348469	0.821356	0.0727632	
