10	30
137.368	155.358
112.941	61.5603
3.89795	116.264
159.767	47.6259
139.791	125.722
12.1498	63.5121
78.5755	138.49
78.9738	25.4991
1.13775	128.102
3.5858	79.1271
27.3302
3.321
10.2342
2.23193
8.79511
21.5813
15.8789
16.7728
23.0891
17.0099
16.5642
20.04
23.4576
18.8616
9.04914
12.7517
1.88707
23.7937
16.1985
27.5761
13.0514
7.46778
15.3499
10.8559
29.1667
5.90928
9.34046
26.3415
23.4656
13.2581
0.359233	0.994512	1.02863	0.426662	0.768749	0.0962338	0.439694	1.16811	0.684463	0.757862	0.885031	0.687559	0.965846	1.00968	0.825978	0.222562	0.724179	0.504498	0.191005	0.680343	0.682411	0.878367	1.08428	0.846371	0.659893	0.729037	0.716444	0.39666	0.948409	0.711986	
0.573252	0.272931	0.207059	0.401505	0.538429	0.746837	0.438244	0.483064	0.238047	0.172974	0.146919	0.560432	0.255451	0.205161	0.722363	0.635244	0.629283	0.754206	0.760221	0.816447	0.318346	0.183652	0.310839	0.288722	0.681502	0.477744	0.820946	0.472031	0.180038	0.414506	
0.848149	0.517349	0.689095	0.602351	0.102756	0.738878	0.475031	0.542325	0.42361	0.464292	0.532076	0.149051	0.500353	0.808696	0.0981811	0.787461	0.111731	0.388471	0.908784	0.298194	0.338976	0.489531	0.615215	0.366244	0.200888	1.00653	0.276372	0.50481	0.810385	0.233574	
0.0901772	0.804712	0.758153	0.297859	0.804318	0.42182	0.430468	1.01229	0.549792	0.58384	0.672656	0.75817	0.780027	0.679292	0.942558	0.234287	0.823745	0.741557	0.282541	0.896043	0.60392	0.688374	0.863504	0.72243	0.808248	0.28561	0.92229	0.410967	0.60555	0.690157	
0.384363	0.87935	0.934956	0.351184	0.619798	0.0734333	0.321392	1.041	0.570549	0.649104	0.77986	0.536728	0.850621	0.937706	0.672114	0.243027	0.571038	0.35498	0.291686	0.53115	0.555339	0.767522	0.97448	0.721151	0.506047	0.73773	0.566522	0.280316	0.88377	0.572436	
0.0857344	0.881044	0.862536	0.310988	0.799432	0.290671	0.414464	1.08075	0.595509	0.646786	0.753665	0.739052	0.854298	0.803524	0.913955	0.116389	0.797205	0.665409	0.128437	0.832396	0.631159	0.761519	0.952185	0.772195	0.764374	0.439829	0.86269	0.382244	0.732997	0.700929	
0.673074	0.213073	0.349424	0.428756	0.261963	0.713558	0.368433	0.360113	0.144563	0.130395	0.182188	0.307314	0.186636	0.457143	0.444075	0.673255	0.366527	0.56073	0.807849	0.574658	0.12696	0.141916	0.317777	0.0389256	0.438034	0.716543	0.570812	0.411472	0.459452	0.160862	
0.219893	1.00944	0.996435	0.429721	0.893313	0.289996	0.514032	1.20598	0.716811	0.772967	0.883815	0.825288	0.982254	0.937865	0.990382	0.189846	0.877221	0.708436	0.0716755	0.882378	0.744627	0.889668	1.08335	0.892778	0.832441	0.550297	0.915595	0.476554	0.866942	0.805292	
0.207343	0.850842	0.869928	0.268793	0.685382	0.124393	0.316301	1.03531	0.544608	0.611898	0.734515	0.614283	0.822532	0.843058	0.776982	0.0632686	0.664421	0.501494	0.145682	0.673046	0.557308	0.732301	0.935371	0.715166	0.618965	0.571809	0.705302	0.275368	0.780419	0.605909	
0.410039	0.673238	0.556069	0.44898	0.858286	0.72108	0.574999	0.880868	0.5406	0.52484	0.548141	0.845942	0.656942	0.425892	1.03068	0.542993	0.918588	0.934467	0.616178	1.05475	0.622731	0.581898	0.693532	0.668256	0.937579	0.0878936	1.07163	0.580942	0.350441	0.727665	
