10	20
45.2609	86.8539
109.196	67.8601
155.228	65.7013
2.86986	82.2089
158.4	142.888
87.8594	14.9064
31.0675	90.3108
106.323	16.674
6.45696	26.4022
174.196	37.1975
19.5339
0.331175
2.52908
15.235
31.2837
9.90386
22.0058
6.59681
5.68216
20.664
28.4907
21.7706
24.5955
5.24824
17.1072
2.61113
32.2474
22.5836
8.80776
18.2741
0.0768583	0.412724	0.315175	0.10574	0.556229	0.407321	0.150189	0.179918	0.342703	0.467506	0.228843	0.434975	0.373495	0.454621	0.185267	0.435976	0.482925	0.347579	0.497294	0.331806	
0.138274	0.611822	0.50475	0.234052	0.442642	0.605445	0.085713	0.357447	0.482464	0.309511	0.358576	0.634971	0.551753	0.45013	0.389998	0.235215	0.542597	0.434016	0.570983	0.306472	
0.299715	0.56406	0.62889	0.257523	0.257778	0.55395	0.377801	0.330043	0.314207	0.622435	0.578821	0.588067	0.444368	0.76364	0.471835	0.490734	0.823775	0.197578	0.278903	0.0240805	
0.250677	0.429163	0.194575	0.285783	0.737581	0.428391	0.248826	0.298375	0.472272	0.487658	0.0442327	0.444891	0.449893	0.333373	0.176864	0.521383	0.313471	0.511724	0.65862	0.519518	
0.530868	0.744385	0.449383	0.603596	0.975753	0.746101	0.460269	0.639162	0.81364	0.46527	0.300155	0.755133	0.7871	0.114029	0.512296	0.597566	0.0623923	0.843147	0.992319	0.807698	
0.576882	0.239326	0.533055	0.473267	0.77919	0.232432	0.683148	0.360988	0.232976	1.0032	0.659259	0.243374	0.172552	0.954131	0.445437	0.936316	0.916277	0.338605	0.334781	0.545319	
0.429559	0.427146	0.609894	0.334121	0.470745	0.416294	0.535391	0.304978	0.159929	0.829933	0.641429	0.447	0.289728	0.892048	0.46217	0.720791	0.909782	0.0909445	0.0615005	0.266523	
0.545745	0.563494	0.755763	0.460356	0.447308	0.552772	0.645053	0.448255	0.304333	0.917512	0.779179	0.581659	0.42669	1.01655	0.606793	0.789251	1.04531	0.223492	0.0895212	0.321392	
0.383025	0.797652	0.581982	0.487653	0.69485	0.794462	0.273732	0.58627	0.742844	0.116767	0.381217	0.81694	0.778416	0.239592	0.541035	0.253795	0.392471	0.717558	0.86042	0.601016	
0.39631	0.866013	0.763309	0.477051	0.392528	0.858849	0.336758	0.604503	0.698131	0.272721	0.598937	0.889787	0.790884	0.584861	0.652444	0.100826	0.72028	0.616307	0.724108	0.425539	
