15	40
4.60586	101.351
44.933	119.862
38.2816	35.301
66.1803	115.522
46.0338	101.459
11.9849	134.197
8.02359	151.219
49.6677	99.8357
42.0276	158.104
23.4675	64.6955
49.158	29.3875
71.5427	66.428
27.2615	83.5926
53.45	29.8205
46.8869	135.425
8.51339
2.23915
14.5568
22.6076
26.7572
31.6831
30.4809
4.78482
27.0516
0.0495736
11.5037
29.4399
17.6749
22.3659
27.4898
31.1502
30.1584
31.0669
25.5576
30.0582
30.6111
17.7806
14.4268
31.6527
28.6487
20.0641
1.63046
26.5219
28.9018
3.05787
21.9188
1.31445
5.61455
10.9362
5.02569
9.80946
0.735907
22.4132
3.42615
3.42034
0.143335	0.721358	0.244437	0.602331	0.907723	0.597864	0.83757	0.248063	0.315552	0.100916	0.541827	0.401656	0.633657	0.70257	0.0585066	0.719742	1.09134	0.456835	0.208444	0.972273	0.616958	1.02728	0.387894	0.374387	0.372273	0.206524	0.512278	0.458031	0.572971	0.317924	0.788155	0.769868	0.154065	0.366082	0.427233	0.922535	0.299447	0.836195	0.895452	0.798595	
0.171772	0.791261	0.202673	0.673666	0.94445	0.661968	0.903637	0.210766	0.271453	0.0842942	0.603154	0.47337	0.705467	0.710243	0.11235	0.716255	1.15259	0.49954	0.20919	0.989866	0.691042	1.08438	0.461129	0.38542	0.410492	0.274075	0.585966	0.505269	0.580867	0.316347	0.848946	0.782049	0.103645	0.395338	0.452454	0.977493	0.373705	0.865954	0.951635	0.870104	
0.682838	0.570073	0.761759	0.937039	0.0912386	0.43983	0.502582	0.744774	0.760898	0.775198	0.417587	0.848633	0.613635	0.32843	0.760124	0.433818	0.533934	0.365765	0.661366	0.275397	0.726978	0.415631	0.806134	0.497523	0.446344	0.660327	0.81809	0.375064	0.375011	0.583817	0.377114	0.274311	0.806945	0.459519	0.407701	0.317268	0.723054	0.0743247	0.325413	0.647549	
0.602366	0.0690695	0.784684	0.393476	0.625497	0.156589	0.219147	0.773798	0.832947	0.691425	0.216483	0.403051	0.0414543	0.763261	0.617446	0.856325	0.499891	0.423046	0.656433	0.854347	0.160149	0.48779	0.372009	0.623462	0.473238	0.454382	0.305445	0.38643	0.697505	0.673122	0.258558	0.76652	0.755734	0.526552	0.547166	0.429214	0.3784	0.649987	0.393997	0.145072	
0.506548	0.521569	0.589819	0.822464	0.267253	0.356855	0.503762	0.572968	0.594133	0.598724	0.310322	0.708552	0.535085	0.26069	0.584799	0.364165	0.620783	0.196802	0.48572	0.375267	0.635045	0.513529	0.666085	0.326459	0.271323	0.493334	0.697859	0.213783	0.244818	0.412787	0.3812	0.253647	0.631305	0.283056	0.232771	0.400427	0.571671	0.197724	0.392827	0.612166	
0.279361	0.790435	0.215311	0.886398	0.669367	0.615271	0.841742	0.199627	0.188318	0.310652	0.544321	0.703007	0.747072	0.342185	0.360819	0.328281	1.02223	0.342536	0.197067	0.637735	0.794965	0.924257	0.670433	0.125174	0.274724	0.407968	0.766389	0.374388	0.22371	0.0965914	0.74171	0.422511	0.29974	0.221548	0.218198	0.809626	0.552001	0.564387	0.795355	0.885629	
0.274769	0.797356	0.203505	0.886758	0.682304	0.622792	0.850539	0.188029	0.175252	0.302313	0.551779	0.70203	0.752542	0.354807	0.354849	0.339137	1.03303	0.351327	0.191198	0.650567	0.798669	0.935565	0.669987	0.132937	0.281409	0.407163	0.76743	0.382651	0.236807	0.0952428	0.75143	0.435317	0.289376	0.22846	0.227992	0.82093	0.551717	0.577491	0.806383	0.892369	
0.264935	0.405272	0.453338	0.424484	0.683595	0.285659	0.520975	0.444583	0.509282	0.349585	0.239514	0.26655	0.324126	0.621304	0.275345	0.68406	0.781521	0.261245	0.330863	0.823918	0.336879	0.727712	0.225951	0.360326	0.235503	0.112242	0.300301	0.23766	0.51185	0.378016	0.481574	0.661079	0.414782	0.276958	0.329311	0.630608	0.120693	0.645484	0.600248	0.486696	
0.171322	0.77534	0.0986809	0.805833	0.754437	0.610138	0.849348	0.0816117	0.112991	0.181946	0.540104	0.613253	0.716243	0.462964	0.241731	0.457849	1.05756	0.36311	0.0852849	0.753745	0.745309	0.969036	0.585173	0.166125	0.275576	0.32477	0.692483	0.386493	0.337195	0.0797171	0.763261	0.540142	0.170376	0.231585	0.262368	0.855357	0.469685	0.65874	0.836453	0.867369	
0.824414	0.615135	0.907915	1.02027	0.0565111	0.519153	0.513765	0.89094	0.906955	0.918309	0.514195	0.95387	0.678708	0.452066	0.899376	0.55143	0.465355	0.501479	0.80619	0.296284	0.797536	0.346129	0.911977	0.643688	0.586308	0.790522	0.908033	0.505725	0.515671	0.730012	0.400969	0.384105	0.951778	0.602979	0.552928	0.279138	0.839277	0.173388	0.301985	0.677912	
0.601626	0.905272	0.552627	1.13098	0.522437	0.730725	0.897458	0.538077	0.509706	0.649509	0.67064	0.97307	0.900785	0.135748	0.688794	0.0298324	0.988768	0.477463	0.529153	0.366373	0.983477	0.872637	0.934472	0.375492	0.474932	0.690473	1.00427	0.513388	0.199393	0.419482	0.774318	0.189778	0.640975	0.436292	0.381088	0.767654	0.819351	0.40326	0.768322	0.998842	
0.814436	0.41978	0.940626	0.855838	0.253763	0.380434	0.293344	0.924656	0.957289	0.914184	0.406623	0.82897	0.503363	0.603453	0.873777	0.710681	0.25185	0.491762	0.821057	0.523304	0.623193	0.135468	0.789944	0.688618	0.584136	0.735361	0.75755	0.478646	0.622952	0.771608	0.204495	0.555904	0.961107	0.61903	0.588352	0.0446568	0.743217	0.350878	0.074181	0.465399	
0.877014	0.545358	0.983943	0.976643	0.184797	0.489441	0.420279	0.967343	0.991846	0.974978	0.504289	0.938115	0.625251	0.57739	0.944004	0.680861	0.325499	0.548636	0.871996	0.438384	0.745496	0.208487	0.897893	0.72301	0.639701	0.817076	0.874271	0.543274	0.623072	0.808815	0.32823	0.51618	1.01595	0.666548	0.625706	0.169523	0.841463	0.302094	0.201327	0.592577	
0.531705	0.666678	0.566722	0.942994	0.313035	0.498317	0.648584	0.549726	0.553441	0.610781	0.445849	0.810817	0.674678	0.115286	0.617872	0.221311	0.744696	0.285393	0.487678	0.297624	0.769038	0.631237	0.769233	0.311255	0.325992	0.56177	0.816479	0.314986	0.147342	0.392026	0.524574	0.117748	0.628631	0.312636	0.249126	0.522702	0.664392	0.200249	0.520895	0.757995	
0.730312	0.193938	0.889062	0.63836	0.442123	0.222253	0.0732551	0.875053	0.92191	0.828782	0.280383	0.639327	0.287895	0.696212	0.770491	0.801286	0.27429	0.451376	0.760485	0.701662	0.404249	0.242159	0.60413	0.670097	0.533633	0.614059	0.550888	0.423519	0.672056	0.741318	0.0563539	0.672924	0.885799	0.581267	0.574128	0.189877	0.582597	0.503633	0.155762	0.237233	
