15	40
36.4599	156.13
6.95521	101.82
63.9214	126.862
57.0828	115.497
54.3656	136.533
77.5887	13.6263
16.765	48.3204
64.5034	16.437
3.22197	110.036
59.8087	34.0061
52.2816	45.098
61.1648	12.27
82.4401	10.493
31.739	154.372
18.0271	141.123
3.61001
30.826
17.0597
16.7743
6.27321
1.28192
40.8642
20.2008
26.7045
18.887
8.12067
39.9379
40.6996
43.1076
26.1706
0.790117
42.5198
25.0733
6.73329
6.57385
16.4129
17.4779
14.6326
10.0331
18.1961
27.6014
21.6054
15.384
32.5845
36.4227
10.3719
24.2357
26.7328
13.0785
5.81507
20.5005
7.831
8.00378
30.1978
35.7569
0.62304	0.385105	0.459684	0.513608	0.432526	0.52963	0.634973	0.48291	0.397193	0.476595	0.479003	0.584292	0.158709	0.534729	0.276486	0.66804	0.255604	0.527816	0.350814	0.633676	0.460561	0.34605	0.480502	0.5537	0.392759	0.330625	0.121256	0.212424	0.288817	0.244206	0.369894	0.256677	0.304306	0.546792	0.53192	0.455624	0.411945	0.65873	0.264655	0.445645	
0.251839	0.828198	0.703638	0.379809	0.917277	0.0847774	0.562293	0.55447	0.427269	0.067409	0.979443	0.440682	0.355315	0.11811	0.266303	0.594719	0.303675	0.419281	0.801804	0.223299	0.0574351	0.325028	0.38968	0.234414	0.14871	0.812602	0.539031	0.324728	0.788993	0.445341	0.399639	0.511197	0.563	0.291113	0.0463032	0.563201	0.318418	0.593555	0.707003	0.88885	
0.571816	0.752963	0.373702	0.146599	0.6833	0.298539	0.299214	0.702146	0.094684	0.271027	0.791671	0.22059	0.228591	0.279888	0.351167	0.334957	0.131433	0.166787	0.54337	0.552435	0.339993	0.469081	0.598224	0.228072	0.189459	0.690686	0.325084	0.172328	0.619924	0.164661	0.539411	0.542473	0.254384	0.567395	0.380473	0.230133	0.0473029	0.328602	0.631808	0.615958	
0.695436	0.689128	0.231618	0.249315	0.54953	0.447661	0.321881	0.744068	0.10267	0.414637	0.674205	0.300934	0.239795	0.431237	0.417764	0.352915	0.193401	0.245424	0.403505	0.682442	0.468626	0.533773	0.673469	0.377573	0.324635	0.608191	0.232596	0.207075	0.51866	0.0775684	0.592934	0.548573	0.103081	0.671624	0.518869	0.140991	0.192463	0.34287	0.576658	0.469362	
0.948983	0.26021	0.556358	0.799188	0.169512	0.871483	0.869964	0.685576	0.658224	0.81922	0.134994	0.857761	0.496591	0.874185	0.608422	0.896641	0.581523	0.801374	0.24003	0.965762	0.803748	0.647045	0.75741	0.878391	0.732273	0.142189	0.341081	0.542949	0.0570452	0.506127	0.640226	0.469648	0.480361	0.857376	0.875412	0.652248	0.713309	0.885464	0.252849	0.290294	
0.65252	0.209238	0.712156	0.755565	0.52213	0.687564	0.892637	0.321497	0.653843	0.633474	0.474387	0.830083	0.381207	0.703825	0.364521	0.926604	0.482138	0.775361	0.514265	0.6814	0.577192	0.343262	0.41848	0.756664	0.573511	0.250068	0.37454	0.438556	0.316937	0.50624	0.30762	0.132688	0.565096	0.543223	0.646132	0.719602	0.648652	0.917796	0.116669	0.60023	
0.972409	0.194262	0.651834	0.877572	0.246099	0.925252	0.957615	0.667367	0.739921	0.871767	0.129795	0.93913	0.554151	0.930957	0.641865	0.985269	0.645795	0.882302	0.335739	0.993566	0.84628	0.663838	0.761015	0.944916	0.788996	0.098445	0.416407	0.604828	0.122577	0.584643	0.645708	0.469361	0.569331	0.873208	0.918342	0.742294	0.787037	0.974251	0.231862	0.379707	
0.127379	0.771686	0.939609	0.693187	1.00839	0.411281	0.87754	0.329002	0.702845	0.389022	1.01507	0.760636	0.505913	0.445488	0.31696	0.911574	0.520356	0.731388	0.932099	0.175818	0.288795	0.240902	0.154006	0.562288	0.429406	0.804406	0.67525	0.513443	0.830749	0.658421	0.256683	0.433437	0.777982	0.0423424	0.296643	0.833714	0.610978	0.909024	0.673953	1.02666	
0.802863	0.838266	0.19798	0.225259	0.63945	0.5139	0.194098	0.899244	0.13683	0.495567	0.784489	0.233788	0.395813	0.488824	0.562031	0.21712	0.330512	0.19691	0.488254	0.782136	0.570878	0.680221	0.816319	0.399942	0.420109	0.749341	0.38151	0.355314	0.649081	0.23823	0.743935	0.708729	0.201394	0.796901	0.607382	0.0287049	0.243187	0.205662	0.730169	0.530577	
0.652167	0.524117	0.323735	0.383905	0.452694	0.478514	0.487025	0.608472	0.253176	0.431817	0.547515	0.448753	0.135637	0.473817	0.324738	0.519087	0.17558	0.391641	0.328007	0.651122	0.449628	0.426984	0.569139	0.46125	0.337727	0.450046	0.0791283	0.149605	0.373855	0.0952492	0.472133	0.396166	0.15946	0.600813	0.51438	0.302191	0.293287	0.50935	0.409636	0.414779	
0.3741	0.493605	0.792975	0.674821	0.758949	0.495305	0.846292	0.154566	0.625189	0.447978	0.746316	0.751307	0.356204	0.521392	0.19934	0.882088	0.422517	0.705989	0.705821	0.408717	0.362117	0.0952247	0.134712	0.609337	0.426659	0.529879	0.475891	0.393227	0.568456	0.523421	0.0231697	0.15726	0.627103	0.259433	0.418597	0.734013	0.57054	0.876147	0.397793	0.80008	
0.120714	0.751629	0.897727	0.652329	0.974847	0.375232	0.836625	0.329831	0.660495	0.350391	0.986505	0.720422	0.465448	0.409138	0.2778	0.870801	0.478148	0.690358	0.895345	0.16428	0.249323	0.210195	0.148068	0.524644	0.387858	0.77903	0.63683	0.471767	0.800556	0.616673	0.236702	0.410857	0.736465	0.000232947	0.262519	0.791303	0.569113	0.868104	0.650099	0.989724	
0.833241	0.421172	1.11904	1.13621	0.849553	0.996652	1.28776	0.383791	1.05043	0.947846	0.734011	1.21279	0.768593	1.02152	0.682182	1.32263	0.86309	1.16094	0.887893	0.877535	0.864315	0.596957	0.566477	1.10135	0.914589	0.538195	0.78293	0.822554	0.654265	0.909788	0.522375	0.452223	0.973584	0.713575	0.919385	1.12575	1.02807	1.31456	0.460917	0.961312	
0.768217	0.670416	0.160798	0.320055	0.484395	0.529449	0.358262	0.78153	0.174034	0.495173	0.62012	0.36185	0.285172	0.513494	0.473281	0.38484	0.26188	0.309594	0.334937	0.757624	0.544623	0.585287	0.727019	0.458562	0.403791	0.57924	0.217345	0.265698	0.478903	0.120733	0.638344	0.5726	0.0315567	0.737133	0.59754	0.142796	0.273765	0.37373	0.56578	0.393725	
0.757173	0.300404	0.977337	1.00443	0.722805	0.885091	1.15164	0.314137	0.913534	0.834206	0.621015	1.08056	0.633481	0.907699	0.563094	1.18624	0.730195	1.0277	0.751661	0.797795	0.757247	0.490975	0.488917	0.980201	0.793039	0.411824	0.641324	0.688623	0.522539	0.770469	0.422001	0.322519	0.832153	0.636811	0.817255	0.985597	0.896322	1.17791	0.322734	0.828057	
