15	30
16.9441	30.8561
168.264	159.309
12.414	50.0958
73.0191	34.9821
104.499	120.503
12.6905	145.314
8.80068	133.547
115.288	43.1879
35.8912	131.277
144.68	86.6407
114.668	15.8344
68.3569	113.972
16.5139	63.6578
143.263	61.9997
53.0141	148
1.46627
2.2159
0.307248
7.29284
13.6415
15.7974
3.96063
4.03783
12.8404
10.4533
1.22936
13.4735
5.02801
3.25139
5.63664
14.7677
15.7991
5.04048
14.8525
13.5922
9.37167
12.548
5.18143
8.22152
12.0389
16.0555
7.31978
15.8747
6.73148
9.80827
0.20242	0.353538	0.631243	0.248694	0.25992	0.698735	0.39226	0.417945	0.139439	0.470052	0.378564	0.683642	0.271778	0.571748	0.395722	0.088998	0.647254	0.814146	0.413188	0.0525754	0.247772	0.10281	0.240489	0.64665	0.480748	0.600308	0.529492	0.579557	0.744179	0.0118507	
0.164958	0.401749	0.69564	0.274566	0.325113	0.767801	0.456227	0.371479	0.209029	0.522333	0.443023	0.749421	0.233668	0.62084	0.412333	0.150048	0.694845	0.866873	0.459576	0.0634772	0.193793	0.096412	0.197215	0.713848	0.483184	0.653841	0.595555	0.643652	0.807762	0.0607831	
0.357648	0.293671	0.6336	0.455557	0.429857	0.825927	0.409062	0.252316	0.256499	0.4153	0.543892	0.694174	0.422988	0.765788	0.228457	0.190095	0.562817	0.746053	0.612104	0.245496	0.152033	0.106331	0.383929	0.78936	0.679305	0.787394	0.681902	0.582373	0.736401	0.198805	
0.307391	0.250074	0.530307	0.312238	0.24112	0.645308	0.290902	0.436255	0.0673524	0.364783	0.354118	0.584554	0.376343	0.582346	0.321613	0.0166152	0.543072	0.708667	0.434541	0.15642	0.290973	0.125238	0.345889	0.603551	0.559257	0.600356	0.493495	0.478283	0.642353	0.11021	
0.189319	0.653225	0.856056	0.131251	0.345746	0.738218	0.638261	0.666382	0.397575	0.755075	0.410284	0.895022	0.167475	0.435386	0.719618	0.39524	0.938021	1.08678	0.294405	0.276049	0.488843	0.413512	0.194501	0.660917	0.161608	0.490402	0.544954	0.809538	0.968917	0.328167	
0.435415	0.752113	0.854354	0.253915	0.365871	0.598983	0.682642	0.895728	0.508242	0.82588	0.349585	0.877224	0.424322	0.219239	0.871229	0.540443	1.00331	1.12055	0.169064	0.468151	0.715678	0.602988	0.448453	0.513948	0.181118	0.282368	0.42218	0.817288	0.957894	0.509485	
0.489486	0.300553	0.642749	0.589721	0.543119	0.904358	0.4467	0.22259	0.365224	0.404072	0.651038	0.705463	0.552604	0.886224	0.145418	0.308943	0.5154	0.701485	0.737079	0.38125	0.230927	0.242045	0.512937	0.877818	0.815157	0.902957	0.778382	0.595023	0.733734	0.333484	
0.905015	0.693977	0.47148	0.719161	0.540268	0.0977096	0.53778	1.15451	0.66188	0.652914	0.43584	0.43866	0.946016	0.487537	0.892683	0.734009	0.735514	0.730936	0.554347	0.805345	1.01716	0.850945	0.941811	0.180012	0.859562	0.427911	0.290892	0.481304	0.502813	0.797391	
0.0732337	0.482659	0.753204	0.207339	0.321079	0.768816	0.515897	0.443574	0.257367	0.599314	0.431619	0.803256	0.142895	0.572229	0.508207	0.217975	0.776467	0.943227	0.410204	0.0787025	0.263787	0.192892	0.111351	0.706674	0.391031	0.612435	0.585784	0.702107	0.866897	0.126887	
0.850846	0.360459	0.0364421	0.759719	0.550397	0.492099	0.266336	0.873531	0.524624	0.250588	0.541365	0.0655333	0.915434	0.769915	0.526388	0.572006	0.247604	0.24968	0.72181	0.704028	0.801425	0.661691	0.891291	0.532636	0.993627	0.737792	0.526309	0.0804812	0.0861158	0.665198	
0.267999	0.630502	0.792674	0.0935508	0.277076	0.635262	0.590037	0.726566	0.375258	0.720295	0.318104	0.826276	0.266202	0.326481	0.726129	0.393071	0.902596	1.03905	0.185194	0.303464	0.546523	0.441191	0.285078	0.556043	0.167809	0.38057	0.442744	0.749153	0.903218	0.348548	
0.872819	0.44237	0.112721	0.753094	0.538644	0.38462	0.313886	0.956491	0.554193	0.350364	0.502583	0.0624159	0.933104	0.703811	0.625467	0.612143	0.373731	0.354559	0.680862	0.733354	0.865559	0.714069	0.913524	0.436792	0.971063	0.664058	0.453766	0.150171	0.130002	0.701469	
0.643132	0.648304	0.597402	0.436501	0.325065	0.236678	0.517384	0.994062	0.49674	0.668077	0.208784	0.599009	0.669396	0.162444	0.826469	0.563309	0.814511	0.881533	0.241162	0.582418	0.82974	0.6717	0.674452	0.151343	0.535847	0.110909	0.10825	0.576832	0.679883	0.593911	
0.262409	0.664596	0.835099	0.122836	0.319297	0.676652	0.629774	0.732273	0.408083	0.757481	0.361914	0.86934	0.249351	0.355074	0.752107	0.420223	0.940177	1.0792	0.223114	0.319661	0.552807	0.458769	0.273442	0.59664	0.129277	0.411842	0.484638	0.79114	0.945986	0.367859	
0.796831	0.275021	0.106902	0.728425	0.528701	0.553111	0.216685	0.781605	0.471848	0.156766	0.541596	0.163464	0.863724	0.786955	0.429023	0.509984	0.164308	0.236421	0.718591	0.64697	0.720035	0.589322	0.836602	0.581473	0.971326	0.76211	0.554879	0.0921318	0.173544	0.603898	
