15	30
124.873	138.384
38.9984	96.7938
138.586	58.9819
113.367	152.558
24.3032	37.9175
86.0513	136.938
164.531	44.8894
115.124	42.3584
40.7526	127.266
121.26	52.4861
168.893	149.425
106.59	103.405
21.2523	57.8964
7.19721	123.51
130.919	122.282
54.3254
30.5682
28.2555
16.144
8.86112
40.0513
36.5098
9.90372
49.0705
6.40183
40.9294
6.0703
61.4935
34.1882
38.1426
16.5334
46.5839
41.6194
44.7532
8.63997
28.3827
21.2897
49.9394
10.9837
53.5723
37.9499
53.8689
26.7836
51.4438
10.1351
0.463821	0.915609	0.040436	0.523683	0.894433	0.50898	0.601686	0.509807	0.515064	0.479072	0.17883	0.926161	0.367444	0.681489	0.752173	0.573211	0.910195	0.941705	0.577457	0.123696	0.0610467	0.610743	0.147381	0.744704	0.390535	0.596203	0.549694	0.16027	0.321335	0.489026	
0.590325	0.750566	0.387779	0.200084	0.911263	0.500881	0.357636	0.669487	0.424087	0.601343	0.516458	0.854205	0.424592	0.342664	0.852847	0.555899	0.65601	0.843759	0.793133	0.48132	0.430656	0.791295	0.393403	0.49623	0.414807	0.217838	0.27548	0.304109	0.154844	0.454017	
0.224558	0.408971	0.69861	0.590386	0.24149	0.179043	0.459077	0.249757	0.268718	0.211731	0.575214	0.296469	0.297627	0.651561	0.208125	0.12592	0.566003	0.335196	0.365564	0.761201	0.705967	0.299867	0.51264	0.483204	0.286194	0.751902	0.51156	0.519216	0.530438	0.225398	
0.627004	0.137275	0.90701	0.468988	0.544149	0.446964	0.302902	0.689515	0.376225	0.62194	0.883917	0.357718	0.561932	0.398977	0.660684	0.415833	0.10291	0.306468	0.825486	0.997816	0.934915	0.766766	0.76684	0.168803	0.527105	0.581757	0.384547	0.715244	0.585502	0.430964	
0.524936	0.650826	0.42218	0.122336	0.819	0.415197	0.260306	0.607113	0.329967	0.534433	0.51277	0.755153	0.358197	0.279064	0.773291	0.466406	0.565241	0.743753	0.738886	0.519275	0.462222	0.728924	0.380711	0.402313	0.342171	0.213575	0.180955	0.291587	0.102659	0.366567	
0.607437	0.712129	0.448458	0.146785	0.90117	0.499687	0.315697	0.688959	0.412012	0.617315	0.566479	0.829988	0.440535	0.280803	0.857992	0.550086	0.603869	0.815272	0.81842	0.543002	0.490909	0.810923	0.439071	0.447989	0.425865	0.157895	0.231299	0.348899	0.175424	0.450862	
0.32558	0.569317	0.827945	0.8096	0.189407	0.385789	0.682353	0.284694	0.487906	0.310595	0.662697	0.378908	0.467382	0.874828	0.0369681	0.344886	0.761917	0.438121	0.307409	0.871015	0.824688	0.232939	0.641925	0.699158	0.468964	0.97103	0.733414	0.674441	0.727648	0.435604	
0.086349	0.627983	0.420646	0.514878	0.516556	0.191019	0.468352	0.155796	0.27348	0.101032	0.288001	0.576644	0.104962	0.636554	0.376797	0.238821	0.707147	0.60507	0.282506	0.475498	0.422835	0.276894	0.232935	0.568265	0.134916	0.661829	0.473131	0.264913	0.362615	0.208116	
0.520064	0.311096	0.708286	0.261022	0.59969	0.335363	0.0895046	0.59686	0.230293	0.51992	0.711937	0.46748	0.409519	0.234586	0.646926	0.33587	0.231803	0.437435	0.741877	0.802045	0.739406	0.697841	0.585605	0.0685222	0.374277	0.392849	0.172556	0.52284	0.376223	0.299428	
0.720827	0.15418	1.01311	0.562963	0.583298	0.545098	0.403479	0.778865	0.480444	0.714685	0.988332	0.379858	0.664962	0.474913	0.72539	0.508579	0.123212	0.32012	0.910491	1.10399	1.04108	0.848137	0.872423	0.261734	0.63046	0.663004	0.482578	0.821406	0.689739	0.532619	
0.492004	0.592483	0.451477	0.098305	0.765812	0.368353	0.204676	0.575454	0.276788	0.50033	0.519554	0.697247	0.327307	0.253236	0.728963	0.416191	0.51377	0.685174	0.711644	0.548769	0.489307	0.696393	0.385286	0.348999	0.306838	0.232286	0.129774	0.299897	0.109547	0.318785	
0.35253	0.770319	0.182206	0.415787	0.766425	0.368355	0.468031	0.413716	0.369724	0.367133	0.204266	0.785125	0.229989	0.570291	0.642731	0.433236	0.771548	0.798538	0.510129	0.266926	0.204241	0.527361	0.0754224	0.607662	0.249231	0.517826	0.425206	0.0182015	0.209904	0.345274	
0.714674	0.155035	1.09865	0.72453	0.445834	0.570483	0.550483	0.752497	0.547564	0.704583	1.03304	0.238569	0.709667	0.666169	0.631493	0.515479	0.33613	0.179408	0.863469	1.18155	1.11979	0.79226	0.935024	0.432475	0.679574	0.847015	0.635056	0.902691	0.808566	0.57742	
0.293127	0.695389	0.763202	0.844528	0.33943	0.421109	0.741986	0.221316	0.533746	0.281356	0.577749	0.521824	0.457904	0.932521	0.127326	0.401342	0.869508	0.578621	0.177687	0.79162	0.752678	0.117003	0.58581	0.784706	0.470673	1.00287	0.779232	0.636287	0.727859	0.469892	
0.421098	0.637957	0.918509	0.912751	0.219234	0.489683	0.782368	0.369967	0.590855	0.406549	0.744498	0.428359	0.568925	0.974536	0.132873	0.447589	0.842886	0.49048	0.35861	0.95607	0.912595	0.292122	0.734496	0.791626	0.571794	1.07425	0.835539	0.771943	0.830997	0.539446	
