15	40
36.1158	120.732
79.7809	29.1508
9.47904	61.8795
71.6267	92.4323
18.0796	65.0848
25.3919	106.384
27.8233	87.7171
29.909	91.0288
19.7116	78.193
76.6113	140.927
10.1079	80.8388
44.1272	119.159
89.9652	130.284
53.4241	79.4359
46.6885	53.6421
6.09832
6.42488
7.91479
10.7735
9.20711
1.05441
0.526693
6.04185
12.1087
8.01122
12.9444
5.94978
6.82211
9.33628
1.5538
9.76915
6.44053
7.16216
9.63253
3.81827
12.3476
1.36241
2.80795
6.1283
8.65516
8.05944
11.37
2.05923
0.77056
6.11731
11.1641
5.921
4.50027
8.5256
3.21462
11.2982
2.98844
8.25796
3.81696
6.42218
0.716237	0.275893	0.637585	0.69808	0.410907	0.541272	0.419315	0.421611	0.270216	0.157876	0.686748	0.389415	0.703115	0.443252	0.692492	0.507183	0.557144	0.680595	0.742736	0.388153	0.575528	0.775728	0.120334	0.380403	0.433843	0.27626	0.458508	0.0651809	0.104735	0.624105	0.725936	0.543128	0.702115	0.227025	0.440227	0.356125	0.312821	0.71155	0.149719	0.501034	
0.359609	0.45546	0.805796	0.716606	0.554131	0.137295	0.502385	0.56494	0.182143	0.395337	0.374635	0.765942	0.350821	0.217967	0.833383	0.125661	0.200487	0.823634	0.842565	0.787142	0.808306	0.88609	0.538126	0.0433428	0.27886	0.531658	0.779763	0.428304	0.455179	0.731597	0.719955	0.945952	0.628403	0.273895	0.807733	0.34781	0.716588	0.80021	0.508402	0.08131	
0.879396	0.446881	0.0614744	0.286297	0.318152	0.885216	1.11185	0.306542	0.7083	0.562777	0.795082	0.485928	0.865939	1.02826	0.0625945	0.992125	0.821479	0.0627159	0.140994	0.560802	0.15157	0.133625	0.650643	0.85055	1.05387	0.419014	0.345523	0.630514	0.590465	0.158012	0.327337	0.61534	0.438174	0.624029	0.457666	1.02125	0.577028	0.159947	0.820904	0.900299	
0.185648	0.430716	0.648978	0.477334	0.448857	0.235436	0.796794	0.455163	0.321006	0.457764	0.120548	0.791396	0.171091	0.531148	0.65313	0.408103	0.146239	0.646357	0.63412	0.838764	0.698639	0.678675	0.657696	0.33467	0.591538	0.519021	0.748084	0.542691	0.545739	0.546723	0.465956	0.988431	0.351449	0.347545	0.816983	0.646172	0.784481	0.590796	0.70691	0.285834	
0.801219	0.692716	1.07732	1.07753	0.828952	0.573137	0.101255	0.84068	0.483097	0.574607	0.823918	0.832522	0.794264	0.250001	1.12508	0.408208	0.649085	1.11354	1.16162	0.811455	1.02956	1.19979	0.552732	0.422212	0.18094	0.722957	0.916667	0.517818	0.560235	1.04141	1.09364	0.948277	1.02888	0.537603	0.885708	0.12073	0.737409	1.1247	0.395742	0.507388	
0.909771	0.7797	1.1607	1.17496	0.917358	0.68181	0.112196	0.928957	0.586086	0.658933	0.933267	0.883873	0.903009	0.356623	1.21121	0.514106	0.758387	1.19951	1.25184	0.854498	1.10509	1.28877	0.609298	0.531377	0.28782	0.801858	0.979319	0.592005	0.633718	1.13148	1.19281	0.981212	1.13216	0.634525	0.937506	0.223371	0.783121	1.21616	0.439894	0.616053	
1.20851	0.606282	0.674422	0.894036	0.642626	1.07412	0.851368	0.643975	0.79711	0.592103	1.15537	0.254363	1.19406	0.989919	0.739564	1.06126	1.06804	0.730567	0.822694	0.196256	0.549573	0.828034	0.434344	0.929112	0.968121	0.520889	0.364676	0.540589	0.516593	0.751008	0.937302	0.0826907	0.988838	0.71985	0.253069	0.864285	0.255389	0.819402	0.54186	1.04383	
0.156092	0.473872	0.740978	0.586963	0.520561	0.122255	0.72353	0.528584	0.291334	0.471282	0.151507	0.829327	0.143529	0.435958	0.751292	0.300983	0.0313483	0.74369	0.738761	0.868519	0.778043	0.783463	0.659089	0.254341	0.500227	0.562382	0.804184	0.541901	0.553753	0.644643	0.578104	1.02344	0.465937	0.346855	0.860836	0.569603	0.807548	0.695244	0.679166	0.178793	
0.308943	0.301055	0.568813	0.446681	0.34106	0.258982	0.706419	0.349306	0.209203	0.322736	0.254974	0.661001	0.294285	0.48032	0.585133	0.391158	0.199135	0.576629	0.582683	0.705949	0.599377	0.627086	0.523439	0.276112	0.531387	0.389966	0.626949	0.409296	0.410947	0.479461	0.448131	0.857351	0.358262	0.216708	0.689082	0.563024	0.650241	0.539444	0.581783	0.282072	
0.814342	0.542846	0.227946	0.181176	0.405181	0.874466	1.21603	0.394177	0.759047	0.665282	0.726001	0.678023	0.80269	1.07812	0.162112	1.01164	0.796546	0.171401	0.0810492	0.753539	0.352098	0.0788506	0.796856	0.882838	1.11543	0.54738	0.542349	0.750635	0.715509	0.191731	0.199409	0.822055	0.326268	0.689576	0.656482	1.1055	0.758645	0.103992	0.955309	0.904183	
0.707321	0.106268	0.318158	0.419772	0.126274	0.623595	0.736253	0.13216	0.381199	0.194193	0.643425	0.274306	0.692603	0.682527	0.374208	0.680381	0.590046	0.362276	0.430149	0.334063	0.266875	0.460014	0.29041	0.532958	0.697729	0.043195	0.228349	0.254729	0.215192	0.31587	0.456564	0.470867	0.476835	0.288599	0.29351	0.651731	0.300899	0.403382	0.450978	0.615904	
0.435824	0.347187	0.401281	0.206315	0.278079	0.490928	0.931194	0.277702	0.434064	0.44101	0.349397	0.666079	0.423062	0.730674	0.393075	0.641018	0.410041	0.38794	0.364936	0.729789	0.477797	0.409166	0.634081	0.527146	0.778793	0.413503	0.581322	0.541188	0.523208	0.289824	0.199264	0.858221	0.112357	0.396341	0.67538	0.797333	0.695877	0.322068	0.744897	0.526643	
0.48687	0.14716	0.507309	0.477232	0.250933	0.372314	0.602191	0.262393	0.139615	0.137053	0.439937	0.489616	0.472536	0.460207	0.54349	0.432802	0.348985	0.532759	0.568022	0.527918	0.499377	0.608696	0.338716	0.286574	0.490631	0.229899	0.478665	0.226872	0.225478	0.44964	0.495591	0.682848	0.44771	0.0632717	0.523519	0.480084	0.468374	0.528858	0.415403	0.362618	
0.0273675	0.629224	0.854004	0.662396	0.657469	0.22404	0.857876	0.663974	0.456992	0.636212	0.115854	0.988391	0.0395873	0.547483	0.8537	0.393247	0.171232	0.847706	0.826972	1.03064	0.907417	0.870862	0.82576	0.397353	0.615871	0.718155	0.953593	0.708575	0.719781	0.748279	0.643163	1.184	0.51872	0.513116	1.01731	0.70325	0.971432	0.784409	0.842339	0.289146	
0.828937	0.219702	0.391337	0.544873	0.26264	0.720476	0.712047	0.266525	0.455336	0.242136	0.770567	0.141022	0.814298	0.721911	0.455742	0.748494	0.699408	0.44418	0.525353	0.194798	0.29839	0.547356	0.220516	0.603594	0.723937	0.132041	0.159007	0.246972	0.205759	0.422793	0.58441	0.33809	0.614334	0.365978	0.172881	0.655382	0.164155	0.506436	0.396079	0.702559	
