15	40
74.1593	69.6177
42.9517	60.5941
30.3412	110.622
19.569	133.556
49.3993	29.0512
57.8122	39.1512
46.1312	81.008
84.6645	86.7786
37.3717	41.0596
23.6615	28.3473
27.3447	27.6284
70.135	57.7775
28.4213	158.638
60.3971	85.4945
45.5296	29.4532
17.2608
19.5764
12.1584
4.89409
5.42661
14.7373
7.74085
17.8024
23.3537
4.28862
15.7055
8.49859
22.8486
23.9083
24.9654
0.553649
11.7225
15.8007
10.8143
9.83938
13.7752
13.8138
6.1895
13.8034
2.92129
24.556
24.8467
13.5649
7.80269
9.07878
0.774232
26.6307
22.5762
8.34133
0.923396
0.672721
13.6598
10.8413
5.38807
27.3325
0.679317	0.587213	0.816021	0.456335	0.761652	0.632217	0.0987596	0.859829	0.578471	0.895397	0.519007	0.551741	0.183551	0.364405	0.415501	0.810879	0.721888	0.22605	0.576567	0.556705	0.161102	0.833843	0.336061	0.0781166	0.411359	0.0629774	0.196356	0.822851	0.444807	0.834408	0.633824	0.384076	0.0784137	0.63804	0.823121	0.371299	0.394559	0.72331	0.14041	0.516832	
0.708438	0.549876	0.893228	0.474282	0.750205	0.510428	0.144393	0.93812	0.461764	0.983687	0.457378	0.646781	0.383274	0.294765	0.615487	0.826805	0.756649	0.206158	0.396837	0.572641	0.287918	0.900663	0.179845	0.202716	0.593616	0.215177	0.00424958	0.870599	0.641434	0.764105	0.632495	0.582795	0.127783	0.642605	0.751016	0.234154	0.594332	0.593865	0.244948	0.632397	
0.779089	0.553038	1.01061	0.574993	0.756501	0.371449	0.446665	1.05374	0.348913	1.11012	0.448902	0.810167	0.684394	0.353877	0.910663	0.864399	0.82897	0.389786	0.138665	0.647804	0.542372	1.00326	0.206018	0.506404	0.861169	0.519818	0.308176	0.949241	0.928117	0.674103	0.672096	0.87447	0.423615	0.688887	0.659658	0.34226	0.888817	0.419747	0.541328	0.821474	
0.32939	0.200878	0.537028	0.0992843	0.37823	0.341124	0.440035	0.581219	0.29162	0.634526	0.15926	0.334217	0.491403	0.125764	0.630179	0.446436	0.378518	0.180461	0.45147	0.192552	0.266423	0.535832	0.289956	0.459423	0.500455	0.450024	0.378229	0.495497	0.610302	0.456887	0.25451	0.584168	0.349501	0.263035	0.447111	0.610269	0.608541	0.429699	0.524129	0.35807	
0.25021	0.374531	0.301156	0.224954	0.401373	0.612475	0.604334	0.344404	0.571529	0.380315	0.415272	0.0371254	0.510003	0.425457	0.524269	0.377299	0.268648	0.412933	0.753832	0.22807	0.355164	0.323854	0.576154	0.593135	0.344478	0.574165	0.606108	0.333054	0.471848	0.600179	0.300335	0.480898	0.522985	0.287171	0.596903	0.84157	0.508415	0.689252	0.650458	0.0730894	
0.216423	0.121141	0.442964	0.0562081	0.262768	0.348452	0.556475	0.485623	0.310478	0.543275	0.152579	0.2875	0.582869	0.224747	0.691079	0.328328	0.266448	0.298734	0.516607	0.0801304	0.362702	0.434952	0.394151	0.572593	0.5396	0.561654	0.49621	0.38583	0.659746	0.377283	0.136592	0.644551	0.465691	0.14456	0.370022	0.726591	0.670677	0.424213	0.637236	0.334001	
0.775458	0.638516	0.940309	0.54224	0.832593	0.617111	0.0631779	0.984918	0.567624	1.02565	0.551707	0.682823	0.322062	0.387578	0.559323	0.89998	0.821821	0.275281	0.499835	0.643193	0.297153	0.952782	0.28756	0.120612	0.568978	0.140408	0.106712	0.931146	0.596074	0.863239	0.710251	0.532488	0.122966	0.718349	0.850489	0.213686	0.53968	0.701388	0.144825	0.657057	
0.541578	0.344545	0.760488	0.32225	0.551622	0.292774	0.343277	0.804453	0.241391	0.858438	0.243874	0.551104	0.51084	0.100892	0.711006	0.643781	0.591696	0.152492	0.264223	0.405396	0.319587	0.757377	0.0692064	0.388492	0.629698	0.390791	0.223657	0.711226	0.714083	0.541624	0.446329	0.669573	0.273003	0.460229	0.528322	0.42144	0.688498	0.381162	0.445618	0.562741	
0.622797	0.3814	0.873775	0.504751	0.536805	0.119311	0.684278	0.910679	0.158393	0.974108	0.314169	0.753578	0.860216	0.366029	1.04829	0.660387	0.666131	0.492285	0.202677	0.525977	0.655545	0.850899	0.369746	0.734686	0.941642	0.739208	0.549018	0.777136	1.04156	0.377236	0.504665	1.00461	0.622369	0.524702	0.363479	0.669778	1.02584	0.0925003	0.787623	0.794508	
0.330541	0.454356	0.335464	0.295122	0.484284	0.684128	0.600525	0.374824	0.640649	0.398353	0.487016	0.0893367	0.471282	0.476697	0.454985	0.452875	0.34395	0.441019	0.809091	0.310563	0.351125	0.367412	0.615436	0.581093	0.271612	0.560386	0.621769	0.39268	0.397675	0.684034	0.384358	0.413623	0.526112	0.371264	0.680599	0.852238	0.440836	0.763926	0.633849	0.0153182	
0.743836	0.753731	0.782852	0.582728	0.87288	0.880871	0.393792	0.819794	0.82661	0.833567	0.722109	0.531388	0.13467	0.603363	0.102661	0.877812	0.771539	0.474114	0.875923	0.66197	0.311498	0.816829	0.632563	0.337613	0.203782	0.316493	0.511038	0.839046	0.152956	1.01363	0.74848	0.0847011	0.389873	0.7441	1.00531	0.657617	0.0840462	0.973727	0.346284	0.464709	
0.581544	0.340588	0.832539	0.467864	0.495821	0.0796269	0.674784	0.869341	0.124006	0.932815	0.276432	0.71544	0.84079	0.340481	1.02335	0.61923	0.624752	0.471221	0.222579	0.486063	0.631874	0.809506	0.361926	0.723209	0.911975	0.726487	0.542629	0.735702	1.01428	0.342247	0.463446	0.979171	0.608904	0.483495	0.328241	0.677063	1.00096	0.0641455	0.778046	0.757829	
0.743236	0.756601	0.77884	0.584913	0.873519	0.886498	0.404009	0.815464	0.832297	0.828495	0.726352	0.528828	0.144927	0.609235	0.0923414	0.876922	0.770345	0.480849	0.883909	0.663063	0.317395	0.813267	0.640611	0.348011	0.196971	0.326809	0.520519	0.836537	0.142429	1.01641	0.749577	0.0742195	0.399077	0.744917	1.00821	0.668197	0.0734136	0.979309	0.356991	0.46146	
0.572314	0.367538	0.814791	0.53459	0.445055	0.20669	0.84271	0.845052	0.258924	0.909873	0.355571	0.757998	0.982938	0.476698	1.14369	0.567617	0.605539	0.615618	0.405456	0.51626	0.76334	0.782406	0.536672	0.886844	1.01185	0.887453	0.716859	0.699395	1.12452	0.226795	0.463687	1.09794	0.769648	0.482686	0.216722	0.863048	1.12182	0.125132	0.944977	0.81367	
0.267192	0.440809	0.232958	0.308998	0.42664	0.690028	0.689551	0.272552	0.652089	0.298985	0.494371	0.0588385	0.573033	0.517144	0.551405	0.374539	0.268195	0.506307	0.843101	0.289936	0.439257	0.265773	0.66968	0.674383	0.366948	0.654439	0.697783	0.297648	0.490203	0.644675	0.347213	0.51158	0.610758	0.330575	0.643283	0.932297	0.538459	0.762299	0.729332	0.0881684	
