25	25
52.9134	65.2003
13.8391	67.146
66.97	62.751
18.2847	82.4848
39.2616	80.3047
5.05259	39.3119
19.752	93.9664
64.2078	41.5207
78.9363	69.1657
38.8916	29.4493
28.0696	152.144
16.9284	29.3619
28.3087	34.8516
62.4168	122.596
86.3604	94.7244
42.7481	99.2784
29.8749	72.0302
54.0501	143.038
17.597	97.7891
14.4145	93.0456
56.268	11.2207
38.9532	98.4104
58.0071	41.601
86.9434	70.8856
89.9468	34.7252
50.9011
76.4323
13.3699
9.98801
48.624
80.5439
41.8032
14.5746
75.9236
51.1578
38.7195
52.4188
22.2897
76.9589
28.5508
60.2221
73.2039
42.6403
68.3258
27.4544
57.5613
69.3095
44.0436
43.7435
49.2418
0.210012	0.386621	0.55642	0.171285	0.347225	0.195936	0.150674	0.213639	0.302815	0.397917	0.492127	0.275245	0.53434	0.538689	0.37728	0.751222	0.510518	0.283581	0.31562	0.325302	0.420692	0.286004	0.281023	0.110995	0.269148	
0.719663	0.920811	0.786519	0.440138	0.85363	0.69848	0.68278	0.568684	0.484624	0.559087	0.299819	0.75938	0.760116	0.384031	0.594723	0.22649	0.729587	0.374569	0.585552	0.228704	0.502994	0.824863	0.616637	0.629551	0.580991	
0.674127	0.740579	0.110239	0.379809	0.781999	0.671528	0.503808	0.297543	0.77541	0.881635	0.404515	0.413436	1.04057	0.353282	0.133135	0.782095	1.01518	0.34427	0.193805	0.501035	0.178371	0.614417	0.239548	0.595914	0.241508	
0.216137	0.424887	0.782141	0.363239	0.317927	0.193595	0.319914	0.438478	0.124604	0.185425	0.631204	0.471379	0.310055	0.697321	0.597493	0.791655	0.28516	0.454445	0.538147	0.414979	0.621899	0.385584	0.506842	0.189243	0.493204	
0.597007	0.804502	0.783153	0.376246	0.726777	0.574842	0.58494	0.513097	0.341091	0.415403	0.360904	0.682857	0.617011	0.448927	0.579273	0.36798	0.586394	0.347822	0.55475	0.186323	0.513171	0.718623	0.572079	0.513156	0.538409	
0.563415	0.77006	0.75541	0.342226	0.694206	0.541418	0.549066	0.479322	0.318632	0.399095	0.350646	0.647262	0.601584	0.437938	0.550449	0.393498	0.570848	0.319257	0.523786	0.159588	0.489284	0.683164	0.539299	0.478482	0.50599	
0.545398	0.752206	0.993343	0.54239	0.636443	0.522822	0.62546	0.665627	0.206215	0.183815	0.660448	0.766072	0.347159	0.746093	0.788172	0.64412	0.319675	0.575959	0.743604	0.44489	0.760552	0.712666	0.735848	0.505185	0.710223	
0.333949	0.518282	0.551317	0.101212	0.472439	0.316629	0.27253	0.222274	0.294985	0.401994	0.374024	0.366097	0.574152	0.431121	0.349904	0.619874	0.54647	0.182298	0.300336	0.193631	0.352939	0.415501	0.291629	0.235633	0.265452	
0.583568	0.675952	0.209119	0.264357	0.700881	0.578283	0.421624	0.201067	0.660164	0.766869	0.324197	0.36147	0.930291	0.294531	0.0404324	0.702079	0.904217	0.228715	0.100693	0.388106	0.0919345	0.548192	0.161011	0.498576	0.148301	
0.216298	0.429238	0.733895	0.310401	0.33457	0.193005	0.290031	0.389846	0.135476	0.219587	0.580559	0.437948	0.361196	0.645398	0.546632	0.755046	0.335439	0.401426	0.488108	0.367389	0.568922	0.374301	0.459079	0.165299	0.443942	
0.313704	0.149589	0.877967	0.672678	0.181592	0.334614	0.413053	0.634489	0.617663	0.630212	1.00061	0.477673	0.584829	1.03657	0.78628	1.25441	0.587026	0.786997	0.724715	0.835221	0.879009	0.277008	0.66417	0.408306	0.679436	
0.24476	0.433621	0.865342	0.452743	0.31025	0.226104	0.382779	0.522975	0.152681	0.153332	0.717284	0.535869	0.225365	0.785189	0.684456	0.856707	0.203053	0.54399	0.624139	0.497537	0.711514	0.420487	0.59001	0.251658	0.578313	
0.182595	0.242734	0.522604	0.303139	0.269024	0.190749	0.0379609	0.24519	0.456183	0.532678	0.626572	0.135818	0.619437	0.653469	0.400375	0.924964	0.602322	0.412838	0.337336	0.498049	0.48969	0.118136	0.27866	0.158028	0.290909	
0.316336	0.248497	0.493014	0.429234	0.344133	0.332011	0.20133	0.326978	0.620841	0.692813	0.730072	0.120482	0.760169	0.739856	0.437848	1.05839	0.746403	0.525397	0.386011	0.637383	0.551553	0.153143	0.324134	0.320599	0.351368	
0.420075	0.457755	0.27972	0.283292	0.510452	0.423264	0.244185	0.146581	0.615214	0.711017	0.522606	0.129525	0.834353	0.517477	0.200302	0.879784	0.813258	0.342331	0.156447	0.487944	0.319967	0.333094	0.102069	0.362802	0.137148	
0.384966	0.518379	0.391828	0.0661646	0.513922	0.375748	0.248773	0.0726158	0.449645	0.5548	0.350734	0.269346	0.713258	0.376341	0.195116	0.676955	0.687461	0.140918	0.140767	0.269942	0.232502	0.395774	0.13483	0.292037	0.105695	
0.406269	0.618689	0.768864	0.317931	0.528237	0.383193	0.435692	0.443389	0.138764	0.232652	0.476045	0.56281	0.432964	0.55562	0.56397	0.576008	0.402351	0.357421	0.519149	0.249049	0.5425	0.549482	0.512995	0.335884	0.486444	
0.29344	0.50057	0.8309	0.394884	0.388921	0.271046	0.391388	0.487278	0.0518222	0.116507	0.630284	0.540688	0.279609	0.702744	0.638628	0.753028	0.250992	0.472578	0.582469	0.405958	0.649232	0.463071	0.557433	0.262997	0.540066	
0.209463	0.422281	0.73662	0.31565	0.326573	0.186174	0.287755	0.392657	0.139063	0.219846	0.588184	0.436563	0.357081	0.652602	0.550473	0.763637	0.331702	0.407886	0.491542	0.375577	0.574354	0.369091	0.461578	0.161532	0.447027	
0.77713	0.949737	0.615942	0.415021	0.915519	0.760148	0.684477	0.50353	0.638757	0.733266	0.106802	0.711371	0.934607	0.159998	0.458347	0.276528	0.903956	0.3061	0.475363	0.266768	0.339525	0.834236	0.525574	0.678239	0.491348	
0.257448	0.425915	0.90829	0.505402	0.295803	0.242527	0.412138	0.56831	0.204628	0.179384	0.77518	0.564242	0.189411	0.842402	0.73224	0.912233	0.1729	0.599446	0.670819	0.555863	0.764253	0.430206	0.633681	0.284546	0.624102	
0.285991	0.465814	0.542159	0.110773	0.424176	0.269982	0.220043	0.201777	0.29851	0.402556	0.416976	0.321328	0.561872	0.468343	0.347975	0.672941	0.535566	0.214168	0.292264	0.246313	0.369535	0.362343	0.272737	0.186857	0.251595	
0.605113	0.812732	1.02911	0.580448	0.697528	0.582406	0.679799	0.707834	0.265162	0.243656	0.669993	0.817719	0.39523	0.757102	0.822747	0.618375	0.369315	0.604121	0.78122	0.463475	0.786976	0.77103	0.777285	0.561962	0.750166	
0.366998	0.159415	0.837257	0.691289	0.255544	0.389902	0.422421	0.631746	0.694083	0.718195	1.01749	0.450842	0.688478	1.0447	0.770361	1.29639	0.688811	0.803278	0.712323	0.871057	0.873449	0.273503	0.650105	0.450714	0.670469	
0.573247	0.786236	0.889556	0.452185	0.688945	0.549992	0.605169	0.586951	0.258417	0.302462	0.504832	0.726711	0.495828	0.59227	0.682679	0.48086	0.466073	0.456025	0.647846	0.305492	0.634372	0.720352	0.653064	0.506604	0.622646	
