15	30
130.257	53.979
60.3408	55.191
55.4158	157.115
160.696	42.0303
82.5954	53.1957
178.859	97.2141
167.641	66.9469
104.479	21.247
56.1668	114.985
135.084	136.416
140.019	59.691
174.066	149.206
27.796	111.745
93.42	44.0679
173.613	107.843
37.4786
35.5536
14.0703
40.634
1.23654
12.0126
31.9433
43.5746
14.7108
5.19619
4.08683
10.9541
49.5158
22.4537
6.23287
5.16245
55.5306
3.11852
37.6746
6.86216
18.0321
26.6408
3.59524
6.55023
11.6376
43.1174
52.4669
27.0164
4.08764
4.28999
0.762253	0.129486	0.227824	0.433568	0.966083	0.973544	0.452666	0.632054	0.714007	0.367003	0.24763	0.312848	0.334411	0.555482	0.447523	0.277164	0.65102	0.215719	0.66228	0.925454	0.728039	0.687248	0.880336	0.977703	0.726236	0.836231	0.567993	0.815349	0.893081	0.164132	
0.793046	0.166438	0.0196761	0.276062	0.851196	0.939904	0.550853	0.787928	0.771372	0.178324	0.406764	0.0806185	0.547324	0.322756	0.218107	0.462706	0.417066	0.418421	0.429369	0.872044	0.793129	0.767974	0.760795	0.923534	0.762222	0.843585	0.703371	0.889953	1.00054	0.383008	
0.549632	0.785982	0.810948	0.515384	0.0655315	0.378827	0.712057	0.938939	0.627681	0.616804	0.831745	0.74227	1.00515	0.670098	0.667097	0.895092	0.694886	0.919585	0.66778	0.282712	0.657075	0.697953	0.0345771	0.30054	0.56014	0.48516	0.839674	0.721793	0.887467	1.07005	
0.424585	0.327558	0.409309	0.196234	0.521594	0.549714	0.31857	0.591212	0.429165	0.270795	0.366378	0.380754	0.54787	0.476058	0.395394	0.434481	0.560428	0.449702	0.549865	0.487179	0.457119	0.453883	0.43989	0.539386	0.400087	0.459215	0.486081	0.555708	0.697694	0.59921	
0.760233	0.235955	0.134667	0.180223	0.752773	0.873124	0.563415	0.820535	0.752487	0.0766703	0.460684	0.0513662	0.621778	0.225135	0.114147	0.525012	0.323705	0.492304	0.330815	0.79791	0.77739	0.761042	0.66192	0.848112	0.733015	0.797914	0.727392	0.876192	1.00139	0.49334	
0.641533	0.209296	0.20516	0.100197	0.667647	0.761059	0.459235	0.724612	0.635344	0.0632376	0.390447	0.160619	0.566191	0.299764	0.197479	0.459889	0.396427	0.441014	0.39548	0.689585	0.660806	0.646785	0.577697	0.740643	0.614535	0.679809	0.627219	0.759781	0.888714	0.498932	
0.660911	0.093337	0.148019	0.215041	0.764898	0.820576	0.421816	0.669213	0.637892	0.157398	0.303678	0.165553	0.467708	0.379179	0.268413	0.368449	0.47815	0.339111	0.482728	0.758431	0.659658	0.63512	0.676556	0.810538	0.629569	0.714605	0.579735	0.756595	0.869347	0.382674	
0.512119	0.543496	0.714433	0.722443	0.989525	0.808451	0.26007	0.120128	0.420033	0.733164	0.303198	0.764245	0.234937	0.969808	0.86251	0.256752	1.06739	0.319776	1.06657	0.817056	0.409019	0.347112	0.933786	0.85849	0.478635	0.614697	0.146517	0.443302	0.433319	0.534898	
0.827038	0.253186	0.343459	0.55912	1.07896	1.06066	0.498202	0.625759	0.767438	0.493789	0.279168	0.43327	0.287257	0.67581	0.569835	0.275983	0.769467	0.207044	0.782393	1.02041	0.776945	0.729156	0.995074	1.07219	0.789737	0.90949	0.580793	0.856294	0.912445	0.0412364	
0.711173	0.193796	0.137075	0.15861	0.734056	0.835316	0.508601	0.766077	0.700685	0.0644458	0.40974	0.0874602	0.574956	0.271911	0.161379	0.475452	0.370881	0.446132	0.375461	0.763426	0.725134	0.707621	0.643561	0.814349	0.683107	0.75231	0.672626	0.823767	0.947408	0.467211	
0.475912	0.317138	0.376806	0.142011	0.522284	0.583085	0.367572	0.641223	0.483475	0.222765	0.392274	0.338853	0.576146	0.421547	0.343275	0.462407	0.505446	0.470229	0.494882	0.514197	0.511665	0.508885	0.436556	0.565823	0.452624	0.505295	0.536649	0.610105	0.752689	0.600101	
0.587059	0.0906115	0.246789	0.286136	0.776599	0.781418	0.315079	0.55341	0.551417	0.260636	0.188733	0.281942	0.361444	0.492268	0.382536	0.256322	0.591051	0.237137	0.593679	0.731073	0.570105	0.53897	0.692789	0.783368	0.552921	0.652963	0.466466	0.664145	0.766193	0.343532	
0.110266	0.586866	0.72837	0.567529	0.6073	0.398789	0.227712	0.351793	0.0585317	0.634556	0.444162	0.727737	0.546048	0.847308	0.764371	0.470504	0.93009	0.5295	0.917893	0.40928	0.0859266	0.102031	0.568993	0.448784	0.0727924	0.208879	0.265935	0.184457	0.333038	0.758234	
0.8248	0.239693	0.326785	0.545198	1.06868	1.05515	0.49799	0.632616	0.766756	0.478584	0.279332	0.416782	0.297623	0.659254	0.553462	0.280409	0.752799	0.211362	0.765809	1.01355	0.776912	0.730014	0.984353	1.06543	0.78764	0.906067	0.585162	0.857465	0.91654	0.052634	
0.197607	0.701669	0.799348	0.552019	0.350939	0.164441	0.455039	0.622729	0.285016	0.647071	0.640438	0.766291	0.780438	0.806961	0.753666	0.686356	0.869241	0.732632	0.849531	0.140302	0.311415	0.361295	0.334333	0.185521	0.215852	0.130963	0.535352	0.366493	0.531429	0.937094	
