25	25
60.7327	139.977
65.573	72.088
33.4393	112.713
6.35812	149.806
23.1037	22.567
26.7591	91.483
89.9302	74.647
3.57832	28.0892
10.2359	148.579
67.3182	34.2875
2.31186	11.9801
35.9525	13.3281
70.8386	88.5912
88.8709	95.8808
42.0856	77.8741
4.47871	61.1494
9.92148	81.0376
73.2362	157.637
21.1812	126.057
30.0276	40.1273
87.3065	26.6595
7.25614	125.45
75.327	30.2499
50.9073	130.98
33.4506	60.7147
64.7382
53.6109
25.0636
65.2496
44.4063
63.5364
61.5835
17.591
1.09982
37.6502
56.3266
37.7058
3.01607
35.4869
23.865
15.0946
36.3112
35.0962
55.1595
27.5213
53.6926
66.5949
40.5225
35.4062
44.6476
0.622177	0.548058	0.293693	0.247811	0.385891	0.772535	0.629773	0.673423	0.557646	0.099461	0.893888	0.534896	0.530991	0.810291	0.349567	0.319534	0.882918	0.318601	0.307796	0.41635	0.267063	0.724959	0.278732	0.59952	0.741624	
0.848731	0.765541	0.498713	0.15875	0.192635	0.892248	0.840824	0.893352	0.778995	0.172048	1.11201	0.653494	0.757625	0.986827	0.579281	0.39634	0.93051	0.425306	0.382882	0.228513	0.29059	0.911261	0.293984	0.828017	0.935581	
0.495743	0.391662	0.242834	0.399351	0.542498	0.776113	0.535773	0.561723	0.446213	0.220238	0.78169	0.554377	0.40636	0.756653	0.202475	0.399086	0.936009	0.377359	0.390721	0.572614	0.384979	0.662775	0.397921	0.447182	0.669017	
0.720665	0.94673	0.492897	0.57966	0.687757	0.215361	0.574789	0.671048	0.627172	0.739427	0.797085	0.169464	0.675759	0.470501	0.717606	0.345324	0.234627	0.339015	0.358566	0.680509	0.441757	0.470109	0.438109	0.878382	0.522002	
0.870652	0.969289	0.519585	0.300125	0.349044	0.573386	0.775243	0.861987	0.776016	0.537926	1.04271	0.392074	0.795833	0.781331	0.72963	0.243646	0.504231	0.292146	0.244871	0.333199	0.230856	0.745794	0.218405	0.958208	0.790007	
0.844092	1.07209	0.61502	0.647248	0.732649	0.278079	0.694397	0.790571	0.751418	0.832826	0.903888	0.295454	0.801198	0.560582	0.841433	0.438599	0.126764	0.443029	0.450927	0.719555	0.520437	0.575436	0.514258	1.00435	0.628119	
0.377417	0.698418	0.694875	1.11965	1.28314	0.68237	0.354779	0.303322	0.41953	1.0687	0.082789	0.729398	0.460711	0.394692	0.680199	0.903485	0.983396	0.850857	0.910856	1.29849	0.999284	0.378061	1.00784	0.544051	0.327295	
0.444492	0.128022	0.452919	0.70975	0.844094	0.962384	0.572726	0.544345	0.459056	0.494546	0.729447	0.78007	0.390369	0.848989	0.230407	0.690087	1.17816	0.657007	0.684169	0.876273	0.693756	0.749235	0.706833	0.269374	0.732794	
0.555197	0.442408	0.280287	0.357172	0.49266	0.802379	0.589423	0.619088	0.503185	0.160559	0.839503	0.573604	0.465413	0.800772	0.262678	0.393263	0.944785	0.379364	0.383371	0.524019	0.362314	0.708905	0.374815	0.505639	0.717957	
0.579415	0.702636	0.237125	0.320913	0.469208	0.44202	0.492595	0.575118	0.485179	0.430952	0.766648	0.201894	0.504799	0.556269	0.461502	0.0674415	0.541135	0.0279547	0.0778534	0.476558	0.177834	0.497319	0.182232	0.674287	0.533733	
0.199317	0.547047	0.503895	0.931623	1.09571	0.584587	0.16918	0.111839	0.22757	0.876228	0.111263	0.577438	0.273929	0.323155	0.494339	0.724629	0.883608	0.671429	0.730993	1.11233	0.815637	0.260971	0.824817	0.396407	0.210017	
0.351593	0.686417	0.651498	1.07321	1.2362	0.628843	0.30968	0.268201	0.383301	1.03007	0.063714	0.675689	0.430047	0.341697	0.65047	0.853517	0.930157	0.801131	0.861169	1.25086	0.950783	0.323661	0.959086	0.532546	0.273059	
0.562454	0.305971	0.435475	0.575525	0.692957	0.972647	0.656241	0.652094	0.548296	0.336991	0.857572	0.761506	0.488308	0.912241	0.274595	0.614516	1.14926	0.593508	0.605717	0.727009	0.590657	0.813518	0.603188	0.428085	0.808252	
0.639831	0.807469	0.339831	0.403545	0.530236	0.34864	0.524625	0.615962	0.543315	0.550222	0.784649	0.131341	0.576282	0.520757	0.568998	0.157087	0.41539	0.151402	0.170519	0.529518	0.26031	0.482739	0.258833	0.762788	0.527375	
0.330573	0.677984	0.465742	0.854744	1.01306	0.377607	0.175168	0.232016	0.288884	0.858266	0.269929	0.415898	0.358511	0.117111	0.550758	0.616582	0.678922	0.566624	0.625918	1.0236	0.72166	0.0602704	0.728304	0.543923	0.017735	
0.376485	0.606026	0.206047	0.549771	0.707573	0.340665	0.255205	0.346016	0.280638	0.579876	0.522531	0.183939	0.325115	0.332654	0.393374	0.313519	0.57052	0.262251	0.322055	0.718396	0.416381	0.25799	0.423314	0.527947	0.289202	
0.467956	0.1882	0.419674	0.646812	0.778322	0.943471	0.580968	0.563608	0.468719	0.42732	0.759684	0.75	0.403197	0.850255	0.212881	0.641503	1.14621	0.611687	0.634733	0.810852	0.63782	0.750416	0.650826	0.314653	0.738625	
0.608863	0.324243	0.497758	0.620594	0.729415	1.03479	0.710563	0.701565	0.600931	0.37453	0.902491	0.823754	0.538704	0.970378	0.330189	0.673059	1.21091	0.65354	0.663913	0.764221	0.644595	0.871295	0.656918	0.459326	0.864456	
0.817365	0.93218	0.47457	0.315012	0.389322	0.513638	0.717009	0.805035	0.722027	0.53642	0.982603	0.329326	0.744881	0.718526	0.6912	0.201863	0.465158	0.24551	0.20595	0.377753	0.217389	0.683532	0.206573	0.913363	0.728111	
0.710815	0.688438	0.344899	0.101084	0.258074	0.725425	0.684353	0.744393	0.633122	0.183148	0.959501	0.4855	0.621152	0.817272	0.471772	0.232724	0.787052	0.256382	0.219203	0.283166	0.141044	0.743677	0.149327	0.722775	0.770024	
0.956056	0.87477	0.59979	0.204291	0.133299	0.954949	0.941204	0.997386	0.883976	0.279681	1.21471	0.721055	0.865121	1.07201	0.689758	0.461755	0.960959	0.49882	0.44891	0.166438	0.349545	1.00108	0.349076	0.938658	1.02837	
0.0855445	0.292087	0.315861	0.737059	0.899736	0.663824	0.21239	0.177275	0.102874	0.628991	0.380944	0.546592	0.0381116	0.494711	0.21881	0.586857	0.927695	0.536278	0.588381	0.922562	0.649768	0.39739	0.661386	0.172002	0.372597	
0.256137	0.100708	0.401357	0.762757	0.915443	0.841218	0.403873	0.358961	0.292863	0.594753	0.533072	0.695052	0.222996	0.686146	0.191716	0.673179	1.08882	0.629284	0.671002	0.943552	0.708599	0.588486	0.721403	0.0775894	0.56396	
0.5317	0.25281	0.446099	0.623746	0.745908	0.979016	0.637426	0.62536	0.526654	0.390585	0.824898	0.775895	0.463173	0.901433	0.260126	0.645592	1.16835	0.620702	0.637616	0.779556	0.629927	0.801918	0.642692	0.382728	0.792999	
0.6437	0.480548	0.384917	0.377901	0.486466	0.90255	0.689536	0.713857	0.598877	0.13053	0.93302	0.670435	0.555923	0.905356	0.342241	0.47104	1.03177	0.465172	0.459749	0.520848	0.419713	0.813138	0.431037	0.568502	0.82128	
