15	30
168.638	83.0884
156.467	95.8732
50.6101	67.485
113.198	139.849
72.7593	118.178
100.066	27.5031
114.689	47.2244
68.8034	96.5771
178.571	79.9228
26.2134	99.7759
152.428	36.6919
150.358	116.606
170.804	33.8447
92.1309	145.081
69.4588	100.487
3.24776
20.7064
19.2756
8.57435
53.1898
33.2342
40.1648
7.30005
44.9124
21.3053
9.99433
55.4755
38.8855
24.8098
18.6294
23.7967
35.0045
11.9506
8.49502
57.6056
55.2281
7.21897
56.8096
39.0403
25.2798
9.71079
50.2914
1.32875
46.1749
31.1511
0.444532	0.388046	0.816841	0.327349	0.922595	0.235532	0.908442	0.741883	0.792318	0.890194	0.194878	0.638236	0.622588	0.12343	0.920102	0.777359	0.644608	0.37483	0.416543	0.556648	0.922515	0.353299	0.608841	0.76696	0.453398	0.974321	0.344847	0.399452	0.449794	0.63646	
0.414815	0.852098	1.01769	0.817081	1.06019	0.29954	0.787453	0.567922	0.585032	0.775111	0.618743	0.611423	0.520969	0.625704	0.592649	0.413647	0.683	0.510437	0.134413	0.952908	0.606509	0.523664	0.754713	0.397747	0.6931	1.06426	0.17754	0.799803	0.0529749	0.695504	
0.153473	0.731247	0.583128	0.760159	0.588967	0.584748	0.324549	0.147684	0.204182	0.308091	0.546595	0.124045	0.0283177	0.675369	0.387122	0.335615	0.212785	0.262242	0.570213	0.70787	0.379282	0.294058	0.336285	0.337958	0.385698	0.577361	0.408265	0.607218	0.488763	0.234394	
0.386074	0.26251	0.644405	0.247989	0.757346	0.381311	0.808653	0.674277	0.730629	0.789808	0.0285285	0.534358	0.546857	0.170818	0.890894	0.774302	0.51884	0.26909	0.53699	0.389907	0.888735	0.239279	0.455575	0.76711	0.289582	0.816472	0.414168	0.229989	0.541886	0.505244	
0.384657	0.231882	0.577186	0.246195	0.693888	0.446025	0.777552	0.659723	0.717777	0.758623	0.0602526	0.50548	0.531315	0.228347	0.889741	0.785124	0.478896	0.251724	0.593341	0.326727	0.885721	0.219931	0.401015	0.779292	0.231026	0.756754	0.458831	0.167412	0.590007	0.462598	
0.532686	0.0802142	0.580196	0.142232	0.715555	0.571036	0.88666	0.792929	0.852161	0.867868	0.169443	0.623506	0.665341	0.26687	1.0337	0.936943	0.579233	0.392457	0.733465	0.217827	1.02819	0.360871	0.47045	0.931731	0.306319	0.793601	0.609726	0.0877972	0.738717	0.558213	
0.157187	0.769324	0.698864	0.78242	0.710736	0.512272	0.412865	0.198992	0.234414	0.399013	0.56132	0.246209	0.144505	0.665752	0.354455	0.250665	0.332354	0.300811	0.468148	0.778391	0.354115	0.331087	0.444206	0.248141	0.460786	0.699537	0.320328	0.659824	0.380248	0.351984	
0.42632	0.22805	0.443253	0.297035	0.570472	0.586517	0.735898	0.658598	0.718338	0.717255	0.203129	0.479679	0.533856	0.361532	0.910352	0.831633	0.427599	0.281459	0.721153	0.207318	0.902615	0.253418	0.313919	0.828535	0.153468	0.643297	0.571966	0.0860547	0.705483	0.405304	
0.59878	0.0153344	0.625484	0.0984078	0.764921	0.605916	0.953511	0.861013	0.920219	0.934755	0.218694	0.691348	0.733368	0.276651	1.10095	1.00185	0.6457	0.459646	0.775861	0.227507	1.09566	0.427944	0.53327	0.996296	0.372016	0.846615	0.661194	0.140847	0.787609	0.624216	
0.3984	0.79681	0.993886	0.758427	1.04466	0.236176	0.801265	0.58367	0.60662	0.787829	0.564494	0.606797	0.523335	0.564321	0.633602	0.456724	0.6721	0.478949	0.0858384	0.905938	0.645901	0.488953	0.73243	0.441384	0.658244	1.05472	0.131589	0.75074	0.0128977	0.682312	
0.406215	0.207168	0.564215	0.230402	0.684696	0.473071	0.787446	0.676256	0.734754	0.768519	0.0765467	0.517135	0.5479	0.238449	0.910078	0.808695	0.48565	0.269809	0.621931	0.298755	0.905522	0.237905	0.399766	0.803181	0.228592	0.750607	0.487592	0.139085	0.618839	0.46806	
0.518609	0.404963	0.221674	0.498152	0.362637	0.793311	0.661976	0.657351	0.714198	0.645317	0.433161	0.463967	0.553498	0.592699	0.924589	0.889655	0.379583	0.395653	0.904191	0.229162	0.911496	0.381716	0.232226	0.890829	0.212169	0.449904	0.739413	0.271493	0.870385	0.352063	
0.287854	0.32615	0.556635	0.342228	0.658358	0.416095	0.691725	0.564943	0.622551	0.672849	0.131368	0.417741	0.43667	0.286709	0.792873	0.689668	0.40127	0.156638	0.540296	0.386289	0.788931	0.125322	0.346084	0.684206	0.189942	0.710747	0.390302	0.236784	0.523731	0.388215	
0.312691	0.878237	0.900849	0.86836	0.917609	0.453193	0.586007	0.367073	0.375853	0.575444	0.649729	0.453213	0.350085	0.70952	0.381505	0.206306	0.538429	0.448045	0.337914	0.929347	0.393726	0.472174	0.641518	0.191713	0.628271	0.905702	0.260218	0.792434	0.239929	0.556941	
0.312019	0.922254	0.769644	0.940094	0.75104	0.651397	0.348266	0.143231	0.131646	0.340516	0.719897	0.306644	0.207387	0.826124	0.194366	0.141255	0.400137	0.449952	0.574076	0.913361	0.193659	0.481397	0.537064	0.14913	0.591354	0.718042	0.452649	0.805881	0.477912	0.425595	
