15	30
73.3227	106.936
61.1211	108.234
105.008	115.237
149.4	61.2162
8.29551	108.128
131.456	36.3476
59.1667	101.514
74.5189	12.9162
59.4788	43.3815
39.6493	97.7933
103.92	134.419
155.976	129.185
75.7178	79.4279
44.1097	19.1073
166.306	84.6977
8.987
1.42752
13.7033
9.57611
6.99855
0.923135
5.26119
13.3717
4.59645
3.97455
13.0278
7.15289
7.44587
2.56895
9.86217
11.6514
6.22631
10.5364
14.3879
2.57811
8.8753
12.1114
7.09661
5.23805
9.88622
12.6831
6.15143
6.0792
15.6114
9.71803
0.319175	0.378183	0.361093	0.12829	0.398292	0.428308	0.496612	0.257945	0.190583	0.471807	0.538242	0.294144	0.510809	0.125809	0.348655	0.301671	0.447818	0.450338	0.257352	0.323675	0.333282	0.14638	0.253253	0.111564	0.14836	0.423397	0.307969	0.257367	0.639202	0.230838	
0.496801	0.101021	0.667679	0.409526	0.619919	0.223854	0.623477	0.496144	0.482142	0.265061	0.451577	0.612032	0.290644	0.268089	0.0805529	0.609305	0.497867	0.294419	0.294683	0.346093	0.344019	0.432055	0.319178	0.404661	0.181342	0.49159	0.0635206	0.125871	0.329754	0.552644	
0.554216	0.667645	0.399855	0.36139	0.151189	0.735172	0.331238	0.120166	0.12078	0.779743	0.573	0.325472	0.661878	0.43596	0.581432	0.365407	0.390728	0.761124	0.563084	0.376562	0.38908	0.169193	0.554182	0.343558	0.435922	0.360215	0.594327	0.483624	0.848709	0.287424	
0.879437	0.403577	1.06899	0.810838	0.927399	0.479253	0.858176	0.833299	0.849332	0.485086	0.541874	1.01226	0.326414	0.668621	0.377155	1.01055	0.704615	0.549949	0.668612	0.602004	0.592315	0.802005	0.695845	0.805735	0.579659	0.715831	0.445144	0.47469	0.10608	0.951714	
0.496727	0.124368	0.657549	0.399738	0.596241	0.245123	0.599072	0.473407	0.46178	0.287197	0.432166	0.599978	0.279881	0.260957	0.0667773	0.598802	0.474028	0.313915	0.298866	0.321907	0.319984	0.411845	0.322286	0.393811	0.167519	0.467461	0.0769234	0.101483	0.336004	0.539688	
0.979443	0.921282	0.849629	0.775921	0.303261	1.02784	0.20017	0.4287	0.52395	1.0735	0.504575	0.775981	0.711823	0.795009	0.767676	0.815726	0.339006	1.07898	0.928302	0.478807	0.482765	0.546601	0.92914	0.75606	0.738411	0.336406	0.855484	0.698817	0.932497	0.735498	
0.698843	0.379359	0.77482	0.542459	0.494036	0.505088	0.419317	0.421026	0.466628	0.544558	0.169707	0.701797	0.122994	0.443513	0.203484	0.716281	0.26808	0.57626	0.531676	0.168566	0.157198	0.428787	0.549484	0.528239	0.333211	0.27627	0.339024	0.203271	0.334759	0.637059	
0.538414	0.399184	0.56026	0.352318	0.316614	0.500729	0.328229	0.208966	0.240661	0.546527	0.317037	0.484227	0.341763	0.299882	0.270296	0.503414	0.236483	0.552178	0.423349	0.0993796	0.109218	0.202656	0.431247	0.334746	0.217458	0.217753	0.330275	0.181473	0.524089	0.420097	
0.49901	0.598274	0.37751	0.300718	0.184861	0.664889	0.343553	0.0877534	0.0507913	0.709469	0.541941	0.299111	0.610743	0.366779	0.5174	0.335055	0.374169	0.691219	0.495239	0.333721	0.346436	0.0989841	0.487344	0.282006	0.366005	0.343495	0.525028	0.418963	0.790122	0.250665	
0.479289	0.641769	0.317466	0.294498	0.232995	0.696884	0.407529	0.163852	0.101764	0.740079	0.619099	0.242418	0.682484	0.388262	0.576614	0.282257	0.449682	0.715447	0.508303	0.409664	0.422382	0.149023	0.496444	0.278333	0.407885	0.418952	0.569439	0.477844	0.855504	0.205249	
0.221842	0.399445	0.293683	0.0363001	0.472601	0.419903	0.587825	0.336205	0.250621	0.458987	0.635113	0.24051	0.591829	0.112578	0.410903	0.235209	0.546389	0.424465	0.209032	0.422463	0.431822	0.218306	0.195305	0.0323763	0.199519	0.521449	0.337538	0.330011	0.698946	0.186397	
0.833562	0.450021	0.92792	0.689993	0.628561	0.574866	0.522292	0.570106	0.62102	0.607133	0.185852	0.85584	0.0786428	0.579873	0.290324	0.869051	0.368696	0.651631	0.650812	0.313736	0.301299	0.583979	0.671824	0.676909	0.46861	0.386731	0.431956	0.33226	0.257225	0.791085	
0.812756	0.345343	0.982841	0.725681	0.818118	0.442947	0.748944	0.726355	0.746414	0.458883	0.438791	0.922547	0.218576	0.587256	0.281829	0.923765	0.595702	0.519025	0.604606	0.492379	0.482595	0.700017	0.630949	0.718869	0.490919	0.606393	0.372289	0.376243	0.0101812	0.860604	
0.346936	0.419101	0.35044	0.145908	0.355113	0.473515	0.46236	0.215587	0.144386	0.517294	0.53178	0.278172	0.524056	0.171774	0.375872	0.292091	0.425305	0.496513	0.302222	0.312713	0.323386	0.101187	0.296811	0.126466	0.186218	0.399236	0.347691	0.280611	0.665026	0.213471	
0.610157	0.249571	0.729757	0.480237	0.552457	0.375696	0.515324	0.45131	0.469536	0.414662	0.2993	0.663244	0.152515	0.359033	0.0739782	0.67023	0.37411	0.447993	0.425275	0.237632	0.23107	0.423769	0.446196	0.469586	0.249089	0.374652	0.214072	0.114121	0.284349	0.599406	
