10	20
128.325	37.7783
85.1455	36.5729
42.045	128.434
15.3933	49.0657
173.902	22.4814
108.101	53.9902
170.181	12.7212
59.7603	39.8904
53.5437	70.4852
82.0973	142.156
3.84318
8.50344
3.63557
4.60227
7.4567
6.8388
7.49219
3.93767
7.59125
4.94482
7.09084
6.8024
5.7008
1.46411
4.28944
7.9472
8.82797
8.18451
4.25755
5.30445
0.170144	0.0504825	0.552761	0.362276	0.3044	0.499328	0.344756	0.34294	0.432105	0.518198	0.332278	0.650561	0.181785	0.747741	0.351281	0.309198	0.266427	0.377819	0.204122	0.472817	
0.209032	0.23684	0.659758	0.477747	0.254241	0.664149	0.528085	0.387005	0.440712	0.723844	0.536412	0.747272	0.0459127	0.948929	0.426268	0.426361	0.470399	0.494893	0.405968	0.513021	
0.713666	0.567189	0.907253	0.281915	0.594372	0.0575997	0.218033	0.838038	0.498411	0.452887	0.316486	0.302533	0.678764	0.649339	0.373928	0.731407	0.458379	0.268213	0.378463	0.429873	
0.097312	0.22152	0.367126	0.616374	0.517831	0.72444	0.558141	0.0934305	0.676159	0.592577	0.49288	0.904735	0.314976	0.772846	0.607134	0.159176	0.364098	0.631322	0.397934	0.725563	
0.206333	0.0785446	0.580069	0.326039	0.284726	0.467061	0.315849	0.377961	0.401606	0.511568	0.314606	0.614316	0.190618	0.745613	0.316213	0.337839	0.264385	0.341606	0.18404	0.439153	
0.457237	0.447557	0.908234	0.492638	0.178556	0.717661	0.627664	0.635692	0.336933	0.901269	0.683735	0.696044	0.239308	1.14001	0.407028	0.671362	0.660612	0.507855	0.557645	0.428208	
0.433096	0.33964	0.440775	0.492248	0.636611	0.443321	0.303996	0.457873	0.686092	0.155407	0.169971	0.721647	0.555663	0.373612	0.551596	0.321351	0.108388	0.497054	0.231606	0.678997	
0.530333	0.388099	0.697539	0.273385	0.525795	0.174076	0.0697	0.636124	0.501397	0.291188	0.106181	0.456271	0.544219	0.524513	0.35794	0.523483	0.248132	0.271067	0.189219	0.46602	
0.798551	0.716924	0.619087	0.78955	0.997946	0.640164	0.58207	0.774211	1.01242	0.242354	0.473581	0.936342	0.933061	0.0224924	0.869594	0.636141	0.484984	0.787883	0.587212	0.982716	
0.621361	0.47586	0.875671	0.146429	0.459942	0.0860675	0.165579	0.765609	0.365905	0.49114	0.297314	0.254517	0.558642	0.714785	0.238261	0.67475	0.421553	0.132503	0.309714	0.303964	
