10	15
75.4984	86.381
123.078	119.195
73.3894	113.274
25.8146	108.963
132.709	62.614
122.773	83.8184
55.4274	85.4076
23.9116	86.4582
93.0902	42.2045
111.756	46.66
8.64379
3.13583
14.2178
21.5464
17.8552
42.748
37.695
43.8998
35.2725
26.8258
12.3133
48.1672
35.2517
37.3626
32.5531
0.0431863	0.796499	0.660712	0.53298	0.548454	0.370629	0.332847	0.245248	0.604679	0.446842	0.294733	0.375462	0.651973	0.214558	0.431411	
0.518041	0.331412	0.419419	0.244612	0.100671	0.249695	0.483809	0.303308	0.144394	0.558883	0.731443	0.533003	0.157064	0.495103	0.112957	
0.643668	0.189309	0.719359	0.113224	0.400351	0.504523	0.416984	0.415336	0.434189	0.821395	0.719198	0.438347	0.190809	0.497653	0.356794	
0.152044	0.887375	0.579289	0.649427	0.56321	0.35894	0.507917	0.347283	0.60915	0.295758	0.457535	0.554736	0.725243	0.393746	0.474183	
0.244769	0.97151	0.599387	0.740319	0.628558	0.423049	0.601278	0.439238	0.669546	0.277912	0.526085	0.646834	0.806046	0.485627	0.550903	
0.225003	0.829794	0.449625	0.619301	0.469074	0.264822	0.547624	0.33267	0.507879	0.17975	0.560254	0.600972	0.659894	0.446904	0.402131	
0.863069	0.142278	0.675817	0.393944	0.415138	0.607764	0.721022	0.632844	0.401999	0.903481	1.01385	0.751214	0.226071	0.779278	0.471938	
0.0713162	0.809446	0.572775	0.564423	0.50894	0.311851	0.420914	0.262012	0.559742	0.335923	0.404106	0.469416	0.651641	0.309375	0.407834	
0.285196	0.86253	0.886498	0.583893	0.719461	0.576989	0.27253	0.385224	0.779935	0.688626	0.0551568	0.276581	0.753184	0.192478	0.590484	
0.24482	0.83692	0.844697	0.558382	0.681028	0.53574	0.257827	0.347068	0.74129	0.648897	0.0969453	0.270552	0.722367	0.164196	0.552583	
