10	15
94.6696	125.101
60.3599	85.29
6.99691	153.733
109.85	154.567
55.6577	36.0459
63.2597	105.594
42.138	44.8354
6.1398	113.229
133.361	155.915
18.7145	38.7313
1.92335
8.79306
22.9333
2.80794
3.41358
10.2887
15.7165
8.42788
21.5688
23.1538
19.0149
17.6241
15.9365
15.4206
15.5852
1.08794	0.770053	0.284263	0.508072	1.22208	0.769976	0.587031	0.310419	0.640765	0.865864	1.1359	1.05012	0.598707	0.0570052	1.14455	
0.329641	0.172684	0.610518	0.332612	0.439077	0.620778	0.683076	0.486245	0.198114	0.765413	0.383852	0.292087	0.295465	0.787333	0.355443	
0.1695	0.631257	0.962635	0.69776	0.219123	0.688009	0.868063	0.931402	0.683844	0.777689	0.119485	0.200701	0.6099	1.188	0.282995	
0.839369	0.489118	0.27413	0.306385	0.962518	0.686903	0.571269	0.0428521	0.361192	0.815937	0.890492	0.800985	0.399716	0.297803	0.878982	
0.9268	0.676418	0.0804281	0.339292	1.07029	0.566706	0.39255	0.246794	0.545029	0.667571	0.971298	0.890141	0.421097	0.166328	1.00172	
0.63033	0.601052	0.32088	0.226912	0.788155	0.200633	0.204691	0.452355	0.507417	0.341286	0.661833	0.600237	0.194609	0.566657	0.748109	
0.765711	0.40807	0.311467	0.264276	0.885305	0.67098	0.580499	0.0573515	0.279938	0.807178	0.817612	0.727306	0.352413	0.375467	0.800298	
1.07016	0.771471	0.244021	0.485384	1.20779	0.726286	0.53927	0.311522	0.640657	0.81882	1.11695	1.03269	0.573441	0.00991168	1.13308	
0.606406	0.145055	0.604922	0.410514	0.681189	0.813869	0.80172	0.376326	0.128234	0.962035	0.660939	0.571523	0.443284	0.693313	0.582718	
0.648879	0.61462	0.309964	0.23445	0.806703	0.199657	0.187221	0.451767	0.518733	0.336632	0.680325	0.61878	0.208411	0.55559	0.766494	
