10	15
133.705	156.846
141.36	99.3345
71.8064	107.193
147.433	82.4141
1.56051	139.697
103.041	77.5707
58.7411	22.8911
112.249	29.2495
178.562	86.0303
129.097	116.126
88.7102
72.4137
3.54402
51.7762
19.2982
80.2847
34.8121
81.6213
45.932
26.181
31.5944
18.7479
11.0498
20.6927
24.909
0.939932	0.543501	0.72701	0.849534	0.390206	0.659397	0.544366	0.919813	0.785015	0.478506	0.643504	0.755577	0.844899	0.224664	0.239299	
0.264622	0.398841	0.0429261	0.306414	0.322052	0.6702	0.226048	0.236658	0.390027	0.263312	0.290972	0.466685	0.205938	0.58511	0.795991	
0.786083	0.548822	0.556559	0.616423	0.200026	0.419239	0.328052	0.755931	0.744994	0.268063	0.591681	0.496251	0.638912	0.0647159	0.483523	
0.278852	0.786733	0.373048	0.298083	0.695029	0.84519	0.54886	0.250212	0.671946	0.611712	0.649969	0.558355	0.238501	0.940765	1.21039	
0.047693	0.585834	0.243436	0.368883	0.601751	0.881849	0.485466	0.0443966	0.443671	0.535245	0.441478	0.622429	0.231996	0.864004	1.05547	
0.619263	0.649198	0.404089	0.32446	0.257509	0.279194	0.181771	0.576537	0.749863	0.199138	0.613262	0.174779	0.399462	0.380091	0.788954	
0.70251	0.70538	0.48645	0.395847	0.296366	0.199979	0.255326	0.659706	0.822124	0.258134	0.681431	0.194293	0.480332	0.354766	0.790709	
0.783081	0.238897	0.662187	0.910204	0.541161	0.999517	0.649526	0.788696	0.452932	0.604281	0.38492	0.958148	0.829185	0.615992	0.365389	
0.309978	0.617821	0.19092	0.093852	0.428811	0.599231	0.277028	0.261979	0.591682	0.341866	0.509437	0.332481	0.0580935	0.666421	0.968094	
0.765999	0.534254	0.536512	0.59923	0.179963	0.420096	0.308914	0.73589	0.727461	0.248439	0.57412	0.485127	0.61981	0.0844707	0.488707	
