10	15
31.4951	23.1987
0.580803	29.8065
76.1651	31.8027
94.9597	152.813
178.04	55.246
67.5855	23.989
152.83	81.6173
87.0663	53.7654
138.11	149.833
166.069	133.958
37.0492
30.4749
30.8254
20.3263
35.5854
11.0391
17.2595
33.0255
9.08784
4.23462
25.0668
38.8264
31.1242
28.0641
16.0258
0.635754	0.542272	0.389309	0.252325	0.542072	0.203907	0.887247	0.343409	0.439384	0.443165	0.122476	0.645853	0.324754	0.119126	0.263459	
0.415321	0.770092	0.257322	0.0868911	0.344085	0.421177	0.644401	0.63799	0.282869	0.491955	0.410568	0.714215	0.268153	0.386894	0.590242	
0.656874	0.268085	0.654311	0.430477	0.800799	0.452353	0.896647	0.472279	0.702821	0.290821	0.155807	0.427432	0.596721	0.366298	0.306991	
0.87114	0.504752	0.581324	0.504808	0.736044	0.256027	1.12267	0.15951	0.630772	0.58894	0.230383	0.742463	0.50368	0.21565	0.0199634	
0.768914	0.698144	0.318038	0.346082	0.470015	0.0310767	1.01494	0.261733	0.365794	0.627143	0.289764	0.830701	0.238481	0.077918	0.289522	
0.0446074	0.822203	0.707829	0.467622	0.747106	0.83772	0.221409	1.01412	0.721556	0.435044	0.675747	0.557718	0.727153	0.77536	0.906528	
0.541168	0.992306	0.201727	0.308107	0.164413	0.521092	0.71902	0.754799	0.180233	0.71429	0.610487	0.933877	0.271974	0.523121	0.751606	
0.694921	0.267331	1.00002	0.719026	1.12691	0.859589	0.860539	0.875281	1.04288	0.306956	0.55884	0.137845	0.959288	0.771895	0.703783	
0.944147	0.302898	0.823222	0.670932	0.978563	0.522946	1.1839	0.401034	0.873687	0.563022	0.345105	0.635553	0.750435	0.464088	0.253416	
0.2552	0.707731	0.431548	0.171291	0.505809	0.545025	0.500206	0.735531	0.455172	0.369415	0.432077	0.579218	0.438502	0.488895	0.649918	
