10	15
144.87	151.623
95.0917	123.262
26.1793	91.2292
171.529	28.3294
175.396	141.667
148.773	80.535
140.291	68.7414
104.527	25.8367
175.929	27.6837
110.325	29.9162
12.2163
9.87471
1.56504
8.06489
23.4227
11.4808
1.26742
18.9465
9.23053
14.4373
16.439
7.03449
2.442
16.0204
1.32251
0.759678	0.581719	0.699208	0.127298	0.647731	0.239914	0.358738	0.553228	0.735381	0.07418	0.0211658	0.490955	0.712498	0.909395	0.514424	
0.669629	0.736528	0.714402	0.830427	1.04349	0.754124	0.541456	0.203867	0.234886	0.688307	0.775847	0.411013	0.727079	0.401917	0.947667	
0.707243	0.49356	0.627843	0.0715385	0.473341	0.153327	0.550368	0.672872	0.89252	0.222285	0.198988	0.669784	0.638533	0.943685	0.345337	
0.57613	0.478718	0.549674	0.362619	0.691103	0.311487	0.289116	0.265489	0.494093	0.22408	0.316714	0.32479	0.56491	0.629373	0.567929	
0.221579	0.441141	0.319616	0.879938	0.750105	0.723601	0.906257	0.579885	0.798177	0.819813	0.910373	0.853672	0.320928	0.219626	0.724998	
0.904849	0.715969	0.839603	0.202995	0.73289	0.362184	0.422279	0.683907	0.836025	0.224093	0.130302	0.573006	0.852293	1.05921	0.604587	
0.658621	0.674995	0.682248	0.689185	0.958669	0.62994	0.389151	0.0704706	0.208433	0.541481	0.626008	0.271362	0.696484	0.486697	0.851214	
0.588739	0.36126	0.490282	0.395584	0.152993	0.30794	0.832522	0.833364	1.09387	0.509456	0.520098	0.921594	0.493818	0.940313	0.0775517	
0.883523	0.886	0.903852	0.799551	1.14964	0.78134	0.372468	0.282769	0.0681275	0.641527	0.707223	0.216113	0.918354	0.684031	1.03291	
0.953092	0.757475	0.884456	0.236757	0.750168	0.402116	0.477275	0.746165	0.895209	0.283079	0.188042	0.629988	0.896701	1.11856	0.625697	
