10	15
166.18	26.9691
2.17169	83.8539
124.645	144.452
90.3461	113.404
102.104	155.685
29.7383	28.4531
67.7785	82.9767
91.6247	130.492
126.811	124.799
104.109	16.084
4.16217
27.7249
4.75844
12.3218
19.4468
9.01556
2.31456
7.11742
26.8542
1.43588
1.20377
8.16797
22.0417
26.6825
8.18618
0.67714	0.484154	0.41981	0.470908	0.298071	0.177055	0.538063	0.0268989	0.60591	0.601457	0.365644	0.132726	0.176235	0.271892	0.353716	
0.102008	0.328638	0.904686	0.345571	0.298745	0.592267	0.273693	0.594065	0.83256	0.83971	0.631109	0.707739	0.50963	0.601115	0.384251	
0.354785	0.239487	0.898348	0.258136	0.430145	0.639362	0.17692	0.721958	0.677024	0.689198	0.570368	0.828227	0.57127	0.849316	0.676133	
0.760776	0.810133	0.853363	0.807647	0.585387	0.642164	0.825143	0.490071	1.07063	1.06709	0.824039	0.515377	0.615444	0.195779	0.307844	
0.51775	0.209686	0.488803	0.193109	0.146252	0.193874	0.276995	0.284245	0.453235	0.456019	0.217917	0.383015	0.122875	0.49581	0.433967	
0.844597	0.445541	0.485537	0.427491	0.567638	0.45431	0.513395	0.613703	0.10948	0.125008	0.264074	0.654241	0.467819	0.891641	0.863918	
0.368157	0.27683	0.656342	0.277054	0.0689112	0.340893	0.291363	0.327935	0.666102	0.669153	0.428914	0.44177	0.260312	0.392259	0.247937	
0.805198	0.4438	0.711677	0.434506	0.635859	0.62174	0.48371	0.773604	0.336694	0.352411	0.441589	0.836114	0.608712	1.02366	0.946116	
0.447379	0.141123	0.564421	0.128427	0.118704	0.271045	0.201854	0.34759	0.492881	0.497787	0.276212	0.452089	0.196717	0.525946	0.428342	
0.618669	0.65551	0.77362	0.653754	0.431956	0.524813	0.669045	0.386903	0.946517	0.944446	0.696579	0.442249	0.485336	0.125253	0.155974	
