10	15
31.0581	132.894
43.7057	101.303
80.5505	99.9078
98.4248	25.9048
95.9143	28.5931
162.017	25.6082
104.298	153.843
116.918	108.329
99.8904	117.1
167.434	56.1353
83.8682
25.2737
55.2055
3.26706
0.998076
50.6342
33.3022
17.223
40.8343
4.71798
51
58.7179
8.58039
89.7706
43.0186
0.567494	0.249827	0.791368	0.396683	0.121375	0.24808	0.53615	0.833196	0.236712	0.160025	0.194757	0.839784	0.451895	0.931403	0.383804	
0.565771	0.719955	0.414325	0.47062	0.866769	1.08437	0.323499	0.506344	0.76151	0.786382	0.719152	0.459839	0.450019	0.171338	0.857927	
0.908618	0.631984	0.87164	0.533387	0.809188	1.11557	0.488151	0.0371263	0.661693	0.72748	0.676158	0.0520965	0.452634	0.385805	0.644387	
0.655561	0.03577	0.808909	0.279679	0.192176	0.508088	0.420309	0.581269	0.0436472	0.117456	0.100215	0.596386	0.282812	0.761404	0.166212	
0.167938	0.454656	0.380302	0.297369	0.491595	0.581187	0.323041	0.77782	0.483159	0.448966	0.403617	0.759123	0.375925	0.688401	0.654382	
0.473743	0.763866	0.279309	0.505098	0.890519	1.07024	0.362897	0.644667	0.804974	0.816372	0.750468	0.600046	0.508262	0.315568	0.924171	
0.65857	0.276524	0.882876	0.467674	0.102946	0.216338	0.611643	0.871516	0.250492	0.180901	0.237354	0.882838	0.513947	1.00028	0.361816	
0.711534	0.126729	0.891039	0.383653	0.110947	0.42423	0.529104	0.691659	0.0851836	0.0963696	0.146042	0.709829	0.398003	0.880282	0.156777	
0.724255	0.303575	0.783965	0.285044	0.479863	0.79015	0.336036	0.292772	0.331961	0.399394	0.352435	0.310197	0.211293	0.535373	0.334665	
0.718712	0.106637	0.859981	0.32086	0.242163	0.561281	0.45193	0.549185	0.103331	0.179663	0.171349	0.569591	0.306547	0.76532	0.111663	
