10	15
150.419	128.982
135.003	89.1983
65.0455	111.06
120.241	98.4035
114.434	127.168
24.5748	159.945
71.4921	79.6382
126.117	31.2177
165.009	75.5489
145.384	88.7122
3.79107
19.3378
17.1224
10.8598
4.90288
17.6299
6.28527
19.9126
8.83078
15.8536
22.2933
5.83203
17.2206
2.37321
25.7295
0.28128	0.521928	0.752232	0.63908	0.43981	0.0579549	0.669522	0.239974	0.608205	0.222885	0.403501	0.344268	0.0963124	0.568836	0.49774	
0.444666	0.724949	0.961298	0.828685	0.721889	0.251872	0.750083	0.534196	0.890465	0.40064	0.641561	0.0865925	0.394688	0.854522	0.702524	
0.680109	0.120253	0.353515	0.221423	0.314502	0.47587	0.301364	0.340168	0.423159	0.626572	0.136769	0.688039	0.402349	0.413686	0.101282	
0.62172	0.380205	0.603764	0.46332	0.509058	0.363279	0.362825	0.41872	0.653678	0.563241	0.356434	0.477092	0.380079	0.633011	0.362571	
0.25334	0.583141	0.765024	0.696392	0.350645	0.328963	0.836941	0.201237	0.480649	0.239718	0.441357	0.600625	0.214799	0.434388	0.562176	
0.672498	0.549769	0.765647	0.623775	0.674524	0.41052	0.461793	0.557546	0.824294	0.616084	0.52864	0.405078	0.481314	0.801655	0.533372	
0.571479	0.226603	0.46344	0.336847	0.312497	0.358759	0.381929	0.263894	0.455892	0.516401	0.16116	0.576511	0.294988	0.434865	0.203634	
0.0820969	0.693686	0.898047	0.811715	0.501721	0.26086	0.903518	0.313298	0.644985	0.0827751	0.554574	0.478943	0.230123	0.599048	0.670656	
0.369375	0.798499	1.03503	0.90849	0.752115	0.255416	0.857779	0.550652	0.92055	0.337135	0.699069	0.0665724	0.401584	0.880963	0.775058	
0.219218	0.687959	0.919541	0.804192	0.596554	0.113046	0.8092	0.389792	0.762533	0.173716	0.571167	0.23031	0.240393	0.720865	0.663811	
