10	15
109.492	140.762
112.121	75.7816
172.282	66.946
40.4898	59.8596
48.1406	68.7053
133.314	27.3112
86.7106	139.054
79.4366	98.6137
151.688	52.2695
177.18	119.106
9.59186
18.4319
19.0329
45.2535
68.6583
40.4841
71.5959
24.5505
58.0021
7.45894
26.2745
54.2926
17.8785
43.6556
60.4446
0.508773	0.230596	0.336443	0.308195	0.155568	0.648062	0.219422	0.177982	0.568427	0.780999	0.345381	0.687682	0.340151	0.652168	0.510218	
0.239706	0.43336	0.33265	0.355974	0.257866	0.647516	0.482876	0.445119	0.498494	0.689425	0.550145	0.657926	0.567564	0.508336	0.401245	
0.85796	0.301055	0.582229	0.513405	0.434203	0.789615	0.152086	0.181539	0.803936	0.992943	0.303281	0.852578	0.243913	0.920526	0.772348	
0.154938	0.701659	0.365	0.620771	0.423966	0.876703	0.72901	0.667265	0.385211	0.858111	0.819789	0.871226	0.832996	0.651351	0.593351	
0.214542	0.513723	0.535189	0.349076	0.459431	0.538521	0.61314	0.605491	0.67281	0.517169	0.613656	0.527189	0.649338	0.31805	0.248141	
0.553687	0.274981	0.302236	0.383421	0.127558	0.721955	0.212614	0.133455	0.536335	0.859585	0.379563	0.763753	0.361728	0.729987	0.588708	
0.234793	0.853793	0.694355	0.693242	0.702825	0.82219	0.936201	0.907287	0.722197	0.706077	0.957562	0.787418	0.990573	0.502186	0.528776	
0.222277	0.487822	0.281023	0.426963	0.246924	0.720405	0.518754	0.466628	0.429049	0.755341	0.606354	0.729639	0.618648	0.5681	0.468815	
0.219566	0.447614	0.352326	0.358704	0.28244	0.640867	0.502873	0.467818	0.510606	0.674447	0.563294	0.64856	0.582827	0.490065	0.387376	
0.119143	0.779223	0.526264	0.655846	0.561121	0.856177	0.834596	0.78832	0.541452	0.790797	0.892316	0.836534	0.915505	0.579696	0.559128	
