10	15
151.072	25.3939
51.0681	97.5659
55.3644	87.2089
125.988	59.9821
103.253	115.5
73.0085	139.778
79.8355	91.1699
105.618	35.8376
156.169	23.8007
85.0471	46.7223
14.0873
2.29112
6.20062
13.6427
9.10248
3.83208
5.04294
16.3057
1.201
8.46672
0.526893
23.4415
19.992
8.01596
12.4429
0.565514	0.349219	0.14958	0.46965	0.489782	0.447871	0.808177	0.0332741	0.877944	0.587658	0.846065	0.215566	0.207986	1.03937	0.760976	
0.139691	0.490472	0.428598	0.13262	0.0905017	0.607719	0.439571	0.579879	0.820064	0.558474	0.504748	0.605955	0.3637	0.482912	0.35953	
0.183513	0.383667	0.28381	0.0848061	0.0749347	0.512472	0.496861	0.43453	0.795186	0.50642	0.555354	0.47184	0.218682	0.621888	0.428517	
0.3739	0.137559	0.124091	0.29967	0.370943	0.26793	0.576312	0.224441	0.664099	0.363118	0.610621	0.179556	0.181704	0.852441	0.712693	
0.46191	0.764823	0.608903	0.430147	0.315001	0.894542	0.740486	0.733639	1.14227	0.873597	0.807485	0.826476	0.523208	0.611358	0.0499778	
0.491235	0.485432	0.707235	0.556046	0.668717	0.447935	0.255397	0.808443	0.234682	0.258803	0.206033	0.674299	0.725968	0.682054	0.982069	
0.340292	0.647171	0.511129	0.306833	0.193358	0.775019	0.629569	0.646365	1.01951	0.749957	0.696113	0.721884	0.42813	0.559408	0.166466	
0.39008	0.68183	0.5294	0.350422	0.233753	0.811786	0.681561	0.658103	1.06763	0.794485	0.748083	0.745274	0.44435	0.599914	0.131439	
0.465313	0.0658803	0.271898	0.41786	0.510103	0.116592	0.582486	0.306146	0.546899	0.270757	0.599949	0.147947	0.341565	0.924221	0.862914	
0.0437066	0.409518	0.397034	0.0760708	0.142276	0.518711	0.360963	0.549286	0.71915	0.458307	0.423161	0.546239	0.348869	0.494205	0.460886	
