10	15
74.9364	19.2602
20.4928	15.2731
107.066	63.1343
25.2904	145.154
70.8953	30.8827
46.344	44.0939
110.235	86.9392
15.4631	76.8052
118.035	39.9967
8.29254	90.0651
2.90059
2.80419
53.2577
9.47341
33.1768
43.6067
12.2932
17.1005
49.0124
16.9179
16.3298
68.7993
16.2502
17.585
48.2288
0.726795	0.598966	0.436748	0.821211	0.738931	0.766869	0.201698	0.55941	0.581318	0.512229	0.428979	0.428326	0.684609	0.908725	0.238513	
0.305926	0.281647	0.743605	0.347334	0.658011	0.240733	0.820314	0.367412	0.980153	0.420573	0.516585	0.579154	0.323858	0.198817	0.669094	
0.687108	0.47434	0.555994	0.630828	0.805444	0.600105	0.37022	0.3993	0.755534	0.345849	0.24923	0.472971	0.647848	0.746414	0.292542	
0.59059	0.419648	0.434473	0.634573	0.684198	0.579914	0.267159	0.3724	0.642981	0.324792	0.24332	0.351845	0.549721	0.722613	0.169702	
0.315683	0.580715	0.721701	0.763905	0.467236	0.647412	0.903503	0.696772	0.884687	0.738275	0.814942	0.622857	0.3564	0.614178	0.798164	
0.540283	0.686623	0.161762	1.00515	0.270755	0.892279	0.379352	0.748801	0.156054	0.739607	0.729277	0.310319	0.513706	0.982127	0.427609	
0.209614	0.496291	0.419591	0.779587	0.170914	0.653142	0.623612	0.604714	0.576615	0.627293	0.674191	0.354251	0.217231	0.688963	0.547749	
0.694755	0.603123	0.362013	0.850705	0.672718	0.785049	0.122177	0.5798	0.496158	0.53713	0.463469	0.377925	0.6526	0.922599	0.206144	
0.478563	0.190498	0.599512	0.325881	0.725421	0.27954	0.533634	0.084029	0.847628	0.0321789	0.0715646	0.442478	0.449983	0.425716	0.379508	
0.43622	0.197261	0.754381	0.134556	0.770275	0.0116852	0.757308	0.196673	1.00648	0.246732	0.341222	0.581291	0.430471	0.156061	0.597141	
