30	40
124.256	0.0987971
140.551	0.0526124
145.965	0.00662929
142.214	0.243358
130.261	0.445418
141.381	0.00373672
125.407	0.390216
152.478	0.173415
149.475	0.407492
131.078	0.0499722
130.132	0.607117
151.386	0.122062
141.567	0.703515
123.812	0.144979
130.542	0.470197
148.25	0.536942
126.263	0.736075
132.199	0.510674
141.7	0.807494
122.636	0.57817
126.404	0.232225
126.35	0.632684
142.669	0.607098
126.685	0.322717
133.823	0.0127028
149.611	0.546539
123.988	0.636055
149.611	0.315486
133.383	0.609658
143.432	0.996154
46.9039
8.85683
30.0713
2.14212
1.03902
21.9142
49.2353
47.5204
39.2191
7.12322
5.3408
39.1174
32.1656
32.882
1.36922
34.4139
14.4027
22.0495
37.4281
13.4683
49.8735
19.2672
29.8138
44.4623
17.2553
3.22111
31.5061
18.0449
6.52761
2.55117
18.5481
20.5496
48.5812
19.6806
42.6508
14.5584
4.8576
44.8359
4.10048
15.994
0.891153	0.875232	0.915909	0.461854	0.0167794	0.420593	0.178578	0.113526	0.969973	0.799575	0.327844	0.253056	0.697771	0.572478	0.556908	0.528887	0.0650319	0.0545763	0.319242	0.269187	0.943426	0.964299	0.109292	0.863943	0.822052	0.880508	0.864463	0.226231	0.435808	0.705996	0.661095	0.308739	0.904561	0.645661	0.447158	0.44796	0.116505	0.672183	0.856549	0.636757	
0.554842	0.714774	0.617726	0.190803	0.49453	0.0483903	0.622609	0.420848	0.976304	0.165844	0.685413	0.108311	0.749007	0.638885	0.724127	0.613259	0.905707	0.517738	0.457329	0.937738	0.855898	0.11956	0.44369	0.409436	0.00785659	0.331139	0.181807	0.00108849	0.991708	0.0126876	0.231065	0.395974	0.46091	0.845641	0.211773	0.367449	0.440919	0.234915	0.198845	0.973381	
0.671515	0.387752	0.350254	0.197987	0.000505679	0.560628	0.61107	0.503941	0.308113	0.93691	0.528932	0.293879	0.113715	0.426208	0.895996	0.434871	0.940295	0.70265	0.77608	0.89648	0.818924	0.615203	0.564244	0.435609	0.93469	0.906269	0.329062	0.877056	0.0320531	0.807248	0.750985	0.973438	0.373117	0.377257	0.419175	0.502186	0.790166	0.266896	0.498241	0.884138	
0.659514	0.926593	0.0243522	0.834175	0.190731	0.654543	0.133481	0.434718	0.0599518	0.135863	0.455095	0.290301	0.0658818	0.438791	0.37821	0.874433	0.882404	0.331581	0.595583	0.276394	0.274561	0.705406	0.867201	0.703504	0.557518	0.361273	0.820906	0.100296	0.441644	0.988634	0.84267	0.287561	0.898812	0.164612	0.161963	0.23344	0.362207	0.667289	0.513262	0.309898	
0.127538	0.0958896	0.197717	0.711545	0.539544	0.608733	0.965186	0.11962	0.886855	0.00679482	0.890616	0.420251	0.112295	0.534457	0.696891	0.477201	0.176978	0.989016	0.932585	0.804766	0.122491	0.818118	0.0311769	0.526753	0.393231	0.876286	0.598939	0.806662	0.330234	0.325466	0.802546	0.815216	0.624627	0.241127	0.535569	0.469849	0.0555547	0.0795391	0.984618	0.918747	
0.498585	0.210754	0.157499	0.286034	0.659589	0.839272	0.923082	0.357506	0.81468	0.624086	0.945654	0.179081	0.44341	0.81342	0.106951	0.347179	0.79421	0.846446	0.181151	0.249869	0.629543	0.0954139	0.612447	0.10545	0.501336	0.633457	0.376278	0.343161	0.516042	0.985447	0.326914	0.555492	0.962891	0.292004	0.796766	0.455955	0.71334	0.821645	0.783566	0.655864	
0.0920469	0.468779	0.184953	0.604819	0.32563	0.949922	0.363504	0.449206	0.661497	0.869775	0.407427	0.642422	0.613592	0.692962	0.711802	0.189317	0.980782	0.404072	0.258008	0.343596	0.715842	0.695028	0.037329	0.583676	0.488967	0.358579	0.114851	0.469281	0.840059	0.874882	0.0512069	0.647804	0.72481	0.913544	0.303957	0.730756	0.475103	0.931081	0.506921	0.714704	
0.455824	0.0965621	0.954878	0.624645	0.62565	0.596435	0.199475	0.525734	0.85407	0.802084	0.0710236	0.969081	0.111751	0.325162	0.568212	0.313511	0.639007	0.520288	0.985162	0.0394821	0.784471	0.949172	0.354293	0.362522	0.175619	0.405387	0.131898	0.709441	0.0433048	0.834981	0.843662	0.743419	0.139236	0.0350931	0.25914	0.118179	0.71058	0.179196	0.358447	0.950587	
0.839236	0.178865	0.828165	0.24418	0.590199	0.341419	0.761586	0.403087	0.474452	0.0338217	0.798832	0.721891	0.258035	0.198276	0.587126	0.339734	0.904888	0.611374	0.639692	0.834854	0.647414	0.57473	0.37629	0.215125	0.965442	0.0670922	0.134504	0.914774	0.849501	0.421701	0.044966	0.517914	0.525476	0.889974	0.483626	0.0989346	0.41204	0.27943	0.273077	0.625226	
0.943599	0.097338	0.826258	0.65087	0.0912065	0.045479	0.644504	0.560871	0.427627	0.34481	0.341131	0.212767	0.164572	0.0399422	0.836363	0.48128	0.265429	0.0357506	0.573873	0.683734	0.494526	0.340135	0.281477	0.959712	0.0885827	0.401	0.0526628	0.851347	0.762143	0.334058	0.816955	0.269227	0.514891	0.0874205	0.104182	0.0132967	0.867612	0.401633	0.469921	0.308849	
0.836599	0.40978	0.143842	0.0804562	0.794832	0.315235	0.359295	0.0335285	0.360659	0.978328	0.239215	0.326419	0.872314	0.463788	0.502549	0.826315	0.0463329	0.742638	0.269133	0.114695	0.543053	0.762304	0.316721	0.809053	0.936198	0.754257	0.731409	0.207634	0.459507	0.284717	0.895329	0.448538	0.20143	0.285838	0.833114	0.482532	0.361242	0.830013	0.281544	0.921077	
0.33569	0.865598	0.468726	0.853457	0.0259398	0.507396	0.752708	0.218347	0.301351	0.286703	0.503647	0.438275	0.429629	0.654276	0.703121	0.529714	0.279903	0.223019	0.435511	0.833404	0.119424	0.720245	0.381916	0.600038	0.143303	0.181503	0.794047	0.567055	0.926766	0.860246	0.0827101	0.478001	0.929841	0.133002	0.77736	0.993082	0.259185	0.464513	0.963925	0.244936	
0.583146	0.832136	0.369328	0.493874	0.976548	0.241765	0.579301	0.37849	0.937421	0.997466	0.269638	0.193206	0.478231	0.595206	0.136085	0.294512	0.728673	0.146776	0.826983	0.888116	0.236484	0.27595	0.838468	0.726363	0.262521	0.702822	0.387905	0.654339	0.23977	0.519339	0.609621	0.145527	0.519588	0.00120965	0.637877	0.930969	0.907069	0.11413	0.752941	0.818224	
0.662354	0.91882	0.28237	0.018321	0.867541	0.37187	0.478884	0.839704	0.923189	0.249789	0.773691	0.347806	0.880838	0.391868	0.993948	0.312057	0.997485	0.181902	0.980776	0.52727	0.396896	0.643542	0.688655	0.78463	0.979996	0.00755245	0.311375	0.320113	0.83676	0.0617386	0.430778	0.614032	0.943248	0.83835	0.068502	0.850325	0.0894811	0.394207	0.745415	0.0422526	
0.910209	0.500214	0.469872	0.946227	0.725742	0.356979	0.338022	0.00846377	0.743582	0.0418456	0.840618	0.49461	0.866243	0.166467	0.803944	0.901404	0.694837	0.15109	0.845959	0.395223	0.894791	0.694821	0.68644	0.669387	0.803956	0.712153	0.692288	0.569244	0.892768	0.463028	0.128466	0.131191	0.249069	0.282052	0.758455	0.16144	0.140172	0.669366	0.729847	0.917164	
0.0115292	0.645582	0.301142	0.379955	0.409327	0.42856	0.880456	0.505061	0.0472009	0.148843	0.481647	0.581	0.801532	0.292962	0.162925	0.192085	0.397945	0.0787538	0.40137	0.259741	0.714428	0.678091	0.694592	0.646469	0.499774	0.575761	0.360389	0.709604	0.294708	0.312269	0.711348	0.301812	0.77276	0.285033	0.0502567	0.119178	0.50499	0.19537	0.459892	0.538579	
0.114279	0.673628	0.964893	0.468672	0.787182	0.377683	0.0955297	0.880769	0.330984	0.724158	0.865932	0.706671	0.732701	0.299852	0.618411	0.624253	0.922715	0.805136	0.527542	0.970221	0.559007	0.0143996	0.541761	0.701842	0.294215	0.619463	0.556048	0.603632	0.984697	0.0188402	0.170642	0.84208	0.57599	0.878607	0.376065	0.417292	0.835662	0.986059	0.146738	0.660378	
0.0188913	0.623373	0.194536	0.668308	0.40049	0.0271266	0.63046	0.142161	0.631272	0.946194	0.035555	0.133201	0.230827	0.810844	0.580977	0.695869	0.523543	0.296899	0.206734	0.185917	0.144026	0.235464	0.983557	0.454822	0.45014	0.884026	0.373095	0.282008	0.9241	0.618292	0.107082	0.123836	0.94646	0.477939	0.759003	0.930127	0.60468	0.311628	0.14312	0.636257	
0.522916	0.0571883	0.869101	0.394978	0.805861	0.889445	0.724031	0.772674	0.93313	0.77347	0.177904	0.359916	0.771559	0.393663	0.695073	0.672593	0.281622	0.706982	0.650487	0.953634	0.667941	0.0750033	0.0218082	0.734554	0.116881	0.196333	0.243317	0.96466	0.653611	0.620863	0.620001	0.489067	0.600738	0.948543	0.666036	0.423733	0.827892	0.920324	0.266379	0.587922	
0.40826	0.416867	0.651804	0.217483	0.0596338	0.61747	0.837895	0.0111926	0.134633	0.336181	0.0507546	0.155373	0.135073	0.817587	0.479204	0.848412	0.241502	0.174753	0.715752	0.377433	0.148001	0.412038	0.333978	0.763124	0.412975	0.0386279	0.00759883	0.510588	0.753482	0.638712	0.713205	0.683062	0.700448	0.678245	0.640086	0.537078	0.439136	0.553134	0.561133	0.431091	
0.0996952	0.471611	0.0712984	0.795722	0.0293814	0.137771	0.148519	0.606425	0.63918	0.679051	0.515232	0.743089	0.569885	0.503676	0.683633	0.252447	0.222268	0.70958	0.644763	0.645872	0.278934	0.133253	0.415578	0.15072	0.0800022	0.835735	0.939828	0.59794	0.0908937	0.65283	0.445921	0.225301	0.557432	0.471282	0.918661	0.203988	0.315411	0.0825074	0.918599	0.114643	
0.276412	0.657878	0.299929	0.439134	0.130996	0.28752	0.11773	0.503031	0.550952	0.0192617	0.742354	0.645693	0.233531	0.467226	0.350014	0.819767	0.90151	0.263579	0.949225	0.762766	0.277575	0.471609	0.653445	0.618573	0.367252	0.65479	0.855009	0.260195	0.157781	0.823952	0.509312	0.24585	0.888697	0.189815	0.717345	0.157811	0.522145	0.279368	0.383099	0.123257	
0.612191	0.658525	0.636587	0.656274	0.235079	0.75836	0.0593039	0.721384	0.556476	0.832206	0.566365	0.281639	0.126478	0.706181	0.116168	0.825929	0.457182	0.239001	0.461972	0.899491	0.804405	0.631054	0.701502	0.731687	0.442676	0.456612	0.12579	0.172145	0.459473	0.113814	0.841841	0.687608	0.917498	0.74935	0.0422106	0.597781	0.956342	0.923684	0.352133	0.487474	
0.796167	0.863068	0.815053	0.823244	0.937565	0.124441	0.995023	0.852814	0.284998	0.644682	0.222174	0.865952	0.958738	0.690737	0.404683	0.181382	0.066761	0.514985	0.302599	0.402266	0.00318998	0.510848	0.0267391	0.808598	0.955608	0.783581	0.415531	0.505262	0.952447	0.924727	0.397083	0.413874	0.316814	0.621942	0.145335	0.843623	0.00876601	0.873272	0.974621	0.711299	
0.454766	0.0880366	0.449567	0.40078	0.398243	0.452023	0.860548	0.470762	0.203984	0.763884	0.585464	0.0412309	0.324116	0.395316	0.942262	0.754337	0.620662	0.686548	0.459603	0.798159	0.492762	0.0273348	0.605498	0.548242	0.540974	0.93716	0.0908201	0.958435	0.514189	0.50984	0.897057	0.570926	0.237131	0.0482972	0.545225	0.0167292	0.436967	0.732675	0.657955	0.190291	
0.219005	0.854011	0.327437	0.80443	0.163368	0.0862885	0.711109	0.40208	0.948029	0.251344	0.550464	0.990058	0.254805	0.0327162	0.593785	0.722424	0.871383	0.923483	0.867601	0.40693	0.957088	0.973099	0.683919	0.971582	0.456452	0.746563	0.453236	0.534408	0.364202	0.0515463	0.580137	0.145191	0.206361	0.15418	0.184046	0.264737	0.274765	0.0631921	0.00900586	0.40203	
0.333236	0.0480282	0.871387	0.385665	0.916844	0.553102	0.171992	0.852562	0.421576	0.633996	0.630996	0.86117	0.393447	0.627992	0.917069	0.775338	0.0992258	0.147195	0.152937	0.559922	0.60113	0.617774	0.409643	0.705433	0.718761	0.60195	0.203363	0.439046	0.261656	0.123595	0.127321	0.195026	0.242439	0.228756	0.882799	0.10542	0.858078	0.379493	0.979959	0.661174	
0.992001	0.398315	0.575045	0.823474	0.559032	0.795116	0.851834	0.865478	0.865821	0.0807865	0.637824	0.296857	0.91826	0.250251	0.60767	0.340344	0.914612	0.591877	0.418147	0.725093	0.711522	0.798013	0.592517	0.919838	0.410988	0.822142	0.66405	0.94328	0.0917535	0.123194	0.487706	0.304648	0.267458	0.260212	0.090461	0.0863809	0.729831	0.00650782	0.276892	0.940333	
0.599634	0.163985	0.735682	0.243872	0.646453	0.0737592	0.929374	0.996674	0.718187	0.0792916	0.0787246	0.0167102	0.086167	0.0859239	0.659677	0.230297	0.262077	0.703013	0.0412372	0.94294	0.40858	0.0475841	0.852683	0.016357	0.586306	0.950963	0.4258	0.99743	0.985325	0.0654027	0.12294	0.773431	0.870674	0.815123	0.239545	0.944728	0.438776	0.0650407	0.876384	0.824494	
0.69404	0.0138676	0.508139	0.790453	0.606718	0.550004	0.818765	0.358304	0.497474	0.0696413	0.758262	0.387355	0.811387	0.571847	0.860891	0.68542	0.740062	0.732884	0.972148	0.999078	0.340603	0.0447046	0.980643	0.767153	0.602743	0.461471	0.765638	0.34535	0.197826	0.118258	0.355509	0.752952	0.896843	0.885586	0.234374	0.539668	0.472755	0.0270895	0.30744	0.837536	
