25	50
99.6094	0.887046
107.844	0.518361
119.779	0.549793
116.699	0.178543
118.021	0.481623
103.1	0.513106
110.704	0.557338
100.944	0.128613
108.445	0.290539
108.183	0.194414
98.3037	0.919755
113.451	0.735336
115.292	0.655929
110.257	0.936117
110.102	0.621076
99.9241	0.111293
105.37	0.793053
111.382	0.270405
105.911	0.16696
119.29	0.391677
102.698	0.384849
102.896	0.580991
111.086	0.579131
107.753	0.133819
103.367	0.340188
27.0543
19.3056
36.7525
25.8799
7.38299
37.5703
45.0364
12.3292
10.7209
2.05885
18.8985
44.7874
17.1504
35.2662
28.0029
6.91759
34.8684
24.6883
15.1603
7.78707
15.625
19.1483
45.484
13.3788
43.524
28.4259
17.8223
4.14261
40.4034
20.3543
2.52491
6.71248
24.0973
47.6401
45.6858
34.3838
4.10072
43.145
26.7381
3.63466
37.2814
22.493
17.7042
37.4395
36.8771
10.4077
42.5084
13.3442
31.8995
38.172
0.891839	0.711061	0.149202	0.0268677	0.185848	0.984547	0.020143	0.320652	0.31384	0.786114	0.542067	0.257692	0.643326	0.378882	0.190619	0.833363	0.36567	0.2144	0.961726	0.402198	0.495998	0.191077	0.758788	0.197812	0.479171	0.00998175	0.514779	0.41211	0.206579	0.0164997	0.686206	0.264913	0.367384	0.59203	0.595849	0.332716	0.225335	0.511539	0.28402	0.0282145	0.588212	0.564733	0.0317657	0.138032	0.540378	0.381111	0.837913	0.591904	0.0972293	0.138651	
0.0145144	0.418029	0.469129	0.132781	0.415252	0.752586	0.544799	0.910573	0.459369	0.531418	0.659398	0.237147	0.696869	0.154715	0.872336	0.758165	0.164667	0.137584	0.362182	0.680313	0.115152	0.734336	0.301526	0.422146	0.572046	0.284304	0.50319	0.583903	0.252102	0.00883178	0.979014	0.640689	0.945243	0.397325	0.870878	0.0923528	0.211044	0.494678	0.9532	0.30635	0.874348	0.595958	0.560681	0.484383	0.284479	0.048791	0.410254	0.140562	0.856318	0.998219	
0.485913	0.0878162	0.278726	0.823766	0.116638	0.208394	0.139442	0.20177	0.132953	0.964416	0.664582	0.77579	0.295893	0.480299	0.686926	0.450656	0.476252	0.00971708	0.540923	0.43712	0.610755	0.697034	0.39978	0.0318138	0.525954	0.659929	0.258476	0.0185918	0.876183	0.882171	0.545031	0.531885	0.64976	0.486433	0.213976	0.909796	0.389946	0.566371	0.886118	0.58238	0.0609152	0.353595	0.178417	0.696431	0.477022	0.279231	0.701457	0.402411	0.349604	0.604619	
0.878638	0.600456	0.0387425	0.216335	0.754401	0.515648	0.500064	0.268887	0.530776	0.768958	0.479846	0.343972	0.839019	0.360453	0.63243	0.178723	0.751699	0.677857	0.149923	0.149258	0.122455	0.833229	0.810921	0.644912	0.957742	0.636102	0.500909	0.183023	0.404048	0.157752	0.922696	0.842877	0.0479422	0.688197	0.371989	0.440521	0.452874	0.886628	0.0658225	0.893921	0.558208	0.840519	0.244564	0.405316	0.782507	0.171663	0.731386	0.758003	0.24445	0.720931	
0.25665	0.3501	0.331404	0.169185	0.911829	0.970736	0.629482	0.154218	0.318802	0.255441	0.651537	0.665731	0.944745	0.544566	0.471562	0.70787	0.973209	0.369086	0.249615	0.8438	0.168372	0.39262	0.53496	0.73222	0.825411	0.146773	0.258297	0.599491	0.287922	0.767473	0.724964	0.548865	0.0762427	0.504618	0.942433	0.712657	0.0366034	0.96733	0.552061	0.205885	0.566781	0.232418	0.626517	0.865702	0.428751	0.860807	0.653014	0.122536	0.183479	0.452163	
0.910667	0.649715	0.198487	0.0826887	0.979949	0.869414	0.276275	0.0862713	0.868028	0.224222	0.236431	0.631035	0.376054	0.449672	0.749524	0.0133379	0.585002	0.617972	0.30388	0.814278	0.273385	0.381868	0.128221	0.590955	0.364191	0.877862	0.0981358	0.330836	0.376536	0.859767	0.167955	0.250162	0.0438839	0.403662	0.533384	0.816825	0.25259	0.505751	0.897975	0.163675	0.593516	0.288597	0.903376	0.392574	0.368712	0.879066	0.271949	0.581611	0.237147	0.0028278	
0.193492	0.111934	0.467889	0.405624	0.257745	0.959845	0.407931	0.589155	0.701104	0.664056	0.440059	0.616119	0.540062	0.811944	0.196211	0.796131	0.881013	0.658178	0.560858	0.588406	0.453592	0.690583	0.0301496	0.0895995	0.734633	0.300365	0.900843	0.165918	0.234835	0.622121	0.137485	0.0486207	0.100102	0.515732	0.898499	0.542358	0.482924	0.267612	0.503774	0.884151	0.461471	0.981943	0.482688	0.517864	0.129553	0.878807	0.258327	0.631638	0.84464	0.853021	
0.194183	0.903012	0.376701	0.566475	0.786741	0.216936	0.575147	0.0544025	0.385224	0.213583	0.532267	0.938628	0.415849	0.685813	0.879336	0.730251	0.20459	0.131475	0.838985	0.259936	0.476806	0.481963	0.354808	0.517708	0.191894	0.46122	0.894884	0.295334	0.646084	0.470287	0.0587324	0.394107	0.202037	0.884434	0.269357	0.758318	0.501647	0.0331605	0.0469621	0.707257	0.0837	0.823099	0.643752	0.978018	0.531753	0.72164	0.687288	0.051116	0.347398	0.930333	
0.55676	0.684046	0.500245	0.775182	0.87565	0.734168	0.210712	0.144439	0.0478479	0.185672	0.0579708	0.254418	0.467208	0.742437	0.690795	0.0787698	0.213874	0.19917	0.216376	0.316248	0.00706458	0.0323961	0.579596	0.379427	0.192165	0.312264	0.205861	0.759287	0.668817	0.738622	0.949797	0.00918983	0.694875	0.486725	0.0522604	0.372502	0.15004	0.819204	0.329082	0.00421013	0.0209883	0.513366	0.492416	0.33534	0.156557	0.386062	0.0615957	0.907623	0.0754541	0.298853	
0.497862	0.615977	0.833176	0.623378	0.931246	0.49117	0.360481	0.396224	0.0286228	0.51452	0.118968	0.416944	0.226877	0.901189	0.562323	0.0843509	0.0383228	0.709903	0.679037	0.987743	0.549163	0.652684	0.134079	0.644662	0.348414	0.823415	0.844584	0.264204	0.941166	0.283756	0.116787	0.671078	0.318391	0.63689	0.124697	0.028093	0.522609	0.058286	0.873826	0.0632542	0.929862	0.156893	0.500749	0.0170511	0.967878	0.237474	0.442022	0.903113	0.640756	0.0493575	
0.176681	0.64214	0.776391	0.591054	0.449659	0.581329	0.799314	0.0316086	0.45781	0.154131	0.523091	0.657991	0.105441	0.441559	0.722997	0.869292	0.639081	0.849205	0.484011	0.0312816	0.283857	0.510841	0.0846939	0.406625	0.911144	0.973684	0.308334	0.500757	0.0161385	0.606443	0.31202	0.510834	0.222737	0.987968	0.266387	0.461418	0.270348	0.895842	0.70225	0.199227	0.417368	0.427934	0.30952	0.992591	0.559206	0.00460682	0.976579	0.529462	0.0712603	0.962507	
0.537307	0.319946	0.264284	0.338081	0.325921	0.196984	0.713372	0.330644	0.0376648	0.382653	0.714128	0.291677	0.56827	0.0416029	0.922472	0.615661	0.970634	0.232664	0.71954	0.919781	0.325675	0.246381	0.221707	0.128928	0.518896	0.129554	0.749757	0.714813	0.0397589	0.982917	0.845114	0.731733	0.630628	0.0967385	0.18127	0.497947	0.746532	0.00577864	0.116994	0.299269	0.315498	0.144355	0.260772	0.874773	0.757266	0.593446	0.735516	0.748064	0.459178	0.481538	
0.404159	0.505188	0.752954	0.166478	0.905385	0.291478	0.58158	0.797109	0.224583	0.00324217	0.62961	0.439241	0.0330963	0.62129	0.881856	0.910856	0.645639	0.256941	0.81749	0.737068	0.35283	0.87744	0.790287	0.843208	0.0922119	0.243578	0.890593	0.690058	0.843811	0.553312	0.554368	0.737634	0.232192	0.0217601	0.0410454	0.271484	0.378448	0.763108	0.462002	0.068703	0.268877	0.189604	0.741306	0.558311	0.866488	0.639396	0.896146	0.932812	0.786169	0.265753	
0.288312	0.128434	0.0679862	0.452671	0.773106	0.825831	0.393137	0.00105967	0.0937001	0.203393	0.160937	0.239907	0.484227	0.308904	0.406982	0.255735	0.234206	0.476141	0.436536	0.300445	0.558166	0.388768	0.564985	0.858961	0.0857945	0.699435	0.895242	0.0795559	0.215425	0.382566	0.729538	0.419759	0.6786	0.911877	0.943794	0.820546	0.14172	0.560474	0.20271	0.0189105	0.436406	0.334582	0.104314	0.406963	0.838958	0.956236	0.4496	0.0403158	0.639626	0.35082	
0.226475	0.0363974	0.0856858	0.22332	0.192758	0.921672	0.712499	0.890556	0.149857	0.875814	0.976195	0.0148784	0.186668	0.596961	0.809654	0.56451	0.719144	0.122234	0.0746082	0.17567	0.880916	0.742547	0.0442022	0.751283	0.754829	0.208085	0.731637	0.757365	0.457366	0.561208	0.883256	0.884314	0.121521	0.39387	0.632869	0.101672	0.611762	0.826627	0.186721	0.840132	0.356235	0.391194	0.0511176	0.217741	0.545352	0.270105	0.875454	0.370189	0.102161	0.130868	
0.210083	0.850532	0.254586	0.137601	0.109928	0.879245	0.0484172	0.348397	0.237921	0.935487	0.371271	0.93352	0.667708	0.984595	0.720279	0.109538	0.591209	0.989341	0.0893017	0.581802	0.297043	0.31114	0.896612	0.06789	0.798208	0.845763	0.799952	0.968543	0.799287	0.578792	0.422792	0.676031	0.278932	0.806538	0.999428	0.383084	0.259093	0.8563	0.926053	0.14385	0.265716	0.471935	0.538601	0.793299	0.492804	0.113125	0.86252	0.0700129	0.28623	0.477645	
0.135221	0.0379969	0.728208	0.448239	0.115836	0.887103	0.237571	0.569946	0.379852	0.21291	0.0875829	0.262972	0.516846	0.150577	0.4729	0.0291853	0.223672	0.456565	0.997838	0.756215	0.818069	0.14517	0.469374	0.0967488	0.647906	0.543758	0.695398	0.899658	0.952793	0.9766	0.746095	0.12253	0.6107	0.821559	0.771092	0.18661	0.631664	0.674425	0.502603	0.752278	0.363006	0.306828	0.0300558	0.294002	0.626427	0.443002	0.0562422	0.535914	0.198741	0.772168	
0.635226	0.441252	0.236191	0.382001	0.762728	0.802953	0.49279	0.538861	0.841109	0.292759	0.0530075	0.157904	0.46838	0.560984	0.954215	0.275292	0.365298	0.833027	0.693598	0.0613545	0.939224	0.0764924	0.0881643	0.356615	0.510869	0.0654376	0.576863	0.443392	0.901094	0.950253	0.942493	0.0127661	0.741213	0.603663	0.876768	0.817568	0.153364	0.153145	0.331379	0.149458	0.313047	0.31423	0.883567	0.531646	0.0269962	0.391625	0.973654	0.546907	0.500795	0.809925	
0.691881	0.636283	0.886812	0.973847	0.749039	0.234366	0.346856	0.325489	0.967036	0.228991	0.00744387	0.972509	0.00228266	0.310816	0.194558	0.170512	0.578355	0.275553	0.21767	0.880084	0.768318	0.106532	0.818419	0.242131	0.940151	0.361595	0.741507	0.376101	0.736892	0.355566	0.753681	0.687684	0.345411	0.174908	0.741825	0.407761	0.299901	0.617573	0.653953	0.655316	0.587677	0.639142	0.30305	0.646734	0.991056	0.407406	0.110699	0.419032	0.323834	0.0242613	
0.488645	0.803592	0.75207	0.363056	0.918868	0.153574	0.428792	0.219615	0.69735	0.550349	0.0451349	0.388814	0.757351	0.893918	0.539059	0.931112	0.786851	0.25632	0.862538	0.4985	0.894235	0.687728	0.797698	0.946838	0.471009	0.577756	0.239214	0.716046	0.062893	0.223568	0.141058	0.672317	0.0792673	0.539715	0.871709	0.0810768	0.890454	0.0443495	0.488788	0.975868	0.379637	0.855008	0.660352	0.0618883	0.496463	0.361863	0.99318	0.363064	0.657583	0.927938	
0.926167	0.124527	0.460127	0.788797	0.258961	0.74464	0.789584	0.314032	0.345682	0.178611	0.887699	0.921679	0.160625	0.087848	0.521978	0.399309	0.216443	0.76081	0.590696	0.346069	0.250087	0.916711	0.84968	0.296118	0.417075	0.877782	0.893945	0.779488	0.208789	0.594034	0.448745	0.3979	0.344537	0.302142	0.253104	0.305009	0.936645	0.720452	0.147324	0.33406	0.721306	0.585198	0.617262	0.919973	0.379446	0.303673	0.0876302	0.174942	0.216026	0.17381	
0.35665	0.950333	0.727655	0.105957	0.139852	0.670999	0.437727	0.283368	0.222989	0.704552	0.966792	0.346624	0.28006	0.139042	0.421567	0.718574	0.119687	0.229926	0.991463	0.341146	0.162594	0.550472	0.88984	0.87517	0.721436	0.208048	0.0985721	0.545334	0.957731	0.548767	0.721382	0.451395	0.745323	0.512494	0.258587	0.690923	0.727691	0.133467	0.460741	0.492606	0.885721	0.661665	0.570451	0.11041	0.220386	0.360052	0.860923	0.561218	0.177343	0.221208	
0.0572548	0.943253	0.587081	0.258458	0.818344	0.463405	0.874665	0.117542	0.417262	0.309743	0.232612	0.320625	0.384357	0.344951	0.842018	0.193623	0.97144	0.0130384	0.555051	0.483196	0.329391	0.432637	0.605856	0.260883	0.535528	0.105043	0.286897	0.785061	0.282705	0.636847	0.28827	0.598607	0.914671	0.483944	0.0427617	0.576411	0.61038	0.0101489	0.216886	0.825391	0.146644	0.876356	0.129176	0.612224	0.546301	0.972857	0.386074	0.387799	0.379905	0.468279	
0.672674	0.970124	0.525419	0.857668	0.724385	0.213013	0.210153	0.418089	0.512177	0.0927705	0.344546	0.107735	0.124484	0.760334	0.278083	0.693566	0.398257	0.945285	0.18078	0.393057	0.595322	0.547837	0.3733	0.37241	0.145463	0.989695	0.544634	0.849557	0.542135	0.74082	0.998922	0.0595323	0.733851	0.416943	0.834504	0.715928	0.603178	0.669762	0.582078	0.799968	0.53739	0.899739	0.057625	0.169586	0.542967	0.0812347	0.899282	0.258394	0.568779	0.881137	
0.483149	0.0379779	0.711705	0.309847	0.708418	0.116614	0.231721	0.605778	0.0450215	0.842701	0.118867	0.448584	0.10487	0.535393	0.547852	0.665672	0.341051	0.799708	0.402198	0.25102	0.728749	0.927287	0.87347	0.631969	0.18014	0.810982	0.124289	0.641892	0.600115	0.606413	0.101198	0.200108	0.173513	0.00111052	0.554848	0.0595669	0.276101	0.898718	0.303442	0.447252	0.588291	0.447881	0.140679	0.266817	0.00471056	0.93311	0.753964	0.1	0.914044	0.636872	
