30	40
144.649	0.600355
137.888	0.629307
148.473	0.0630533
133.729	0.119211
148.159	0.434123
125.725	0.844028
135.541	0.661924
144.201	0.96588
151.156	0.187625
128.154	0.864213
149.972	0.055478
127.017	0.0363346
131.398	0.487673
122.909	0.480372
144.177	0.851187
140.009	0.558922
121.084	0.347031
136.076	0.192729
145.796	0.733307
124.82	0.695366
130.541	0.227346
134.991	0.265075
148.816	0.326943
135.607	0.0244707
132.766	0.298066
124.698	0.405692
133.093	0.0943886
141.185	0.794263
129.516	0.501262
127.411	0.309745
24.5537
26.0387
45.733
18.939
9.06435
14.6909
47.7551
3.94401
39.2046
8.20729
11.8826
18.8581
40.5197
40.777
37.5877
11.5884
3.91522
33.5628
40.184
18.4818
26.6055
46.2813
11.7706
25.4598
42.3882
9.20406
43.6069
41.2694
22.821
25.9565
39.7494
37.9886
29.7672
1.90771
32.0306
31.6895
23.393
33.107
44.5331
11.338
0.415887	0.867481	0.279479	0.323409	0.0963978	0.988889	0.302526	0.562307	0.748566	0.357693	0.383951	0.230955	0.960915	0.852216	0.902315	0.818567	0.964231	0.000903511	0.343608	0.273863	0.228564	0.813758	0.137049	0.247028	0.966344	0.359658	0.657591	0.370183	0.94237	0.839194	0.931962	0.647302	0.273018	0.808835	0.361404	0.0729573	0.832673	0.158159	0.0908582	0.345851	
0.51558	0.286747	0.553571	0.423115	0.0889494	0.114188	0.505261	0.305684	0.852141	0.486409	0.349482	0.707244	0.634852	0.641955	0.947743	0.93702	0.511753	0.888337	0.119063	0.353925	0.340523	0.12276	0.769415	0.0498683	0.49351	0.622413	0.416961	0.0911295	0.107171	0.903399	0.0778988	0.0840046	0.328818	0.76136	0.306058	0.511777	0.107947	0.279176	0.713057	0.813725	
0.866645	0.321467	0.9381	0.836004	0.282488	0.692411	0.602561	0.888632	0.566743	0.556138	0.733187	0.93328	0.139815	0.79759	0.86175	0.628203	0.839031	0.885049	0.518046	0.601991	0.546999	0.0795536	0.865938	0.558972	0.336159	0.24873	0.801816	0.62274	0.381146	0.0971617	0.892692	0.913065	0.958228	0.574608	0.363916	0.17789	0.648604	0.902908	0.761987	0.521651	
0.246664	0.482999	0.743329	0.587687	0.791916	0.701522	0.690172	0.506774	0.145117	0.305085	0.610469	0.218704	0.624885	0.709718	0.0907589	0.333216	0.969838	0.292523	0.955612	0.778506	0.696867	0.576367	0.482091	0.706039	0.0396843	0.191901	0.944208	0.208846	0.357619	0.402188	0.318028	0.907553	0.484544	0.558327	0.125184	0.0843796	0.076909	0.356806	0.849109	0.577812	
0.867329	0.118993	0.671112	0.844956	0.806788	0.759929	0.793511	0.686801	0.722403	0.723509	0.178382	0.692698	0.91898	0.918178	0.836011	0.602247	0.282344	0.369348	0.682799	0.806696	0.818662	0.394463	0.316063	0.903208	0.58314	0.0794982	0.381483	0.135847	0.816388	0.755132	0.052564	0.761068	0.509949	0.733751	0.227539	0.0279869	0.894664	0.925018	0.532071	0.98326	
0.192398	0.886478	0.814995	0.0723473	0.0545662	0.00464619	0.493598	0.386324	0.330016	0.453908	0.778972	0.409592	0.202307	0.980662	0.00688203	0.74545	0.885437	0.783317	0.779217	0.121773	0.36152	0.374624	0.720827	0.988158	0.698816	0.602442	0.595532	0.339341	0.517288	0.714398	0.633892	0.87845	0.821447	0.294203	0.335091	0.916189	0.573255	0.852458	0.951801	0.177921	
0.681423	0.91958	0.488811	0.470503	0.555677	0.988641	0.570352	0.587376	0.630423	0.990021	0.970185	0.200348	0.835185	0.737336	0.520467	0.1428	0.997361	0.624321	0.112376	0.405311	0.379769	0.852583	0.20528	0.964817	0.77592	0.899845	0.17683	0.439233	0.509019	0.412107	0.777023	0.603337	0.159658	0.344837	0.545679	0.501452	0.85648	0.266754	0.326146	0.486412	
0.972023	0.701225	0.619675	0.976464	0.289043	0.994345	0.163352	0.593995	0.767037	0.438519	0.749577	0.876645	0.883246	0.94923	0.847698	0.754083	0.832072	0.640962	0.441277	0.757171	0.386586	0.613111	0.32175	0.752804	0.365217	0.713798	0.383582	0.544428	0.243633	0.20914	0.842516	0.487634	0.141857	0.0823328	0.190171	0.130694	0.456496	0.500558	0.715655	0.644617	
0.0980161	0.814698	0.43779	0.708735	0.243536	0.393093	0.294358	0.161249	0.737685	0.955027	0.392203	0.757357	0.0464699	0.923544	0.307825	0.792193	0.511828	0.941847	0.355289	0.329319	0.0127198	0.9354	0.700947	0.265568	0.588173	0.523864	0.718263	0.960325	0.405874	0.0237182	0.125661	0.369225	0.328378	0.92074	0.939448	0.515567	0.366353	0.997696	0.225645	0.846276	
0.666894	0.43144	0.308467	0.616677	0.444292	0.0679969	0.421868	0.919521	0.0860795	0.198888	0.0197996	0.391804	0.513489	0.904675	0.300683	0.900441	0.210082	0.728593	0.270432	0.0253878	0.335097	0.798057	0.889314	0.299383	0.161655	0.597991	0.869897	0.229676	0.388707	0.0212287	0.706718	0.336811	0.813931	0.231051	0.546469	0.985791	0.0132397	0.136367	0.320024	0.331023	
0.280757	0.144788	0.270076	0.629368	0.709739	0.221756	0.61076	0.291363	0.53861	0.30855	0.255167	0.730924	0.670453	0.490566	0.80639	0.675327	0.187091	0.456533	0.557971	0.679138	0.0117727	0.93615	0.0703358	0.665251	0.604364	0.669053	0.690707	0.669249	0.636401	0.179497	0.893069	0.944607	0.339285	0.866134	0.17365	0.170525	0.443784	0.303163	0.794696	0.639821	
0.15272	0.799056	0.411417	0.239894	0.802756	0.902467	0.194683	0.264561	0.967227	0.303684	0.269357	0.292998	0.922701	0.0616943	0.718686	0.78678	0.223321	0.744976	0.282407	0.56107	0.727889	0.590866	0.232667	0.394726	0.201591	0.104783	0.68182	0.798791	0.805149	0.024598	0.329261	0.981574	0.550344	0.206235	0.702462	0.329275	0.265205	0.74162	0.0924441	0.746296	
0.529121	0.414923	0.154307	0.336232	0.125565	0.266318	0.173635	0.590495	0.243361	0.483832	0.71445	0.0746451	0.978412	0.319118	0.279499	0.131056	0.936981	0.216831	0.0681229	0.274964	0.957826	0.48986	0.54446	0.10795	0.234203	0.832177	0.059974	0.631272	0.436991	0.111863	0.364877	0.0548503	0.642872	0.102629	0.97599	0.0149656	0.697882	0.981513	0.205677	0.312885	
0.560964	0.14716	0.571027	0.352115	0.135059	0.833534	0.682427	0.591484	0.333818	0.963405	0.669625	0.308447	0.0533743	0.502852	0.375349	0.134324	0.162833	0.552604	0.446574	0.167674	0.398796	0.914853	0.634441	0.817434	0.0457821	0.785247	0.339652	0.490701	0.0839156	0.641176	0.864802	0.32376	0.768701	0.814312	0.302588	0.235055	0.568024	0.00207498	0.186075	0.517546	
0.670451	0.371806	0.62422	0.976299	0.0520323	0.181618	0.0714267	0.236051	0.702091	0.134648	0.581265	0.62278	0.771619	0.450217	0.588134	0.689099	0.287529	0.00635552	0.0748965	0.164024	0.23222	0.112601	0.755259	0.67791	0.608264	0.58235	0.559379	0.274608	0.0329537	0.358736	0.0426275	0.764884	0.599955	0.517013	0.639076	0.381914	0.430884	0.293345	0.307405	0.180212	
0.894976	0.349889	0.991808	0.379515	0.374956	0.256148	0.181587	0.345936	0.349454	0.56124	0.280682	0.40825	0.990642	0.186741	0.735913	0.797761	0.597306	0.00120085	0.663553	0.917673	0.721659	0.843967	0.887758	0.0696925	0.263816	0.880475	0.469746	0.498089	0.103809	0.335174	0.274405	0.995426	0.345859	0.52526	0.718682	0.232885	0.451709	0.33911	0.0734489	0.970009	
0.898159	0.749156	0.13081	0.288546	0.0451291	0.126936	0.551365	0.198694	0.516425	0.314346	0.585825	0.664209	0.959741	0.0250985	0.887121	0.863581	0.675134	0.777435	0.820717	0.933617	0.233528	0.770614	0.732641	0.149205	0.760447	0.818009	0.830029	0.932786	0.603141	0.913401	0.204441	0.623063	0.441841	0.107453	0.039057	0.792341	0.655697	0.591816	0.264383	0.10673	
0.842439	0.953029	0.987428	0.988359	0.0630231	0.832285	0.965661	0.499171	0.351464	0.505773	0.235723	0.173436	0.963751	0.952409	0.389229	0.128949	0.0806606	0.637924	0.796918	0.408397	0.171799	0.756556	0.640219	0.913437	0.554087	0.845758	0.310238	0.344457	0.830555	0.881901	0.202359	0.186033	0.329619	0.208368	0.744785	0.294373	0.179186	0.684503	0.670246	0.911118	
0.779799	0.459138	0.032131	0.00106006	0.762251	0.776807	0.756025	0.316747	0.277573	0.0927038	0.410328	0.00661631	0.789405	0.45388	0.316419	0.152649	0.459907	0.738362	0.269072	0.244592	0.196011	0.430636	0.0577908	0.282855	0.155308	0.785186	0.75719	0.41204	0.914728	0.188438	0.166585	0.948293	0.497952	0.823486	0.244356	0.49387	0.203492	0.492192	0.223	0.761761	
0.461819	0.264781	0.926039	0.624321	0.252082	0.919416	0.245484	0.733462	0.561643	0.58087	0.147441	0.138193	0.461936	0.837212	0.777339	0.0388594	0.0264416	0.646537	0.829291	0.620115	0.3803	0.343341	0.683619	0.854458	0.347945	0.0631598	0.295986	0.577076	0.531145	0.677431	0.795215	0.315276	0.16661	0.103139	0.179581	0.239735	0.00407997	0.722908	0.186661	0.604941	
0.610122	0.71167	0.248842	0.519195	0.865361	0.340532	0.277172	0.864683	0.504504	0.820435	0.372873	0.892689	0.355521	0.0316528	0.351974	0.738787	0.0775087	0.217454	0.639288	0.188731	0.691601	0.169586	0.844786	0.748293	0.744188	0.820024	0.0938963	0.258642	0.49793	0.151081	0.148379	0.971587	0.668329	0.397664	0.418299	0.65073	0.215003	0.689827	0.639772	0.439368	
0.225106	0.637114	0.360153	0.54307	0.725931	0.439723	0.941497	0.401217	0.928304	0.187989	0.975707	0.602498	0.131241	0.238628	0.0517279	0.950727	0.374891	0.63719	0.706467	0.108418	0.0547442	0.859193	0.622127	0.357549	0.351747	0.605668	0.46189	0.732826	0.815094	0.0644016	0.334678	0.151974	0.855421	0.858239	0.462526	0.75277	0.191497	0.340252	0.496438	0.577214	
0.884406	0.306371	0.581922	0.13405	0.202303	0.641644	0.105909	0.475249	0.545412	0.869468	0.945021	0.635283	0.238484	0.956798	0.343773	0.806037	0.39856	0.985529	0.681806	0.394976	0.469309	0.387355	0.850645	0.66943	0.831404	0.134454	0.721304	0.888884	0.360838	0.642595	0.0750385	0.242937	0.862733	0.0679768	0.21452	0.687072	0.349526	0.471946	0.664792	0.700097	
0.870542	0.304762	0.871071	0.7568	0.353809	0.402648	0.809093	0.906991	0.0102465	0.261121	0.903076	0.899225	0.223469	0.745685	0.237711	0.862735	0.602012	0.225109	0.321271	0.410261	0.962815	0.87088	0.00233014	0.79276	0.681966	0.0691403	0.521834	0.685137	0.95652	0.544755	0.57904	0.517514	0.442406	0.869816	0.010515	0.500121	0.863729	0.0809565	0.23983	0.70811	
0.112234	0.516189	0.021285	0.685641	0.939061	0.755841	0.369564	0.382005	0.463452	0.37039	0.758814	0.177809	0.105604	0.0560838	0.494019	0.708884	0.819984	0.644715	0.831602	0.916754	0.829566	0.272182	0.517846	0.59281	0.210513	0.877039	0.647482	0.173751	0.47164	0.861002	0.650739	0.970025	0.538636	0.240634	0.403554	0.119192	0.95804	0.350278	0.947188	0.139622	
0.397486	0.943336	0.374368	0.971454	0.848403	0.752692	0.722555	0.732825	0.408627	0.711372	0.47222	0.29023	0.942582	0.245092	0.823689	0.830472	0.304188	0.0773711	0.0588425	0.488335	0.399077	0.00196344	0.505892	0.974543	0.335751	0.708298	0.469331	0.804371	0.498394	0.283461	0.111278	0.798909	0.873312	0.250853	0.342057	0.365283	0.0189906	0.184986	0.886086	0.0699073	
0.493316	0.289535	0.251966	0.74968	0.891987	0.24892	0.842997	0.108373	0.280773	0.227919	0.512157	0.350505	0.0638403	0.482327	0.664481	0.221616	0.509299	0.0666198	0.978131	0.218633	0.0354054	0.216415	0.0181466	0.203915	0.365935	0.727553	0.665309	0.835712	0.629058	0.101195	0.80828	0.685647	0.362483	0.485794	0.067227	0.151012	0.0743681	0.333674	0.64082	0.675759	
0.561736	0.0737724	0.938999	0.175499	0.319739	0.197841	0.75935	0.652013	0.963945	0.290039	0.823725	0.165246	0.904648	0.323573	0.403172	0.568474	0.562337	0.73685	0.479284	0.428682	0.759612	0.170887	0.344523	0.418842	0.768252	0.214324	0.373511	0.859382	0.411832	0.228785	0.209316	0.221885	0.598776	0.895962	0.728675	0.0956128	0.163351	0.786961	0.3842	0.590031	
0.261284	0.953981	0.995411	0.289079	0.409543	0.480046	0.502846	0.102333	0.921291	0.151778	0.707436	0.454322	0.321352	0.701912	0.415447	0.531844	0.639255	0.364196	0.393185	0.864843	0.669148	0.718532	0.435711	0.585105	0.923383	0.904723	0.494207	0.354984	0.208395	0.0616739	0.286191	0.72851	0.386926	0.463573	0.76283	0.0396525	0.763551	0.296138	0.433986	0.494369	
0.71331	0.666556	0.723378	0.672019	0.278366	0.767752	0.853576	0.0553929	0.261271	0.675412	0.436037	0.475894	0.976067	0.952134	0.97625	0.275861	0.812698	0.460382	0.471615	0.260365	0.493222	0.490099	0.0598812	0.406037	0.183177	0.697148	0.317654	0.238647	0.343581	0.560589	0.152014	0.312804	0.629144	0.895021	0.931527	0.0816407	0.858614	0.148474	0.198861	0.259152	
