30	30
124.296	0.308007
143.84	0.084892
138.732	0.514646
122.255	0.398046
143.36	0.191203
131.726	0.130428
140.331	0.622515
142.969	0.347642
131.938	0.0982819
138.018	0.604168
140.587	0.504676
137.143	0.621683
144.06	0.0439022
135.468	0.173269
149.274	0.658558
139.716	0.640057
144.187	0.863917
122.347	0.273224
132.005	0.874653
143.085	0.285769
140.491	0.253365
140.115	0.161654
139.581	0.831264
136.379	0.687745
130.208	0.66746
122.455	0.163767
131.01	0.618453
139.697	0.0266563
144.549	0.265871
144.056	0.351637
27.6592
36.5326
26.001
40.6063
13.7507
45.9113
1.64438
41.3568
42.1708
5.61604
38.244
31.7534
42.0264
18.5093
23.3927
6.65519
6.26028
26.7265
15.8252
6.07418
16.805
37.4392
46.8384
21.4366
20.5835
26.2807
33.1958
27.1786
41.7598
35.3053
0.652478	0.810738	0.180256	0.287472	0.932791	0.622331	0.161618	0.90903	0.525494	0.440439	0.0814291	0.669889	0.4099	0.987188	0.994364	0.285173	0.709467	0.888839	0.642992	0.91525	0.729204	0.111673	0.700544	0.367515	0.631603	0.0457613	0.904293	0.118887	0.55221	0.199995	
0.751641	0.129539	0.230289	0.21068	0.47905	0.843456	0.579979	0.990497	0.0390153	0.338078	0.167296	0.1756	0.722796	0.696643	0.329973	0.936436	0.359377	0.339985	0.387688	0.564745	0.917021	0.426369	0.584312	0.508531	0.987958	0.471795	0.213135	0.303262	0.521632	0.689521	
0.436039	0.286889	0.215421	0.355889	0.879221	0.466064	0.638193	0.940811	0.584258	0.0718851	0.813135	0.365864	0.838832	0.164904	0.842772	0.575958	0.819036	0.0342085	0.798365	0.784299	0.0123489	0.568704	0.163346	0.868096	0.537245	0.199697	0.896937	0.627702	0.285364	0.137003	
0.837698	0.164354	0.784942	0.235431	0.275874	0.00262048	0.302888	0.168626	0.555162	0.190276	0.0720766	0.888939	0.403957	0.430064	0.787287	0.727656	0.321729	0.793288	0.60026	0.61711	0.385163	0.133653	0.102327	0.150514	0.260059	0.9194	0.361414	0.743318	0.57927	0.188306	
0.264225	0.629742	0.264919	0.190346	0.906854	0.504855	0.19158	0.646038	0.395386	0.910832	0.12578	0.04197	0.562035	0.669298	0.310434	0.44946	0.56702	0.495369	0.515614	0.851644	0.597645	0.00243469	0.0157431	0.759686	0.600533	0.924074	0.718359	0.500819	0.303189	0.279924	
0.909598	0.241251	0.67253	0.276887	0.0941609	0.558621	0.00645377	0.820339	0.401193	0.295987	0.519234	0.102115	0.463913	0.162833	0.453823	0.890158	0.0793445	0.630733	0.943777	0.793876	0.0238473	0.0932117	0.488397	0.139703	0.555318	0.406907	0.0105921	0.672002	0.873177	0.918818	
0.0877784	0.637783	0.0128425	0.461943	0.740965	0.368012	0.481658	0.691902	0.128074	0.441171	0.673236	0.714612	0.227077	0.243418	0.542802	0.782442	0.622686	0.307096	0.745295	0.793278	0.799129	0.873005	0.824598	0.784475	0.753547	0.988118	0.898411	0.945098	0.314673	0.451154	
0.647915	0.0971292	0.602852	0.680124	0.549302	0.90239	0.551583	0.52471	0.4999	0.399801	0.891718	0.774618	0.993682	0.197746	0.963907	0.00492709	0.636403	0.760248	0.0923713	0.816146	0.232116	0.355748	0.811621	0.794061	0.826601	0.898069	0.659976	0.294548	0.378784	0.493533	
0.994128	0.880807	0.864101	0.149682	0.477291	0.413549	0.129478	0.487607	0.774614	0.0169662	0.314124	0.787209	0.278101	0.104295	0.225292	0.229281	0.646845	0.464996	0.819965	0.771636	0.277896	0.524163	0.725771	0.691944	0.234998	0.801088	0.573397	0.0781793	0.0664476	0.265867	
0.551658	0.993755	0.845174	0.0154835	0.440488	0.665	0.051038	0.872843	0.0171173	0.232645	0.421508	0.789637	0.111924	0.691481	0.642108	0.613648	0.476211	0.769264	0.0325928	0.899458	0.164314	0.40762	0.531792	0.029739	0.143346	0.582789	0.350374	0.568505	0.199442	0.0591572	
0.0416036	0.898479	0.110663	0.0783247	0.879595	0.815556	0.227015	0.930658	0.468208	0.880936	0.576999	0.0336976	0.317101	0.691005	0.712717	0.666182	0.892331	0.606687	0.531383	0.54206	0.857176	0.942811	0.90526	0.50793	0.198678	0.59178	0.415862	0.607019	0.512093	0.419018	
0.626802	0.581476	0.796955	0.159996	0.385614	0.775977	0.40335	0.320657	0.0860934	0.379833	0.822982	0.4771	0.640708	0.32498	0.321893	0.96927	0.937107	0.959518	0.858125	0.0967708	0.695183	0.425447	0.282719	0.367974	0.864224	0.219541	0.0808819	0.370412	0.758843	0.840252	
0.604356	0.720213	0.246326	0.642688	0.758934	0.240809	0.0591772	0.447801	0.853286	0.670156	0.24904	0.575541	0.255422	0.512985	0.459594	0.899716	0.965804	0.19626	0.831042	0.216344	0.839986	0.288664	0.787982	0.378116	0.404779	0.626521	0.117411	0.893634	0.504423	0.450298	
0.568679	0.353702	0.688701	0.46832	0.978512	0.764939	0.963493	0.346738	0.310153	0.35884	0.5203	0.546427	0.477499	0.0338279	0.260086	0.32246	0.597126	0.275804	0.96161	0.0431842	0.288911	0.410482	0.963903	0.65024	0.133606	0.236715	0.659367	0.536024	0.265435	0.179241	
0.953895	0.321128	0.181161	0.832114	0.815936	0.954619	0.409539	0.91049	0.847167	0.391121	0.17498	0.716914	0.212789	0.156441	0.375779	0.392083	0.937457	0.747908	0.285479	0.353439	0.045188	0.994768	0.806193	0.935868	0.468899	0.0421255	0.831354	0.288087	0.845481	0.124974	
0.145348	0.0914616	0.937275	0.120631	0.687942	0.157907	0.300941	0.308964	0.770628	0.868832	0.0881475	0.715717	0.423211	0.612482	0.405111	0.274405	0.360532	0.844175	0.4933	0.381514	0.297925	0.16746	0.842355	0.383186	0.855722	0.427841	0.134166	0.119385	0.70112	0.23754	
0.357366	0.798674	0.85634	0.63566	0.935445	0.838296	0.366494	0.0289289	0.573965	0.133992	0.56015	0.227142	0.403496	0.598236	0.634632	0.319909	0.559296	0.906708	0.786526	0.38782	0.340581	0.271676	0.190262	0.507518	0.898477	0.75999	0.550265	0.645719	0.584503	0.871561	
0.869973	0.321233	0.532347	0.499402	0.127619	0.803666	0.214463	0.163163	0.546488	0.512858	0.568838	0.558201	0.33875	0.14776	0.341504	0.794324	0.73419	0.0829079	0.396222	0.0816555	0.0456712	0.963308	0.577117	0.315044	0.96299	0.356574	0.419781	0.761575	0.392566	0.655333	
0.205064	0.595104	0.170455	0.515661	0.74562	0.0466332	0.704385	0.71547	0.419795	0.140932	0.773793	0.436496	0.135025	0.523446	0.881408	0.395352	0.471023	0.117012	0.614655	0.79166	0.438456	0.448367	0.768263	0.439529	0.0785292	0.93272	0.701707	0.665054	0.8979	0.26836	
0.187474	0.316658	0.246931	0.942049	0.490684	0.0748094	0.0139656	0.388477	0.209994	0.51915	0.958776	0.882389	0.994388	0.815353	0.778964	0.599142	0.901141	0.729521	0.301398	0.142407	0.318273	0.374251	0.580859	0.465733	0.339433	0.447649	0.955101	0.84341	0.17516	0.251954	
0.362185	0.971763	0.968565	0.149773	0.288462	0.0275537	0.934199	0.816115	0.412524	0.284557	0.423825	0.754961	0.165875	0.662802	0.517871	0.481015	0.719822	0.623136	0.250047	0.178106	0.169566	0.0729164	0.962358	0.26348	0.263645	0.624905	0.119881	0.551191	0.223317	0.755138	
0.566475	0.205025	0.273865	0.607712	0.752534	0.451655	0.99459	0.25537	0.585555	0.898817	0.995476	0.898958	0.382586	0.92867	0.600851	0.397696	0.75384	0.075247	0.426471	0.348018	0.871539	0.109321	0.513066	0.235309	0.26753	0.967631	0.674486	0.945402	0.520257	0.452438	
0.653353	0.816719	0.892874	0.083399	0.431859	0.843021	0.769529	0.757016	0.604287	0.585371	0.967447	0.255496	0.624547	0.657194	0.469085	0.651382	0.262277	0.437	0.849805	0.591166	0.580501	0.833352	0.387848	0.826811	0.47541	0.914647	0.256182	0.642777	0.0985911	0.532888	
0.426569	0.792169	0.0988675	0.910858	0.253982	0.0539065	0.362917	0.41476	0.782964	0.0385501	0.668623	0.767187	0.353574	0.834764	0.989042	0.177149	0.245278	0.0079638	0.246241	0.741274	0.215489	0.935848	0.0561415	0.701346	0.45399	0.532635	0.301762	0.372074	0.77273	0.274018	
0.546825	0.600118	0.360076	0.148339	0.803829	0.568752	0.412832	0.997262	0.809632	0.30626	0.13732	0.323807	0.534502	0.741286	0.936066	0.689662	0.175306	0.0325541	0.938176	0.380236	0.54262	0.611183	0.146832	0.812499	0.475535	0.314829	0.0947647	0.703796	0.0301503	0.296784	
0.0388715	0.0430039	0.76983	0.382095	0.406204	0.254142	0.972255	0.264384	0.464929	0.603736	0.012498	0.664843	0.612889	0.705168	0.91524	0.691863	0.132491	0.0759344	0.615301	0.0525228	0.862549	0.698715	0.879963	0.0742935	0.278713	0.0144628	0.99906	0.730597	0.790858	0.00861053	
0.123037	0.161159	0.408264	0.262224	0.584988	0.357475	0.0718936	0.7821	0.774896	0.0625558	0.825588	0.659138	0.268388	0.827384	0.591641	0.826824	0.898017	0.0698452	0.344508	0.241519	0.714355	0.542289	0.399747	0.181386	0.691151	0.714469	0.694617	0.342859	0.107415	0.697106	
0.663954	0.646391	0.524631	0.576403	0.0975642	0.900896	0.0375881	0.281888	0.956445	0.357041	0.765424	0.673085	0.262521	0.979783	0.625094	0.409042	0.685503	0.952257	0.0965813	0.4396	0.112576	0.490512	0.609121	0.623924	0.611156	0.377644	0.870669	0.175104	0.695657	0.499392	
0.0154085	0.455258	0.87234	0.882984	0.369777	0.23786	0.816833	0.399972	0.598144	0.192081	0.320073	0.165113	0.88877	0.0858263	0.458114	0.415588	0.378753	0.395151	0.478481	0.488726	0.652582	0.242282	0.169897	0.833834	0.162373	0.368419	0.81598	0.860504	0.487545	0.514325	
0.837379	0.334576	0.679637	0.690234	0.534606	0.249653	0.6275	0.552804	0.617883	0.126035	0.253175	0.862933	0.403609	0.529593	0.799094	0.207484	0.973393	0.427252	0.514944	0.969352	0.28956	0.958367	0.932682	0.992909	0.026173	0.624501	0.80534	0.814749	0.559579	0.0465791	
