25	50
108.132	0.0531588
111.635	0.713026
109.777	0.99322
112.302	0.924938
100.895	0.0738697
98.5012	0.165901
102.984	0.707523
108.387	0.591607
111.877	0.962147
113.341	0.650307
119.474	0.448053
105.416	0.844181
115.373	0.799056
120.905	0.749116
120.705	0.339869
99.7068	0.0131728
106.376	0.671426
108.656	0.515319
100.814	0.819941
103.779	0.927835
103.665	0.119721
110.214	0.865142
108.413	0.641548
117.633	0.58311
97.909	0.306229
34.6786
11.4578
23.265
2.54303
13.8792
11.4343
4.31971
40.7578
7.01254
21.4896
8.42337
4.47828
28.7637
48.9123
27.5866
5.64021
37.5228
43.2109
16.3411
37.7183
18.1265
40.6795
28.5803
15.3473
31.3279
31.781
44.6603
36.2443
37.4228
22.8293
12.5679
18.6921
16.9337
48.9884
27.0744
16.0105
16.8348
32.9173
31.1019
48.5428
29.174
16.6491
33.9833
11.1209
3.9744
17.0655
11.9386
26.5224
47.0827
18.815
0.23504	0.00745654	0.617104	0.269236	0.598662	0.233691	0.0702315	0.0118535	0.147327	0.465746	0.663704	0.0756253	0.630558	0.65524	0.521138	0.771662	0.598347	0.402648	0.731253	0.365891	0.752784	0.322116	0.224911	0.990366	0.566633	0.700974	0.960804	0.804095	0.0633574	0.55105	0.454718	0.240413	0.338024	0.208005	0.580384	0.760725	0.432014	0.484603	0.652434	0.751188	0.506922	0.599191	0.0826824	0.536994	0.829775	0.509102	0.901847	0.881305	0.215362	0.563677	
0.0519041	0.0488362	0.31351	0.218452	0.781946	0.178145	0.508828	0.348319	0.505277	0.0292744	0.325617	0.6011	0.499336	0.283821	0.576588	0.78878	0.11138	0.861438	0.90266	0.826019	0.93042	0.890986	0.731365	0.484804	0.551883	0.847501	0.174225	0.563841	0.310779	0.703958	0.0733825	0.455542	0.452324	0.989232	0.338663	0.886892	0.149235	0.672286	0.552072	0.621411	0.704351	0.512624	0.79207	0.398166	0.785178	0.721485	0.202235	0.0223895	0.524266	0.839597	
0.388829	0.61147	0.109213	0.0158771	0.553656	0.704544	0.114008	0.261077	0.293547	0.721356	0.361863	0.379414	0.995981	0.69632	0.140233	0.343089	0.816992	0.765539	0.181829	0.923449	0.0301749	0.164898	0.393436	0.165169	0.794984	0.575337	0.0215339	0.400913	0.104595	0.788299	0.666396	0.81067	0.228949	0.205339	0.828654	0.494022	0.643877	0.1098	0.42252	0.66573	0.793068	0.511261	0.0169632	0.79638	0.294078	0.379402	0.319858	0.954392	0.673198	0.271756	
0.0520196	0.614518	0.313897	0.834775	0.74291	0.850989	0.600324	0.361582	0.869618	0.542114	0.227728	0.850886	0.168278	0.962415	0.291198	0.385789	0.918653	0.0997329	0.672639	0.424192	0.171848	0.081364	0.768245	0.878555	0.387097	0.748331	0.478402	0.872578	0.835131	0.996039	0.334555	0.829857	0.0429028	0.254032	0.418395	0.680646	0.038636	0.963333	0.865055	0.902507	0.245359	0.0183977	0.126105	0.937335	0.196183	0.941687	0.490391	0.293531	0.0121611	0.830749	
0.395037	0.349327	0.366907	0.379957	0.254394	0.469874	0.190385	0.445628	0.870193	0.846967	0.163445	0.806132	0.282498	0.546668	0.840585	0.137004	0.443099	0.0706477	0.197134	0.438343	0.229989	0.939946	0.282344	0.717917	0.0159012	0.540851	0.845329	0.117319	0.351825	0.399633	0.453589	0.436544	0.591525	0.0758164	0.120859	0.578375	0.782501	0.583834	0.301688	0.354531	0.346206	0.843242	0.66763	0.403568	0.632188	0.395912	0.801725	0.763937	0.493098	0.52644	
0.472752	0.876087	0.754664	0.868173	0.570305	0.8224	0.852425	0.795383	0.581707	0.345355	0.468508	0.428363	0.26507	0.913392	0.915599	0.539029	0.148203	0.184492	0.246456	0.806887	0.338598	0.0521194	0.141851	0.0597822	0.801262	0.538713	0.92881	0.0991632	0.725832	0.422047	0.622551	0.250071	0.209774	0.0709042	0.235946	0.81494	0.0265101	0.745942	0.255773	0.118334	0.87407	0.536049	0.647642	0.3238	0.322949	0.216849	0.984983	0.534902	0.193667	0.0810111	
0.980092	0.991507	0.409297	0.213912	0.116964	0.0952855	0.660375	0.305594	0.441147	0.846427	0.0473332	0.213915	0.297073	0.596327	0.151599	0.447334	0.660762	0.65324	0.814607	0.325085	0.95737	0.684156	0.263455	0.643579	0.945163	0.628784	0.332246	0.871117	0.437185	0.117621	0.0882236	0.369065	0.591181	0.130392	0.605683	0.667473	0.406008	0.933528	0.979648	0.395526	0.213721	0.534181	0.654456	0.0801964	0.783394	0.534809	0.232287	0.131073	0.95372	0.149757	
0.404955	0.189194	0.0474476	0.666662	0.0365135	0.184867	0.708302	0.747246	0.550013	0.86756	0.146612	0.356739	0.964697	0.157409	0.206353	0.756208	0.79388	0.286572	0.651628	0.287531	0.472771	0.685052	0.897394	0.937272	0.232549	0.150686	0.238028	0.364576	0.730735	0.636681	0.119786	0.969233	0.305677	0.537218	0.575268	0.859606	0.690666	0.216942	0.457098	0.653609	0.780003	0.779727	0.817717	0.881322	0.354312	0.733858	0.980187	0.0755014	0.564381	0.797917	
0.482292	0.707792	0.878314	0.339342	0.44357	0.121795	0.350624	0.364757	0.673308	0.429045	0.254606	0.182026	0.379581	0.868146	0.905572	0.946357	0.447036	0.277675	0.433217	0.4162	0.495746	0.588674	0.798262	0.679632	0.803358	0.83521	0.313687	0.447158	0.872137	0.85942	0.565377	0.275553	0.137732	0.590622	0.408041	0.125166	0.673838	0.166752	0.534757	0.382485	0.812466	0.710157	0.879267	0.130977	0.821634	0.460548	0.467869	0.683276	0.921775	0.0495329	
0.336886	0.14785	0.397931	0.328773	0.861877	0.659626	0.562148	0.50423	0.660173	0.673753	0.934187	0.144562	0.208838	0.169915	0.868936	0.808843	0.418734	0.302587	0.994052	0.30192	0.47543	0.283671	0.604382	0.0332173	0.452923	0.186723	0.459358	0.432161	0.739874	0.835751	0.309086	0.772932	0.0365727	0.189588	0.284696	0.213443	0.646734	0.12782	0.707725	0.142943	0.80639	0.0613265	0.265666	0.882291	0.453546	0.81209	0.339284	0.0348159	0.241424	0.846379	
0.620409	0.907341	0.208654	0.64425	0.680724	0.803083	0.867943	0.449533	0.505819	0.871906	0.0578467	0.494515	0.660046	0.855974	0.703569	0.499699	0.850386	0.957175	0.160688	0.0680409	0.674526	0.828679	0.0902071	0.0393319	0.543788	0.307683	0.259616	0.28366	0.241557	0.239062	0.667826	0.195484	0.985411	0.781766	0.699933	0.660639	0.491436	0.0321819	0.896174	0.770168	0.838755	0.0106134	0.852484	0.0496134	0.0758796	0.193254	0.995368	0.368795	0.652324	0.853697	
0.59548	0.0108827	0.383428	0.929863	0.273645	0.191945	0.356266	0.296604	0.0135837	0.28797	0.759392	0.393432	0.664699	0.0588961	0.807137	0.557395	0.773951	0.170931	0.0251488	0.454545	0.741954	0.381781	0.998671	0.121826	0.877763	0.102558	0.676127	0.383752	0.0590581	0.933038	0.680998	0.0284841	0.729033	0.121618	0.509677	0.406263	0.706756	0.919805	0.904321	0.126019	0.81953	0.869669	0.137101	0.583988	0.551058	0.948329	0.209135	0.689984	0.73243	0.592002	
0.713186	0.267522	0.725284	0.512666	0.606309	0.527166	0.690614	0.441535	0.778038	0.157013	0.689624	0.385607	0.714574	0.000187166	0.793015	0.835236	0.00474634	0.240044	0.893293	0.423511	0.587022	0.186328	0.31682	0.501205	0.264014	0.147837	0.484872	0.98422	0.600058	0.301826	0.508134	0.408258	0.781529	0.455193	0.921087	0.658767	0.429364	0.414379	0.0177955	0.341949	0.208764	0.103428	0.461498	0.510587	0.986504	0.701893	0.491009	0.111463	0.355422	0.55926	
0.884901	0.600129	0.633604	0.390993	0.412546	0.0978269	0.49636	0.139083	0.522149	0.345241	0.476916	0.468617	0.139873	0.161712	0.563635	0.996753	0.020231	0.616475	0.0412824	0.480736	0.515436	0.646655	0.566475	0.528949	0.216655	0.862188	0.15158	0.0963448	0.66102	0.782895	0.00304724	0.275824	0.537563	0.705469	0.566823	0.899438	0.253487	0.617873	0.51967	0.0538735	0.996912	0.648243	0.378083	0.820567	0.105124	0.230593	0.453728	0.790385	0.394166	0.102183	
0.00713845	0.299406	0.289039	0.604153	0.876678	0.811866	0.0583897	0.867766	0.649146	0.792724	0.324015	0.133579	0.514312	0.732358	0.552482	0.548225	0.791345	0.708394	0.959396	0.497303	0.372687	0.806357	0.723769	0.612631	0.696741	0.933346	0.695076	0.273057	0.847915	0.909561	0.597461	0.399329	0.824058	0.949239	0.0618706	0.506481	0.0169707	0.57196	0.126507	0.710145	0.0667838	0.203689	0.51469	0.47251	0.862923	0.384866	0.360498	0.0236991	0.705102	0.032872	
0.769975	0.162932	0.898892	0.179013	0.435545	0.201427	0.822137	0.395138	0.846834	0.744478	0.427773	0.694723	0.205963	0.968799	0.0079604	0.992956	0.627641	0.662797	0.0285009	0.328676	0.46091	0.051422	0.603745	0.93301	0.957823	0.590298	0.382673	0.58619	0.0112402	0.396727	0.616231	0.0316519	0.40493	0.287632	0.116715	0.000532601	0.25472	0.150552	0.647969	0.930581	0.970965	0.748898	0.666124	0.131666	0.629836	0.31637	0.978856	0.516052	0.205759	0.291793	
0.2596	0.707302	0.868085	0.122808	0.683702	0.153516	0.269569	0.12929	0.544504	0.0164507	0.0482465	0.660308	0.305445	0.42356	0.778961	0.38502	0.369374	0.180239	0.284936	0.561823	0.0796742	0.320861	0.0442501	0.738408	0.759968	0.251294	0.0144146	0.355656	0.190581	0.348417	0.299565	0.602897	0.451096	0.153797	0.724117	0.796686	0.644618	0.0771668	0.0220758	0.300497	0.263351	0.714974	0.357783	0.447772	0.376294	0.264305	0.348547	0.978284	0.0161852	0.643335	
0.659147	0.669014	0.213929	0.74935	0.758687	0.81409	0.305234	0.661303	0.760081	0.343296	0.297327	0.342577	0.238451	0.234131	0.724516	0.0140231	0.208343	0.584986	0.900832	0.926721	0.847348	0.313615	0.650519	0.757222	0.75592	0.83509	0.355674	0.366201	0.0795835	0.965618	0.0151149	0.428007	0.565351	0.540677	0.608254	0.15394	0.0525687	0.505782	0.903589	0.333313	0.177526	0.792088	0.589324	0.815105	0.219499	0.224647	0.405952	0.685562	0.375217	0.317723	
0.779855	0.565157	0.214277	0.0104475	0.470705	0.711338	0.344376	0.0591627	0.571601	0.825725	0.658193	0.254305	0.614652	0.925094	0.308318	0.385502	0.987957	0.202354	0.317034	0.891465	0.153588	0.57475	0.849206	0.0917472	0.467557	0.982137	0.380486	0.380738	0.541518	0.851262	0.0843721	0.459922	0.658629	0.711926	0.013878	0.272006	0.174383	0.314539	0.765145	0.866449	0.740341	0.975607	0.621889	0.619824	0.428567	0.641595	0.125109	0.132338	0.252116	0.513576	
0.40193	0.630963	0.540124	0.909741	0.622539	0.809884	0.827942	0.173599	0.930923	0.22949	0.756636	0.970783	0.902611	0.859807	0.58322	0.77768	0.0161869	0.106557	0.116633	0.747565	0.489894	0.467899	0.721403	0.514888	0.996937	0.776588	0.525542	0.0687389	0.148299	0.912369	0.563372	0.280355	0.855706	0.200796	0.485263	0.977865	0.743212	0.377616	0.462781	0.1104	0.670094	0.018019	0.206082	0.486364	0.373311	0.166216	0.737357	0.131885	0.112685	0.249789	
0.846029	0.0400316	0.179098	0.470856	0.307553	0.547278	0.607881	0.409738	0.447785	0.781288	0.567521	0.23415	0.0973529	0.436547	0.321443	0.616472	0.706353	0.665352	0.693628	0.762764	0.642035	0.729091	0.346338	0.00955689	0.36456	0.389016	0.972535	0.602496	0.228609	0.0162538	0.117506	0.212941	0.987046	0.355264	0.340037	0.410635	0.883279	0.96762	0.0369581	0.249582	0.987918	0.726302	0.499847	0.00262578	0.488004	0.530369	0.895404	0.708662	0.404373	0.400945	
0.516342	0.399458	0.956453	0.0120094	0.0987006	0.833944	0.0370703	0.65332	0.307773	0.817505	0.672641	0.60196	0.1987	0.846085	0.726585	0.53761	0.45468	0.0205661	0.736074	0.0542817	0.20293	0.252148	0.498475	0.137797	0.58049	0.797037	0.126717	0.569895	0.0521606	0.234306	0.0161755	0.43803	0.0779537	0.549795	0.314202	0.625201	0.643815	0.476046	0.66272	0.851975	0.405182	0.517344	0.792001	0.465531	0.495856	0.898751	0.544379	0.507518	0.695074	0.297509	
0.493052	0.0129978	0.548269	0.41608	0.375235	0.39397	0.0880361	0.758772	0.332987	0.013785	0.0449078	0.799405	0.26451	0.280869	0.900671	0.210789	0.384879	0.192778	0.488898	0.505367	0.74349	0.495792	0.824125	0.832218	0.758997	0.503898	0.486315	0.402711	0.196015	0.844839	0.00464338	0.522915	0.644043	0.103219	0.990549	0.22161	0.0331426	0.310077	0.43946	0.552676	0.221699	0.125668	0.608043	0.0560567	0.264204	0.507058	0.244199	0.0324386	0.950402	0.268882	
0.145458	0.131839	0.196865	0.710749	0.507891	0.239737	0.462254	0.830154	0.886921	0.563737	0.953637	0.740322	0.407025	0.852703	0.7407	0.346664	0.417625	0.578908	0.88248	0.168524	0.105628	0.496246	0.625293	0.810968	0.494563	0.213722	0.340975	0.126485	0.913678	0.549382	0.442836	0.593352	0.0918104	0.430834	0.825177	0.933217	0.937341	0.0454706	0.379823	0.214742	0.544512	0.317055	0.671266	0.385023	0.451872	0.407876	0.315299	0.020591	0.228419	0.937627	
0.764062	0.782632	0.340636	0.608979	0.60365	0.732371	0.234729	0.069268	0.08683	0.959616	0.916108	0.548434	0.955402	0.842652	0.264813	0.957274	0.281425	0.787617	0.391153	0.481067	0.693899	0.260047	0.0938906	0.0453607	0.0734158	0.614865	0.670773	0.470584	0.370587	0.869707	0.276123	0.584177	0.53628	0.53629	0.767139	0.551449	0.0381226	0.505498	0.729426	0.00238894	0.313037	0.452037	0.446271	0.237822	0.285364	0.888178	0.926106	0.687847	0.0783102	0.243442	
