30	60
122.418	0.0326875
141.891	0.979954
135.613	0.256771
134.323	0.653515
136.697	0.460594
123.495	0.75042
144.355	0.973114
123.708	0.0772208
128.712	0.973652
143.746	0.830321
143.817	0.83441
140.034	0.24124
122.98	0.463473
126.315	0.502415
138.653	0.560345
130.866	0.579014
135.813	0.893424
139.404	0.237704
136.547	0.431237
132.149	0.412024
120.177	0.845395
128.148	0.280015
126.279	0.205235
147.217	0.00339484
138.985	0.0156903
133.133	0.527135
137.894	0.786534
144.529	0.391433
140.187	0.382858
145.259	0.626713
34.1537
12.988
10.8813
37.9123
2.01579
5.88353
15.1192
21.8184
22.0668
16.3735
10.7249
47.417
3.31191
11.6931
44.9858
5.72673
12.884
28.6897
31.2091
8.04536
29.1601
9.47761
47.8381
8.93996
21.4354
17.6668
43.1819
45.5539
38.6643
9.70837
40.3415
39.7518
45.3468
18.2756
5.46471
31.9702
3.49358
41.0773
45.3744
26.2308
10.3395
38.4468
11.1807
47.9379
48.4957
15.0117
49.8687
38.2515
4.07142
42.7875
15.5432
13.6197
6.54255
23.0905
29.6861
43.4419
45.3079
44.5404
46.9287
2.46742
0.294356	0.335445	0.596556	0.788293	0.187839	0.211756	0.444665	0.424057	0.319767	0.282246	0.357154	0.0149948	0.740342	0.539823	0.768334	0.649669	0.50231	0.690897	0.683757	0.136228	0.741039	0.995471	0.746749	0.496585	0.755119	0.326326	0.823092	0.731396	0.451395	0.455391	0.0986706	0.667948	0.879437	0.350688	0.800261	0.0668767	0.134863	0.0716096	0.953191	0.540851	0.384636	0.868875	0.382922	0.914515	0.521853	0.15528	0.320223	0.91245	0.967639	0.189158	0.270596	0.677113	0.420747	0.291167	0.769504	0.737728	0.405201	0.616714	0.119912	0.165451	
0.708289	0.370041	0.468858	0.814953	0.80201	0.44483	0.539103	0.129895	0.979753	0.681011	0.961833	0.730371	0.769445	0.692777	0.468923	0.854657	0.014762	0.770669	0.746756	0.48636	0.58666	0.101046	0.42848	0.340852	0.708734	0.291746	0.405638	0.620134	0.96855	0.782508	0.146466	0.948096	0.422446	0.982497	0.0942752	0.798619	0.508338	0.242497	0.410225	0.0888111	0.212075	0.773695	0.907347	0.875876	0.169402	0.275538	0.0129151	0.573831	0.521472	0.51479	0.176851	0.0688026	0.775018	0.584099	0.202085	0.343208	0.429473	0.395424	0.451405	0.520561	
0.0510151	0.0439408	0.393387	0.50139	0.532576	0.900236	0.249047	0.155861	0.92352	0.0726521	0.39965	0.860599	0.214459	0.694084	0.941209	0.724084	0.760124	0.324693	0.257284	0.0553671	0.738039	0.511217	0.460841	0.978113	0.355663	0.221611	0.476765	0.837974	0.118037	0.379504	0.55618	0.685995	0.729455	0.793659	0.120952	0.00800134	0.985109	0.748948	0.422129	0.809007	0.813853	0.19351	0.743847	0.0419618	0.636606	0.812147	0.276064	0.742501	0.76587	0.955223	0.37787	0.0211119	0.635409	0.949657	0.0376061	0.516554	0.491033	0.949165	0.181224	0.924766	
0.556484	0.132465	0.600948	0.760524	0.810709	0.967166	0.752021	0.26912	0.725006	0.819913	0.144255	0.16665	0.333968	0.884676	0.0253875	0.353106	0.406431	0.687748	0.49883	0.249032	0.819835	0.734612	0.444568	0.0208554	0.570643	0.710431	0.341584	0.121381	0.365443	0.720242	0.732976	0.717167	0.755606	0.699548	0.672683	0.597862	0.44314	0.863242	0.70341	0.524232	0.552739	0.209139	0.882114	0.395746	0.664986	0.80126	0.87028	0.982281	0.470078	0.11704	0.449337	0.954379	0.453209	0.264907	0.744023	0.881698	0.467867	0.607639	0.00467466	0.48779	
0.112275	0.466804	0.0296868	0.36996	0.499557	0.937692	0.55608	0.587809	0.749869	0.782915	0.424759	0.72953	0.147541	0.851992	0.734911	0.915346	0.11489	0.462098	0.978958	0.166271	0.636648	0.960389	0.0103312	0.505275	0.831829	0.320413	0.355647	0.751539	0.778323	0.899227	0.726627	0.336249	0.108436	0.94057	0.152274	0.784236	0.827593	0.664002	0.84817	0.132513	0.918088	0.27763	0.00192252	0.50508	0.681399	0.0697456	0.767867	0.111856	0.989629	0.718827	0.332247	0.346591	0.233273	0.182941	0.58047	0.1697	0.77131	0.314421	0.111238	0.149365	
0.85283	0.310716	0.444333	0.377942	0.179558	0.964973	0.431311	0.656976	0.317328	0.091196	0.790546	0.0796423	0.0641894	0.921816	0.247714	0.595655	0.470419	0.378171	0.976844	0.339498	0.0297275	0.252739	0.0800518	0.32735	0.726647	0.407486	0.593937	0.996183	0.188865	0.194943	0.839913	0.607536	0.221697	0.672137	0.750606	0.302555	0.252747	0.558248	0.872041	0.159601	0.728465	0.495646	0.973982	0.389494	0.641696	0.961524	0.459628	0.840519	0.219733	0.417004	0.196341	0.14243	0.137305	0.817829	0.803576	0.776525	0.742327	0.704393	0.232955	0.746026	
0.796633	0.422285	0.873913	0.780434	0.0918179	0.367896	0.544677	0.33459	0.325721	0.760051	0.459518	0.624137	0.649417	0.0971684	0.882445	0.107422	0.94973	0.136349	0.334182	0.986608	0.734296	0.47534	0.909937	0.546352	0.133703	0.721921	0.591866	0.0325016	0.614494	0.224263	0.155237	0.487452	0.048728	0.852024	0.867398	0.997536	0.331496	0.116988	0.662586	0.198917	0.900386	0.995544	0.126945	0.468477	0.219362	0.781016	0.975653	0.415462	0.969905	0.115884	0.911978	0.943001	0.326677	0.427807	0.353253	0.996797	0.100959	0.351089	0.3205	0.966928	
0.0847272	0.981677	0.140944	0.0513357	0.0758427	0.333091	0.276844	0.296423	0.965544	0.893425	0.312567	0.445968	0.736436	0.764376	0.34556	0.230057	0.135456	0.476896	0.903724	0.606049	0.0293334	0.903101	0.222256	0.436614	0.900183	0.226682	0.216598	0.44892	0.0506884	0.588566	0.679191	0.735812	0.941735	0.849998	0.38238	0.528517	0.207128	0.872415	0.102293	0.29037	0.655652	0.968287	0.909535	0.184191	0.800114	0.773835	0.452972	0.331057	0.835711	0.218879	0.154736	0.905579	0.922172	0.670097	0.455766	0.0129877	0.371751	0.521436	0.588177	0.133331	
0.0980787	0.499617	0.345103	0.239433	0.215459	0.352053	0.850765	0.787834	0.614269	0.136533	0.79999	0.317243	0.563989	0.841696	0.873559	0.570301	0.106689	0.777249	0.807939	0.8354	0.413841	0.757306	0.969851	0.244011	0.197807	0.610098	0.0671116	0.637053	0.0473818	0.134113	0.0967438	0.306425	0.0141601	0.364448	0.688807	0.429799	0.302006	0.236876	0.270288	0.356752	0.0888648	0.617898	0.309849	0.536951	0.801477	0.622305	0.766741	0.009719	0.327493	0.814906	0.0106044	0.29965	0.296343	0.371022	0.66866	0.0742988	0.10414	0.414013	0.969529	0.0400792	
0.603891	0.572397	0.653945	0.274734	0.8239	0.447048	0.449605	0.947595	0.232296	0.327008	0.780173	0.343407	0.440018	0.280411	0.169813	0.699264	0.772958	0.894198	0.444362	0.920994	0.925169	0.117996	0.986679	0.246439	0.481519	0.316403	0.0794995	0.98415	0.829901	0.428942	0.689449	0.148831	0.698069	0.00469448	0.18299	0.722603	0.990554	0.352802	0.682816	0.484525	0.216709	0.470265	0.0239356	0.345843	0.484695	0.0794026	0.896668	0.869506	0.398365	0.122742	0.492925	0.018278	0.29657	0.188735	0.84041	0.599435	0.502239	0.689346	0.419958	0.958794	
0.527843	0.765589	0.00424107	0.0970952	0.770147	0.905664	0.365546	0.966135	0.487543	0.527679	0.239345	0.0446679	0.154861	0.0830302	0.153422	0.5955	0.17865	0.748965	0.157434	0.471917	0.967208	0.773004	0.217226	0.599266	0.793407	0.582612	0.671757	0.844485	0.317279	0.750686	0.607172	0.0469976	0.0828416	0.441772	0.955794	0.569881	0.376303	0.0351501	0.926463	0.304116	0.261431	0.447329	0.564547	0.698492	0.564206	0.673871	0.0164409	0.680834	0.496251	0.529118	0.995573	0.657901	0.438885	0.0595859	0.119005	0.112856	0.645488	0.482857	0.344075	0.444022	
0.759483	0.89492	0.115421	0.173094	0.230301	0.728988	0.813694	0.118556	0.803083	0.108076	0.560926	0.348546	0.44895	0.159786	0.921887	0.713807	0.238122	0.108377	0.536748	0.177725	0.96784	0.121347	0.172083	0.51644	0.479919	0.556983	0.36112	0.122151	0.925787	0.476067	0.191911	0.574065	0.0468271	0.205202	0.722175	0.814326	0.621414	0.502144	0.936737	0.349413	0.572579	0.846922	0.0791082	0.199014	0.289188	0.0364732	0.646134	0.146898	0.0799532	0.0943918	0.625885	0.947739	0.98049	0.123518	0.0143089	0.430966	0.149157	0.161145	0.235963	0.283623	
0.22947	0.206283	0.522917	0.599615	0.906043	0.892401	0.0148921	0.249251	0.661681	0.803363	0.589517	0.148566	0.526325	0.655114	0.556323	0.0653551	0.280263	0.0550742	0.341971	0.636894	0.810874	0.497479	0.481087	0.270166	0.713866	0.0651259	0.53902	0.00776183	0.137395	0.311526	0.92696	0.140144	0.860447	0.693756	0.0357804	0.748964	0.880999	0.904988	0.499255	0.218014	0.466508	0.196559	0.453161	0.18191	0.2623	0.0751285	0.128563	0.324295	0.340331	0.807788	0.110938	0.327733	0.701672	0.0144485	0.955118	0.0155788	0.327413	0.243694	0.127526	0.36482	
0.66427	0.413274	0.653881	0.179459	0.558125	0.279217	0.482104	0.905756	0.564101	0.911898	0.272871	0.683731	0.569945	0.0207195	0.0114591	0.735271	0.831748	0.425842	0.177775	0.127133	0.707628	0.264531	0.250827	0.925145	0.548418	0.106095	0.830953	0.878416	0.727531	0.571473	0.57364	0.537222	0.522396	0.725692	0.402606	0.16217	0.783134	0.475906	0.89566	0.584993	0.684823	0.344817	0.781299	0.639093	0.756369	0.811035	0.706966	0.884472	0.812726	0.378847	0.0467738	0.536998	0.304498	0.00533976	0.603776	0.553774	0.830643	0.891268	0.630171	0.439931	
0.558992	0.665168	0.0102886	0.194907	0.453863	0.962966	0.322379	0.239651	0.316416	0.257811	0.424309	0.286295	0.0200596	0.455972	0.73551	0.301256	0.58803	0.90007	0.512386	0.500197	0.215629	0.546294	0.413742	0.414741	0.393337	0.657869	0.820916	0.96037	0.0639362	0.614082	0.568677	0.256252	0.478168	0.811803	0.789415	0.425107	0.202415	0.856	0.653838	0.302365	0.149102	0.152785	0.696925	0.599983	0.749683	0.698336	0.273541	0.0820448	0.617338	0.797471	0.495184	0.349009	0.279589	0.401768	0.262897	0.626515	0.138264	0.179339	0.739194	0.708631	
0.995391	0.790187	0.0446991	0.280272	0.881936	0.496163	0.732323	0.200553	0.875077	0.872197	0.268001	0.86442	0.571613	0.699814	0.0582318	0.986596	0.559111	0.174296	0.766708	0.778516	0.731882	0.684614	0.265285	0.160013	0.881451	0.0903534	0.675416	0.778441	0.218304	0.934617	0.136963	0.806703	0.595005	0.860326	0.250474	0.644498	0.65433	0.692532	0.583972	0.19259	0.997195	0.343191	0.67528	0.632523	0.669107	0.121728	0.136782	0.264953	0.411662	0.767458	0.493623	0.84106	0.466026	0.823463	0.158401	0.48184	0.122407	0.624313	0.334663	0.619292	
0.00292439	0.45017	0.650918	0.84147	0.717706	0.532862	0.127349	0.723266	0.0207711	0.0796551	0.0132302	0.159502	0.790262	0.60841	0.867037	0.58716	0.584855	0.226633	0.153399	0.446874	0.308926	0.289327	0.640121	0.0340398	0.365807	0.371186	0.317471	0.453713	0.107017	0.991983	0.0482044	0.616679	0.506737	0.449138	0.0555554	0.554055	0.350698	0.807894	0.863178	0.205452	0.371365	0.215481	0.971494	0.370859	0.342442	0.201437	0.465323	0.0718374	0.753446	0.312259	0.552558	0.535691	0.999843	0.602984	0.154341	0.504126	0.477372	0.299916	0.771997	0.0516186	
0.319014	0.559622	0.952525	0.719801	0.172309	0.477972	0.559787	0.986946	0.662133	0.855286	0.0557837	0.0925079	0.353037	0.775391	0.399424	0.683386	0.503676	0.181301	0.203771	0.969849	0.681203	0.717656	0.394224	0.630586	0.131214	0.731125	0.937662	0.839585	0.703102	0.946097	0.965238	0.685596	0.176467	0.212266	0.850792	0.448146	0.588632	0.327869	0.761673	0.558681	0.133492	0.211189	0.659798	0.777421	0.898827	0.62713	0.152507	0.974782	0.0399242	0.0987571	0.793065	0.925302	0.199823	0.0253779	0.736824	0.235463	0.332424	0.600143	0.773763	0.12628	
0.619184	0.491313	0.038463	0.192769	0.140001	0.511557	0.85324	0.555196	0.747913	0.603279	0.317211	0.583865	0.449931	0.902319	0.866647	0.355825	0.135141	0.669854	0.381251	0.697522	0.920775	0.680461	0.838342	0.963263	0.718498	0.201315	0.983801	0.047403	0.603749	0.244438	0.891297	0.176817	0.349806	0.297631	0.0773441	0.715129	0.204478	0.0519206	0.765751	0.261084	0.158781	0.615587	0.807543	0.687036	0.822231	0.80676	0.594786	0.51498	0.960311	0.593301	0.136464	0.410552	0.744402	0.138222	0.24532	0.324415	0.784707	0.379502	0.375194	0.625896	
0.658915	0.67392	0.970562	0.0193857	0.37946	0.933963	0.184029	0.0522052	0.170614	0.651396	0.653527	0.486257	0.168892	0.431276	0.940102	0.352894	0.396888	0.365744	0.956537	0.637866	0.817322	0.939994	0.414231	0.567025	0.800643	0.862557	0.424194	0.489907	0.160065	0.237977	0.93267	0.633994	0.603242	0.262272	0.767859	0.117518	0.375922	0.322562	0.597269	0.315164	0.535357	0.226555	0.261717	0.317371	0.898611	0.0921867	0.667385	0.0909855	0.777723	0.959181	0.0868818	0.21667	0.966436	0.963099	0.625198	0.82052	0.737706	0.743183	0.554871	0.41403	
0.234418	0.122305	0.202834	0.572885	0.992101	0.0754091	0.568922	0.971722	0.748318	0.669302	0.613539	0.0738302	0.230535	0.804362	0.367469	0.959294	0.934658	0.324944	0.764267	0.583949	0.957154	0.814232	0.868884	0.374668	0.691503	0.643203	0.260179	0.765345	0.768822	0.53993	0.446618	0.701024	0.851702	0.632328	0.342487	0.376774	0.450846	0.184649	0.750263	0.0657333	0.966186	0.671981	0.487308	0.333743	0.630333	0.158447	0.580793	0.313718	0.37739	0.496392	0.801428	0.53354	0.358679	0.722702	0.0267829	0.0667865	0.468507	0.515771	0.55351	0.59567	
0.809012	0.882101	0.228511	0.499742	0.261289	0.587588	0.45479	0.393422	0.864063	0.972552	0.187979	0.562352	0.873278	0.680365	0.305893	0.79491	0.61254	0.495762	0.689237	0.242112	0.566613	0.381132	0.952176	0.923367	0.344469	0.0357151	0.193461	0.670468	0.325249	0.0170798	0.721526	0.965656	0.299772	0.0846081	0.599245	0.846837	0.742599	0.153554	0.420172	0.517904	0.316396	0.505167	0.984137	0.132369	0.0852502	0.129609	0.111465	0.931007	0.347797	0.596085	0.446157	0.695539	0.00685644	0.679668	0.782359	0.523565	0.496651	0.482245	0.767434	0.0737703	
0.718618	0.712852	0.780448	0.514497	0.673323	0.804234	0.764396	0.869586	0.264885	0.163005	0.144696	0.846051	0.644552	0.559303	0.102941	0.0578907	0.508525	0.258953	0.00263006	0.409583	0.609525	0.0291916	0.0227753	0.207246	0.377954	0.611667	0.964207	0.860723	0.936735	0.419333	0.806635	0.0477698	0.207401	0.244308	0.566935	0.960715	0.686657	0.94194	0.251052	0.0768897	0.17613	0.491261	0.204988	0.0722197	0.132789	0.219789	0.540167	0.884947	0.325992	0.763765	0.55239	0.749675	0.741457	0.203863	0.297064	0.194698	0.729235	0.0226442	0.78483	0.374143	
0.379544	0.836735	0.301868	0.455211	0.0894256	0.751171	0.556371	0.0485772	0.730242	0.326769	0.64072	0.942395	0.0531719	0.00407771	0.511714	0.146453	0.819719	0.180462	0.388699	0.425506	0.811653	0.347514	0.0675127	0.894591	0.141776	0.450253	0.216557	0.196756	0.921234	0.293855	0.691933	0.237088	0.973925	0.289464	0.573621	0.0353829	0.793879	0.257257	0.367162	0.148038	0.487455	0.983402	0.554774	0.364787	0.584932	0.648419	0.211679	0.939219	0.351192	0.353953	0.550326	0.37363	0.529342	0.616485	0.205889	0.518718	0.87415	0.997724	0.0425515	0.0981882	
0.832742	0.341065	0.640497	0.0300089	0.700758	0.875093	0.900998	0.0885225	0.787685	0.897196	0.136728	0.957705	0.957298	0.0857817	0.167742	0.939247	0.811352	0.229085	0.633248	0.700454	0.45833	0.418656	0.963981	0.461166	0.77413	0.70928	0.445059	0.276041	0.598459	0.0238214	0.0549561	0.430405	0.158247	0.0267589	0.993897	0.646735	0.172373	0.454241	0.13444	0.561987	0.137231	0.29696	0.17928	0.523162	0.911402	0.812052	0.421065	0.349257	0.13247	0.692999	0.261401	0.258309	0.758907	0.0284558	0.359485	0.884581	0.736217	0.0219604	0.940796	0.612222	
0.827405	0.743521	0.64901	0.214061	0.565628	0.235807	0.428086	0.417689	0.738101	0.122448	0.669955	0.771415	0.728125	0.448131	0.234983	0.673159	0.00652023	0.607753	0.820544	0.0720875	0.81019	0.526477	0.44341	0.31628	0.255435	0.715004	0.661677	0.0645171	0.753969	0.273869	0.637505	0.522131	0.0409907	0.984546	0.0269843	0.365248	0.0983099	0.111374	0.0581975	0.085574	0.140922	0.559739	0.569396	0.54783	0.979182	0.0987562	0.896443	0.73577	0.361058	0.747604	0.0698184	0.998582	0.920187	0.93836	0.495992	0.944935	0.571003	0.392164	0.0517818	0.836903	
0.594713	0.489541	0.513961	0.361958	0.599566	0.668497	0.893341	0.128418	0.971707	0.504466	0.0152931	0.556356	0.458607	0.585061	0.605242	0.753075	0.473608	0.531453	0.0154767	0.28529	0.767504	0.420708	0.00282652	0.719765	0.0367754	0.117703	0.624001	0.876435	0.366775	0.93726	0.509395	0.332458	0.996113	0.0390686	0.412145	0.353562	0.595114	0.487806	0.462773	0.877635	0.822881	0.197756	0.561805	0.764051	0.496386	0.367157	0.586414	0.223895	0.813782	0.96862	0.0151177	0.0109037	0.176465	0.230967	0.100295	0.72644	0.807837	0.890641	0.190148	0.623371	
0.0355244	0.47094	0.70335	0.745153	0.927463	0.964174	0.368333	0.335802	0.521761	0.445157	0.638795	0.183934	0.587589	0.922858	0.138059	0.531444	0.455151	0.0616873	0.685035	0.783248	0.520084	0.59259	0.380274	0.374015	0.235456	0.534229	0.858594	0.552092	0.359177	0.718722	0.411039	0.159434	0.983479	0.167021	0.183208	0.347169	0.0335875	0.0970214	0.88778	0.482826	0.727148	0.380034	0.839197	0.485244	0.647493	0.91098	0.210687	0.525262	0.417852	0.528019	0.663861	0.706793	0.610952	0.141374	0.987813	0.806145	0.734579	0.564655	0.173052	0.757253	
0.0296521	0.60284	0.215324	0.788754	0.116646	0.417418	0.115469	0.179057	0.413516	0.689412	0.798485	0.804017	0.710906	0.922162	0.0495438	0.129183	0.185061	0.522803	0.0157014	0.294929	0.721248	0.0743742	0.616991	0.659682	0.303246	0.646598	0.683276	0.469892	0.993262	0.578568	0.0656129	0.606192	0.241827	0.748613	0.196223	0.451063	0.219969	0.5773	0.665995	0.735497	0.775783	0.600009	0.607893	0.375425	0.907138	0.838858	0.884201	0.0481207	0.772924	0.529695	0.984627	0.578262	0.759741	0.552783	0.810885	0.449359	0.563031	0.219352	0.416923	0.95131	
0.12626	0.265512	0.0737502	0.172038	0.462049	0.560976	0.0235095	0.735531	0.965908	0.462913	0.774879	0.948684	0.446928	0.257839	0.173433	0.612848	0.123896	0.535069	0.88924	0.164817	0.968017	0.661192	0.560508	0.609849	0.409577	0.651581	0.893578	0.440467	0.373026	0.0766316	0.290428	0.0579696	0.0143185	0.780403	0.291688	0.760743	0.631385	0.785452	0.3353	0.401836	0.0542857	0.941739	0.928919	0.839972	0.0931866	0.837909	0.460385	0.701887	0.810533	0.483379	0.751687	0.553447	0.316937	0.249847	0.397873	0.940709	0.944931	0.664007	0.457383	0.311135	
