30	60
125.381	0.141463
128.253	0.849526
131.598	0.369902
123.535	0.604063
137.573	0.320034
141.999	0.0283199
136.255	0.836443
126.272	0.975919
148.445	0.594713
124.729	0.387169
150.664	0.238737
150.014	0.106121
136.373	0.625525
138.618	0.41327
143.131	0.721003
144.823	0.593276
139.395	0.561467
146.139	0.396745
136.565	0.320309
150.574	0.197145
130.449	0.988655
129.495	0.566464
137.241	0.23551
132.229	0.12399
123.532	0.918301
139.8	0.0247381
145.694	0.294068
124.04	0.861866
136.296	0.41941
134.576	0.944794
36.0987
19.5208
19.07
48.5199
44.455
33.8405
18.6566
42.0509
34.5
9.10323
2.35117
49.3433
29.0318
17.6286
7.22184
47.5053
44.4567
7.10932
15.4714
46.3561
17.5937
35.8391
43.8714
16.5284
27.7888
42.3401
47.5114
29.2387
16.8979
49.0553
25.0382
32.2248
9.84318
8.15955
26.9947
18.9137
34.8055
29.8741
46.8303
36.2286
42.4171
27.2851
44.1157
38.5325
13.4944
4.03149
45.8251
4.96615
4.00121
10.388
21.6579
14.4936
46.3734
45.0757
23.4097
19.2123
43.2443
15.7157
8.84553
15.966
0.574829	0.869392	0.0258985	0.734241	0.113537	0.267366	0.81931	0.264698	0.291489	0.999854	0.947439	0.598058	0.819464	0.699258	0.648728	0.356527	0.766719	0.377926	0.35344	0.299952	0.408371	0.901507	0.255466	0.622092	0.431386	0.683765	0.328569	0.763639	0.136996	0.484655	0.530673	0.43708	0.253603	0.579227	0.58954	0.779858	0.230925	0.521166	0.932251	0.923923	0.0363377	0.787568	0.194005	0.257605	0.327113	0.979073	0.0551405	0.276222	0.183365	0.403029	0.428582	0.970742	0.576336	0.500035	0.881881	0.114594	0.239626	0.0869333	0.988771	0.0788577	
0.555418	0.694887	0.270759	0.65971	0.183881	0.680585	0.551271	0.0591727	0.752844	0.568056	0.391916	0.420357	0.812493	0.960753	0.43068	0.386102	0.896146	0.0445257	0.0435539	0.463261	0.750813	0.363788	0.774732	0.509573	0.55212	0.361805	0.714038	0.920087	0.610861	0.940071	0.892277	0.342491	0.439954	0.264056	0.453379	0.868531	0.251158	0.488808	0.625432	0.625442	0.771904	0.658411	0.509536	0.693365	0.961737	0.164644	0.170429	0.721979	0.857655	0.353101	0.640148	0.656136	0.372751	0.0627953	0.945523	0.170357	0.207166	0.00109927	0.931995	0.704855	
0.281293	0.764207	0.938861	0.559622	0.429361	0.93088	0.162773	0.15789	0.389405	0.0565539	0.256173	0.117319	0.819689	0.511035	0.000185851	0.0093491	0.734268	0.831629	0.779482	0.152859	0.245556	0.913174	0.694393	0.754895	0.250526	0.551274	0.381131	0.768619	0.343761	0.587506	0.580757	0.949731	0.829265	0.323077	0.582414	0.255438	0.46899	0.57453	0.755168	0.572823	0.223823	0.171622	0.82685	0.362647	0.651318	0.853304	0.135172	0.715021	0.503696	0.0526638	0.302954	0.380274	0.884714	0.963509	0.98943	0.308533	0.806699	0.973254	0.492704	0.639263	
0.0554058	0.911885	0.887728	0.971746	0.312941	0.00835633	0.456215	0.280331	0.221269	0.129084	0.6544	0.867936	0.675254	0.80734	0.712902	0.758998	0.699665	0.100603	0.723334	0.717905	0.669245	0.392878	0.570425	0.00589371	0.967755	0.25089	0.813215	0.687668	0.543915	0.879745	0.259085	0.222375	0.202534	0.660982	0.637102	0.2135	0.677769	0.390934	0.901945	0.210344	0.188181	0.910621	0.173374	0.747182	0.66703	0.49906	0.578371	0.311924	0.948074	0.845208	0.753426	0.148956	0.248072	0.290952	0.218548	0.376068	0.652309	0.274163	0.0835949	0.433476	
0.20821	0.149993	0.558605	0.315779	0.296675	0.248481	0.0128976	0.887542	0.615014	0.261272	0.104265	0.723085	0.138756	0.882983	0.882956	0.154513	0.597401	0.0966994	0.980246	0.578678	0.515226	0.955075	0.0396236	0.115663	0.82742	0.121941	0.400413	0.759315	0.702433	0.67667	0.29096	0.971558	0.191212	0.200051	0.485977	0.266186	0.327168	0.382619	0.602843	0.136838	0.874051	0.492567	0.994071	0.704723	0.339525	0.838614	0.343891	0.15197	0.000668698	0.562213	0.154545	0.119754	0.790638	0.958777	0.738562	0.088562	0.374886	0.209848	0.0207958	0.00604428	
0.179427	0.199951	0.340003	0.270886	0.251788	0.337748	0.210815	0.185335	0.847553	0.328949	0.0977722	0.311623	0.0203581	0.988496	0.552519	0.0180873	0.249404	0.610232	0.715424	0.163436	0.471794	0.541941	0.45856	0.0781392	0.851606	0.388264	0.90762	0.392576	0.560762	0.38981	0.374677	0.763841	0.416631	0.567312	0.239789	0.712938	0.137796	0.95886	0.45986	0.130771	0.891094	0.377448	0.628463	0.581526	0.365474	0.659157	0.672378	0.25956	0.759267	0.91984	0.0615433	0.504736	0.927297	0.124116	0.353388	0.416857	0.194917	0.845082	0.390888	0.905785	
0.902829	0.323652	0.702129	0.677089	0.229511	0.74466	0.247146	0.409427	0.736989	0.681802	0.437872	0.575835	0.0323914	0.966565	0.970663	0.513901	0.572575	0.307952	0.312549	0.643108	0.164789	0.271784	0.618139	0.0626309	0.399789	0.807779	0.507396	0.461432	0.408037	0.396728	0.680994	0.0578002	0.539617	0.0765722	0.5756	0.431395	0.22275	0.835855	0.221039	0.0242593	0.854905	0.284605	0.946216	0.801249	0.716748	0.685562	0.753271	0.531092	0.893335	0.209994	0.861711	0.595302	0.0161335	0.0403019	0.562851	0.920628	0.107361	0.96818	0.712304	0.340291	
0.0422914	0.423558	0.693035	0.419622	0.966984	0.786547	0.43175	0.649087	0.0801833	0.0108244	0.982614	0.943802	0.124856	0.413349	0.396593	0.717371	0.925534	0.690512	0.375322	0.137834	0.0378389	0.419271	0.0261499	0.449558	0.776129	0.340393	0.955885	0.189992	0.79475	0.892815	0.99214	0.454436	0.521892	0.417083	0.780984	0.457065	0.459238	0.438089	0.582177	0.405277	0.989762	0.73166	0.971189	0.3971	0.110179	0.588159	0.495552	0.23868	0.455784	0.519672	0.329536	0.517866	0.0263197	0.516096	0.223145	0.0380096	0.457372	0.698911	0.941538	0.117612	
0.0391245	0.107812	0.343311	0.512023	0.356663	0.206247	0.540315	0.0792013	0.44938	0.215246	0.902633	0.830498	0.0467364	0.777593	0.472426	0.608522	0.417792	0.908825	0.720338	0.560408	0.827981	0.622738	0.651837	0.37855	0.194371	0.766966	0.268154	0.812682	0.24882	0.189726	0.38549	0.0200938	0.558722	0.711628	0.667732	0.565358	0.426706	0.883397	0.343808	0.631615	0.113063	0.294591	0.35013	0.252206	0.690686	0.809776	0.0891511	0.390009	0.430897	0.279882	0.238288	0.672119	0.736995	0.355122	0.702451	0.388927	0.0113113	0.544855	0.420125	0.39071	
0.779717	0.27649	0.80635	0.332203	0.624453	0.654863	0.743586	0.746144	0.457197	0.598932	0.936313	0.0697409	0.148314	0.208887	0.770539	0.269235	0.540158	0.871746	0.0180523	0.241455	0.284445	0.031305	0.863418	0.391856	0.14746	0.202892	0.354097	0.0499613	0.347258	0.0362727	0.729027	0.761352	0.00138338	0.166276	0.0732944	0.0510479	0.231152	0.507951	0.980603	0.752313	0.244627	0.49975	0.596103	0.927755	0.95924	0.109445	0.142316	0.707333	0.352129	0.0821916	0.404911	0.89009	0.838799	0.458721	0.866491	0.451315	0.974584	0.553116	0.725994	0.212709	
0.754844	0.468667	0.587214	0.570771	0.243529	0.495132	0.867933	0.121352	0.230319	0.766916	0.548403	0.0706792	0.788244	0.929737	0.543387	0.840765	0.907715	0.692857	0.789873	0.87338	0.988694	0.375128	0.259135	0.77616	0.943296	0.257489	0.0719239	0.704196	0.376209	0.624552	0.0855347	0.676865	0.243013	0.691907	0.23845	0.94864	0.016374	0.15259	0.123105	0.386824	0.136087	0.954531	0.525814	0.194789	0.75209	0.297396	0.604099	0.0282229	0.833163	0.840522	0.11627	0.637059	0.551025	0.61387	0.392467	0.186915	0.777932	0.809739	0.090306	0.59363	
0.471667	0.811176	0.292972	0.811571	0.671179	0.127981	0.667316	0.661749	0.214823	0.794041	0.148904	0.442553	0.60419	0.284003	0.957315	0.216375	0.724101	0.909714	0.752313	0.638824	0.812769	0.838353	0.614179	0.972687	0.871745	0.534474	0.981188	0.568988	0.0709933	0.774426	0.735624	0.281664	0.0273085	0.360503	0.481577	0.828365	0.254355	0.488154	0.123407	0.546158	0.17696	0.487954	0.944296	0.943645	0.206179	0.650056	0.0192576	0.521775	0.482301	0.601604	0.124912	0.0765701	0.324707	0.124671	0.447989	0.994164	0.604568	0.0452494	0.998113	0.139707	
0.615716	0.387687	0.361151	0.872315	0.508993	0.140961	0.556354	0.308372	0.926134	0.786099	0.0711295	0.0588394	0.801004	0.974253	0.264132	0.152525	0.57807	0.604701	0.261573	0.791939	0.449772	0.72999	0.374309	0.0486099	0.205604	0.719092	0.671018	0.60305	0.997062	0.430038	0.123348	0.683397	0.513654	0.0922463	0.00878266	0.182263	0.712055	0.635735	0.506	0.784013	0.6765	0.876351	0.0466858	0.897764	0.351719	0.522657	0.355414	0.925393	0.567912	0.849413	0.381938	0.255394	0.835559	0.30396	0.85918	0.874475	0.678705	0.224035	0.603042	0.238225	
0.666741	0.845568	0.68208	0.719557	0.345518	0.227699	0.585858	0.142873	0.825984	0.49501	0.414038	0.690701	0.423971	0.895866	0.351432	0.777038	0.932963	0.638341	0.258369	0.702013	0.296623	0.470245	0.625762	0.539771	0.541176	0.0453261	0.427565	0.770725	0.978086	0.207949	0.524376	0.722456	0.731905	0.744649	0.75221	0.678506	0.655507	0.577544	0.768445	0.833184	0.960153	0.816723	0.453095	0.756747	0.643924	0.824752	0.100698	0.0585669	0.717773	0.732976	0.362253	0.638864	0.0418755	0.379023	0.637546	0.152213	0.721459	0.738074	0.470695	0.583528	
0.502984	0.466154	0.507833	0.378159	0.862127	0.324993	0.808309	0.327088	0.436153	0.527104	0.449071	0.822928	0.532213	0.865689	0.565245	0.377697	0.683329	0.234397	0.124491	0.613438	0.996997	0.97184	0.191607	0.885829	0.38184	0.105968	0.0225113	0.709265	0.402887	0.981974	0.316125	0.0874506	0.477094	0.176359	0.35479	0.691405	0.452935	0.152045	0.759476	0.901255	0.5818	0.107799	0.997964	0.367467	0.38532	0.586805	0.646397	0.36615	0.649782	0.404364	0.938452	0.641358	0.160326	0.271127	0.767619	0.815004	0.490632	0.451743	0.81798	0.79697	
0.867196	0.734539	0.080991	0.653829	0.702173	0.940983	0.322135	0.356654	0.27531	0.596516	0.119608	0.655595	0.765347	0.406995	0.385842	0.116577	0.526326	0.30339	0.771978	0.415105	0.811999	0.0779534	0.729926	0.381456	0.933643	0.808917	0.712018	0.221811	0.128254	0.864046	0.828616	0.12715	0.536427	0.0269274	0.659401	0.27155	0.379415	0.397661	0.949035	0.426186	0.912262	0.308771	0.114595	0.750571	0.12042	0.761728	0.63633	0.678016	0.596608	0.959958	0.795566	0.259942	0.0604356	0.486484	0.605314	0.0939903	0.787038	0.807488	0.862968	0.316956	
0.536512	0.998891	0.561046	0.19882	0.724879	0.480381	0.811374	0.0394771	0.572848	0.425427	0.356713	0.974599	0.805288	0.984571	0.917594	0.0272186	0.60203	0.0146956	0.077568	0.435396	0.669001	0.145227	0.0772205	0.0977967	0.311639	0.0214187	0.570716	0.109663	0.136756	0.465136	0.098423	0.688994	0.518493	0.479537	0.544051	0.0776813	0.726158	0.801336	0.919755	0.929167	0.186888	0.424139	0.968028	0.714728	0.839075	0.860571	0.669762	0.48863	0.0477361	0.382387	0.618803	0.347706	0.122066	0.881034	0.714353	0.100689	0.846498	0.375103	0.764689	0.571397	
0.105959	0.525869	0.306601	0.938079	0.436032	0.421528	0.462879	0.414497	0.121997	0.567672	0.843518	0.759787	0.161681	0.44408	0.519159	0.422603	0.790104	0.162784	0.793516	0.851458	0.717338	0.958521	0.0107868	0.928088	0.119897	0.450318	0.0977668	0.0937907	0.934124	0.734295	0.679531	0.685131	0.505908	0.056579	0.402193	0.66179	0.919419	0.550301	0.553324	0.289123	0.369377	0.440529	0.684434	0.661441	0.740741	0.666777	0.201079	0.0723146	0.686679	0.887131	0.92733	0.559421	0.874456	0.678099	0.314578	0.0512903	0.858283	0.81125	0.494149	0.959231	
0.157247	0.962739	0.806109	0.81857	0.290911	0.965229	0.869527	0.241686	0.403133	0.366936	0.66423	0.0838018	0.479084	0.950824	0.290596	0.693071	0.00823917	0.970336	0.232839	0.492017	0.986241	0.124027	0.237472	0.772342	0.79631	0.721001	0.303935	0.882271	0.429741	0.991159	0.503648	0.24045	0.200264	0.365072	0.307044	0.637012	0.195945	0.354455	0.0997223	0.951259	0.224746	0.288705	0.518561	0.968328	0.337411	0.901704	0.350486	0.598032	0.580811	0.355221	0.0614859	0.589128	0.584357	0.746987	0.669029	0.407717	0.267039	0.14587	0.125305	0.592223	
0.62268	0.997488	0.737351	0.590583	0.983063	0.552683	0.481581	0.396473	0.956361	0.170352	0.573659	0.706171	0.93502	0.385028	0.948932	0.884284	0.629935	0.443652	0.0939918	0.180549	0.208706	0.666985	0.913767	0.540513	0.0279282	0.83685	0.645163	0.995218	0.496507	0.37268	0.656395	0.438903	0.404496	0.124088	0.791349	0.670149	0.713381	0.0863124	0.2671	0.624004	0.666118	0.837454	0.999382	0.758532	0.414036	0.256679	0.172977	0.309587	0.0722137	0.627375	0.357876	0.902351	0.779388	0.700097	0.873924	0.775056	0.981367	0.253541	0.62943	0.78707	
0.778791	0.676636	0.0421663	0.0872346	0.0465313	0.589281	0.00919294	0.122	0.810906	0.130662	0.981364	0.78979	0.245247	0.108395	0.118218	0.784591	0.242593	0.416388	0.74137	0.890735	0.552487	0.671347	0.911664	0.757636	0.730955	0.163502	0.692997	0.52861	0.218855	0.987885	0.377441	0.171092	0.691713	0.495518	0.366951	0.128508	0.684204	0.0164552	0.419164	0.288165	0.367288	0.604592	0.0214445	0.500301	0.0668598	0.944065	0.826695	0.370598	0.313729	0.694068	0.0978327	0.696764	0.0730408	0.357483	0.0829002	0.158839	0.664418	0.667381	0.440206	0.688742	
0.883587	0.177579	0.104364	0.398941	0.523576	0.234588	0.968839	0.202833	0.944399	0.0099778	0.726556	0.102887	0.765273	0.74073	0.579747	0.140492	0.603898	0.293091	0.679001	0.603914	0.857297	0.812032	0.330886	0.0319702	0.402286	0.1579	0.69325	0.975499	0.784256	0.314818	0.71776	0.70564	0.170712	0.88106	0.0907538	0.431271	0.605682	0.120406	0.1773	0.159746	0.245164	0.701769	0.42805	0.462532	0.474226	0.0158792	0.0787562	0.901787	0.3236	0.445687	0.33308	0.979457	0.00178827	0.687938	0.108729	0.368832	0.822542	0.396007	0.877282	0.771257	
0.969888	0.129718	0.601927	0.312473	0.637781	0.995707	0.701008	0.454962	0.766767	0.450473	0.488514	0.618246	0.862773	0.878357	0.512052	0.668947	0.144665	0.0306656	0.306545	0.697821	0.758479	0.379196	0.381507	0.785953	0.59492	0.00523285	0.325249	0.788731	0.722976	0.840053	0.0192401	0.442669	0.879745	0.562302	0.590527	0.590271	0.424127	0.707038	0.231899	0.0115361	0.725539	0.446756	0.893989	0.609338	0.465031	0.16576	0.0430128	0.461167	0.72516	0.924148	0.465817	0.551194	0.242914	0.300503	0.821939	0.762577	0.410583	0.608581	0.747262	0.514552	
0.137371	0.816528	0.0496221	0.339338	0.82191	0.333923	0.703974	0.772606	0.134874	0.0795079	0.276276	0.88891	0.0241718	0.703393	0.557183	0.899059	0.193637	0.071142	0.458271	0.685232	0.455166	0.352914	0.159969	0.658815	0.301381	0.442685	0.781345	0.979119	0.537124	0.6571	0.0677894	0.00440448	0.109143	0.991529	0.658146	0.98485	0.186356	0.152004	0.935939	0.098258	0.541429	0.691046	0.580998	0.201321	0.0606059	0.216091	0.747505	0.977618	0.74701	0.0738766	0.229684	0.619464	0.542286	0.657308	0.120295	0.295612	0.239231	0.342353	0.813073	0.773448	
0.0584164	0.356074	0.567535	0.453409	0.233201	0.797698	0.931128	0.712593	0.837031	0.642469	0.649265	0.104106	0.44706	0.408951	0.11061	0.981484	0.222527	0.125728	0.670251	0.838546	0.62026	0.949614	0.146002	0.384128	0.595954	0.823059	0.898976	0.259037	0.355051	0.042503	0.664155	0.310822	0.675661	0.393038	0.20664	0.940218	0.819059	0.954553	0.412445	0.211479	0.302225	0.266027	0.997113	0.70686	0.854664	0.114659	0.8748	0.122497	0.678529	0.968428	0.41417	0.811136	0.211092	0.687805	0.822358	0.6909	0.0475012	0.530795	0.948716	0.0563955	
0.861681	0.495937	0.766633	0.884466	0.971794	0.995145	0.0733641	0.18513	0.812804	0.404899	0.190426	0.5748	0.672782	0.242667	0.557686	0.817065	0.0449794	0.329933	0.577875	0.836738	0.686629	0.454837	0.276795	0.0649066	0.150647	0.0460912	0.551719	0.361632	0.524748	0.402995	0.91188	0.151264	0.977224	0.42261	0.381587	0.0105456	0.304062	0.528228	0.232282	0.961847	0.356582	0.375724	0.617533	0.959276	0.0477944	0.566537	0.811338	0.85589	0.554795	0.950502	0.704851	0.0983334	0.903614	0.59319	0.412069	0.278945	0.309728	0.1944	0.933135	0.998755	
0.0904991	0.488159	0.587643	0.546093	0.389059	0.829329	0.545307	0.282607	0.960219	0.294542	0.799453	0.638553	0.543376	0.551555	0.610844	0.743458	0.700121	0.119019	0.74046	0.464631	0.652847	0.103961	0.902309	0.413344	0.87168	0.574449	0.935395	0.00875803	0.927222	0.0478644	0.809023	0.762304	0.663331	0.227281	0.110082	0.0902161	0.216575	0.890151	0.64128	0.269404	0.371115	0.286025	0.529402	0.433312	0.81564	0.787234	0.464769	0.934972	0.534612	0.682994	0.910336	0.149846	0.759278	0.449117	0.897348	0.338023	0.35479	0.220282	0.739509	0.877683	
0.805722	0.314512	0.298454	0.847643	0.813682	0.912972	0.840864	0.338048	0.733863	0.731621	0.859813	0.732033	0.927589	0.22373	0.77081	0.0683247	0.989467	0.650886	0.148163	0.438016	0.336286	0.663058	0.147607	0.18678	0.0146661	0.535061	0.302209	0.468541	0.229699	0.7244	0.966741	0.0288054	0.765547	0.269131	0.274316	0.606673	0.184785	0.360107	0.28683	0.0915365	0.381527	0.853523	0.63611	0.870146	0.846737	0.369996	0.555289	0.0449106	0.374323	0.128978	0.274286	0.427942	0.139525	0.934797	0.726795	0.967341	0.0901719	0.287046	0.519192	0.361731	
0.517147	0.108689	0.325025	0.693107	0.623603	0.543064	0.748709	0.146235	0.542836	0.822516	0.878888	0.103059	0.589391	0.711706	0.324636	0.981018	0.807085	0.815907	0.542872	0.679574	0.510572	0.862314	0.564066	0.964207	0.272651	0.0660115	0.769706	0.448888	0.187609	0.8191	0.802049	0.266118	0.68548	0.731507	0.761361	0.628785	0.123208	0.165061	0.913024	0.946858	0.918252	0.735051	0.259843	0.920669	0.76034	0.056528	0.805905	0.379574	0.573711	0.449296	0.765504	0.248044	0.989035	0.0890603	0.363132	0.714453	0.507973	0.868223	0.385135	0.924922	
0.608219	0.197031	0.636606	0.503048	0.761519	0.989735	0.109621	0.145488	0.0020976	0.666724	0.791515	0.795584	0.516029	0.0980673	0.585202	0.365457	0.857608	0.437212	0.452764	0.696227	0.461408	0.932312	0.928231	0.487787	0.0561303	0.925501	0.00867724	0.831242	0.833576	0.152336	0.150011	0.954868	0.349243	0.749917	0.629382	0.253445	0.540342	0.17117	0.900933	0.127068	0.5537	0.498039	0.636964	0.0300168	0.164297	0.933056	0.306221	0.474384	0.549245	0.789286	0.646502	0.652526	0.162402	0.718681	0.64402	0.955684	0.117776	0.770768	0.0457608	0.209382	
