30	30
133.897	0.860895
132.968	0.0817007
123.519	0.777041
123.169	0.702096
129.3	0.159809
124.938	0.176297
143.8	0.349814
120.655	0.158041
145.071	0.448283
148.567	0.913426
143.084	0.956017
143.117	0.758823
147.374	0.032101
127.761	0.764347
142.181	0.53276
127.238	0.470953
136.994	0.954816
142.51	0.817197
124.211	0.599436
134.85	0.879846
145.049	0.542805
122.13	0.808459
139.079	0.771283
126.318	0.767703
123.899	0.404734
121.641	0.114967
139.238	0.963388
125.092	0.94191
123.765	0.657124
123.249	0.70089
38.1131
3.51169
1.91325
17.3032
25.1306
33.6977
12.5924
28.8345
17.418
45.4953
25.5539
27.1288
40.8559
11.9269
14.0817
30.5522
4.50143
19.1148
10.8645
43.361
6.12473
4.55684
14.1012
28.448
31.987
30.5482
18.9297
6.13908
34.7756
33.6385
0.0441951	0.798783	0.65451	0.0671528	0.323919	0.962516	0.694733	0.520129	0.614294	0.887596	0.62962	0.00186958	0.363222	0.203659	0.627075	0.26795	0.863663	0.00285773	0.942185	0.890481	0.118988	0.0857217	0.642569	0.596469	0.507512	0.691325	0.706423	0.167399	0.327688	0.727789	
0.483691	0.91189	0.47623	0.481289	0.831329	0.491986	0.303362	0.213642	0.539302	0.62918	0.547993	0.0461693	0.280744	0.358991	0.17476	0.443388	0.632594	0.854612	0.413194	0.768484	0.745437	0.818947	0.0911546	0.43625	0.38279	0.528111	0.197222	0.897281	0.348923	0.640283	
0.509139	0.506363	0.148953	0.96974	0.205343	0.0734775	0.251184	0.203606	0.335016	0.197839	0.19709	0.125116	0.378946	0.0323063	0.236521	0.000313191	0.638402	0.0447121	0.483279	0.313394	0.0904492	0.511385	0.56507	0.861231	0.907062	0.81103	0.618448	0.816022	0.548089	0.256695	
0.10427	0.998091	0.0857636	0.875993	0.672509	0.925359	0.448625	0.0641041	0.132665	0.803376	0.663137	0.425096	0.960201	0.601261	0.214993	0.117083	0.0469811	0.320338	0.146834	0.0695517	0.528307	0.475429	0.757227	0.390375	0.453188	0.169152	0.479002	0.691255	0.688799	0.306805	
0.619729	0.458311	0.404732	0.968208	0.924067	0.60151	0.582545	0.70203	0.752057	0.800254	0.78139	0.878625	0.339666	0.708352	0.303227	0.310332	0.201695	0.609851	0.823025	0.192209	0.403946	0.578323	0.700548	0.0706335	0.0876063	0.42069	0.282179	0.969213	0.65923	0.565622	
0.0378262	0.774027	0.569012	0.102136	0.466294	0.973339	0.924272	0.340083	0.0811462	0.722446	0.829001	0.865321	0.779706	0.784198	0.536695	0.744083	0.545182	0.550706	0.989896	0.844699	0.890177	0.0862164	0.657435	0.0750933	0.972867	0.505542	0.385486	0.408184	0.870605	0.89619	
0.567788	0.542045	0.990784	0.737742	0.317601	0.257584	0.152388	0.506456	0.875884	0.620488	0.405922	0.59757	0.227257	0.66375	0.561634	0.128115	0.965265	0.78446	0.192841	0.0691674	0.472868	0.412089	0.318139	0.79838	0.722854	0.783997	0.466833	0.450665	0.54369	0.829185	
0.460285	0.476249	0.653967	0.793504	0.493116	0.115445	0.145122	0.0925981	0.117614	0.346319	0.432066	0.864549	0.997985	0.823287	0.782636	0.990527	0.281734	0.526239	0.276571	0.330831	0.119882	0.0941338	0.211616	0.180991	0.895558	0.946282	0.687852	0.175587	0.85232	0.21235	
0.775051	0.0527046	0.0180451	0.244572	0.627514	0.173838	0.68455	0.914937	0.290076	0.0294585	0.483393	0.874569	0.615254	0.302691	0.535724	0.488667	0.273515	0.177807	0.529748	0.406887	0.198258	0.917914	0.744836	0.477872	0.796523	0.787473	0.142955	0.76858	0.849173	0.324084	
0.703044	0.432125	0.794076	0.445964	0.357668	0.120616	0.754725	0.345867	0.35477	0.659878	0.708462	0.612905	0.536194	0.824916	0.730667	0.803783	0.810273	0.98365	0.307012	0.0940369	0.906512	0.985161	0.544221	0.280292	0.831719	0.143455	0.673418	0.75203	0.332955	0.329177	
0.0629271	0.0821526	0.0659174	0.152542	0.984961	0.598927	0.850984	0.241046	0.635998	0.847553	0.149067	0.433975	0.990912	0.795454	0.655056	0.0500511	0.242177	0.718185	0.687537	0.387728	0.493001	0.263715	0.506667	0.0153929	0.610966	0.503934	0.0515231	0.681387	0.517743	0.953747	
0.180628	0.799064	0.409185	0.972087	0.496295	0.488945	0.0850434	0.31212	0.39444	0.497771	0.295085	0.152627	0.484966	0.952092	0.468133	0.224237	0.898598	0.637446	0.019933	0.69531	0.217477	0.398973	0.667206	0.868695	0.231158	0.409332	0.658051	0.335511	0.454032	0.164344	
0.508084	0.701284	0.122403	0.651456	0.629055	0.295122	0.700806	0.103578	0.401565	0.541967	0.993031	0.140081	0.689083	0.229395	0.0512615	0.924112	0.644789	0.482251	0.604627	0.113473	0.134556	0.397174	0.167032	0.741236	0.496963	0.849496	0.732282	0.918783	0.578966	0.948549	
0.704498	0.665393	0.361466	0.748038	0.00108053	0.675471	0.32578	0.0540661	0.949469	0.460014	0.820961	0.351777	0.687725	0.446411	0.310739	0.320727	0.202595	0.0155213	0.84979	0.84138	0.916843	0.905773	0.787308	0.179483	0.790526	0.0277582	0.794756	0.346272	0.357183	0.402543	
0.262167	0.182266	0.763178	0.32808	0.927585	0.561624	0.208297	0.00359294	0.378747	0.615448	0.177364	0.217005	0.311424	0.761658	0.596754	0.75217	0.573231	0.490326	0.639319	0.853838	0.11531	0.745116	0.36034	0.0369082	0.31606	0.544372	0.910045	0.238012	0.384549	0.1417	
0.255183	0.722514	0.269312	0.991909	0.0657749	0.109848	0.165443	0.280752	0.856244	0.420612	0.114516	0.752106	0.569998	0.109016	0.768904	0.0485965	0.00947808	0.195804	0.597745	0.212967	0.928614	0.967318	0.260219	0.573018	0.573516	0.11932	0.984036	0.724838	0.237803	0.0514723	
0.283498	0.629127	0.42135	0.228615	0.0896425	0.750022	0.995408	0.545406	0.158835	0.76231	0.642974	0.213413	0.420465	0.456196	0.197764	0.441815	0.438326	0.194539	0.554644	0.989299	0.264122	0.519529	0.527997	0.971287	0.729181	0.595049	0.381507	0.992581	0.613401	0.536374	
0.211627	0.706733	0.80646	0.0661316	0.735194	0.258738	0.697728	0.790498	0.811575	0.817435	0.0342062	0.982878	0.08798	0.446151	0.528706	0.714281	0.0116498	0.536772	0.542237	0.144101	0.0567302	0.401575	0.623221	0.379344	0.000880277	0.0459306	0.686331	0.0133886	0.67746	0.119337	
0.214431	0.181769	0.368356	0.619165	0.0423444	0.364457	0.958108	0.857535	0.540994	0.37484	0.543653	0.210202	0.983498	0.586051	0.841711	0.720394	0.806033	0.630757	0.305855	0.811496	0.271804	0.983587	0.766523	0.417316	0.767044	0.140973	0.260716	0.744138	0.934875	0.798593	
0.871222	0.0937318	0.171208	0.24474	0.561323	0.757738	0.338865	0.720275	0.892164	0.275963	0.940671	0.168618	0.77844	0.656033	0.501223	0.724921	0.0684431	0.149534	0.550609	0.548267	0.754739	0.568838	0.504626	0.375329	0.436308	0.745699	0.223429	0.601334	0.136568	0.471932	
0.324828	0.560484	0.00416552	0.148792	0.888055	0.711238	0.419555	0.990487	0.611082	0.432437	0.748259	0.126843	0.618976	0.530187	0.873678	0.431003	0.526977	0.70199	0.278041	0.0113427	0.75111	0.236748	0.162753	0.258394	0.449709	0.60186	0.316071	0.319921	0.0603143	0.920565	
0.144717	0.282865	0.433056	0.0679697	0.236998	0.325126	0.528263	0.194181	0.830238	0.272319	0.446332	0.27141	0.692889	0.0345543	0.621819	0.543556	0.591998	0.418132	0.632987	0.12794	0.227878	0.916378	0.136905	0.981262	0.794116	0.684443	0.571519	0.686192	0.966686	0.508878	
0.0728995	0.874246	0.125755	0.136218	0.525771	0.510796	0.0517402	0.289981	0.00925641	0.323145	0.0394959	0.725655	0.305615	0.895898	0.677751	0.258288	0.305843	0.504969	0.858276	0.216952	0.46151	0.693244	0.422995	0.758414	0.454366	0.95695	0.244593	0.677445	0.987608	0.864614	
0.891265	0.795578	0.817262	0.964704	0.488382	0.820509	0.839952	0.512463	0.771562	0.495936	0.332309	0.0288102	0.0450789	0.948038	0.257664	0.274786	0.422958	0.184309	0.951707	0.735764	0.288162	0.248621	0.538465	0.101496	0.827626	0.751723	0.319669	0.168745	0.792559	0.408082	
0.881903	0.672455	0.665267	0.0573979	0.138501	0.127907	0.0179599	0.645041	0.0697958	0.249917	0.830059	0.323367	0.433853	0.254432	0.853661	0.0755125	0.699405	0.793565	0.0493914	0.237422	0.0367984	0.19866	0.663779	0.320108	0.870276	0.530964	0.369207	0.468473	0.900589	0.631882	
0.0994099	0.983107	0.765428	0.24869	0.327716	0.364196	0.283728	0.687049	0.324811	0.236665	0.259262	0.392915	0.956693	0.212862	0.150101	0.24309	0.0794445	0.613718	0.883947	0.749707	0.824933	0.457395	0.981125	0.449872	0.92304	0.397066	0.934564	0.251068	0.0605757	0.769181	
0.490699	0.177844	0.0360456	0.596004	0.350229	0.692785	0.313489	0.611072	0.949445	0.745321	0.750218	0.385934	0.581806	0.513341	0.667255	0.711841	0.744897	0.0147796	0.476728	0.72135	0.228377	0.545283	0.123303	0.455046	0.445664	0.899411	0.885522	0.484294	0.0276006	0.931372	
0.296024	0.324905	0.554687	0.0702973	0.428474	0.368175	0.496797	0.906354	0.97342	0.782433	0.388029	0.325674	0.0886517	0.248703	0.906364	0.746209	0.984784	0.412282	0.780943	0.911511	0.540448	0.625745	0.26099	0.178207	0.240325	0.738273	0.982297	0.0210982	0.458786	0.425979	
0.776712	0.58981	0.14756	0.343226	0.0697652	0.802749	0.981924	0.795392	0.215279	0.578529	0.484794	0.630576	0.879479	0.0905669	0.765362	0.971865	0.157144	0.969373	0.0452297	0.601176	0.311747	0.359096	0.367551	0.367844	0.968189	0.677542	0.0719741	0.142836	0.0315463	0.66462	
0.71865	0.498202	0.385544	0.820172	0.865362	0.262208	0.228453	0.721639	0.520399	0.510485	0.527789	0.681248	0.948494	0.818249	0.595523	0.905888	0.272409	0.934926	0.41219	0.0517198	0.929408	0.269024	0.776994	0.951909	0.513636	0.171548	0.216989	0.104922	0.178439	0.189193	
