30	40
126.161	0.373718
143.163	0.762256
140.62	0.361377
146.226	0.0368441
124.512	0.186823
127.196	0.22809
132.639	0.39673
145.213	0.554299
135.869	0.20005
121.113	0.739138
137.951	0.345382
142.01	0.859042
120.913	0.156957
125.955	0.611304
131.081	0.434005
132.938	0.447347
141.926	0.48569
139.716	0.580171
147.528	0.479207
148.915	0.97677
128.754	0.0896185
123.289	0.787962
145.821	0.27426
140.034	0.472492
145.163	0.408816
130.192	0.768852
132.488	0.685158
131.509	0.602355
136.735	0.184319
133.068	0.27958
15.5205
48.7144
35.8408
22.2251
20.4001
40.728
34.2494
28.0168
43.3176
23.5056
8.12219
42.0789
48.4295
1.48876
20.6643
17.6644
10.1018
45.5203
3.24979
28.5676
35.7334
48.3747
32.8176
5.41422
22.5219
49.5025
36.4634
3.94342
42.9036
30.4345
24.5629
30.5973
42.3076
33.0682
10.3146
35.2104
29.9453
32.3203
40.7723
33.1576
0.227239	0.159097	0.258933	0.441053	0.610162	0.279559	0.99026	0.889751	0.225271	0.477913	0.413796	0.697028	0.668206	0.288231	0.51978	0.796563	0.464313	0.0670627	0.0256451	0.361176	0.695548	0.0933663	0.553337	0.168942	0.787844	0.347061	0.526376	0.542261	0.742118	0.522435	0.817652	0.959328	0.516341	0.632108	0.721927	0.981662	0.345556	0.336831	0.188457	0.14866	
0.346438	0.281205	0.610301	0.490032	0.405526	0.0365761	0.493447	0.80457	0.350551	0.488788	0.832483	0.616686	0.118853	0.728202	0.231679	0.680875	0.996536	0.681324	0.0926104	0.0755029	0.897056	0.00745023	0.118549	0.820709	0.387345	0.90491	0.377856	0.350835	0.718093	0.0566711	0.328759	0.527956	0.246153	0.358174	0.216579	0.11248	0.74324	0.362017	0.326576	0.991612	
0.303228	0.61211	0.983349	0.903046	0.947884	0.992338	0.00189775	0.944141	0.690167	0.87222	0.366983	0.519608	0.432521	0.384067	0.747039	0.0267247	0.0645948	0.436845	0.130047	0.156492	0.458628	0.108035	0.626835	0.0595075	0.787063	0.270911	0.814142	0.650139	0.178697	0.418854	0.254273	0.242944	0.583779	0.498651	0.593279	0.404744	0.657683	0.189091	0.814281	0.991017	
0.705029	0.263155	0.566889	0.0556839	0.664257	0.619484	0.507755	0.456604	0.954146	0.371026	0.889215	0.892189	0.694247	0.32863	0.595222	0.175822	0.149421	0.59387	0.0632816	0.696761	0.970428	0.357271	0.830552	0.530452	0.440741	0.996864	0.494015	0.130815	0.240203	0.433811	0.18137	0.927355	0.937118	0.44909	0.893948	0.218297	0.547461	0.0678104	0.605352	0.597954	
0.55583	0.956776	0.773136	0.194171	0.263133	0.244168	0.563267	0.396312	0.392659	0.329368	0.0246787	0.166674	0.182138	0.338569	0.494837	0.651907	0.296164	0.168626	0.473176	0.0134909	0.0148789	0.329967	0.572635	0.658829	0.131113	0.439669	0.475928	0.971707	0.613248	0.314132	0.771237	0.989253	0.0821919	0.810227	0.5125	0.969621	0.103087	0.832444	0.157524	0.0796701	
0.701906	0.0329843	0.59267	0.137505	0.466458	0.260896	0.027391	0.219483	0.573673	0.560884	0.300505	0.815365	0.78231	0.465603	0.286308	0.233319	0.953076	0.598223	0.580184	0.113702	0.979106	0.0858996	0.490155	0.594789	0.216622	0.782468	0.0890746	0.206843	0.689049	0.721325	0.988009	0.52633	0.893295	0.386009	0.488221	0.239353	0.34954	0.372699	0.0611751	0.938419	
0.801562	0.726054	0.516406	0.409722	0.323051	0.615162	0.0682048	0.185374	0.775639	0.877366	0.00403359	0.0811344	0.71177	0.357534	0.514721	0.871164	0.142792	0.437378	0.0215367	0.422873	0.0855264	0.174788	0.664296	0.734232	0.16172	0.209693	0.946775	0.996171	0.0110992	0.613364	0.322505	0.987118	0.516476	0.133909	0.995402	0.98948	0.867678	0.451356	0.85019	0.960676	
0.812696	0.610464	0.618665	0.305159	0.0660553	0.624409	0.454823	0.552513	0.543069	0.238473	0.440849	0.0662334	0.985323	0.564347	0.565873	0.0988313	0.486839	0.0933055	0.896651	0.915332	0.350713	0.982584	0.986779	0.131263	0.560672	0.909954	0.564394	0.750074	0.608397	0.777012	0.785717	0.222237	0.184025	0.929526	0.569906	0.39544	0.705546	0.681795	0.69349	0.753149	
0.346589	0.813037	0.370741	0.549919	0.406595	0.261009	0.112265	0.0425049	0.283214	0.106212	0.720489	0.116217	0.337947	0.848865	0.768323	0.726808	0.0183898	0.554433	0.916593	0.934286	0.425634	0.370882	0.250747	0.723445	0.711708	0.0991998	0.733127	0.579531	0.0673604	0.261158	0.0147418	0.841035	0.740326	0.618165	0.647402	0.0749956	0.510951	0.756215	0.599862	0.982014	
0.115886	0.572716	0.757249	0.183575	0.122756	0.310043	0.584472	0.83401	0.0923879	0.62979	0.477182	0.939409	0.662483	0.0730906	0.735746	0.056857	0.820494	0.410621	0.131195	0.277616	0.823875	0.0725538	0.587805	0.110841	0.169958	0.52341	0.262025	0.925992	0.682461	0.227267	0.161965	0.791159	0.148628	0.653068	0.53963	0.906161	0.173392	0.73149	0.926638	0.174554	
0.0934609	0.141441	0.725419	0.506437	0.17159	0.419355	0.421552	0.0300647	0.0856566	0.415257	0.35349	0.447619	0.761781	0.542447	0.623514	0.406618	0.668302	0.319722	0.394727	0.52595	0.220999	0.675564	0.96406	0.407832	0.740575	0.549452	0.248098	0.934747	0.269294	0.490542	0.822215	0.968259	0.728531	0.644872	0.0539764	0.905162	0.693938	0.834311	0.612297	0.776415	
0.467002	0.531937	0.678084	0.16982	0.336338	0.117084	0.882526	0.802213	0.346382	0.784197	0.200246	0.752354	0.852608	0.672055	0.332176	0.268301	0.949782	0.651448	0.468135	0.0793959	0.360608	0.0882487	0.184833	0.847025	0.497796	0.202102	0.280668	0.784838	0.615823	0.485443	0.689338	0.0424193	0.282483	0.56473	0.339997	0.743403	0.412012	0.792791	0.699115	0.987434	
0.933047	0.950211	0.996374	0.410297	0.128497	0.406979	0.33276	0.608416	0.324769	0.779741	0.587581	0.673717	0.655846	0.294066	0.104642	0.646972	0.842193	0.895437	0.391394	0.320584	0.583254	0.736814	0.865031	0.362133	0.0638209	0.200372	0.206973	0.237901	0.16777	0.636484	0.104764	0.512417	0.850349	0.136387	0.888452	0.654189	0.00698256	0.97481	0.6548	0.86857	
0.753481	0.752677	0.809738	0.721945	0.52468	0.872481	0.961156	0.681257	0.601496	0.989845	0.855759	0.939541	0.137223	0.0242706	0.915166	0.0982173	0.981883	0.417857	0.00428155	0.837273	0.500215	0.0121378	0.464036	0.322428	0.744981	0.386159	0.883805	0.976018	0.0561799	0.235682	0.547732	0.130054	0.0963699	0.148402	0.175527	0.301119	0.814294	0.0200966	0.285274	0.00668551	
0.991736	0.0758871	0.227002	0.233153	0.590777	0.698292	0.801435	0.911027	0.427479	0.0718799	0.647353	0.993326	0.823056	0.252647	0.970169	0.842497	0.333127	0.387082	0.353592	0.967512	0.383594	0.583532	0.999201	0.597524	0.0419828	0.368982	0.366132	0.925006	0.982712	0.530349	0.207259	0.521907	0.355567	0.117688	0.763087	0.00766641	0.860775	0.835397	0.425615	0.442793	
0.601637	0.224846	0.553215	0.164545	0.311385	0.80512	0.560316	0.496147	0.376303	0.284337	0.207856	0.265293	0.642437	0.536525	0.889031	0.622592	0.199942	0.622069	0.077991	0.359091	0.228568	0.112431	0.753356	0.846498	0.293403	0.437444	0.786454	0.00252449	0.0992872	0.928382	0.0224476	0.333601	0.824494	0.629949	0.457615	0.44715	0.658728	0.13493	0.52614	0.748605	
0.652844	0.58906	0.787923	0.186122	0.74915	0.453735	0.182856	0.0496823	0.0699127	0.249797	0.77732	0.982975	0.948051	0.443645	0.568907	0.0571908	0.909892	0.943542	0.883322	0.739394	0.485105	0.86188	0.614999	0.613086	0.479089	0.84187	0.334236	0.194615	0.609491	0.85952	0.993435	0.604634	0.608559	0.436841	0.431979	0.6908	0.685986	0.795501	0.629593	0.490691	
0.700837	0.882551	0.0551432	0.0647525	0.396061	0.813864	0.551365	0.496129	0.113139	0.80824	0.601901	0.71161	0.374525	0.405155	0.327931	0.881103	0.634576	0.794262	0.505094	0.0701177	0.708487	0.322988	0.51319	0.00167522	0.0576103	0.278067	0.804606	0.956937	0.710335	0.845074	0.185895	0.972792	0.500802	0.771699	0.991844	0.53117	0.682065	0.490832	0.671339	0.561467	
0.610128	0.86371	0.582097	0.77696	0.67792	0.488257	0.0164283	0.468525	0.84602	0.631848	0.186221	0.673617	0.869365	0.454368	0.791321	0.863617	0.423283	0.0919279	0.532407	0.82705	0.0839471	0.400148	0.0274012	0.458304	0.799442	0.696965	0.700383	0.0912386	0.564156	0.176792	0.694813	0.414351	0.332594	0.216252	0.606251	0.738502	0.461855	0.915516	0.478689	0.582439	
0.614457	0.349139	0.472933	0.132243	0.889787	0.400738	0.0455872	0.830941	0.247378	0.292575	0.259651	0.938872	0.847484	0.0479503	0.139057	0.83891	0.306237	0.78426	0.137976	0.745271	0.492735	0.441346	0.0359487	0.269409	0.999591	0.645807	0.800271	0.435287	0.153574	0.321465	0.809078	0.207575	0.516305	0.681386	0.0910935	0.322904	0.977432	0.441439	0.925726	0.811639	
0.79397	0.593789	0.0433746	0.334497	0.692753	0.9098	0.970732	0.693934	0.949091	0.438626	0.928831	0.490548	0.547205	0.35084	0.211009	0.139848	0.459542	0.892724	0.52605	0.803725	0.755827	0.191103	0.0312614	0.357952	0.195691	0.61753	0.976877	0.596127	0.0765174	0.260981	0.944143	0.427677	0.216315	0.477365	0.470242	0.761521	0.856912	0.205323	0.342124	0.135838	
0.58414	0.728678	0.886025	0.151315	0.0128848	0.0441976	0.566894	0.980453	0.460916	0.837683	0.642988	0.970942	0.540125	0.843979	0.544738	0.253565	0.553629	0.255477	0.919166	0.354693	0.841813	0.193925	0.281737	0.841685	0.714333	0.302426	0.654899	0.493498	0.444516	0.861094	0.739192	0.501878	0.55932	0.433261	0.795705	0.474651	0.0187559	0.127379	0.154152	0.120026	
0.936474	0.687442	0.0132914	0.581362	0.257239	0.977635	0.862569	0.568552	0.0694447	0.745696	0.802376	0.735358	0.570448	0.931855	0.227008	0.624025	0.944826	0.00436321	0.134881	0.457342	0.436647	0.683838	0.162384	0.108704	0.856506	0.500646	0.351918	0.975009	0.484801	0.875277	0.986531	0.400067	0.913475	0.758499	0.848737	0.424876	0.405693	0.825888	0.420204	0.211481	
0.332871	0.52562	0.582823	0.437881	0.89884	0.542564	0.813093	0.580928	0.218806	0.71303	0.794393	0.130007	0.101031	0.760961	0.984207	0.689041	0.931318	0.449925	0.0585769	0.563551	0.23592	0.881905	0.66229	0.98853	0.36433	0.348486	0.553136	0.983585	0.745525	0.707737	0.744915	0.0938415	0.996979	0.127117	0.443292	0.438027	0.920331	0.925987	0.531383	0.63013	
0.534729	0.0581059	0.170595	0.0159241	0.696478	0.652125	0.418396	0.291799	0.562049	0.557369	0.0212956	0.490313	0.268653	0.308886	0.441848	0.40888	0.210888	0.270678	0.145612	0.251205	0.426304	0.432988	0.0670026	0.42046	0.0206042	0.18929	0.573316	0.903594	0.49903	0.183847	0.0257459	0.58261	0.456783	0.806526	0.373819	0.590139	0.728235	0.139295	0.0740633	0.680585	
0.0964889	0.205592	0.539863	0.296614	0.909805	0.328013	0.887151	0.667283	0.066301	0.423693	0.0569179	0.689514	0.321882	0.459786	0.00373784	0.906731	0.84835	0.380494	0.218896	0.558324	0.979755	0.139701	0.608533	0.633973	0.459747	0.442838	0.840819	0.216969	0.631911	0.101195	0.709029	0.0568026	0.911472	0.270504	0.392858	0.502693	0.0918523	0.139442	0.141866	0.0681994	
0.378509	0.243771	0.819036	0.587859	0.85461	0.125804	0.373782	0.357687	0.873036	0.950925	0.254548	0.273259	0.682667	0.786899	0.975215	0.976875	0.735552	0.761995	0.318135	0.490883	0.643176	0.795104	0.176395	0.730198	0.945152	0.287919	0.116844	0.738241	0.787821	0.484667	0.951645	0.557421	0.912043	0.572506	0.0694517	0.933628	0.0059444	0.878233	0.83538	0.879093	
0.648111	0.0456145	0.86649	0.366043	0.316108	0.317571	0.287752	0.496251	0.429366	0.472417	0.366711	0.798388	0.476843	0.0578053	0.136796	0.368071	0.814196	0.449792	0.921682	0.164951	0.634751	0.970289	0.175765	0.361964	0.628584	0.380925	0.0539106	0.408388	0.44665	0.414356	0.0998166	0.396766	0.0939389	0.378618	0.344779	0.579057	0.24908	0.732568	0.89568	0.379922	
0.689149	0.108436	0.285747	0.0570272	0.859218	0.660639	0.981012	0.112388	0.521823	0.5214	0.921611	0.091986	0.11204	0.0909416	0.959996	0.124335	0.116014	0.625708	0.0897317	0.40589	0.841107	0.913024	0.394325	0.193142	0.297612	0.354928	0.945231	0.925974	0.778327	0.732264	0.264849	0.257736	0.0368777	0.944849	0.184451	0.688699	0.275138	0.647413	0.0922854	0.76709	
0.219831	0.15993	0.169704	0.893502	0.154851	0.0495555	0.870473	0.262847	0.327911	0.865205	0.995813	0.0926707	0.280518	0.0786202	0.919799	0.649647	0.254841	0.839655	0.138927	0.474067	0.640292	0.000917861	0.490071	0.644795	0.453042	0.497372	0.23632	0.576	0.749789	0.241764	0.949732	0.51789	0.673357	0.96129	0.583294	0.197666	0.44173	0.07965	0.585726	0.943926	
