25	30
114.674	0.44214
117.225	0.237297
122.207	0.15161
117.379	0.988462
103.7	0.680572
114.529	0.333885
110.326	0.40878
121.39	0.268404
123.506	0.247405
119.29	0.755495
117.51	0.101757
115.323	0.626608
110.159	0.904714
108.468	0.97182
125.052	0.0635939
123.149	0.90524
112.115	0.843105
108.744	0.446373
106.675	0.865312
119.806	0.387131
102.678	0.165129
113.465	0.649811
121.815	0.285652
116.792	0.511932
113.219	0.676191
48.2373
36.4313
2.61602
35.8081
46.2505
43.9683
33.9865
4.64941
41.4589
48.43
17.8822
8.76271
17.1477
3.16076
6.45439
24.6289
14.3804
34.3588
15.3156
42.288
42.9359
6.23543
16.6388
19.5799
48.0129
33.082
45.0305
45.0919
28.1434
47.1279
0.695331	0.790099	0.269981	0.174095	0.448026	0.0244968	0.929039	0.885725	0.124171	0.00767136	0.248894	0.579222	0.517372	0.38739	0.239794	0.886017	0.129164	0.156092	0.103147	0.608942	0.641504	0.488746	0.838736	0.916948	0.572647	0.141511	0.831304	0.26508	0.721181	0.884862	
0.486076	0.168431	0.341763	0.0339404	0.416881	0.356965	0.385069	0.372107	0.985143	0.889846	0.886883	0.784736	0.475223	0.557173	0.748974	0.26999	0.453329	0.720237	0.751182	0.582989	0.324051	0.310011	0.887351	0.787248	0.427105	0.0427913	0.168064	0.737621	0.130359	0.890264	
0.247593	0.446538	0.665264	0.355927	0.0994041	0.245662	0.609953	0.364984	0.0660689	0.8238	0.742238	0.787598	0.305	0.0222465	0.21345	0.976143	0.857907	0.922501	0.738267	0.316537	0.368191	0.74277	0.567481	0.0162528	0.113263	0.0559931	0.558184	0.304353	0.585349	0.322323	
0.617924	0.473204	0.0904228	0.459648	0.294766	0.265881	0.401207	0.0142373	0.622988	0.654075	0.149628	0.176933	0.526315	0.25475	0.685741	0.315683	0.0514831	0.477078	0.77548	0.409925	0.10731	0.506492	0.992375	0.771081	0.246928	0.357064	0.980278	0.921119	0.259489	0.5149	
0.03718	0.626146	0.0598322	0.881612	0.096941	0.774053	0.799698	0.938252	0.524466	0.429328	0.235328	0.0607439	0.626153	0.433451	0.402462	0.367795	0.558952	0.810054	0.52564	0.261889	0.34506	0.507411	0.296844	0.496934	0.882849	0.483227	0.834259	0.0696281	0.553589	0.0329141	
0.560492	0.502737	0.409579	0.756171	0.198455	0.769474	0.277362	0.628625	0.168768	0.499865	0.871017	0.236849	0.572979	0.362042	0.652849	0.905935	0.0843694	0.495159	0.102844	0.698586	0.446711	0.363202	0.162319	0.4093	0.273135	0.523839	0.533272	0.940763	0.455223	0.817605	
0.761599	0.653622	0.4944	0.556903	0.42214	0.875329	0.297876	0.6263	0.767618	0.29542	0.444526	0.76338	0.790806	0.424737	0.408776	0.755843	0.640635	0.597507	0.343562	0.817369	0.642793	0.460597	0.315065	0.516222	0.423762	0.536868	0.147357	0.671021	0.36069	0.581261	
0.628138	0.495384	0.730006	0.219556	0.54554	0.232986	0.0934705	0.345177	0.465549	0.264942	0.404645	0.377355	0.432865	0.675755	0.236558	0.364476	0.904147	0.397365	0.697966	0.335821	0.744973	0.0464778	0.951154	0.964162	0.954815	0.632544	0.787386	0.416826	0.235138	0.550749	
0.0284611	0.910601	0.744178	0.672561	0.22055	0.309702	0.577917	0.0201066	0.174577	0.568602	0.41	0.0703558	0.424826	0.533955	0.924433	0.376577	0.616417	0.208408	0.42625	0.781721	0.602452	0.904339	0.854894	0.709705	0.320206	0.899618	0.282847	0.563383	0.433238	0.471916	
0.144766	0.401044	0.454469	0.880055	0.653523	0.712145	0.440301	0.86549	0.594577	0.454199	0.807997	0.584694	0.001229	0.971079	0.82654	0.840579	0.489184	0.668901	0.53212	0.18323	0.863189	0.745488	0.854413	0.499127	0.437581	0.0773063	0.706995	0.902648	0.713321	0.798694	
0.301145	0.677621	0.0392118	0.449411	0.791698	0.550753	0.0893428	0.153669	0.00597036	0.940962	0.1017	0.644953	0.622791	0.373809	0.562379	0.983899	0.905339	0.0987891	0.11445	0.763318	0.0799101	0.0495013	0.0759569	0.254456	0.731049	0.41113	0.00709153	0.559718	0.807206	0.00617602	
0.573535	0.389041	0.904504	0.137007	0.721749	0.882151	0.207238	0.874611	0.933637	0.985686	0.410497	0.238427	0.0676916	0.924932	0.731186	0.0667531	0.168368	0.375174	0.506597	0.112813	0.985865	0.528443	0.469336	0.987524	0.0909246	0.899504	0.278436	0.679712	0.412756	0.378998	
0.206405	0.197705	0.482997	0.57682	0.923982	0.136417	0.649814	0.979167	0.830062	0.735973	0.94856	0.132701	0.082156	0.415966	0.00734797	0.950388	0.145386	0.94074	0.0873155	0.653345	0.292609	0.0168753	0.845044	0.962878	0.588949	0.959648	0.802631	0.19161	0.109426	0.707014	
0.290917	0.478778	0.445779	0.0366346	0.0312615	0.728278	0.618886	0.564244	0.982641	0.391532	0.6727	0.595655	0.616157	0.536311	0.730195	0.516127	0.970162	0.877999	0.755083	0.681248	0.608007	0.880543	0.928359	0.0303147	0.458	0.69726	0.22328	0.789858	0.00503968	0.554035	
0.365023	0.922665	0.174697	0.887977	0.181351	0.278687	0.08034	0.611415	0.713103	0.0580595	0.0117079	0.924046	0.329782	0.777282	0.721292	0.204089	0.09403	0.175979	0.523568	0.584462	0.999709	0.483701	0.665421	0.955016	0.524998	0.388738	0.488215	0.403541	0.243625	0.524399	
0.673817	0.797787	0.529671	0.323518	0.739001	0.665256	0.0727069	0.994596	0.659227	0.723702	0.468929	0.0354095	0.979035	0.334315	0.661773	0.603841	0.127196	0.738068	0.171437	0.239187	0.757011	0.827681	0.630942	0.593336	0.736665	0.103523	0.673308	0.493764	0.0146036	0.864878	
0.969773	0.105158	0.979224	0.595128	0.680997	0.481936	0.5587	0.544803	0.354583	0.622959	0.659795	0.676389	0.372124	0.46648	0.871276	0.279395	0.303629	0.434912	0.437751	0.360613	0.921208	0.278181	0.709209	0.364751	0.408616	0.729737	0.642505	0.975597	0.7344	0.693456	
0.234785	0.0320336	0.0710108	0.526951	0.816751	0.0821323	0.964712	0.546738	0.482462	0.383093	0.209081	0.195951	0.529869	0.0888345	0.90552	0.229376	0.772734	0.722501	0.0716789	0.56777	0.98667	0.0793949	0.180534	0.0503306	0.543154	0.849405	0.221778	0.252626	0.014513	0.449517	
0.699604	0.300239	0.335196	0.369937	0.298959	0.571572	0.0724283	0.736984	0.613747	0.689446	0.897088	0.47731	0.24703	0.561598	0.535551	0.487662	0.815788	0.793128	0.237076	0.653136	0.9508	0.510204	0.86378	0.595854	0.799054	0.505585	0.205086	0.301765	0.159996	0.762523	
0.0227047	0.633054	0.535922	0.111979	0.0730845	0.980429	0.680672	0.0449054	0.382975	0.554523	0.418422	0.0149576	0.842878	0.785318	0.169561	0.787839	0.1127	0.599058	0.251045	0.327097	0.714579	0.0637725	0.0975828	0.48903	0.819424	0.319609	0.589044	0.329185	0.0523463	0.0374695	
0.55662	0.466753	0.805004	0.658329	0.67261	0.593286	0.382251	0.691715	0.748764	0.187569	0.191108	0.947032	0.863913	0.197001	0.978381	0.735858	0.115539	0.147184	0.969512	0.661073	0.0715198	0.421105	0.853942	0.346	0.564451	0.877313	0.694466	0.326135	0.616589	0.0759528	
0.151019	0.116723	0.828641	0.0358409	0.494097	0.114572	0.413008	0.641233	0.0601516	0.898439	0.682754	0.262484	0.0644278	0.379441	0.185212	0.537924	0.993408	0.600089	0.680833	0.337085	0.414259	0.328191	0.493023	0.860677	0.40495	0.375006	0.400881	0.838482	0.941385	0.317664	
0.351136	0.945011	0.915512	0.29695	0.964192	0.0745034	0.780233	0.462149	0.495938	0.170496	0.97208	0.885915	0.159129	0.1291	0.20965	0.289753	0.61384	0.688423	0.0854649	0.951275	0.794301	0.962436	0.816497	0.121352	0.702924	0.0776865	0.602609	0.33532	0.598253	0.86347	
0.0170336	0.437824	0.0394907	0.824133	0.860287	0.166211	0.80058	0.979719	0.445579	0.759954	0.990422	0.385708	0.36585	0.340019	0.608252	0.697555	0.629639	0.626716	0.252287	0.0117092	0.552036	0.68295	0.285172	0.462284	0.660726	0.892497	0.530045	0.472211	0.956508	0.894189	
0.48533	0.622787	0.742204	0.508274	0.480682	0.66279	0.753117	0.113972	0.978746	0.864584	0.911421	0.00401953	0.619639	0.546895	0.918036	0.412422	0.944842	0.264974	0.863636	0.453875	0.0553873	0.468716	0.745952	0.146917	0.917668	0.20552	0.280362	0.0124324	0.630399	0.763748	
