30	60
143.259	0.145067
121.658	0.600826
147.908	0.760006
147.064	0.28995
143.675	0.463738
142.422	0.588593
147.73	0.96299
147.578	0.122015
124.757	0.93781
135.667	0.224014
127.117	0.969601
146.96	0.986521
131.799	0.560946
140.839	0.263914
140.905	0.2066
135.94	0.970688
147.32	0.261733
146.515	0.676984
132.785	0.0578157
139.206	0.701729
132.236	0.826339
139.009	0.210186
142.412	0.0149512
147.665	0.408465
128.667	0.371033
143.109	0.380528
129.117	0.23994
136.253	0.0835576
123.442	0.598892
122.041	0.233408
23.8047
13.1965
10.8489
19.4253
14.9286
46.6697
2.37755
25.0896
22.2881
48.1273
36.3909
37.9736
23.1212
7.87963
44.8161
29.6668
42.1245
3.43276
13.4305
23.5162
21.8094
7.77453
49.6543
15.8674
25.1461
28.3336
2.48176
7.91414
8.76985
27.3488
45.2735
18.4379
26.5922
45.1049
5.93311
2.0084
37.7743
1.3245
31.6194
34.8214
38.6902
27.3615
13.8036
38.8965
49.0647
40.9477
13.3354
43.2814
40.7903
6.4043
48.6028
37.0408
15.9516
47.8253
12.1549
28.1003
31.9692
20.0234
35.7665
15.1332
0.64654	0.0587447	0.923165	0.14868	0.281294	0.775664	0.827828	0.961273	0.174451	0.215953	0.595842	0.200187	0.796042	0.43768	0.072732	0.268951	0.846555	0.578665	0.25952	0.061066	0.668364	0.70812	0.878266	0.252307	0.970516	0.500489	0.0254535	0.0271366	0.487051	0.734343	0.541851	0.470336	0.99028	0.375077	0.904536	0.580349	0.607289	0.345768	0.34184	0.318373	0.022632	0.518138	0.442754	0.0679948	0.122511	0.128321	0.378959	0.495345	0.731477	0.739035	0.623241	0.982291	0.956987	0.0630769	0.0662	0.342464	0.571998	0.449641	0.623875	0.241529	
0.222912	0.419768	0.153264	0.980197	0.600654	0.746151	0.155718	0.25942	0.857513	0.379001	0.283356	0.400223	0.272501	0.109738	0.565164	0.437694	0.770862	0.988086	0.800755	0.266937	0.938237	0.399673	0.245927	0.0426293	0.834771	0.875855	0.0668913	0.340023	0.503591	0.934164	0.80097	0.36751	0.381023	0.737302	0.761827	0.48184	0.938235	0.50149	0.974272	0.614624	0.948327	0.124599	0.153263	0.831928	0.900094	0.672373	0.426511	0.742324	0.577555	0.967818	0.555542	0.667975	0.638886	0.491392	0.378829	0.0035009	0.0428188	0.691886	0.154431	0.402376	
0.145254	0.813773	0.44235	0.588229	0.1451	0.503694	0.506367	0.82987	0.585044	0.37796	0.0276502	0.141414	0.615749	0.876239	0.876607	0.740797	0.716516	0.321683	0.449782	0.224076	0.473539	0.945812	0.395588	0.0313194	0.214379	0.9131	0.297835	0.164029	0.560573	0.297552	0.106668	0.839796	0.941188	0.702004	0.635512	0.157043	0.520653	0.817525	0.495756	0.68182	0.985285	0.429003	0.664581	0.204622	0.763011	0.323798	0.439659	0.789719	0.596463	0.659025	0.912401	0.445874	0.0814118	0.351888	0.0398886	0.588477	0.351961	0.841727	0.717535	0.678769	
0.480769	0.822853	0.599024	0.105871	0.01634	0.50248	0.00963124	0.13213	0.564472	0.717301	0.00753978	0.488005	0.825453	0.822504	0.693166	0.844016	0.961682	0.13479	0.376599	0.615828	0.0970688	0.206734	0.9494	0.578382	0.85654	0.436173	0.384073	0.615004	0.994534	0.446571	0.649797	0.659834	0.823507	0.0553974	0.212454	0.904315	0.754631	0.658663	0.157824	0.884561	0.515145	0.0938136	0.551545	0.72105	0.411458	0.415002	0.672195	0.0255507	0.755156	0.774705	0.253395	0.805686	0.45278	0.324038	0.687488	0.756743	0.849969	0.683495	0.2705	0.919025	
0.470408	0.78667	0.264035	0.163269	0.970664	0.275411	0.855997	0.392535	0.571425	0.174096	0.993597	0.166784	0.190304	0.0453518	0.205963	0.142363	0.00180479	0.286725	0.491372	0.400087	0.562935	0.206227	0.730913	0.738877	0.311158	0.469026	0.93279	0.797156	0.155822	0.721584	0.763069	0.539692	0.635122	0.207415	0.491986	0.0416956	0.495357	0.00173343	0.882014	0.0889713	0.70836	0.553431	0.318205	0.00899098	0.0224304	0.34649	0.747941	0.819491	0.80964	0.959829	0.112289	0.835721	0.0992846	0.0992459	0.215495	0.598063	0.373312	0.0761253	0.718079	0.746301	
0.240794	0.640285	0.528242	0.135471	0.240636	0.637156	0.251576	0.338483	0.693453	0.0637368	0.554174	0.817184	0.327215	0.503956	0.345506	0.569956	0.975503	0.648728	0.864099	0.958551	0.610555	0.997255	0.247074	0.461825	0.154169	0.200172	0.766513	0.354233	0.960782	0.537172	0.734848	0.0912464	0.180244	0.0684184	0.295318	0.742693	0.704055	0.948756	0.179837	0.460925	0.256706	0.922556	0.169985	0.497342	0.817926	0.108256	0.709559	0.203742	0.524757	0.281811	0.576031	0.687277	0.475027	0.43413	0.954497	0.963088	0.451036	0.863948	0.296394	0.846545	
0.333852	0.969045	0.832194	0.291848	0.715614	0.535768	0.894093	0.21938	0.544436	0.158471	0.171907	0.434809	0.728393	0.150783	0.620514	0.384174	0.48253	0.952578	0.0642134	0.124219	0.946943	0.428718	0.747675	0.407315	0.873081	0.574659	0.100812	0.556475	0.157972	0.521329	0.147712	0.979323	0.0521023	0.150805	0.58094	0.245417	0.241555	0.589244	0.018822	0.542948	0.398219	0.580095	0.542515	0.199633	0.704972	0.701096	0.816987	0.320805	0.761261	0.798812	0.76824	0.87117	0.110261	0.0871197	0.0271375	0.674999	0.597217	0.970381	0.955044	0.336371	
0.401354	0.365118	0.827184	0.541052	0.35761	0.76345	0.0568336	0.731224	0.695592	0.55321	0.467078	0.535167	0.234679	0.940097	0.701733	0.769523	0.622362	0.415689	0.792795	0.33685	0.969405	0.100609	0.163793	0.963937	0.361784	0.241826	0.264094	0.521844	0.500481	0.412821	0.694939	0.783652	0.102981	0.846488	0.698062	0.202349	0.734077	0.734362	0.862193	0.0899643	0.0767352	0.737148	0.921146	0.198538	0.913225	0.943528	0.923587	0.197128	0.893415	0.792169	0.900048	0.0139022	0.775481	0.932267	0.816899	0.531338	0.247082	0.13347	0.725375	0.763511	
0.862098	0.76192	0.544678	0.354904	0.975664	0.924778	0.903856	0.720554	0.891362	0.224353	0.00941281	0.77919	0.0236784	0.166276	0.328979	0.250509	0.00273517	0.136986	0.776851	0.783568	0.249937	0.994041	0.75075	0.280004	0.347928	0.248682	0.343989	0.126002	0.572626	0.5057	0.247114	0.670071	0.722408	0.213024	0.21496	0.245712	0.737398	0.676901	0.677611	0.464613	0.899527	0.379761	0.684405	0.176462	0.804212	0.113069	0.525717	0.69285	0.272352	0.598182	0.771896	0.505982	0.237951	0.982152	0.807762	0.19079	0.19334	0.181853	0.635209	0.0880718	
0.20417	0.558442	0.421318	0.157144	0.738105	0.0559095	0.542406	0.309595	0.850274	0.890038	0.180708	0.00452106	0.118656	0.273813	0.788632	0.316028	0.707068	0.916279	0.528237	0.313257	0.911296	0.347931	0.49815	0.124849	0.532346	0.706309	0.698601	0.586668	0.440559	0.15581	0.216484	0.334382	0.445106	0.771025	0.924661	0.556802	0.337352	0.60698	0.946548	0.248555	0.801382	0.485013	0.0701222	0.980871	0.698627	0.675913	0.635152	0.67511	0.411222	0.54638	0.200448	0.984844	0.84885	0.142382	0.666765	0.479318	0.587209	0.13978	0.0786386	0.666532	
0.0648872	0.43123	0.565589	0.30271	0.582191	0.956801	0.514446	0.389753	0.570854	0.253311	0.107451	0.909328	0.0941912	0.00392457	0.992055	0.0688093	0.340306	0.648223	0.270744	0.141427	0.0513865	0.0898311	0.431699	0.387501	0.706833	0.93338	0.319107	0.2538	0.125996	0.0814668	0.75879	0.15332	0.133021	0.585618	0.32551	0.214869	0.423922	0.20526	0.458488	0.352412	0.888776	0.923552	0.835385	0.965436	0.152985	0.996892	0.054823	0.950346	0.635395	0.294712	0.638172	0.763263	0.717954	0.834751	0.51687	0.299177	0.885147	0.492089	0.281848	0.275986	
0.960575	0.504496	0.935201	0.359171	0.854561	0.737798	0.175404	0.920903	0.315497	0.29197	0.460721	0.734384	0.87379	0.140015	0.277056	0.283106	0.894801	0.92576	0.978025	0.303206	0.441371	0.0509191	0.132208	0.389194	0.783795	0.377699	0.475729	0.210491	0.002318	0.307371	0.234046	0.963294	0.435119	0.504598	0.333568	0.680399	0.868408	0.752497	0.871095	0.295683	0.608743	0.323885	0.79806	0.666392	0.798031	0.789255	0.270274	0.539055	0.882243	0.994052	0.402963	0.7602	0.333903	0.898172	0.873969	0.909533	0.607386	0.641114	0.0822663	0.314259	
0.763345	0.87609	0.0919197	0.461487	0.672441	0.934528	0.0029872	0.652803	0.674436	0.589356	0.294978	0.465568	0.525425	0.43467	0.786324	0.32345	0.115693	0.499926	0.360576	0.618823	0.0572656	0.290694	0.454252	0.178968	0.879263	0.70207	0.557624	0.88798	0.160256	0.109319	0.306259	0.0402635	0.558702	0.886534	0.472459	0.635502	0.593456	0.235247	0.260126	0.7987	0.335877	0.585144	0.171658	0.300586	0.271531	0.665407	0.485813	0.839737	0.437214	0.628454	0.758206	0.405882	0.173753	0.561318	0.0829535	0.426152	0.98572	0.869425	0.104587	0.896753	
0.723868	0.689483	0.504351	0.392074	0.97812	0.216951	0.684936	0.174475	0.615592	0.306047	0.471603	0.215726	0.849484	0.198453	0.0725656	0.288879	0.759882	0.250664	0.48065	0.0774981	0.654871	0.681272	0.496069	0.683093	0.263507	0.843145	0.0134478	0.986944	0.37068	0.00814944	0.239765	0.956481	0.792299	0.660177	0.150719	0.917623	0.082242	0.183088	0.527575	0.699243	0.773581	0.3881	0.233798	0.644889	0.482071	0.169945	0.398775	0.322058	0.92136	0.418132	0.302727	0.748129	0.171365	0.78804	0.104713	0.20426	0.172929	0.524419	0.2603	0.591852	
0.789564	0.125261	0.0383301	0.226683	0.170609	0.573485	0.358177	0.124881	0.922304	0.963433	0.494694	0.58823	0.581254	0.186575	0.28616	0.788723	0.844798	0.172069	0.725854	0.333649	0.331971	0.0843003	0.88414	0.255097	0.455702	0.44524	0.857164	0.635598	0.313298	0.17441	0.240748	0.481838	0.235997	0.217838	0.491825	0.78336	0.028381	0.573868	0.67152	0.825277	0.217773	0.0304464	0.135621	0.13163	0.723346	0.764267	0.0676418	0.788902	0.14486	0.247538	0.887753	0.915855	0.240563	0.667217	0.402187	0.25426	0.0287633	0.818586	0.0549252	0.0106108	
0.468821	0.80128	0.696495	0.479387	0.526444	0.981329	0.69109	0.425368	0.683121	0.900416	0.273085	0.038656	0.617148	0.151726	0.85382	0.699126	0.679897	0.269555	0.701611	0.0121601	0.700763	0.00231162	0.942396	0.998444	0.235849	0.5354	0.581401	0.606644	0.401811	0.514976	0.380974	0.311919	0.631117	0.42792	0.318895	0.681861	0.410977	0.287476	0.846223	0.779502	0.797589	0.33168	0.989361	0.795227	0.676964	0.175353	0.360277	0.642353	0.0881698	0.0776828	0.503082	0.386326	0.775531	0.147749	0.000255645	0.976361	0.212533	0.914722	0.322677	0.150376	
0.29045	0.328255	0.641095	0.671664	0.979659	0.432929	0.730866	0.541252	0.999713	0.995127	0.594336	0.0702675	0.633781	0.560619	0.346455	0.442605	0.305189	0.197985	0.922713	0.0590737	0.0234287	0.129575	0.519785	0.373872	0.56968	0.592641	0.897684	0.285623	0.946298	0.500391	0.484012	0.442094	0.987986	0.594894	0.153895	0.741463	0.751251	0.991419	0.422507	0.512606	0.128784	0.979592	0.481895	0.600819	0.0911616	0.181893	0.668345	0.329377	0.957746	0.0653408	0.594876	0.040005	0.464442	0.59384	0.00450274	0.125183	0.557766	0.0979681	0.429001	0.959274	
0.130878	0.645942	0.978385	0.943607	0.641139	0.369309	0.861718	0.872084	0.727332	0.0944954	0.695037	0.819234	0.577567	0.238943	0.9947	0.64449	0.610399	0.814789	0.166919	0.676666	0.615996	0.831196	0.0450167	0.525286	0.531623	0.0915382	0.927109	0.988647	0.0790832	0.000603492	0.126652	0.393101	0.630801	0.350492	0.228154	0.139052	0.799791	0.605581	0.852245	0.189519	0.15518	0.587683	0.22062	0.866589	0.550231	0.0634134	0.302456	0.50531	0.444991	0.192966	0.888462	0.864911	0.819329	0.0922657	0.0941798	0.483848	0.013389	0.523663	0.153874	0.644322	
0.693402	0.161224	0.609936	0.821157	0.367986	0.535165	0.151269	0.314554	0.768067	0.980352	0.911373	0.35751	0.577489	0.314455	0.991303	0.262599	0.290993	0.490358	0.234287	0.94103	0.731073	0.990141	0.955322	0.844567	0.332718	0.106619	0.217988	0.724561	0.713286	0.118917	0.469003	0.676254	0.46575	0.200096	0.042892	0.100757	0.434286	0.0671291	0.944007	0.780508	0.225047	0.0493977	0.960415	0.72355	0.931844	0.564395	0.758787	0.71725	0.749826	0.0108177	0.576985	0.262719	0.978765	0.59934	0.626125	0.899596	0.259696	0.451512	0.489695	0.53273	
0.451268	0.142566	0.399134	0.696856	0.837355	0.341461	0.798334	0.110298	0.283801	0.110689	0.333436	0.190267	0.719279	0.214784	0.785871	0.000588075	0.955127	0.49948	0.356538	0.786611	0.509505	0.899238	0.53235	0.669615	0.145612	0.514286	0.963166	0.196987	0.899968	0.337817	0.955251	0.804336	0.552517	0.841149	0.406835	0.901271	0.910471	0.732401	0.0264443	0.10019	0.198936	0.846807	0.171654	0.798558	0.0922368	0.453633	0.811596	0.14716	0.147433	0.926241	0.153492	0.550738	0.693151	0.135248	0.358528	0.164377	0.790562	0.135962	0.199492	0.675317	
0.919117	0.702133	0.689776	0.9061	0.39187	0.257434	0.672895	0.896222	0.975125	0.129553	0.98592	0.901043	0.357434	0.469241	0.652124	0.732682	0.617935	0.178671	0.65836	0.202431	0.0190607	0.419259	0.410652	0.303338	0.257971	0.109943	0.646467	0.950664	0.439957	0.255925	0.519119	0.426318	0.00246715	0.553544	0.731842	0.58126	0.89695	0.299251	0.391659	0.316478	0.142741	0.636376	0.259598	0.967575	0.57494	0.0441062	0.430513	0.880239	0.734369	0.521531	0.190724	0.293493	0.263974	0.63778	0.292927	0.472729	0.60721	0.956124	0.199769	0.89526	
0.194895	0.0331851	0.409414	0.4364	0.951892	0.605269	0.190418	0.737456	0.535298	0.101285	0.686884	0.967051	0.670722	0.309763	0.0593646	0.883972	0.686976	0.424155	0.265673	0.2784	0.927255	0.597896	0.221765	0.471743	0.754244	0.134324	0.0530039	0.703612	0.434343	0.947593	0.399677	0.19555	0.334392	0.835504	0.977494	0.269635	0.957787	0.136003	0.0504428	0.20868	0.385479	0.720907	0.840014	0.542232	0.729413	0.787741	0.574761	0.507492	0.729904	0.583206	0.131458	0.766732	0.327577	0.195367	0.712225	0.265534	0.23777	0.564323	0.416755	0.197588	
0.0496283	0.894967	0.127877	0.784017	0.855061	0.951741	0.332989	0.770789	0.551084	0.0935714	0.857879	0.240787	0.0308568	0.246619	0.14474	0.288279	0.691738	0.692473	0.347696	0.232491	0.460584	0.224937	0.84532	0.0648212	0.245759	0.949423	0.237033	0.123149	0.638842	0.0571899	0.95295	0.510928	0.768939	0.143021	0.0395371	0.329195	0.299524	0.00043907	0.268107	0.44548	0.380002	0.734769	0.400936	0.146817	0.230677	0.634696	0.189545	0.105652	0.549254	0.631355	0.645963	0.62745	0.973028	0.320516	0.974464	0.403675	0.0944116	0.292886	0.598445	0.828542	
0.90245	0.0824481	0.00296601	0.808852	0.6315	0.52593	0.530015	0.985294	0.59954	0.952787	0.135084	0.0848277	0.130727	0.364984	0.532725	0.663751	0.0611583	0.951886	0.568431	0.914195	0.100308	0.449483	0.355303	0.877272	0.935689	0.361157	0.242988	0.590577	0.440441	0.352606	0.706171	0.7409	0.647978	0.163532	0.159358	0.856486	0.454888	0.492448	0.0603664	0.793976	0.599752	0.373309	0.989649	0.224446	0.418972	0.611637	0.710568	0.851219	0.354042	0.350159	0.0782714	0.256327	0.611123	0.84612	0.156122	0.715581	0.114344	0.308352	0.511718	0.638178	
0.604911	0.193202	0.464265	0.287949	0.452501	0.780405	0.25499	0.595354	0.462767	0.865065	0.0169613	0.990895	0.945342	0.236374	0.801753	0.780121	0.900517	0.79774	0.439116	0.334338	0.965391	0.639685	0.92767	0.703967	0.683683	0.944462	0.287735	0.561582	0.58158	0.111978	0.248289	0.15417	0.337077	0.0544414	0.736528	0.840942	0.744316	0.91327	0.825983	0.721398	0.823504	0.0825188	0.523736	0.659026	0.361807	0.99967	0.833205	0.470922	0.126306	0.76253	0.456377	0.796253	0.968905	0.371083	0.085959	0.533035	0.149637	0.00432949	0.894522	0.845549	
0.0936561	0.20983	0.50947	0.370768	0.940075	0.481973	0.0523801	0.688581	0.566822	0.849271	0.910833	0.288558	0.114859	0.389127	0.591983	0.935723	0.17472	0.953654	0.0650533	0.4958	0.158579	0.174627	0.590407	0.913375	0.0794515	0.220197	0.437111	0.756968	0.103852	0.607612	0.740078	0.176315	0.0575245	0.774113	0.767647	0.802672	0.373197	0.862619	0.759138	0.764657	0.514676	0.329158	0.76355	0.838239	0.633266	0.692343	0.460492	0.26891	0.833748	0.655256	0.446781	0.452815	0.882387	0.463113	0.169639	0.817691	0.158952	0.868911	0.0988804	0.285302	
0.42203	0.995957	0.254375	0.817329	0.254569	0.432559	0.742329	0.831934	0.561205	0.300516	0.0762025	0.578459	0.954757	0.463816	0.649057	0.292931	0.785968	0.439267	0.876348	0.265792	0.147211	0.922151	0.685743	0.989824	0.128207	0.0154915	0.255805	0.0606418	0.930394	0.611522	0.619216	0.152071	0.871889	0.533154	0.365261	0.511221	0.931918	0.678391	0.612899	0.442121	0.449558	0.1749	0.389468	0.288124	0.78531	0.808571	0.0145599	0.573838	0.457952	0.502234	0.391807	0.30877	0.437657	0.983945	0.957897	0.20692	0.757976	0.924632	0.384308	0.971421	
0.840492	0.388195	0.683259	0.177683	0.692752	0.69072	0.514414	0.150292	0.449821	0.163316	0.867791	0.244931	0.0196201	0.405508	0.918032	0.629871	0.511062	0.515866	0.790295	0.978436	0.210078	0.630435	0.31148	0.00537678	0.144845	0.455047	0.560059	0.862236	0.628523	0.136369	0.58846	0.613643	0.0501036	0.324075	0.155197	0.143337	0.645128	0.154224	0.465437	0.829164	0.891728	0.26917	0.175073	0.371813	0.527448	0.995631	0.568188	0.997349	0.0322592	0.274945	0.128344	0.280638	0.368435	0.192288	0.588999	0.869965	0.353779	0.190994	0.70132	0.365526	
0.689752	0.12402	0.326693	0.863463	0.857725	0.0343592	0.985918	0.135384	0.328805	0.723487	0.249591	0.572273	0.383783	0.117018	0.27147	0.969145	0.765943	0.946144	0.0109733	0.0446836	0.180324	0.161132	0.0537644	0.0321773	0.928054	0.0188416	0.694275	0.242334	0.217607	0.214875	0.393557	0.0698969	0.0324832	0.322657	0.468695	0.745794	0.0666588	0.063042	0.583249	0.140048	0.259755	0.603166	0.811674	0.621709	0.0289309	0.268597	0.797656	0.727081	0.429774	0.179866	0.701858	0.334783	0.505271	0.346072	0.206975	0.501601	0.828299	0.68323	0.474875	0.42129	
0.123643	0.417981	0.056811	0.813724	0.351452	0.0233916	0.227032	0.0573244	0.473942	0.917768	0.447146	0.324941	0.821993	0.664278	0.978867	0.108003	0.882311	0.273847	0.339027	0.643738	0.201925	0.551374	0.74066	0.711955	0.512196	0.469726	0.319225	0.666763	0.303598	0.243761	0.978136	0.806347	0.930342	0.0970707	0.505969	0.586949	0.607808	0.16839	0.865993	0.789598	0.0297457	0.287692	0.373685	0.592945	0.516558	0.271609	0.179054	0.923254	0.0708837	0.804624	0.686303	0.371241	0.627629	0.526113	0.768482	0.571226	0.413251	0.257715	0.971176	0.729504	
