25	50
117.289	0.901745
107.552	0.386292
119.978	0.870645
125.53	0.969701
125.503	0.497818
120.58	0.737641
108.356	0.943599
116.217	0.904662
110.252	0.314735
103.077	0.324969
106.271	0.085444
104.124	0.711564
120.094	0.847796
119.55	0.666163
122.992	0.407875
111.275	0.638063
108.793	0.238697
110.398	0.762551
103.532	0.0896373
106.689	0.867104
109.888	0.309733
119.034	0.191855
118.703	0.91872
117.742	0.125486
124.602	0.82202
32.8882
21.7938
5.81645
1.37026
36.1533
45.2063
47.1376
1.70121
39.4721
23.895
8.27852
43.4434
44.441
49.9108
3.76522
7.78646
19.3949
49.4694
33.4325
33.9042
2.97618
34.5864
25.2233
18.8433
31.3782
36.912
39.2485
10.1309
6.61817
24.6645
23.4703
12.1878
27.6717
13.6446
17.2532
23.2448
8.40369
34.9612
19.3121
18.9014
23.8008
33.4899
31.2862
22.6144
49.8981
22.8915
1.85218
2.08835
40.0855
33.9085
0.443411	0.521658	0.865188	0.527386	0.643421	0.745275	0.399002	0.964446	0.448478	0.483493	0.780411	0.836041	0.459378	0.220229	0.0737481	0.791128	0.425921	0.765953	0.282864	0.242327	0.351794	0.238981	0.936208	0.254867	0.817269	0.503832	0.535264	0.162347	0.920093	0.753144	0.241633	0.76598	0.826125	0.823316	0.131873	0.802365	0.459934	0.0112018	0.0220249	0.91856	0.775721	0.444899	0.0345588	0.734114	0.517073	0.901005	0.343145	0.96222	0.148892	0.798094	
0.926555	0.00962593	0.637732	0.122406	0.833322	0.973831	0.899016	0.858949	0.519784	0.00467325	0.519728	0.2163	0.44084	0.431864	0.465217	0.377281	0.412585	0.412844	0.676909	0.814429	0.863477	0.799987	0.712243	0.277576	0.777825	0.455548	0.906253	0.993395	0.95507	0.735856	0.0224086	0.227941	0.194614	0.0448083	0.0354669	0.0934096	0.243227	0.586616	0.101464	0.535337	0.304313	0.944119	0.0896906	0.592901	0.579939	0.568014	0.0421161	0.438418	0.580506	0.96861	
0.480572	0.802855	0.608383	0.483507	0.491683	0.822636	0.892226	0.645044	0.969024	0.252373	0.658944	0.799718	0.729005	0.768528	0.293289	0.325809	0.384712	0.974916	0.634326	0.266205	0.899688	0.727075	0.373716	0.538364	0.924579	0.137189	0.980771	0.30428	0.0978762	0.0797594	0.165511	0.432142	0.16339	0.60467	0.365438	0.884052	0.421944	0.746826	0.335203	0.26453	0.44402	0.220755	0.522709	0.98671	0.0105855	0.886495	0.895656	0.251173	0.773869	0.819867	
0.132639	0.52254	0.960216	0.595224	0.709014	0.131292	0.433388	0.461371	0.599333	0.165535	0.635326	0.234904	0.508853	0.68818	0.654976	0.354383	0.36025	0.646121	0.0271618	0.989205	0.188421	0.997439	0.786514	0.661169	0.487845	0.195735	0.246597	0.299364	0.915299	0.905407	0.804991	0.206464	0.361983	0.689158	0.762408	0.0780144	0.2684	0.25933	0.049755	0.463074	0.0390363	0.332308	0.305733	0.686339	0.825772	0.894359	0.31532	0.00887843	0.593345	0.786377	
0.212366	0.683622	0.00288592	0.0586921	0.176846	0.992939	0.370251	0.332892	0.263481	0.0172628	0.871315	0.388172	0.197371	0.53719	0.612838	0.620873	0.802073	0.417589	0.619727	0.301571	0.820811	0.446864	0.0420283	0.373015	0.889105	0.250799	0.136527	0.0682244	0.822334	0.808678	0.761902	0.787558	0.586797	0.692844	0.377295	0.180439	0.858573	0.642962	0.170721	0.813411	0.331822	0.803595	0.598332	0.200485	0.543661	0.86131	0.967195	0.17526	0.848574	0.4469	
0.448014	0.58344	0.631958	0.765683	0.125524	0.972972	0.531292	0.311803	0.314017	0.196789	0.264767	0.589161	0.124026	0.923167	0.467848	0.654648	0.756192	0.0475509	0.348054	0.995231	0.0602777	0.581275	0.885274	0.684396	0.922953	0.767725	0.900894	0.627833	0.725215	0.388269	0.22129	0.734743	0.433798	0.360301	0.441283	0.764121	0.464321	0.860584	0.437779	0.117754	0.9558	0.0109173	0.143251	0.893096	0.311987	0.66941	0.498274	0.207111	0.226744	0.153968	
0.970905	0.271192	0.960725	0.810763	0.376982	0.663419	0.486424	0.478775	0.879445	0.308753	0.673728	0.621892	0.339165	0.58272	0.93647	0.722871	0.589915	0.683957	0.230455	0.266647	0.5911	0.281294	0.765068	0.569358	0.576402	0.0544644	0.696843	0.302955	0.646763	0.562621	0.683154	0.98376	0.324622	0.482072	0.836744	0.967239	0.245672	0.487021	0.853537	0.633673	0.84625	0.669049	0.807039	0.464281	0.708104	0.10446	0.776956	0.970951	0.240124	0.518739	
0.0963839	0.973157	0.416661	0.70013	0.670456	0.348359	0.110993	0.809196	0.535782	0.290302	0.0709784	0.881429	0.626636	0.308389	0.146615	0.693801	0.0489249	0.992147	0.371849	0.030905	0.945929	0.556111	0.204239	0.618617	0.665946	0.122041	0.929876	0.852938	0.529902	0.520056	0.383333	0.64273	0.968169	0.556648	0.680796	0.317977	0.200929	0.872055	0.733923	0.0685754	0.929143	0.463646	0.768543	0.217137	0.172033	0.352044	0.644556	0.836042	0.720944	0.500256	
0.0160454	0.975724	0.952127	0.744087	0.907234	0.942308	0.619072	0.138534	0.491533	0.605324	0.306824	0.216832	0.395121	0.470119	0.295786	0.519195	0.257013	0.203834	0.968692	0.00588866	0.0710649	0.3404	0.425617	0.876136	0.615939	0.638617	0.351318	0.75857	0.862628	0.157295	0.39486	0.302487	0.635212	0.0429887	0.455408	0.615958	0.0673145	0.89649	0.0289206	0.245004	0.34156	0.962802	0.216107	0.773966	0.471386	0.609492	0.853354	0.996519	0.194548	0.223123	
0.0679167	0.601782	0.624183	0.914161	0.00962749	0.739672	0.643582	0.503148	0.482979	0.139381	0.487573	0.314773	0.556361	0.499162	0.38161	0.74045	0.59754	0.574477	0.409017	0.692366	0.156452	0.98583	0.884377	0.887081	0.311217	0.070738	0.0686152	0.241207	0.530328	0.410749	0.0486277	0.174625	0.202925	0.888965	0.148015	0.124287	0.564624	0.495963	0.875866	0.46729	0.187935	0.109111	0.80495	0.950187	0.832537	0.363175	0.7348	0.188246	0.302498	0.987869	
0.00932533	0.641728	0.0571663	0.797517	0.0433519	0.094475	0.812264	0.233954	0.721554	0.556126	0.199702	0.924046	0.876003	0.805241	0.993663	0.114572	0.881289	0.0372224	0.473192	0.2179	0.228968	0.636839	0.833012	0.330333	0.667226	0.685673	0.399822	0.747255	0.101899	0.322937	0.317113	0.198086	0.5708	0.365881	0.270335	0.114178	0.450293	0.487005	0.270567	0.412272	0.00496234	0.917214	0.265823	0.448048	0.0374337	0.845631	0.808095	0.834086	0.816645	0.0211748	
0.705916	0.270394	0.56904	0.196499	0.136097	0.362726	0.472376	0.760784	0.377693	0.630198	0.518812	0.989145	0.660101	0.342203	0.186334	0.295072	0.824265	0.346802	0.102894	0.778129	0.967987	0.592546	0.105204	0.762927	0.487941	0.514664	0.114614	0.356162	0.950972	0.354804	0.362788	0.256869	0.547186	0.212001	0.88867	0.426746	0.0244893	0.0496952	0.00685215	0.35791	0.988556	0.283163	0.942234	0.89316	0.142818	0.700782	0.720451	0.856996	0.493066	0.651401	
0.493089	0.760959	0.34004	0.213462	0.136012	0.874297	0.177396	0.803472	0.635393	0.695925	0.858632	0.724817	0.084553	0.480281	0.408493	0.905522	0.313124	0.816866	0.783957	0.658551	0.578858	0.12081	0.294124	0.0242264	0.921182	0.533344	0.492363	0.434567	0.742154	0.24893	0.42534	0.041499	0.561769	0.747848	0.995737	0.84588	0.87982	0.64838	0.740482	0.133058	0.876085	0.316521	0.0867175	0.779359	0.0842641	0.798751	0.922729	0.803743	0.727516	0.406722	
0.317256	0.308968	0.810741	0.949221	0.463274	0.680517	0.0402146	0.576884	0.768808	0.344603	0.526629	0.645867	0.606392	0.475631	0.877211	0.842325	0.823143	0.923373	0.90301	0.150216	0.625407	0.312522	0.573038	0.157245	0.537563	0.704898	0.746578	0.472101	0.484276	0.773477	0.210714	0.246327	0.106897	0.583999	0.409767	0.891768	0.791149	0.506598	0.00306032	0.859748	0.292962	0.275628	0.58984	0.294321	0.14783	0.0508989	0.803365	0.459275	0.913131	0.0731919	
0.713445	0.441954	0.957257	0.0829911	0.825496	0.203394	0.664594	0.612087	0.894729	0.0791555	0.273884	0.494518	0.545848	0.226952	0.0627644	0.816838	0.915007	0.94082	0.119151	0.0585338	0.12605	0.387828	0.0455854	0.235886	0.810237	0.202164	0.628965	0.0710453	0.690175	0.709499	0.291811	0.0735003	0.35857	0.525172	0.363773	0.471705	0.631067	0.259104	0.682359	0.974791	0.897613	0.702758	0.397975	0.119968	0.50587	0.896267	0.277021	0.253838	0.205506	0.757289	
0.103099	0.981538	0.652275	0.00851981	0.878085	0.14833	0.365684	0.334974	0.872537	0.521047	0.658575	0.731983	0.918325	0.569226	0.888289	0.800154	0.671734	0.919222	0.630074	0.540226	0.770474	0.652839	0.519671	0.151212	0.575706	0.922887	0.247846	0.529885	0.348096	0.905113	0.15327	0.395271	0.38113	0.900405	0.0120804	0.850102	0.958128	0.911582	0.808422	0.790842	0.276458	0.298802	0.631039	0.683152	0.495109	0.525489	0.356237	0.410356	0.806097	0.729387	
0.384488	0.692082	0.340806	0.279426	0.777923	0.751843	0.149304	0.332133	0.235631	0.704305	0.80847	0.628209	0.774797	0.04967	0.234373	0.850042	0.602444	0.150502	0.653799	0.704398	0.496993	0.131923	0.588428	0.233844	0.7046	0.20329	0.684832	0.623537	0.208279	0.996925	0.970537	0.774309	0.641158	0.280148	0.959751	0.919152	0.681427	0.326448	0.338155	0.830606	0.356167	0.0580985	0.988798	0.576209	0.158065	0.00889339	0.63581	0.290455	0.914688	0.0476447	
0.859089	0.916443	0.453421	0.0290609	0.115552	0.504437	0.938432	0.677577	0.29806	0.288341	0.504875	0.938991	0.68322	0.486971	0.617903	0.919192	0.141632	0.0293641	0.71166	0.9281	0.367677	0.901793	0.218506	0.215173	0.399284	0.940257	0.625503	0.72069	0.0539471	0.347246	0.602309	0.857156	0.783829	0.882607	0.685829	0.807187	0.425019	0.0109822	0.095543	0.725421	0.156795	0.65275	0.234997	0.238021	0.561641	0.379827	0.990662	0.713899	0.646705	0.773483	
0.923243	0.550507	0.302626	0.546933	0.489983	0.0488823	0.011792	0.201767	0.581505	0.919134	0.0290232	0.483306	0.868156	0.82667	0.733405	0.433171	0.768407	0.63839	0.857958	0.152093	0.847705	0.796149	0.831602	0.891805	0.314819	0.388882	0.00903518	0.27823	0.630855	0.159251	0.779958	0.670237	0.344389	0.796361	0.719028	0.620532	0.720569	0.141342	0.339191	0.466968	0.506784	0.868491	0.0911447	0.301117	0.313767	0.288726	0.168351	0.965443	0.341853	0.382037	
0.342183	0.763335	0.563094	0.771867	0.359836	0.945492	0.872143	0.528044	0.0195546	0.222613	0.476392	0.418017	0.574891	0.00791719	0.00463412	0.94676	0.416406	0.433598	0.54725	0.076287	0.131266	0.952607	0.457908	0.975903	0.0422895	0.159917	0.521222	0.706149	0.265601	0.260237	0.398164	0.366961	0.25281	0.890643	0.534889	0.250269	0.592848	0.754846	0.947366	0.654812	0.513342	0.934473	0.257843	0.655729	0.0594103	0.0690954	0.549813	0.777955	0.41097	0.0572986	
0.371335	0.717827	0.179332	0.0542196	0.674003	0.0548313	0.598718	0.316445	0.143491	0.405453	0.00936652	0.989244	0.321776	0.374617	0.882747	0.344594	0.871782	0.844441	0.838562	0.452565	0.284223	0.531254	0.592824	0.285937	0.15651	0.865236	0.253849	0.623135	0.677751	0.306328	0.197652	0.539142	0.927362	0.136625	0.080078	0.189239	0.917674	0.654826	0.323049	0.343605	0.999609	0.969371	0.324926	0.724568	0.936442	0.84096	0.21053	0.574429	0.99278	0.124817	
0.83858	0.910911	0.545576	0.530266	0.149774	0.427033	0.140253	0.303315	0.604235	0.971063	0.857284	0.861012	0.908535	0.213456	0.612747	0.325832	0.0453344	0.336598	0.696824	0.977119	0.511521	0.119329	0.094833	0.261473	0.0398582	0.588242	0.977178	0.548949	0.0493956	0.985744	0.161336	0.777792	0.75974	0.932388	0.34191	0.626224	0.284724	0.31085	0.190824	0.796455	0.444589	0.414532	0.540638	0.697116	0.326572	0.0692722	0.751912	0.802824	0.360988	0.0229019	
0.0162963	0.494378	0.284964	0.938618	0.691826	0.450254	0.966519	0.542617	0.870626	0.751818	0.472655	0.586756	0.76136	0.821473	0.428174	0.814566	0.304924	0.94566	0.522749	0.273152	0.75692	0.58883	0.826769	0.427654	0.48791	0.46158	0.159597	0.38397	0.329385	0.841354	0.309073	0.935002	0.160683	0.966569	0.798437	0.675736	0.865457	0.487433	0.780422	0.104729	0.645037	0.641318	0.871042	0.741157	0.756727	0.00435433	0.851418	0.931918	0.417482	0.453973	
0.928277	0.196155	0.880473	0.0198311	0.966943	0.871735	0.91715	0.699424	0.529378	0.396976	0.754373	0.183855	0.483969	0.0422837	0.763589	0.535865	0.0824453	0.962284	0.0575652	0.111924	0.125528	0.688402	0.131799	0.480543	0.140807	0.872938	0.737872	0.39898	0.245463	0.463653	0.915713	0.126346	0.610441	0.0601407	0.531336	0.822092	0.31986	0.173899	0.784717	0.617516	0.67574	0.403823	0.416252	0.379866	0.595324	0.219197	0.665857	0.847133	0.911748	0.0391566	
0.252063	0.117748	0.0094687	0.0598919	0.733397	0.415714	0.263802	0.376716	0.843678	0.0376446	0.127444	0.920936	0.802251	0.785224	0.692364	0.625965	0.499148	0.195585	0.876421	0.490419	0.238783	0.957921	0.113232	0.363051	0.201679	0.552175	0.0383765	0.304481	0.871582	0.0196534	0.0982978	0.205617	0.697804	0.307296	0.133638	0.615425	0.894033	0.621284	0.319685	0.425882	0.0490062	0.548583	0.858891	0.518807	0.968651	0.72686	0.0573193	0.094645	0.761043	0.943633	
