25	30
112.741	0.853643
123.444	0.849937
120.279	0.192816
113.587	0.625416
124.208	0.05099
101.909	0.371587
119.312	0.817099
107.959	0.462569
104.532	0.409655
112.06	0.234145
101.25	0.322506
100.34	0.686218
123.076	0.237065
123.831	0.321557
102.013	0.56036
108.872	0.14546
105.973	0.79744
110.493	0.65799
100.226	0.454247
108.647	0.687903
103.006	0.0712824
106.343	0.0599294
115.281	0.316892
115.164	0.782014
107.651	0.865684
6.96992
10.6732
37.757
42.437
2.61365
42.9421
29.2107
42.9477
48.1067
3.60756
18.5142
38.9207
41.1479
35.4656
1.02597
35.6622
35.0157
26.6683
4.14773
7.77771
1.03429
23.7497
37.7979
8.94718
18.0547
41.0606
41.6057
7.9795
9.3869
46.7702
0.540195	0.629419	0.612222	0.0310822	0.858064	0.464299	0.299803	0.00552381	0.00437507	0.851621	0.495148	0.338988	0.468788	0.264386	0.324509	0.764504	0.678052	0.74033	0.126832	0.454714	0.979603	0.123277	0.683099	0.695405	0.655469	0.89033	0.734059	0.886788	0.415919	0.534273	
0.398442	0.882733	0.366582	0.023283	0.970513	0.543774	0.342664	0.436595	0.262443	0.923974	0.377017	0.615852	0.0520109	0.00179581	0.307097	0.402354	0.263097	0.347559	0.227223	0.0565616	0.702175	0.909508	0.286456	0.6091	0.0499092	0.0326162	0.467748	0.617264	0.467695	0.864892	
0.633582	0.345366	0.421717	0.0958235	0.296026	0.297793	0.951521	0.19826	0.406333	0.681485	0.474594	0.16244	0.507846	0.998759	0.518278	0.214779	0.922965	0.715242	0.330284	0.50321	0.80095	0.228165	0.328066	0.711914	0.105074	0.37326	0.440739	0.992369	0.320562	0.190307	
0.588933	0.926808	0.488842	0.512677	0.954102	0.454141	0.379231	0.757504	0.997567	0.0236966	0.443107	0.817576	0.192398	0.608981	0.790032	0.511758	0.0983012	0.674232	0.765388	0.53004	0.460899	0.336197	0.0205188	0.242335	0.945169	0.530166	0.783251	0.823134	0.895283	0.658197	
0.505685	0.347627	0.31589	0.257345	0.795144	0.399677	0.853233	0.79128	0.625364	0.67019	0.842144	0.13885	0.0590093	0.903415	0.30231	0.953818	0.340082	0.917741	0.918465	0.495378	0.25429	0.204364	0.232973	0.0961951	0.199265	0.0828915	0.375121	0.0943017	0.875699	0.965447	
0.191218	0.689906	0.229722	0.501926	0.490135	0.868323	0.0795701	0.437363	0.282438	0.832638	0.70166	0.976362	0.13457	0.939533	0.905296	0.234322	0.917987	0.664424	0.371344	0.4338	0.95399	0.00668863	0.254185	0.156232	0.984877	0.440851	0.226728	0.154771	0.757104	0.81548	
0.146622	0.425839	0.44908	0.885672	0.0217102	0.377379	0.933808	0.0633274	0.77143	0.348964	0.838401	0.578547	0.64835	0.886949	0.575895	0.384373	0.896663	0.649851	0.597806	0.0327087	0.784823	0.0664275	0.336166	0.69009	0.729965	0.527114	0.405182	0.0645984	0.993984	0.866837	
0.921291	0.850055	0.642121	0.228682	0.0140418	0.498774	0.767513	0.900012	0.000765006	0.988562	0.973573	0.587817	0.685311	0.184556	0.891042	0.746031	0.514372	0.430418	0.720543	0.909951	0.588312	0.973256	0.572359	0.315042	0.332645	0.73422	0.595495	0.807272	0.808916	0.909355	
0.115131	0.565993	0.0490525	0.44082	0.123281	0.740773	0.698228	0.6884	0.313903	0.596401	0.439942	0.144868	0.386966	0.254109	0.499857	0.390397	0.770879	0.0415562	0.664227	0.848667	0.182582	0.635155	0.066331	0.243791	0.636431	0.0291063	0.610915	0.204058	0.39305	0.0607242	
0.150039	0.183723	0.551776	0.63776	0.44456	0.454774	0.732063	0.868605	0.878768	0.209035	0.518529	0.848801	0.0820201	0.682582	0.298897	0.0725316	0.318743	0.626761	0.343077	0.780688	0.788687	0.409817	0.818985	0.99591	0.158703	0.408583	0.249717	0.490307	0.165053	0.907644	
0.944862	0.771267	0.105068	0.100582	0.687866	0.423775	0.762485	0.178776	0.165761	0.698053	0.779809	0.391335	0.84783	0.446775	0.278578	0.411297	0.248403	0.812156	0.0668355	0.180589	0.823813	0.792218	0.350547	0.95886	0.214974	0.598825	0.108258	0.340991	0.707783	0.486825	
0.915972	0.801793	0.390965	0.0784675	0.747488	0.270214	0.357777	0.0966772	0.0210765	0.419914	0.515911	0.491654	0.48316	0.994518	0.234898	0.851039	0.216129	0.436087	0.496787	0.451568	0.657916	0.798508	0.411953	0.413902	0.657932	0.774988	0.509662	0.773662	0.871494	0.823969	
0.0845175	0.44633	0.831502	0.845524	0.296313	0.966943	0.472321	0.553527	0.506157	0.175851	0.398195	0.40055	0.64269	0.540591	0.251573	0.949911	0.51822	0.156341	0.562837	0.839138	0.591743	0.499624	0.0327885	0.592594	0.631308	0.819173	0.167347	0.432771	0.410644	0.898802	
0.689656	0.605035	0.104291	0.178429	0.394745	0.974527	0.608829	0.119992	0.461793	0.81129	0.0783274	0.638409	0.559703	0.423391	0.468319	0.110764	0.962764	0.0993279	0.744638	0.609003	0.76364	0.810139	0.92074	0.142533	0.879258	0.5961	0.502658	0.291584	0.849891	0.165198	
0.812849	0.381809	0.339653	0.518599	0.331545	0.315704	0.825192	0.0168828	0.565593	0.866911	0.0901014	0.836085	0.941766	0.0432041	0.0440175	0.495575	0.503678	0.270713	0.571286	0.209892	0.481284	0.374225	0.686049	0.739501	0.196075	0.614206	0.270139	0.906963	0.731137	0.0760886	
0.268734	0.0400679	0.613692	0.95484	0.149943	0.12289	0.067178	0.883569	0.550155	0.329143	0.111629	0.582374	0.939171	0.196106	0.39315	0.940166	0.457429	0.939173	0.293719	0.919751	0.515429	0.534125	0.770121	0.494094	0.270102	0.54933	0.080241	0.740209	0.0686874	0.963634	
0.406402	0.570131	0.567474	0.273913	0.671746	0.385991	0.600185	0.243292	0.641385	0.263927	0.225254	0.0420057	0.894365	0.518968	0.153266	0.232234	0.818732	0.4828	0.34727	0.544773	0.650044	0.863294	0.0483199	0.261276	0.900893	0.0521965	0.941625	0.852358	0.512903	0.500222	
0.0636159	0.805761	0.0910773	0.414779	0.635633	0.854936	0.508351	0.79964	0.863056	0.0812167	0.514247	0.266869	0.252583	0.660893	0.545343	0.763616	0.654858	0.027029	0.77337	0.269362	0.718511	0.456113	0.345334	0.47102	0.873982	0.190177	0.431034	0.496183	0.134166	0.318885	
0.0356674	0.468041	0.103638	0.284666	0.428408	0.634775	0.960558	0.0733597	0.498204	0.279131	0.0980864	0.1682	0.294681	0.976476	0.117317	0.719956	0.417267	0.742941	0.761095	0.0740959	0.724638	0.347317	0.847904	0.635394	0.107912	0.121261	0.451946	0.245385	0.557708	0.221673	
0.650328	0.382879	0.0586925	0.751434	0.728892	0.756532	0.83329	0.125027	0.81514	0.613779	0.239764	0.291266	0.470807	0.657853	0.933258	0.891838	0.832787	0.55115	0.717364	0.131536	0.241379	0.709585	0.388551	0.0988409	0.0838969	0.272184	0.55051	0.262707	0.634776	0.0968218	
0.297227	0.503588	0.696517	0.14287	0.611896	0.764766	0.740123	0.879677	0.705651	0.432747	0.4146	0.155865	0.180322	0.232328	0.447081	0.222639	0.752839	0.0764277	0.504967	0.505911	0.0487498	0.32696	0.197753	0.136258	0.993218	0.496676	0.623397	0.341854	0.222663	0.451125	
0.146446	0.185899	0.736093	0.400494	0.370288	0.222943	0.913599	0.498597	0.300395	0.77091	0.903986	0.750546	0.52863	0.610527	0.360936	0.29642	0.672276	0.15495	0.890297	0.0793451	0.747582	0.564892	0.113906	0.437553	0.926234	0.0884255	0.753723	0.082615	0.502145	0.80373	
0.801173	0.785786	0.0410577	0.886315	0.983232	0.0611008	0.137562	0.719115	0.0954647	0.873199	0.740861	0.060855	0.92026	0.148433	0.936375	0.856469	0.771318	0.553588	0.540144	0.783905	0.495182	0.741737	0.28945	0.99295	0.512968	0.223276	0.00108743	0.0836551	0.378828	0.526786	
0.0723224	0.491809	0.923886	0.748937	0.292629	0.615991	0.37671	0.921464	0.947029	0.842143	0.116385	0.209672	0.393996	0.925695	0.995733	0.910248	0.206278	0.665639	0.25585	0.456049	0.374436	0.796666	0.398598	0.361473	0.63536	0.401032	0.307638	0.884311	0.455804	0.337912	
0.358586	0.0481152	0.402585	0.277838	0.300585	0.221186	0.117931	0.774616	0.747641	0.117034	0.0391258	0.938068	0.888852	0.788297	0.715991	0.838992	0.867262	0.249184	0.228742	0.815916	0.180905	0.799152	0.176	0.80168	0.410524	0.971518	0.749342	0.247488	0.30945	0.461476	
