25	40
125.098	0.98085
117.584	0.502059
106.47	0.35462
117.42	0.23124
123.961	0.0520306
106.448	0.120777
114.245	0.914585
123.899	0.739891
122.404	0.663246
123.364	0.398313
110.024	0.675607
108.025	0.728679
103.605	0.81558
106.789	0.998277
109.325	0.349488
107.43	0.140557
121.038	0.334158
104.72	0.165701
125.064	0.109207
116.943	0.46081
109.872	0.802857
126.655	0.511727
122.336	0.672603
118.083	0.907849
121.426	0.557816
10.0549
8.08447
10.0191
45.8001
36.963
2.84107
27.1777
24.6399
13.7314
10.0165
29.7566
42.7291
44.7199
23.7833
9.65493
5.55068
1.7661
11.3565
5.90658
8.47974
25.4991
38.0734
21.5869
15.5906
21.4973
29.0318
42.7733
20.9892
46.5596
4.17588
14.2095
20.7972
9.53904
13.2666
8.71314
8.68018
4.44059
31.0281
16.965
32.1189
0.0919777	0.66217	0.950393	0.561877	0.480501	0.115645	0.441889	0.297287	0.223593	0.778793	0.796484	0.327579	0.763125	0.433457	0.73408	0.396456	0.305776	0.112065	0.674923	0.146842	0.384121	0.907935	0.694094	0.134937	0.397699	0.561653	0.952535	0.976097	0.592592	0.870623	0.0954298	0.875131	0.55437	0.109468	0.19852	0.208838	0.0297852	0.115382	0.854644	0.636579	
0.276732	0.55547	0.73846	0.508872	0.792262	0.883184	0.545024	0.534254	0.282769	0.300537	0.751379	0.906146	0.080421	0.629297	0.111964	0.335725	0.931319	0.275699	0.536616	0.550395	0.00679627	0.995264	0.958972	0.173183	0.525923	0.629183	0.284594	0.651783	0.827557	0.836933	0.912735	0.635829	0.345346	0.0409735	0.0558651	0.893697	0.0731688	0.319916	0.975383	0.590066	
0.33227	0.844064	0.255803	0.635996	0.659739	0.491895	0.32834	0.755925	0.00706998	0.957487	0.46627	0.0828204	0.182808	0.852931	0.280826	0.469593	0.331885	0.224478	0.963601	0.843171	0.26497	0.426897	0.00572393	0.270687	0.854644	0.956163	0.292635	0.341813	0.306132	0.432652	0.794879	0.900561	0.626416	0.601697	0.655736	0.366132	0.714255	0.02033	0.129884	0.159383	
0.416544	0.654786	0.760023	0.326881	0.744005	0.795058	0.0741111	0.0422519	0.956619	0.434653	0.322972	0.0222904	0.272378	0.649116	0.486405	0.476181	0.244499	0.381535	0.0180889	0.51152	0.395542	0.329743	0.674323	0.928256	0.785894	0.776007	0.027368	0.241075	0.60055	0.587642	0.269588	0.215284	0.747756	0.748506	0.459709	0.869213	0.333961	0.0119288	0.736625	0.450496	
0.828887	0.766482	0.916077	0.972827	0.919977	0.786624	0.523624	0.744836	0.116822	0.70198	0.923194	0.381613	0.727356	0.917675	0.343927	0.321059	0.288806	0.0508967	0.716136	0.914282	0.429037	0.279097	0.873866	0.3652	0.155724	0.402289	0.802056	0.547997	0.720158	0.342046	0.450935	0.84793	0.639419	0.518891	0.277052	0.881868	0.356287	0.364309	0.0458026	0.995787	
0.429738	0.0613672	0.559666	0.0583032	0.00833492	0.46984	0.605988	0.673906	0.68823	0.147667	0.953858	0.36526	0.199083	0.609908	0.858298	0.290578	0.451413	0.824527	0.390701	0.632329	0.220162	0.137401	0.815934	0.709287	0.794043	0.77214	0.287852	0.394341	0.988446	0.267682	0.429147	0.467492	0.205132	0.179346	0.164757	0.603724	0.111398	0.133189	0.896032	0.875749	
0.699057	0.538213	0.669781	0.264833	0.871995	0.453195	0.750266	0.500891	0.0763999	0.101124	0.32065	0.991342	0.897579	0.443591	0.549079	0.92394	0.230865	0.66208	0.645579	0.270561	0.886656	0.603119	0.298537	0.396046	0.252667	0.0432332	0.176863	0.467826	0.608764	0.202211	0.358094	0.204007	0.196535	0.693879	0.662619	0.166104	0.0306336	0.527626	0.850246	0.103881	
0.400378	0.322663	0.973352	0.705285	0.843006	0.903638	0.881139	0.763515	0.361697	0.918648	0.564198	0.600607	0.913104	0.18143	0.0177766	0.463346	0.687362	0.84286	0.600883	0.937109	0.144525	0.0334069	0.24342	0.895908	0.446587	0.776366	0.981805	0.147463	0.531157	0.597654	0.991189	0.494023	0.756258	0.160872	0.788537	0.408618	0.172124	0.725328	0.363308	0.172569	
0.656671	0.447326	0.87305	0.616603	0.887364	0.139975	0.455396	0.744017	0.78211	0.227576	0.29636	0.806984	0.722024	0.670208	0.289354	0.443844	0.574831	0.0504776	0.421925	0.542179	0.0509894	0.157073	0.125121	0.225859	0.936191	0.986765	0.117126	0.732955	0.710343	0.686948	0.922709	0.627407	0.790582	0.832189	0.917695	0.559332	0.540188	0.850546	0.524265	0.10872	
0.408859	0.200618	0.677838	0.897722	0.596691	0.0580984	0.58099	0.346746	0.0917125	0.757009	0.902109	0.197569	0.859069	0.683691	0.676952	0.600722	0.685923	0.11569	0.331379	0.0568124	0.204003	0.965339	0.0881116	0.139441	0.765616	0.0709643	0.561632	0.100689	0.732234	0.399453	0.416321	0.817789	0.206912	0.822463	0.886025	0.286244	0.839546	0.585049	0.361952	0.901013	
0.795605	0.242596	0.0522718	0.559481	0.51839	0.470628	0.720247	0.619393	0.0772631	0.238979	0.140886	0.216073	0.472902	0.0471789	0.745326	0.7361	0.520993	0.895864	0.280177	0.612677	0.476374	0.416878	0.632094	0.539989	0.546617	0.013873	0.800453	0.670396	0.292391	0.938354	0.334765	0.521934	0.247387	0.479385	0.772907	0.921798	0.837024	0.489265	0.378485	0.383791	
0.749217	0.679626	0.8995	0.994619	0.979402	0.412468	0.408193	0.85049	0.992554	0.307964	0.994969	0.964638	0.438771	0.726587	0.521927	0.230414	0.74163	0.241292	0.719743	0.139003	0.812221	0.277311	0.175686	0.184578	0.433823	0.648272	0.862269	0.820633	0.679848	0.69924	0.506648	0.155138	0.525816	0.850545	0.911318	0.630158	0.623832	0.650722	0.50128	0.308715	
0.403245	0.288992	0.307134	0.337178	0.619588	0.0214535	0.910262	0.478131	0.13581	0.590124	0.721031	0.0956389	0.119989	0.635494	0.91127	0.0924686	0.916396	0.692	0.638753	0.33557	0.0187806	0.135765	0.991485	0.0186949	0.0173386	0.289857	0.478854	0.00952228	0.757728	0.787956	0.82516	0.82356	0.938512	0.687605	0.290502	0.380664	0.0796109	0.68118	0.629101	0.701983	
0.100467	0.460226	0.376258	0.422764	0.439543	0.957111	0.654865	0.0658041	0.0194323	0.309022	0.351309	0.378555	0.609337	0.740703	0.290004	0.0801266	0.0769874	0.479043	0.987355	0.854664	0.177553	0.88632	0.323625	0.538336	0.0424693	0.22012	0.866059	0.555313	0.792912	0.890682	0.827222	0.0281295	0.325769	0.970693	0.36312	0.967739	0.490465	0.807505	0.356508	0.482962	
0.671357	0.908957	0.930617	0.587316	0.730697	0.994927	0.831529	0.966246	0.397411	0.773125	0.226268	0.704789	0.208236	0.152707	0.52107	0.952865	0.573467	0.609072	0.4346	0.845427	0.74773	0.525259	0.487737	0.466247	0.664589	0.311651	0.630643	0.106131	0.183826	0.603667	0.308201	0.398757	0.749598	0.400741	0.775824	0.123346	0.75777	0.430015	0.796594	0.938429	
0.866866	0.445004	0.558095	0.897587	0.0830247	0.49241	0.146484	0.0363923	0.592313	0.653215	0.553835	0.572108	0.287905	0.713007	0.267567	0.548897	0.294607	0.387109	0.504241	0.217384	0.561598	0.769231	0.641373	0.621877	0.0775465	0.794745	0.458559	0.353973	0.410129	0.555465	0.203198	0.937651	0.943891	0.992707	0.904503	0.71907	0.655	0.780325	0.953227	0.37051	
0.836643	0.0655778	0.573015	0.0565622	0.222118	0.125571	0.735552	0.0256386	0.37809	0.0854883	0.911299	0.5146	0.429015	0.585724	0.193257	0.88937	0.917152	0.715844	0.311303	0.0255519	0.380581	0.718115	0.713864	0.354889	0.282428	0.0252659	0.701765	0.681329	0.0111924	0.0525705	0.0365385	0.434925	0.47737	0.827822	0.735355	0.419864	0.561043	0.611221	0.420428	0.512352	
0.524384	0.0633122	0.394258	0.28	0.133887	0.64657	0.42082	0.94333	0.270997	0.643118	0.362786	0.408229	0.510596	0.591273	0.0241079	0.00425403	0.846615	0.672076	0.0709139	0.841794	0.211113	0.758797	0.517466	0.930508	0.546102	0.142058	0.80271	0.255569	0.952575	0.822512	0.617374	0.585488	0.863094	0.26272	0.764436	0.407397	0.639516	0.612749	0.182153	0.497918	
0.114949	0.436312	0.355386	0.729293	0.770476	0.437495	0.2608	0.610348	0.499233	0.830245	0.74151	0.841667	0.769037	0.687363	0.778479	0.220592	0.78559	0.958221	0.814407	0.632118	0.205749	0.864397	0.625168	0.115423	0.0207007	0.227471	0.608527	0.86039	0.266017	0.49418	0.606384	0.658762	0.42389	0.936285	0.898846	0.777196	0.687865	0.558974	0.442689	0.396457	
0.519344	0.260974	0.0147684	0.104	0.563434	0.0516078	0.316425	0.57387	0.434349	0.437801	0.546028	0.0727756	0.913567	0.693889	0.525524	0.796404	0.517824	0.956479	0.827532	0.883322	0.300091	0.212169	0.694439	0.779276	0.635305	0.818491	0.00755958	0.872565	0.519282	0.957099	0.827235	0.809279	0.854998	0.633935	0.81559	0.43064	0.853136	0.467226	0.39895	0.62494	
0.367874	0.888435	0.539153	0.580419	0.273281	0.925502	0.212382	0.521611	0.055163	0.211638	0.116238	0.757067	0.440389	0.288421	0.71825	0.998463	0.140527	0.225133	0.247554	0.367248	0.382598	0.156221	0.820283	0.722934	0.973133	0.718134	0.422488	0.635207	0.730655	0.940125	0.751794	0.642503	0.187615	0.7678	0.233207	0.308814	0.970275	0.680732	0.487404	0.460213	
0.293454	0.783174	0.370993	0.887326	0.82636	0.811226	0.453488	0.375896	0.786586	0.303803	0.21713	0.849587	0.91398	0.0931862	0.862444	0.829505	0.865956	0.138476	0.364047	0.117155	0.468339	0.812803	0.123772	0.415258	0.58799	0.595319	0.864031	0.302715	0.806762	0.811124	0.125234	0.892684	0.633354	0.444173	0.61646	0.955487	0.888983	0.384541	0.969537	0.49477	
0.721573	0.0457102	0.529436	0.229452	0.356895	0.0777089	0.202092	0.268283	0.341079	0.951201	0.0199797	0.591099	0.218008	0.552132	0.287847	0.740528	0.322675	0.950934	0.167495	0.531547	0.191083	0.618173	0.737747	0.646042	0.264359	0.777483	0.766528	0.143889	0.216355	0.469338	0.348597	0.478835	0.696745	0.209566	0.665737	0.358575	0.229074	0.850409	0.635417	0.0733829	
0.797018	0.32241	0.440571	0.51987	0.213292	0.0642594	0.963456	0.591234	0.827696	0.418449	0.0212783	0.465096	0.0745672	0.187229	0.655239	0.0615616	0.549294	0.491378	0.0804771	0.177831	0.59688	0.227204	0.368915	0.648975	0.543595	0.809665	0.374408	0.201394	0.380632	0.040657	0.659803	0.0334283	0.701081	0.980415	0.726829	0.0390073	0.555863	0.467418	0.690493	0.594402	
0.693443	0.752726	0.215446	0.774557	0.490408	0.0157503	0.745952	0.639115	0.418857	0.344551	0.371055	0.974783	0.118316	0.795206	0.878134	0.732044	0.804405	0.903716	0.0839469	0.367756	0.964913	0.605993	0.429202	0.932461	0.424501	0.442955	0.835649	0.0218007	0.853015	0.893282	0.989716	0.609942	0.809934	0.771814	0.910806	0.579214	0.27259	0.271564	0.463536	0.848745	
