25	30
120.767	0.26582
118.705	0.274116
100.235	0.464987
107.449	0.828276
106.775	0.339111
107.344	0.0430877
122.342	0.768058
114.092	0.230158
106.093	0.442893
101.433	0.188561
106.755	0.928542
113.69	0.0445814
104.751	0.115615
102.517	0.51678
115.442	0.240525
122.583	0.331496
100.119	0.364496
103.368	0.948101
111.615	0.94295
109.229	0.252373
119.147	0.468854
107.328	0.0677695
121.512	0.582408
106.098	0.332706
121.785	0.894544
15.6417
17.3047
35.7646
44.3556
8.4526
46.2591
5.71164
42.1713
45.6446
41.4149
19.5151
15.1709
13.8286
24.5892
24.3099
13.7224
45.1206
26.0681
15.1879
1.22741
36.3905
36.011
18.3502
23.2613
5.73845
13.964
39.7981
32.2795
7.11372
19.7713
0.266579	0.438195	0.243464	0.356343	0.364516	0.895011	0.114046	0.565672	0.840374	0.268835	0.965047	0.656538	0.963332	0.177192	0.920072	0.968924	0.979913	0.747723	0.481448	0.165692	0.551857	0.314089	0.235399	0.710233	0.0410631	0.864061	0.821913	0.948193	0.675282	0.458203	
0.957521	0.388289	0.441197	0.0644135	0.938918	0.472121	0.540145	0.760697	0.928357	0.617188	0.964732	0.931298	0.236425	0.458794	0.215561	0.194296	0.607898	0.210262	0.321265	0.199412	0.334542	0.366975	0.0610814	0.0680159	0.234592	0.461822	0.25385	0.555391	0.765493	0.648086	
0.984569	0.137026	0.298708	0.820194	0.747895	0.81743	0.279479	0.945814	0.200737	0.512535	0.287005	0.576263	0.0557209	0.321094	0.418145	0.747968	0.978947	0.377247	0.535672	0.728185	0.595383	0.423846	0.856799	0.805911	0.858959	0.485101	0.496171	0.0447313	0.348924	0.898355	
0.401078	0.806618	0.375261	0.175711	0.171613	0.735609	0.346156	0.96287	0.090855	0.62991	0.209006	0.508445	0.696489	0.243302	0.705875	0.695889	0.623293	0.299399	0.917733	0.251526	0.537217	0.606871	0.812035	0.253036	0.462183	0.62194	0.605239	0.250886	0.440949	0.268417	
0.301359	0.352697	0.400735	0.446102	0.0296831	0.842163	0.785394	0.0878851	0.921467	0.74997	0.799159	0.357922	0.109615	0.561886	0.625923	0.368915	0.689022	0.341463	0.399708	0.870649	0.996167	0.464343	0.73848	0.570838	0.440146	0.358504	0.386996	0.980061	0.129844	0.0332478	
0.767909	0.265985	0.740231	0.671948	0.194516	0.0696245	0.330159	0.624976	0.66105	0.764667	0.564422	0.40153	0.0163393	0.905499	0.227501	0.321312	0.468446	0.845373	0.78805	0.430159	0.551276	0.563222	0.379421	0.446364	0.687937	0.328368	0.19494	0.347735	0.284485	0.229939	
0.281529	0.839476	0.812782	0.0987853	0.880773	0.951004	0.256605	0.0197558	0.487119	0.490611	0.265811	0.255742	0.741361	0.206932	0.134375	0.566122	0.33177	0.00837795	0.360079	0.220132	0.626568	0.415563	0.824505	0.922597	0.315777	0.0296221	0.737574	0.619096	0.927112	0.103632	
0.111557	0.206594	0.721065	0.437349	0.426297	0.824677	0.109391	0.5897	0.819493	0.29343	0.622225	0.943357	0.603511	0.192794	0.963871	0.640186	0.684424	0.761609	0.0882422	0.313717	0.298487	0.577904	0.3575	0.800385	0.810692	0.0646344	0.362861	0.686623	0.530272	0.485913	
0.269657	0.867562	0.466409	0.79331	0.082167	0.835434	0.871571	0.230915	0.789536	0.877413	0.931834	0.132805	0.662603	0.775025	0.875616	0.631544	0.686853	0.0479841	0.423173	0.445863	0.71993	0.501821	0.839753	0.0478635	0.969195	0.863984	0.44332	0.0101175	0.702828	0.552491	
0.905621	0.215757	0.0902255	0.251609	0.864068	0.175746	0.696669	0.851661	0.751151	0.139428	0.723189	0.315784	0.513637	0.122145	0.470064	0.582368	0.131027	0.0786998	0.637944	0.28888	0.358958	0.101388	0.414072	0.503925	0.155754	0.192343	0.765364	0.738246	0.419034	0.982838	
0.100134	0.783936	0.383249	0.954034	0.214413	0.0120318	0.864754	0.306167	0.985061	0.596555	0.910093	0.809711	0.0291761	0.566295	0.594261	0.0762852	0.596885	0.42967	0.320446	0.529193	0.0863701	0.249404	0.597067	0.302504	0.299148	0.673019	0.401227	0.324154	0.433284	0.50131	
0.397385	0.191874	0.61697	0.999259	0.152335	0.459909	0.431847	0.406569	0.548348	0.674401	0.621003	0.643033	0.449537	0.737632	0.349555	0.484537	0.387491	0.750232	0.473795	0.861843	0.0669587	0.0720329	0.945832	0.880234	0.514051	0.187713	0.913218	0.918079	0.628541	0.0637792	
0.325344	0.345378	0.858079	0.298885	0.545311	0.869675	0.556052	0.82581	0.017321	0.752354	0.949339	0.95975	0.887857	0.210311	0.159686	0.839519	0.977767	0.814665	0.763878	0.130525	0.894125	0.913972	0.362914	0.843935	0.609055	0.726258	0.190534	0.601005	0.11011	0.0156172	
0.942137	0.158837	0.658798	0.45789	0.223714	0.895023	0.45209	0.937478	0.952929	0.0850927	0.583072	0.324776	0.146219	0.742613	0.265972	0.901854	0.472741	0.0214504	0.878102	0.641252	0.55706	0.817651	0.25203	0.636597	0.126112	0.778152	0.980856	0.283375	0.343439	0.0582005	
0.355157	0.898434	0.317563	0.96189	0.916958	0.0554009	0.0164262	0.183976	0.173176	0.927257	0.489375	0.379127	0.632903	0.787831	0.799024	0.12134	0.555934	0.140092	0.671022	0.0537422	0.506045	0.407683	0.203564	0.303713	0.0978299	0.517157	0.719122	0.892053	0.626672	0.513523	
0.363893	0.257378	0.617145	0.646877	0.483153	0.193627	0.0987531	0.444287	0.484659	0.482606	0.443595	0.305745	0.432838	0.159355	0.353935	0.428363	0.926686	0.754459	0.0826285	0.806573	0.65889	0.400777	0.449476	0.0493456	0.21108	0.677986	0.18598	0.90398	0.610512	0.078677	
0.25619	0.765077	0.986167	0.193496	0.366528	0.109865	0.192429	0.964807	0.023897	0.0565549	0.105789	0.156957	0.541707	0.916365	0.128784	0.403795	0.983121	0.387279	0.590339	0.88891	0.0968995	0.0906735	0.925923	0.317643	0.356574	0.21979	0.492763	0.917264	0.724807	0.49739	
0.495651	0.864353	0.678709	0.644693	0.189311	0.146422	0.813007	0.100488	0.553156	0.955549	0.911068	0.687094	0.78141	0.676494	0.652656	0.977275	0.404516	0.416594	0.0527332	0.650403	0.775664	0.649831	0.49441	0.873532	0.0869416	0.446234	0.456603	0.424545	0.292357	0.475539	
0.435783	0.156472	0.588729	0.134203	0.779577	0.0725515	0.634528	0.450999	0.545517	0.988778	0.830819	0.794192	0.381849	0.545069	0.04043	0.7915	0.259576	0.161344	0.468859	0.397312	0.0610882	0.684113	0.918806	0.870011	0.822087	0.302423	0.830896	0.0287827	0.0473196	0.457545	
0.403606	0.387298	0.218155	0.741486	0.0211417	0.0411749	0.213023	0.516122	0.336579	0.368955	0.974388	0.454534	0.516721	0.615431	0.33415	0.199481	0.117064	0.818801	0.257957	0.881818	0.815629	0.41488	0.906089	0.779284	0.840487	0.124859	0.316237	0.724464	0.944819	0.683213	
0.0551062	0.993619	0.66649	0.614232	0.511898	0.21096	0.965479	0.741968	0.55678	0.544552	0.668931	0.224404	0.857505	0.659181	0.738789	0.36057	0.522373	0.404364	0.00228342	0.493533	0.958161	0.344102	0.18993	0.0111558	0.00486165	0.224993	0.525022	0.435432	0.597721	0.0913962	
0.108393	0.999089	0.379659	0.0598651	0.261775	0.932853	0.532883	0.315355	0.423267	0.067668	0.574427	0.809138	0.409976	0.817612	0.83879	0.615852	0.606742	0.832369	0.492422	0.727472	0.00218869	0.652259	0.408458	0.779373	0.532406	0.742305	0.643382	0.120995	0.736437	0.814041	
0.975606	0.863586	0.0781424	0.841298	0.159132	0.692587	0.00205986	0.125409	0.0784321	0.119835	0.424263	0.708359	0.418497	0.087092	0.248114	0.62293	0.179327	0.500686	0.597772	0.985251	0.995166	0.387084	0.362594	0.564544	0.858809	0.933071	0.215715	0.037704	0.963137	0.617758	
0.449888	0.265479	0.309619	0.00638931	0.786022	0.383905	0.628107	0.167374	0.418396	0.913938	0.356334	0.0492361	0.868835	0.54338	0.313955	0.16039	0.256584	0.628899	0.240567	0.723777	0.3937	0.916492	0.236776	0.819331	0.0925358	0.0773515	0.0419955	0.0808305	0.165427	0.272411	
0.164752	0.221865	0.569413	0.561852	0.780793	0.381711	0.307175	0.520639	0.977408	0.295046	0.491327	0.310396	0.02029	0.461212	0.759422	0.614473	0.0723165	0.0472247	0.989802	0.777838	0.818957	0.566986	0.552794	0.113234	0.802565	0.233954	0.236575	0.589427	0.758148	0.70055	
