30	40
124.385	0.147125
131.515	0.318873
129.321	0.686256
143.418	0.502872
131.301	0.494725
137.96	0.997715
124.572	0.77907
132.827	0.0718079
128.063	0.98351
129.694	0.791332
144.858	0.715383
140.691	0.102819
147.875	0.10657
144.145	0.90788
148.283	0.795194
144.399	0.5079
139.579	0.0230443
126.762	0.677148
150.449	0.276376
132.471	0.0345253
145.607	0.624334
131.609	0.423638
120.871	0.751977
141.1	0.543087
149.634	0.16396
139.008	0.178349
135.881	0.0254289
121.769	0.637712
132.196	0.621064
129.395	0.855619
8.90761
25.2728
19.6858
14.8093
37.0583
14.7885
29.967
5.04441
37.7896
26.5828
30.1608
36.6371
2.6649
30.1549
46.9071
26.6457
35.4245
35.8853
40.5037
22.0416
25.4305
46.3853
27.3319
46.8325
21.1317
35.3683
2.19022
48.9215
38.2506
42.9903
47.2576
45.8672
8.29192
40.3092
11.8712
15.2693
4.4144
9.46354
23.6083
34.0308
0.488355	0.401895	0.285051	0.0142687	0.635461	0.182567	0.646186	0.669718	0.619473	0.943357	0.967095	0.0142729	0.942976	0.708598	0.763428	0.910037	0.961267	0.130494	0.192502	0.935886	0.543079	0.12792	0.631089	0.490713	0.501538	0.14756	0.3575	0.591046	0.374384	0.179146	0.94873	0.12673	0.196253	0.859453	0.495565	0.491495	0.470465	0.674108	0.378818	0.869812	
0.338956	0.515726	0.415228	0.703102	0.503531	0.446055	0.705101	0.100806	0.204193	0.869755	0.974743	0.0741297	0.682273	0.365213	0.404988	0.578471	0.48599	0.757029	0.837789	0.954659	0.150871	0.210764	0.571452	0.35757	0.422421	0.942192	0.483394	0.657055	0.439133	0.0467463	0.150048	0.220519	0.539352	0.0516912	0.367242	0.939432	0.420791	0.921835	0.861821	0.801294	
0.670219	0.813706	0.429256	0.97536	0.89761	0.159354	0.505386	0.258158	0.237659	0.187606	0.235456	0.465544	0.705599	0.427152	0.530582	0.463616	0.673646	0.649308	0.618911	0.567299	0.187169	0.465781	0.505491	0.68411	0.587554	0.404061	0.484939	0.930551	0.279327	0.642247	0.213918	0.536592	0.698339	0.797563	0.411077	0.751177	0.615018	0.37297	0.0785856	0.80135	
0.468204	0.366161	0.985993	0.406238	0.783606	0.886219	0.249596	0.26731	0.586122	0.398852	0.363018	0.132484	0.537742	0.173251	0.337204	0.0852447	0.560602	0.779054	0.811561	0.508819	0.958072	0.197888	0.227442	0.114441	0.810934	0.22646	0.108821	0.225811	0.269577	0.354333	0.709627	0.744263	0.208113	0.703765	0.437467	0.118779	0.966129	0.71206	0.687744	0.735287	
0.467796	0.109759	0.149252	0.470981	0.665482	0.961052	0.279695	0.954184	0.340023	0.0544155	0.503475	0.787499	0.772683	0.30792	0.189463	0.731854	0.990358	0.295301	0.593396	0.533588	0.539499	0.286279	0.253375	0.290791	0.958496	0.377957	0.459413	0.503817	0.0778799	0.717356	0.748013	0.280199	0.754786	0.673173	0.712642	0.907745	0.229419	0.894125	0.300892	0.754686	
0.570782	0.368246	0.921854	0.952611	0.954278	0.860189	0.553661	0.487517	0.281361	0.310462	0.901381	0.525389	0.539029	0.03096	0.82629	0.057404	0.622496	0.124087	0.26017	0.677152	0.837486	0.507634	0.118078	0.369671	0.578584	0.642548	0.921781	0.898559	0.769905	0.945161	0.00703419	0.896941	0.831599	0.336307	0.938233	0.551248	0.604917	0.53126	0.831926	0.622846	
0.3276	0.00585766	0.724587	0.113414	0.50961	0.697799	0.357537	0.493123	0.713597	0.743047	0.18673	0.769059	0.0893425	0.360269	0.303485	0.538469	0.1806	0.250936	0.298871	0.792164	0.207505	0.962849	0.402898	0.110138	0.257499	0.626079	0.507508	0.578327	0.481385	0.600891	0.803609	0.147055	0.922369	0.0693128	0.953714	0.160099	0.548723	0.189411	0.537349	0.0183032	
0.997231	0.174442	0.968188	0.924364	0.789043	0.610342	0.338078	0.00577749	0.733337	0.359472	0.00844756	0.50612	0.97906	0.358617	0.115869	0.719706	0.282292	0.409621	0.586273	0.461262	0.107457	0.707472	0.636631	0.916467	0.890894	0.0463601	0.22538	0.568527	0.498613	0.769088	0.166395	0.760263	0.295369	0.276964	0.706588	0.132607	0.639056	0.439299	0.28385	0.649857	
0.758064	0.630681	0.937978	0.176703	0.316688	0.256292	0.567919	0.269582	0.491225	0.633864	0.00457482	0.0759579	0.700788	0.900333	0.929937	0.870779	0.896428	0.0528444	0.533154	0.181946	0.901459	0.98368	0.929136	0.324	0.107565	0.280748	0.263701	0.0222057	0.904126	0.0179272	0.437012	0.0871623	0.834168	0.918525	0.187452	0.312465	0.978091	0.858503	0.264118	0.871462	
0.087589	0.140356	0.734721	0.36417	0.485173	0.786895	0.117016	0.462078	0.487649	0.25848	0.16832	0.205622	0.49258	0.956118	0.818728	0.822381	0.890102	0.650594	0.751933	0.124594	0.810764	0.243873	0.22418	0.298555	0.962193	0.408272	0.501554	0.807481	0.893378	0.599392	0.833465	0.380302	0.296106	0.655544	0.0176307	0.322741	0.627149	0.814446	0.631002	0.705696	
0.901914	0.782424	0.28313	0.292054	0.899457	0.406379	0.451562	0.250225	0.257338	0.245685	0.70836	0.429281	0.419997	0.688516	0.524901	0.337762	0.522375	0.0412617	0.111727	0.190948	0.144058	0.394699	0.643866	0.584085	0.392902	0.773161	0.644067	0.453506	0.923846	0.336723	0.899474	0.218763	0.222945	0.998695	0.461307	0.952435	0.130086	0.957276	0.159147	0.80344	
0.23996	0.642507	0.779831	0.777758	0.228196	0.289316	0.947182	0.272567	0.978077	0.477574	0.62033	0.0707459	0.369062	0.809716	0.631141	0.950381	0.0287306	0.424838	0.370299	0.765867	0.790308	0.955475	0.438205	0.923609	0.735563	0.862661	0.498372	0.884469	0.284283	0.917512	0.355497	0.232443	0.0322011	0.947072	0.801538	0.263494	0.989383	0.801596	0.737664	0.5574	
0.377927	0.869956	0.0547413	0.710492	0.299833	0.37365	0.869508	0.996305	0.995507	0.720348	0.75273	0.385133	0.422003	0.608892	0.915675	0.598017	0.610258	0.083211	0.212577	0.148716	0.328772	0.595983	0.737683	0.894916	0.273278	0.762613	0.0776902	0.166327	0.512192	0.740013	0.0487086	0.361286	0.708642	0.994217	0.0606458	0.598632	0.163862	0.625232	0.368928	0.939423	
0.561889	0.499901	0.512546	0.689353	0.908133	0.192196	0.657971	0.117736	0.384649	0.24844	0.384141	0.024089	0.088581	0.982483	0.359514	0.500686	0.98172	0.49252	0.37052	0.152504	0.276719	0.0263638	0.257168	0.294872	0.240256	0.27948	0.751917	0.0695229	0.941966	0.789825	0.585298	0.368402	0.120279	0.62727	0.0604264	0.665263	0.673012	0.629078	0.957541	0.907736	
0.315848	0.737509	0.939719	0.20549	0.321226	0.644385	0.690953	0.953661	0.0591857	0.773937	0.183576	0.342079	0.334418	0.565459	0.504243	0.805303	0.188707	0.274064	0.0404971	0.471136	0.635963	0.460043	0.930871	0.0513216	0.438445	0.499631	0.535373	0.370383	0.137098	0.366876	0.23411	0.638611	0.714634	0.753918	0.6959	0.633801	0.637941	0.169651	0.508033	0.0786814	
0.339161	0.0619854	0.106395	0.768794	0.593414	0.757237	0.397401	0.890727	0.625783	0.255529	0.601527	0.619527	0.792584	0.932579	0.0992876	0.826375	0.449648	0.735493	0.172998	0.702838	0.806423	0.489197	0.490027	0.334806	0.181417	0.764882	0.355307	0.796092	0.0112799	0.818651	0.0827282	0.458679	0.0728384	0.77754	0.600977	0.950591	0.853496	0.940235	0.363211	0.882998	
0.0124549	0.539518	0.792392	0.150336	0.0411014	0.167109	0.0592229	0.6262	0.61393	0.393399	0.825248	0.803794	0.440708	0.520305	0.3749	0.382999	0.610467	0.642416	0.161045	0.932732	0.930968	0.929117	0.952473	0.145651	0.185571	0.804244	0.869592	0.647711	0.590931	0.210908	0.483064	0.0205357	0.537097	0.464854	0.467967	0.463108	0.0430667	0.910449	0.054772	0.421515	
0.32026	0.909244	0.716222	0.933583	0.621075	0.0392772	0.533129	0.0872869	0.932029	0.390577	0.921926	0.119503	0.188024	0.625471	0.512504	0.662598	0.572609	0.798841	0.735625	0.0852116	0.816132	0.461086	0.892977	0.848999	0.264715	0.800968	0.235088	0.326842	0.0509353	0.621635	0.705119	0.954706	0.71196	0.230012	0.482297	0.814755	0.919706	0.0523432	0.233313	0.908493	
0.897133	0.366873	0.0859753	0.809147	0.238442	0.63983	0.431085	0.914931	0.130154	0.0376676	0.657972	0.671139	0.377975	0.400746	0.227427	0.282982	0.829269	0.136507	0.598912	0.764167	0.283386	0.410877	0.893295	0.719474	0.654332	0.672026	0.620938	0.813543	0.203058	0.245894	0.20633	0.000206899	0.0574593	0.932886	0.573972	0.632187	0.656318	0.145307	0.971591	0.526114	
0.781855	0.250933	0.373953	0.658775	0.833458	0.00370304	0.0162214	0.639922	0.348096	0.804384	0.356039	0.0273081	0.967902	0.883517	0.377289	0.484015	0.103588	0.538435	0.686541	0.299126	0.120416	0.427395	0.246982	0.397635	0.554458	0.722899	0.994879	0.0383373	0.39554	0.0602583	0.380075	0.0367501	0.652171	0.177689	0.736241	0.452013	0.17036	0.897291	0.458151	0.327293	
0.305423	0.0863535	0.0287618	0.0249927	0.146636	0.125073	0.432864	0.522446	0.709331	0.951234	0.648836	0.317743	0.524014	0.0429646	0.880445	0.408226	0.430172	0.122323	0.127181	0.260793	0.0278078	0.205213	0.812997	0.752267	0.832425	0.825035	0.714681	0.362743	0.170377	0.483171	0.159792	0.0812204	0.131747	0.381954	0.0816297	0.579551	0.907708	0.425666	0.349925	0.342125	
0.117534	0.0415224	0.881812	0.210349	0.656949	0.16456	0.773622	0.130612	0.766962	0.744274	0.805546	0.134374	0.0887285	0.65657	0.860704	0.811507	0.991257	0.0012923	0.969697	0.9222	0.328321	0.67851	0.227652	0.243452	0.630852	0.775787	0.487091	0.991911	0.972694	0.282527	0.120112	0.279401	0.829317	0.0231035	0.627077	0.335286	0.65743	0.903067	0.0407313	0.860195	
0.870745	0.0512055	0.123501	0.227355	0.424166	0.626313	0.13964	0.549246	0.219769	0.552297	0.472465	0.663332	0.898347	0.957624	0.648006	0.517927	0.680224	0.0900797	0.0469375	0.704593	0.893507	0.162958	0.893218	0.0860187	0.513922	0.88135	0.722913	0.970804	0.34026	0.90822	0.540439	0.599733	0.019387	0.725891	0.936185	0.326553	0.125254	0.672983	0.701552	0.47402	
0.848495	0.789116	0.0493115	0.346899	0.723037	0.898836	0.897632	0.245683	0.584058	0.551145	0.380026	0.329843	0.465225	0.855949	0.784969	0.953029	0.860404	0.18286	0.33089	0.954908	0.917932	0.645163	0.191159	0.745377	0.310887	0.847374	0.0761364	0.806073	0.948495	0.200824	0.99518	0.397075	0.69917	0.284469	0.616696	0.974534	0.29633	0.780595	0.744225	0.525331	
0.135225	0.329721	0.165597	0.664581	0.542463	0.693281	0.620053	0.76605	0.548485	0.620518	0.406839	0.764426	0.0930398	0.903635	0.802179	0.931648	0.768983	0.766779	0.834508	0.338354	0.221172	0.634027	0.696639	0.901256	0.00400265	0.188299	0.996932	0.124843	0.74571	0.629984	0.165777	0.397008	0.759204	0.739784	0.372339	0.456332	0.369509	0.553233	0.573107	0.938794	
0.114762	0.803944	0.112365	0.964619	0.748141	0.939546	0.992644	0.614375	0.306608	0.615011	0.513902	0.63703	0.251934	0.404303	0.187971	0.0664797	0.0148224	0.657973	0.052364	0.382846	0.309367	0.0139561	0.268712	0.00920268	0.729201	0.012367	0.403037	0.648868	0.7046	0.410142	0.0408746	0.822998	0.0357252	0.388004	0.835507	0.989534	0.439858	0.364484	0.997754	0.908681	
0.318874	0.462921	0.893656	0.410804	0.882256	0.290764	0.0757134	0.909601	0.0289533	0.451094	0.454157	0.0915298	0.134043	0.122804	0.393533	0.341167	0.387181	0.549306	0.829405	0.739084	0.547409	0.0896659	0.386041	0.225121	0.605523	0.931505	0.097363	0.759041	0.225335	0.889795	0.555834	0.292334	0.485706	0.0713693	0.338905	0.792071	0.220443	0.149248	0.78186	0.430669	
0.0237393	0.0884676	0.238695	0.126881	0.188028	0.304366	0.288632	0.706312	0.0805929	0.960622	0.267477	0.289689	0.879512	0.283128	0.0545015	0.0164393	0.127758	0.373029	0.331261	0.507099	0.383356	0.396824	0.830422	0.346085	0.72019	0.938367	0.24615	0.826601	0.748505	0.997971	0.016526	0.231074	0.978323	0.380136	0.639995	0.342331	0.408354	0.506218	0.445429	0.215211	
0.851361	0.857059	0.616546	0.61531	0.760275	0.123534	0.630195	0.0682229	0.24942	0.704251	0.893367	0.604007	0.547561	0.145263	0.045944	0.242462	0.159023	0.993919	0.156461	0.638348	0.281046	0.648844	0.115707	0.536707	0.391682	0.958416	0.193235	0.466729	0.371975	0.42793	0.782956	0.714268	0.71439	0.0532697	0.962266	0.95429	0.290207	0.0763387	0.528161	0.191919	
0.122772	0.557124	0.154323	0.96662	0.413293	0.875247	0.69664	0.320656	0.0471795	0.528065	0.265242	0.29752	0.485081	0.803338	0.986637	0.0774699	0.847235	0.992326	0.486498	0.911937	0.30769	0.353268	0.484942	0.0942014	0.464064	0.948464	0.239104	0.0343166	0.192677	0.785934	0.676031	0.765319	0.632138	0.650679	0.488935	0.444251	0.128029	0.361073	0.94866	0.132521	
