30	60
134.066	0.337149
135.698	0.525399
143.691	0.0766053
121.92	0.572054
134.475	0.28889
129.218	0.303838
124.25	0.480106
133.419	0.87997
126.824	0.981551
123.607	0.835178
142.712	0.698774
142.335	0.713237
133.968	0.133029
122.691	0.456689
128.074	0.295216
123.329	0.581662
121.837	0.991135
133.499	0.269526
135.185	0.607834
130.498	0.369038
125.958	0.446919
119.758	0.776486
122.083	0.58839
136.754	0.681861
119.889	0.250634
142.951	0.237751
139.415	0.406962
128.48	0.66394
124.73	0.369274
147.101	0.720262
16.2955
35.8031
39.4434
24.2522
37.4823
46.3706
43.9376
37.1693
16.3988
21.3521
16.6272
10.4241
13.3929
19.6077
21.2607
12.4533
21.1261
12.3959
20.5608
27.0744
45.1724
42.1764
8.77186
30.2956
6.37384
25.8115
46.4425
30.0721
12.7067
47.0578
7.66673
43.8987
49.9793
13.9515
1.17742
30.628
9.66262
43.5401
30.176
24.5048
22.3058
43.0927
10.1015
23.1048
12.4012
20.8412
13.3419
45.9555
6.50006
47.4009
16.6217
9.56679
23.0225
46.0029
7.52613
35.4707
38.557
27.6964
31.3043
9.14765
0.183529	0.906507	0.0213557	0.545947	0.284151	0.807756	0.826519	0.104115	0.405151	0.754317	0.788773	0.880737	0.557027	0.795248	0.618838	0.825341	0.24557	0.843573	0.831409	0.257805	0.532163	0.0566283	0.118276	0.840176	0.414043	0.303191	0.923203	0.356743	0.7798	0.992443	0.871505	0.561185	0.35035	0.27033	0.459955	0.536873	0.0465461	0.511769	0.49991	0.0553855	0.449705	0.901209	0.846462	0.0163039	0.46611	0.734462	0.123517	0.313361	0.448104	0.976622	0.825075	0.814172	0.596421	0.817623	0.360494	0.967469	0.790158	0.932783	0.450166	0.682428	
0.215748	0.486468	0.526965	0.295692	0.153237	0.698691	0.629265	0.816006	0.193841	0.795714	0.995277	0.097411	0.224274	0.0456499	0.541052	0.638688	0.997259	0.957187	0.767507	0.340305	0.152184	0.118878	0.0555117	0.431703	0.12019	0.860867	0.5221	0.676795	0.52105	0.147675	0.402989	0.207828	0.233631	0.281999	0.390153	0.442021	0.590759	0.1198	0.0244746	0.677666	0.751954	0.0460676	0.155929	0.190787	0.207607	0.552682	0.219805	0.128003	0.875224	0.474031	0.406908	0.360691	0.712912	0.407552	0.604085	0.363761	0.809793	0.270359	0.878509	0.924752	
0.940586	0.956616	0.292682	0.757297	0.0568724	0.786656	0.820079	0.0873053	0.918699	0.697491	0.464089	0.345536	0.90417	0.165718	0.104354	0.12567	0.632753	0.33816	0.177865	0.944638	0.00330673	0.503202	0.432542	0.441747	0.285793	0.542727	0.101792	0.776671	0.343766	0.312804	0.828746	0.771132	0.373921	0.277375	0.503711	0.57459	0.454324	0.388321	0.0309309	0.0916459	0.951216	0.385122	0.61228	0.0850608	0.115507	0.246527	0.365193	0.184761	0.617455	0.868257	0.159836	0.507301	0.939422	0.547925	0.456445	0.720528	0.284477	0.165887	0.00994075	0.419177	
0.91422	0.15404	0.185285	0.610694	0.102107	0.350823	0.170723	0.726175	0.514656	0.966857	0.0291296	0.773968	0.413772	0.439323	0.734972	0.723185	0.773718	0.0207411	0.978237	0.453069	0.288029	0.2301	0.828893	0.666346	0.263233	0.910603	0.85098	0.859361	0.86662	0.274356	0.392402	0.00957956	0.903921	0.604754	0.729716	0.706934	0.12886	0.213009	0.219742	0.736108	0.504604	0.281346	0.180458	0.537765	0.282125	0.582381	0.000359384	0.0480276	0.392784	0.531379	0.217095	0.537399	0.219716	0.54676	0.557725	0.756974	0.527358	0.228723	0.8114	0.709113	
0.00667228	0.236819	0.475771	0.796585	0.622507	0.320543	0.623592	0.204043	0.755223	0.486264	0.263772	0.71219	0.709621	0.407925	0.294025	0.143981	0.308423	0.0657461	0.512373	0.194412	0.355172	0.121525	0.992177	0.597203	0.567097	0.0662758	0.553374	0.65209	0.463482	0.342506	0.961603	0.666733	0.742951	0.420833	0.871309	0.337597	0.177627	0.283203	0.337823	0.608482	0.108748	0.838532	0.00649235	0.674992	0.0933173	0.00172033	0.150338	0.367825	0.970971	0.237469	0.192584	0.688194	0.920471	0.304824	0.0673444	0.444949	0.156577	0.863321	0.200122	0.737557	
0.146188	0.599171	0.284641	0.863927	0.498883	0.778257	0.961842	0.926648	0.501016	0.799001	0.978144	0.761741	0.755581	0.0259924	0.345087	0.728672	0.88115	0.51512	0.46418	0.18976	0.17213	0.524496	0.911297	0.261934	0.0162213	0.46996	0.828561	0.599675	0.498675	0.393683	0.140223	0.56388	0.935053	0.373217	0.546178	0.61782	0.207631	0.0658455	0.638774	0.342338	0.379165	0.834332	0.58617	0.231492	0.879964	0.723588	0.132381	0.29179	0.529856	0.483672	0.862755	0.536886	0.811548	0.709508	0.58506	0.571491	0.657638	0.745771	0.75744	0.718463	
0.351397	0.107945	0.923861	0.691502	0.305856	0.354335	0.237008	0.0276234	0.440584	0.474715	0.388789	0.0616468	0.612457	0.563316	0.900277	0.169714	0.266472	0.494186	0.190577	0.503649	0.823989	0.543099	0.414002	0.428065	0.288922	0.120094	0.0358353	0.0252084	0.207642	0.620908	0.428641	0.720184	0.599703	0.204385	0.834392	0.46746	0.533597	0.486412	0.293728	0.0726737	0.981575	0.0251333	0.888501	0.116039	0.157332	0.701434	0.189263	0.368279	0.757701	0.610824	0.875401	0.640739	0.30992	0.951459	0.323047	0.466562	0.0895746	0.344282	0.357264	0.723031	
0.367739	0.646207	0.496299	0.194214	0.516902	0.604879	0.0462697	0.725882	0.666363	0.0604932	0.314925	0.504941	0.0848051	0.596659	0.351393	0.510451	0.87656	0.379712	0.726317	0.0373803	0.244609	0.19137	0.589413	0.524091	0.285153	0.585662	0.752424	0.348859	0.963423	0.33094	0.855654	0.0795882	0.847143	0.513661	0.27233	0.00970207	0.455343	0.526733	0.703439	0.242861	0.148393	0.862491	0.877082	0.581752	0.00901891	0.515431	0.306308	0.599349	0.997105	0.283468	0.133731	0.0504363	0.0313217	0.262892	0.621789	0.0799448	0.544913	0.0584446	0.343194	0.964002	
0.38465	0.825856	0.293404	0.558875	0.500235	0.485901	0.932703	0.582471	0.470406	0.338189	0.706036	0.597953	0.442705	0.658372	0.630055	0.224007	0.56762	0.954426	0.973724	0.8415	0.382913	0.320491	0.76042	0.876757	0.846727	0.219768	0.0626747	0.555557	0.706367	0.0349309	0.299656	0.570342	0.622035	0.828242	0.680527	0.417869	0.250165	0.992327	0.215977	0.947458	0.0940872	0.0249089	0.289639	0.99149	0.0513698	0.394794	0.244098	0.642243	0.184832	0.247125	0.142558	0.0760954	0.650585	0.441407	0.460213	0.978993	0.910389	0.542836	0.144461	0.10328	
0.320219	0.552211	0.736991	0.642873	0.104337	0.155252	0.509151	0.840311	0.898822	0.10475	0.967042	0.725725	0.0145664	0.431449	0.601766	0.164548	0.643373	0.784008	0.381554	0.652095	0.018929	0.133487	0.852895	0.623018	0.108912	0.769339	0.777705	0.471968	0.0838875	0.0858977	0.943787	0.24359	0.857561	0.654654	0.877975	0.906991	0.0891226	0.0235154	0.679797	0.964248	0.136385	0.657981	0.396951	0.96081	0.0548623	0.73988	0.30424	0.801303	0.653465	0.895703	0.832408	0.78312	0.459125	0.435712	0.980923	0.88995	0.0556803	0.138202	0.410263	0.201123	
0.759359	0.169894	0.172864	0.416955	0.813041	0.304527	0.923997	0.557327	0.296528	0.342578	0.0991683	0.632848	0.264074	0.662257	0.452018	0.283609	0.504164	0.479832	0.715763	0.121295	0.0662504	0.503792	0.238441	0.480516	0.00152382	0.0985471	0.597395	0.310089	0.326773	0.335832	0.142253	0.348115	0.311549	0.638018	0.142296	0.149284	0.440587	0.735551	0.830178	0.42696	0.106585	0.559755	0.903169	0.800594	0.845277	0.0423501	0.0941709	0.939067	0.725051	0.690965	0.423533	0.671568	0.0681596	0.822789	0.772493	0.769559	0.546204	0.0457463	0.420838	0.487946	
0.624758	0.241367	0.774544	0.364341	0.933446	0.359382	0.205227	0.369198	0.915387	0.820049	0.326205	0.551804	0.430674	0.27716	0.144435	0.431886	0.112048	0.164791	0.724092	0.147053	0.294812	0.579828	0.772183	0.64946	0.581175	0.205458	0.702395	0.451834	0.471951	0.233985	0.890186	0.368259	0.190225	0.654034	0.362873	0.941624	0.671223	0.0489686	0.688221	0.162055	0.836392	0.450648	0.879225	0.63901	0.400078	0.324586	0.823163	0.995727	0.754916	0.523459	0.483895	0.648	0.709975	0.40054	0.422805	0.445932	0.156968	0.953711	0.369248	0.461381	
0.160308	0.986721	0.695257	0.658983	0.596247	0.763394	0.298034	0.326171	0.684332	0.657401	0.853024	0.679115	0.460562	0.939786	0.341462	0.13786	0.831986	0.849051	0.200312	0.943573	0.528053	0.130308	0.352257	0.641444	0.429934	0.174802	0.274062	0.768695	0.459003	0.205966	0.934848	0.918824	0.528445	0.84162	0.501542	0.487451	0.4086	0.431816	0.556438	0.0139285	0.469218	0.264779	0.220838	0.979535	0.417336	0.0380641	0.54893	0.349146	0.0965777	0.593535	0.377759	0.259797	0.42493	0.322096	0.960378	0.120824	0.68543	0.394965	0.0615958	0.829614	
0.299331	0.447566	0.358659	0.813013	0.386218	0.615043	0.686879	0.682764	0.515996	0.0380553	0.704431	0.55681	0.885248	0.815967	0.612757	0.791765	0.540672	0.0626458	0.737952	0.422388	0.573328	0.511288	0.126304	0.816411	0.157342	0.369468	0.524668	0.681965	0.497858	0.598438	0.156699	0.688736	0.554038	0.539137	0.30374	0.838632	0.0494949	0.932418	0.0523918	0.118586	0.0488366	0.137455	0.944874	0.0803765	0.384652	0.337714	0.13589	0.744063	0.574094	0.454914	0.050569	0.830777	0.417411	0.586579	0.779239	0.667796	0.119865	0.235763	0.796409	0.143611	
0.414934	0.634494	0.97128	0.702992	0.57634	0.552019	0.646273	0.738818	0.0363097	0.744377	0.752213	0.873196	0.282569	0.839496	0.0337379	0.71238	0.700026	0.759985	0.248887	0.561606	0.385814	0.663554	0.692512	0.259785	0.98534	0.800451	0.759655	0.875975	0.791146	0.622248	0.600774	0.327525	0.33428	0.145103	0.301389	0.554284	0.377703	0.846228	0.832172	0.939899	0.968329	0.354905	0.560771	0.0622802	0.759467	0.0174219	0.553428	0.379037	0.0436852	0.898593	0.610611	0.949134	0.895939	0.197654	0.678523	0.37876	0.710221	0.943494	0.239442	0.0950744	
0.908407	0.0183342	0.371449	0.403143	0.557818	0.79133	0.223382	0.940096	0.563606	0.376244	0.760271	0.651734	0.455796	0.790324	0.48167	0.503216	0.498205	0.306586	0.166832	0.0235798	0.797683	0.0580438	0.713817	0.12454	0.0266144	0.391207	0.779973	0.922729	0.774355	0.0364806	0.660559	0.565015	0.797488	0.0947089	0.137144	0.27061	0.0622956	0.257709	0.527825	0.183289	0.818422	0.858999	0.023412	0.669328	0.472952	0.891633	0.794574	0.903173	0.242227	0.568217	0.780981	0.92087	0.0183855	0.250546	0.679716	0.34669	0.859558	0.594224	0.618114	0.586805	
0.390585	0.112373	0.869552	0.0554247	0.893727	0.926249	0.46866	0.495149	0.704778	0.901375	0.556297	0.112141	0.435557	0.579631	0.0955334	0.813643	0.0064793	0.104851	0.351474	0.825516	0.61797	0.368516	0.512843	0.221031	0.393007	0.133096	0.935469	0.774982	0.133364	0.571442	0.885671	0.979133	0.100683	0.24246	0.688918	0.357718	0.188928	0.404448	0.180418	0.608614	0.173271	0.885425	0.401151	0.338987	0.80144	0.535108	0.615461	0.615466	0.861865	0.745068	0.11174	0.341861	0.691415	0.481684	0.650974	0.590112	0.379762	0.156388	0.648161	0.0558799	
0.737349	0.916279	0.497409	0.197829	0.694557	0.0626319	0.487498	0.890006	0.683766	0.727341	0.479902	0.176996	0.458023	0.592406	0.713186	0.874992	0.352122	0.448803	0.268627	0.995982	0.946635	0.314271	0.207181	0.304439	0.0371651	0.372946	0.423406	0.529553	0.256146	0.441489	0.256349	0.0284221	0.375789	0.766718	0.695534	0.960377	0.981532	0.495897	0.186993	0.229095	0.751853	0.767241	0.643654	0.425126	0.626421	0.434141	0.569545	0.343439	0.856373	0.859011	0.63607	0.15119	0.674719	0.0765245	0.103163	0.728061	0.217051	0.329417	0.0794293	0.14778	
0.988164	0.633382	0.692884	0.384881	0.286926	0.370129	0.138094	0.151504	0.544409	0.721443	0.555439	0.248699	0.705503	0.73911	0.175424	0.457405	0.00224556	0.905153	0.202964	0.831535	0.687425	0.150314	0.0708436	0.98419	0.300898	0.346495	0.963259	0.547306	0.00906099	0.2353	0.568044	0.35166	0.588308	0.324882	0.839378	0.196358	0.707354	0.778166	0.457149	0.828514	0.858285	0.521784	0.96482	0.0413722	0.403531	0.775849	0.254269	0.608636	0.903368	0.299203	0.696077	0.0860787	0.228819	0.610477	0.983772	0.259872	0.81534	0.705503	0.0331555	0.917943	
0.368287	0.859212	0.347966	0.706035	0.376173	0.666824	0.834796	0.903528	0.120265	0.0739031	0.342859	0.543293	0.504795	0.0586819	0.120063	0.181635	0.429277	0.0237229	0.526727	0.109666	0.16005	0.904849	0.952182	0.449943	0.163251	0.431998	0.354294	0.483826	0.868549	0.884537	0.114244	0.892365	0.619586	0.0801553	0.397495	0.0504748	0.216389	0.715444	0.645444	0.124824	0.452388	0.673118	0.05652	0.969861	0.10451	0.816596	0.426433	0.262612	0.6168	0.903812	0.9627	0.250977	0.36083	0.981918	0.45874	0.135413	0.685239	0.816903	0.361331	0.967196	
0.422136	0.0439837	0.144897	0.915261	0.843776	0.760699	0.139367	0.00397413	0.518959	0.178003	0.644683	0.567877	0.353405	0.807996	0.605934	0.803734	0.0982712	0.649986	0.312541	0.516362	0.703027	0.238543	0.885216	0.0547458	0.403252	0.310424	0.875626	0.260002	0.356363	0.899459	0.0380416	0.929332	0.872003	0.194734	0.389669	0.105134	0.664688	0.382668	0.050663	0.381082	0.0564829	0.46679	0.34077	0.369193	0.879755	0.954031	0.526539	0.168135	0.733391	0.807891	0.784987	0.21201	0.21588	0.411894	0.689784	0.28393	0.7094	0.8101	0.306936	0.860001	
0.514934	0.232113	0.585842	0.571222	0.539842	0.0552205	0.0172028	0.340269	0.962355	0.530496	0.622917	0.666854	0.458478	0.230861	0.0275398	0.782261	0.875154	0.324235	0.970118	0.540578	0.378515	0.630835	0.357286	0.645767	0.125918	0.702816	0.0155366	0.94971	0.971079	0.487436	0.708611	0.556515	0.857162	0.749461	0.0550703	0.0814593	0.691301	0.252962	0.387441	0.381469	0.624424	0.149523	0.651428	0.471897	0.234606	0.444756	0.623823	0.199269	0.686571	0.798077	0.777626	0.353601	0.934345	0.931466	0.129417	0.133075	0.788671	0.713498	0.443011	0.238533	
0.338035	0.602324	0.570525	0.327894	0.0950075	0.827807	0.474034	0.0311173	0.0188326	0.664323	0.450144	0.975271	0.608807	0.105949	0.0716637	0.306464	0.689231	0.944755	0.0761886	0.0920397	0.811735	0.0792858	0.974325	0.403553	0.105321	0.808346	0.202763	0.415845	0.242902	0.854501	0.111612	0.905075	0.727028	0.547041	0.677183	0.47763	0.346888	0.850751	0.0725848	0.483714	0.347302	0.961321	0.490307	0.6789	0.751967	0.477917	0.315785	0.715914	0.299501	0.465403	0.721793	0.207335	0.96532	0.0530016	0.501443	0.310215	0.0255858	0.704338	0.487364	0.402523	
0.906673	0.401411	0.835623	0.364505	0.1332	0.0449117	0.268988	0.489767	0.121993	0.825341	0.858237	0.411278	0.921733	0.675889	0.909495	0.704851	0.340318	0.933731	0.351195	0.446102	0.698492	0.425588	0.286309	0.386752	0.733405	0.0262742	0.522098	0.798042	0.301529	0.317708	0.407224	0.858513	0.76178	0.440656	0.254361	0.442449	0.966915	0.288228	0.853393	0.148465	0.640216	0.767877	0.517513	0.685286	0.136876	0.0490978	0.657909	0.494709	0.55139	0.304394	0.331549	0.0690332	0.578571	0.50526	0.304403	0.202621	0.541335	0.196487	0.700852	0.339009	
0.0510235	0.410905	0.425352	0.739457	0.544177	0.604074	0.448983	0.30594	0.108744	0.701177	0.605904	0.210294	0.900242	0.220579	0.787572	0.380796	0.410581	0.106739	0.158127	0.265211	0.431106	0.843482	0.0560513	0.518299	0.647976	0.288677	0.682844	0.172733	0.527224	0.875127	0.223143	0.230962	0.957136	0.908686	0.25916	0.989571	0.288349	0.286871	0.0982918	0.809318	0.0905546	0.218308	0.668658	0.390174	0.245456	0.348829	0.660232	0.689016	0.848826	0.132724	0.45329	0.639762	0.24036	0.061298	0.548986	0.875457	0.929818	0.497398	0.810876	0.590339	
0.101936	0.295812	0.556989	0.190829	0.135469	0.241093	0.279652	0.317556	0.108463	0.766613	0.379639	0.705032	0.667721	0.875355	0.892978	0.0239142	0.897967	0.123596	0.401766	0.198346	0.914076	0.979006	0.383143	0.718384	0.219029	0.632461	0.855161	0.356897	0.831619	0.326018	0.838473	0.000961592	0.193863	0.300597	0.126397	0.802703	0.437853	0.0637089	0.175314	0.0957154	0.199404	0.659768	0.324	0.945213	0.199277	0.389581	0.16	0.829709	0.151284	0.0928123	0.509934	0.0608508	0.640787	0.934122	0.0578529	0.221392	0.993652	0.819988	0.277199	0.694064	
0.72358	0.326572	0.754163	0.0896816	0.165062	0.905497	0.948137	0.354805	0.530219	0.770829	0.513154	0.305301	0.59014	0.80022	0.00176658	0.87874	0.806643	0.402784	0.124695	0.248402	0.333437	0.674231	0.449071	0.48476	0.271925	0.547076	0.976365	0.780859	0.655013	0.0861735	0.616154	0.42481	0.117343	0.924817	0.688487	0.673776	0.751957	0.972188	0.347204	0.743791	0.110782	0.897439	0.444652	0.108785	0.28611	0.656396	0.495182	0.460341	0.560723	0.371275	0.74445	0.657474	0.431005	0.4965	0.770238	0.292452	0.523414	0.484931	0.791598	0.262008	
0.283506	0.678909	0.508628	0.975972	0.275476	0.84183	0.555665	0.757307	0.226889	0.114786	0.126625	0.124097	0.920852	0.593418	0.828515	0.163242	0.775095	0.764575	0.736507	0.0125313	0.89741	0.271675	0.285437	0.671035	0.482808	0.468903	0.159313	0.695148	0.155663	0.186949	0.588446	0.797088	0.292549	0.131411	0.197469	0.578253	0.479128	0.238486	0.240104	0.977251	0.623804	0.599801	0.247358	0.0922008	0.946812	0.594901	0.235236	0.630662	0.375085	0.423601	0.145925	0.35305	0.17213	0.56111	0.354315	0.845226	0.303567	0.77048	0.0309009	0.307861	
0.299911	0.100293	0.166369	0.555586	0.730725	0.255166	0.02539	0.209888	0.643464	0.063073	0.158023	0.895713	0.996289	0.948382	0.121616	0.812475	0.137779	0.16871	0.905765	0.997582	0.36712	0.610843	0.684246	0.892893	0.693225	0.346501	0.857293	0.990101	0.700922	0.869453	0.177964	0.408461	0.997932	0.623569	0.724648	0.944825	0.397178	0.45357	0.899858	0.808597	0.432178	0.620943	0.0169456	0.0650737	0.506834	0.304623	0.566251	0.915461	0.717408	0.933706	0.536362	0.917806	0.91806	0.829402	0.442396	0.833976	0.955775	0.666264	0.162461	0.0827624	
0.901816	0.387409	0.324024	0.895219	0.113994	0.944429	0.1741	0.6973	0.361439	0.683108	0.182478	0.701911	0.549596	0.825917	0.787991	0.630369	0.350256	0.852638	0.520437	0.764867	0.276727	0.710263	0.529163	0.89543	0.980348	0.761139	0.0351063	0.76691	0.108644	0.359064	0.79924	0.876546	0.210447	0.456118	0.075343	0.811172	0.580183	0.94449	0.776168	0.323634	0.406825	0.31535	0.275215	0.690707	0.0605945	0.588542	0.405572	0.88162	0.779497	0.656339	0.948343	0.573168	0.952568	0.0676678	0.397861	0.3285	0.133749	0.466015	0.544669	0.61949	
