30	30
120.217	0.478663
122.039	0.976732
130.111	0.194923
129.544	0.478161
128.377	0.246135
127.892	0.287001
144.541	0.00926081
146.172	0.618372
127.723	0.511192
128.632	0.14164
139.762	0.236326
120.967	0.196705
140.865	0.748448
129.432	0.747155
122.905	0.798686
127.692	0.00440913
146.153	0.849475
142.666	0.618482
145.401	0.413534
135.617	0.392508
138.087	0.082279
121.581	0.71727
140.901	0.142866
127.604	0.362594
126.273	0.0345227
124.471	0.262792
119.377	0.90163
140.824	0.227764
132.861	0.657518
119.918	0.388317
36.0761
39.2594
9.82215
6.98364
46.7948
27.0228
16.7053
7.93114
16.7089
25.04
16.7964
33.7727
29.6314
31.5093
13.8031
46.5183
11.6883
25.006
39.4091
23.9031
3.8213
34.7812
17.7465
46.8093
14.2617
29.532
42.337
2.99947
3.73754
26.5296
0.641099	0.995876	0.44787	0.825234	0.807741	0.584346	0.0266985	0.518361	0.212324	0.774818	0.102344	0.994963	0.105794	0.0958073	0.485132	0.237572	0.924559	0.632882	0.418782	0.124581	0.814499	0.38587	0.737955	0.714788	0.70741	0.610885	0.385805	0.411459	0.484955	0.477175	
0.24776	0.484563	0.958679	0.92319	0.261475	0.875384	0.0262616	0.782738	0.183507	0.70105	0.319637	0.0126039	0.964924	0.293838	0.108522	0.0644235	0.173797	0.956069	0.602544	0.703721	0.0728935	0.758395	0.124758	0.0193809	0.663072	0.151407	0.863072	0.956731	0.956162	0.834024	
0.649778	0.396488	0.301361	0.901097	0.748632	0.693068	0.88936	0.836789	0.218486	0.984185	0.455597	0.680939	0.709082	0.996274	0.579807	0.21664	0.681892	0.175895	0.172928	0.484523	0.429409	0.708159	0.280424	0.212689	0.182091	0.602809	0.934867	0.366191	0.40191	0.103978	
0.540682	0.6079	0.933462	0.486865	0.21106	0.85568	0.122401	0.125296	0.26943	0.187744	0.027251	0.184568	0.214694	0.891732	0.112058	0.952199	0.433704	0.491551	0.0358039	0.373862	0.5623	0.303142	0.974339	0.186795	0.356573	0.0528004	0.0821539	0.232758	0.553733	0.757809	
0.0986752	0.260269	0.693211	0.321218	0.166813	0.903358	0.185455	0.205212	0.670521	0.642013	0.0933941	0.951162	0.516552	0.117854	0.819295	0.931246	0.0163181	0.42745	0.214039	0.302672	0.548044	0.981033	0.545856	0.338566	0.595483	0.329673	0.0199121	0.349507	0.751377	0.175358	
0.466574	0.226948	0.481871	0.570474	0.234361	0.602604	0.322194	0.0173075	0.479722	0.886346	0.0645201	0.513663	0.41504	0.189842	0.609311	0.937139	0.658344	0.529128	0.748493	0.761225	0.221044	0.108844	0.77041	0.527249	0.760202	0.496719	0.510302	0.0387502	0.959426	0.369812	
0.34223	0.0907798	0.234404	0.51296	0.233669	0.0977243	0.286431	0.667814	0.151299	0.784895	0.29382	0.0316512	0.116249	0.892287	0.71567	0.384299	0.281534	0.414198	0.485959	0.852073	0.251048	0.652935	0.508324	0.216994	0.740816	0.387924	0.184074	0.725635	0.478484	0.900522	
0.103227	0.800258	0.713421	0.255744	0.150733	0.776836	0.928689	0.9931	0.454599	0.764883	0.825905	0.363626	0.70058	0.527241	0.617836	0.831171	0.443154	0.0416639	0.838809	0.818167	0.917112	0.645142	0.480687	0.572488	0.981387	0.911895	0.225092	0.253298	0.436635	0.456554	
0.021323	0.859817	0.0979974	0.842297	0.770726	0.698908	0.96667	0.476254	0.900845	0.922801	0.423067	0.862647	0.79423	0.454899	0.571974	0.498642	0.00634626	0.259999	0.368705	0.0885128	0.811987	0.515409	0.851275	0.849684	0.419606	0.445926	0.58345	0.828441	0.951203	0.200604	
0.623583	0.530917	0.0450277	0.0229161	0.758023	0.332733	0.330264	0.494214	0.290963	0.0334605	0.671545	0.443915	0.327723	0.28418	0.298006	0.223197	0.105748	0.906965	0.733967	0.866707	0.827383	0.0113782	0.430651	0.421914	0.79319	0.187214	0.94122	0.952467	0.667332	0.782941	
0.664148	0.396102	0.331623	0.959431	0.0227638	0.0578161	0.00240443	0.0725508	0.784458	0.226486	0.890344	0.466382	0.759208	0.504902	0.613199	0.197281	0.276037	0.930521	0.612041	0.53308	0.514415	0.205062	0.180801	0.553828	0.0940249	0.681473	0.795096	0.209139	0.0362879	0.743128	
0.528415	0.740785	0.635206	0.136394	0.557224	0.166298	0.823534	0.126832	0.539805	0.932663	0.418987	0.459488	0.0813879	0.959518	0.0778227	0.378291	0.0403726	0.400314	0.899005	0.959722	0.265078	0.643505	0.86404	0.909028	0.659364	0.634172	0.408488	0.899716	0.0631103	0.851342	
0.0101187	0.652479	0.823587	0.304077	0.584242	0.954876	0.436669	0.115816	0.225465	0.52852	0.37527	0.976111	0.229347	0.0929771	0.158988	0.5412	0.712328	0.56339	0.950732	0.298159	0.432556	0.60551	0.0610383	0.357835	0.232155	0.995585	0.616818	0.102871	0.601711	0.974651	
0.644675	0.501812	0.188742	0.194847	0.692412	0.885334	0.378527	0.58077	0.916922	0.502989	0.211142	0.485747	0.30869	0.438199	0.456379	0.384433	0.923825	0.377984	0.809298	0.0870943	0.0808762	0.0176436	0.0311957	0.342007	0.214328	0.329603	0.779585	0.833063	0.724501	0.481193	
0.543047	0.473817	0.10159	0.68569	0.0297461	0.978908	0.578504	0.559851	0.479969	0.57444	0.547505	0.591687	0.0887423	0.92698	0.61436	0.815528	0.924709	0.319692	0.953548	0.492872	0.100298	0.951851	0.745796	0.12852	0.178433	0.621477	0.809419	0.538691	0.585506	0.334204	
0.738975	0.96384	0.654189	0.733316	0.82585	0.113942	0.792865	0.665434	0.197122	0.899134	0.271534	0.446131	0.93773	0.813261	0.0168492	0.346436	0.67839	0.0623538	0.452114	0.841765	0.776116	0.386212	0.551492	0.372464	0.316623	0.877417	0.832909	0.287633	0.994802	0.326726	
0.318275	0.900012	0.665864	0.567548	0.0877149	0.669473	0.298105	0.932634	0.639437	0.247502	0.858806	0.897596	0.488168	0.368667	0.457568	0.53187	0.358188	0.491885	0.884032	0.678481	0.631097	0.0775535	0.943928	0.922898	0.175608	0.954824	0.00146344	0.486219	0.109289	0.874517	
0.771217	0.706312	0.0827938	0.294711	0.4715	0.00457069	0.210338	0.714233	0.927263	0.483021	0.868624	0.700774	0.456959	0.590814	0.982093	0.151031	0.509259	0.190014	0.393005	0.662901	0.878809	0.316512	0.509229	0.190701	0.203088	0.312823	0.444862	0.947192	0.428544	0.688484	
0.341177	0.352043	0.42788	0.993697	0.861906	0.0580833	0.559749	0.609306	0.994483	0.866396	0.648329	0.209386	0.509619	0.364909	0.240926	0.0851719	0.361982	0.88001	0.486286	0.0489262	0.0421781	0.663749	0.506104	0.737925	0.760504	0.9324	0.530427	0.141862	0.162599	0.99685	
0.749353	0.760453	0.942465	0.603158	0.682012	0.44408	0.304741	0.0549822	0.767521	0.165016	0.994426	0.256109	0.867892	0.453056	0.339713	0.854502	0.0304942	0.484016	0.000389659	0.201973	0.0281648	0.869785	0.2466	0.201153	0.0710684	0.402478	0.728115	0.0555263	0.898198	0.288197	
0.865166	0.447611	0.694633	0.3285	0.0204564	0.108809	0.806818	0.128185	0.124711	0.730172	0.728776	0.781489	0.0917504	0.999541	0.194419	0.839906	0.557255	0.437261	0.141147	0.114243	0.0468963	0.930452	0.0388554	0.154663	0.142025	0.108142	0.321471	0.175135	0.925186	0.889066	
0.27549	0.988219	0.432563	0.0128094	0.675924	0.988975	0.271102	0.427688	0.101699	0.221093	0.195114	0.21102	0.35194	0.818745	0.203371	0.914097	0.180034	0.194892	0.046131	0.00150798	0.121065	0.890354	0.102132	0.871431	0.023716	0.965579	0.0392015	0.736569	0.345045	0.408761	
0.03344	0.273552	0.551834	0.667248	0.00181643	0.974906	0.828408	0.607451	0.404462	0.0510692	0.919043	0.897761	0.30763	0.342411	0.647331	0.322911	0.165787	0.157518	0.753572	0.0727272	0.0893009	0.435612	0.738365	0.773365	0.509037	0.406814	0.774842	0.997791	0.438183	0.108455	
0.904149	0.748809	0.0582419	0.826723	0.10305	0.738226	0.862236	0.252585	0.0918949	0.899483	0.347817	0.501256	0.94594	0.472581	0.00700619	0.462773	0.951054	0.543754	0.583021	0.100294	0.930441	0.62952	0.561612	0.495984	0.255146	0.0458539	0.67293	0.322526	0.060487	0.745374	
0.557954	0.292353	0.2327	0.0894178	0.237653	0.0417105	0.915203	0.19838	0.631366	0.113454	0.951414	0.115169	0.349531	0.596281	0.337631	0.0576833	0.419415	0.807564	0.667649	0.509191	0.554387	0.718388	0.865655	0.741893	0.65689	0.957528	0.550502	0.918165	0.459734	0.816459	
0.550185	0.712558	0.368665	0.529207	0.0131464	0.531832	0.642254	0.387465	0.140566	0.445118	0.899574	0.46309	0.220235	0.166806	0.429101	0.146616	0.310793	0.987912	0.939617	0.804785	0.824657	0.98165	0.845412	0.254636	0.156235	0.272869	0.910734	0.886439	0.987025	0.548465	
0.0927264	0.585593	0.28519	0.139607	0.971108	0.387478	0.577798	0.854523	0.0258959	0.333227	0.0552024	0.305924	0.403895	0.00173494	0.608482	0.0503795	0.768589	0.603015	0.927943	0.680467	0.690292	0.405714	0.680922	0.373132	0.203168	0.575309	0.775924	0.416678	0.0912518	0.798409	
0.774497	0.479478	0.278676	0.406567	0.359592	0.749674	0.0817672	0.713588	0.445802	0.206392	0.63006	0.454275	0.811859	0.792129	0.281109	0.984419	0.80415	0.328088	0.127992	0.831065	0.992973	0.433587	0.156476	0.669647	0.452142	0.557595	0.899869	0.172447	0.134662	0.732768	
0.411037	0.692771	0.965882	0.0107263	0.298164	0.868824	0.812557	0.296611	0.0283931	0.132264	0.266371	0.527759	0.232501	0.456983	0.618878	0.547504	0.951629	0.926436	0.156977	0.501369	0.231823	0.026583	0.259387	0.761945	0.494595	0.853035	0.346545	0.375931	0.0337945	0.606537	
0.619445	0.0698768	0.665431	0.278716	0.127104	0.338731	0.529247	0.795709	0.429334	0.0687703	0.930014	0.138067	0.399718	0.464692	0.763949	0.785062	0.792555	0.263706	0.447103	0.0120244	0.366014	0.633495	0.578022	0.884184	0.0165223	0.516614	0.334181	0.260711	0.577494	0.0551914	
