30	60
129.532	0.321269
133.372	0.714046
127.241	0.719818
146.391	0.38081
140.167	0.626377
142.342	0.380888
146.18	0.512839
127.519	0.553625
129.098	0.420372
141.297	0.387375
128.823	0.272897
141.63	0.997362
144.42	0.182353
150.919	0.0906624
141.624	0.553195
145.643	0.326962
134.013	0.277706
134.904	0.199121
142.623	0.557121
147.002	0.0435192
141.378	0.803569
137.193	0.514616
139.215	0.947712
128.979	0.497207
141.067	0.791241
131.427	0.198514
147.094	0.202489
151.062	0.2935
129.115	0.670436
148.862	0.307662
45.2779
46.2726
11.2216
22.8427
31.1684
7.60981
29.0358
31.9507
22.0185
9.40034
21.1477
45.992
23.486
31.0324
23.261
38.9423
40.6167
12.5086
49.3115
48.089
33.9651
37.187
21.8598
43.8471
32.591
13.3927
7.93297
39.4262
24.9728
48.6439
37.5777
12.0087
7.1411
24.3157
47.3229
36.3528
18.6645
12.7375
32.7054
36.6384
6.78781
32.4535
38.2181
35.0879
27.3597
21.7949
37.6932
40.0027
21.6337
17.7205
38.1739
2.7774
33.9963
2.53658
21.3339
26.7889
31.1322
20.7662
45.6728
36.1213
0.616834	0.85993	0.19045	0.0338153	0.0667447	0.41769	0.573796	0.707226	0.590012	0.368384	0.079058	0.177897	0.789371	0.98415	0.188525	0.121576	0.471164	0.350159	0.204205	0.34337	0.381641	0.570865	0.645318	0.635099	0.707535	0.0929305	0.647148	0.0176379	0.158534	0.600592	0.478913	0.66719	0.851641	0.824811	0.52783	0.854048	0.675636	0.747599	0.947484	0.32892	0.504138	0.489513	0.93861	0.343476	0.39317	0.267213	0.7322	0.561151	0.986457	0.352192	0.10077	0.891568	0.125492	0.972723	0.497442	0.946792	0.113505	0.256376	0.602223	0.881943	
0.312838	0.897373	0.716983	0.963957	0.628841	0.754613	0.940802	0.546675	0.481254	0.666979	0.0801164	0.714883	0.441387	0.00325173	0.655349	0.340194	0.251854	0.78139	0.0241248	0.722307	0.0864901	0.66025	0.507247	0.958127	0.0264393	0.366027	0.02404	0.317931	0.225999	0.203979	0.774847	0.582559	0.845772	0.548489	0.303007	0.991294	0.203286	0.605233	0.157081	0.848878	0.142001	0.581378	0.856205	0.322609	0.161249	0.17074	0.222022	0.660582	0.334439	0.882462	0.522837	0.379048	0.684112	0.531556	0.131097	0.333839	0.692054	0.513936	0.142219	0.596287	
0.212099	0.885883	0.54576	0.435653	0.574777	0.422675	0.6619	0.796689	0.480515	0.835608	0.0659462	0.897673	0.540086	0.8272	0.307917	0.152984	0.021105	0.780848	0.220199	0.952778	0.0413651	0.36313	0.417663	0.785731	0.118618	0.683179	0.09639	0.554842	0.112829	0.146798	0.113182	0.00566511	0.55041	0.50746	0.861683	0.84261	0.38917	0.173666	0.321411	0.211634	0.639522	0.312675	0.137977	0.765533	0.0463558	0.330751	0.147444	0.995089	0.310139	0.528946	0.166724	0.95974	0.30222	0.845087	0.840972	0.963232	0.837946	0.406434	0.794755	0.94961	
0.793321	0.972223	0.0182226	0.378362	0.149006	0.851635	0.882717	0.879213	0.847103	0.251734	0.980242	0.21985	0.977439	0.385923	0.552809	0.747608	0.694358	0.510503	0.113176	0.354008	0.892447	0.77264	0.0695047	0.899676	0.0986772	0.907046	0.0530973	0.403842	0.734412	0.259442	0.395581	0.0271	0.392284	0.444061	0.505067	0.365338	0.955565	0.778355	0.536161	0.195372	0.727336	0.39986	0.220394	0.931945	0.271379	0.445127	0.750439	0.346024	0.373413	0.928402	0.949198	0.721268	0.206649	0.334522	0.540625	0.232638	0.0443443	0.863212	0.27898	0.0158577	
0.7279	0.986894	0.766556	0.703653	0.381476	0.32725	0.333802	0.409488	0.826195	0.0837239	0.93268	0.31868	0.967369	0.0509039	0.800892	0.338796	0.989522	0.882626	0.917032	0.980799	0.281951	0.0581449	0.83118	0.513499	0.207847	0.654764	0.182749	0.180398	0.526429	0.551155	0.756095	0.710081	0.959141	0.853999	0.721482	0.116485	0.571276	0.960065	0.616487	0.00323761	0.856294	0.147645	0.0569711	0.726876	0.285014	0.799566	0.272156	0.867578	0.159006	0.664853	0.795366	0.959003	0.108609	0.683029	0.504383	0.539845	0.48195	0.756262	0.915573	0.39405	
0.975341	0.791356	0.693598	0.89047	0.501778	0.328259	0.144174	0.632777	0.751379	0.613145	0.906495	0.71911	0.205552	0.837535	0.870991	0.37065	0.739675	0.980616	0.546182	0.439363	0.143928	0.393774	0.741054	0.733985	0.233037	0.848697	0.0425997	0.482805	0.505622	0.41715	0.408489	0.475192	0.669417	0.67718	0.66068	0.925503	0.632983	0.252364	0.614102	0.696726	0.720045	0.270102	0.615806	0.741263	0.889688	0.255123	0.836722	0.871048	0.74199	0.136344	0.162135	0.421658	0.525924	0.336467	0.611213	0.196683	0.396882	0.49531	0.689239	0.580588	
0.438183	0.37734	0.428063	0.859515	0.0875853	0.876859	0.225502	0.0918948	0.904651	0.810357	0.00640415	0.34671	0.225472	0.715683	0.375687	0.212176	0.13405	0.14603	0.814955	0.751885	0.551326	0.40978	0.511506	0.37534	0.148467	0.54989	0.742287	0.661639	0.59531	0.416285	0.72082	0.703542	0.718553	0.164622	0.500876	0.673309	0.9181	0.682056	0.118365	0.581077	0.53571	0.419292	0.77296	0.129	0.252511	0.391696	0.302196	0.206878	0.172186	0.563181	0.362045	0.620664	0.803375	0.68978	0.472072	0.142825	0.853368	0.753869	0.209796	0.314701	
0.395217	0.701438	0.485564	0.424789	0.674936	0.0511417	0.738864	0.139712	0.972096	0.645214	0.445775	0.569144	0.46846	0.239346	0.464301	0.881604	0.365519	0.569401	0.877551	0.347194	0.0831597	0.28941	0.60904	0.862388	0.819795	0.836256	0.140166	0.606426	0.830303	0.242099	0.638772	0.552821	0.988559	0.673209	0.619433	0.0490893	0.803268	0.582705	0.774604	0.97244	0.600225	0.231017	0.401391	0.69858	0.861441	0.896433	0.541443	0.937245	0.444472	0.748426	0.401238	0.41629	0.386478	0.0498966	0.0306219	0.450737	0.628137	0.809769	0.105436	0.634127	
0.00846367	0.0505031	0.680487	0.584507	0.525902	0.278937	0.281077	0.467656	0.666443	0.0664869	0.708222	0.37639	0.380513	0.155908	0.147038	0.649181	0.879303	0.492091	0.727203	0.141744	0.621427	0.138474	0.536964	0.230965	0.169435	0.958127	0.245231	0.716713	0.0423125	0.699206	0.0282029	0.739941	0.892602	0.560048	0.263197	0.952192	0.155158	0.0647637	0.838974	0.878073	0.376574	0.25142	0.372147	0.192863	0.376885	0.352411	0.700013	0.39929	0.416052	0.108398	0.330836	0.674434	0.788048	0.865928	0.468239	0.352178	0.0411383	0.138125	0.433154	0.465333	
0.663281	0.448842	0.385284	0.743492	0.414769	0.408753	0.681635	0.0927738	0.413291	0.820485	0.00725755	0.433335	0.427673	0.319594	0.418239	0.542533	0.261401	0.288908	0.741107	0.68107	0.697036	0.823093	0.812802	0.90759	0.550426	0.472767	0.104223	0.287419	0.117287	0.828161	0.6412	0.766517	0.432772	0.0170974	0.875676	0.428859	0.971287	0.143732	0.801725	0.942418	0.92865	0.342697	0.136631	0.274655	0.114459	0.175495	0.402232	0.0470878	0.503032	0.446771	0.404959	0.479965	0.0705569	0.344604	0.713599	0.433886	0.631804	0.765191	0.487768	0.301984	
0.308304	0.745901	0.451417	0.894691	0.328192	0.975501	0.0130034	0.228574	0.859936	0.855694	0.52578	0.329823	0.705901	0.897845	0.877593	0.77363	0.665595	0.928566	0.3239	0.986775	0.976031	0.549074	0.562153	0.797579	0.607859	0.820492	0.238045	0.281435	0.733603	0.126584	0.750316	0.562319	0.210982	0.133999	0.240094	0.690624	0.625415	0.317502	0.732982	0.633503	0.57107	0.648772	0.654142	0.503797	0.0823745	0.258446	0.729402	0.451146	0.813796	0.82716	0.165876	0.0956253	0.431542	0.574935	0.379738	0.677208	0.361622	0.139426	0.558813	0.954584	
0.303149	0.941595	0.316375	0.403521	0.139108	0.213664	0.603657	0.70637	0.589961	0.340911	0.584928	0.609224	0.154757	0.351829	0.429221	0.918173	0.25373	0.18458	0.450286	0.445506	0.895658	0.356397	0.675295	0.457444	0.876231	0.272828	0.316819	0.683512	0.931809	0.788585	0.986983	0.384907	0.0427276	0.423655	0.0265026	0.96767	0.553144	0.795827	0.541941	0.686689	0.367746	0.41514	0.743354	0.367094	0.213907	0.0618974	0.535537	0.88339	0.298392	0.618922	0.890344	0.648839	0.991793	0.0887549	0.565728	0.723544	0.869031	0.0989041	0.670691	0.395877	
0.367465	0.496805	0.02332	0.087581	0.938587	0.533248	0.852532	0.70642	0.655865	0.825106	0.702722	0.222411	0.524399	0.19473	0.427612	0.891463	0.631228	0.121024	0.121184	0.56165	0.056629	0.908398	0.0934049	0.584072	0.899016	0.53937	0.76295	0.075735	0.261751	0.961929	0.0644494	0.785136	0.0156939	0.746721	0.525883	0.208765	0.85333	0.364472	0.841528	0.342999	0.393862	0.0515859	0.842432	0.671457	0.434189	0.529017	0.19054	0.513431	0.123644	0.922296	0.190117	0.844878	0.976026	0.681436	0.205721	0.179288	0.949844	0.262478	0.26148	0.141533	
0.0185804	0.695963	0.359683	0.209855	0.592853	0.38714	0.914401	0.857613	0.29005	0.325326	0.11399	0.773392	0.375834	0.925063	0.313777	0.120232	0.749504	0.29391	0.027395	0.0907864	0.155612	0.711107	0.458738	0.846432	0.557708	0.750528	0.0730385	0.712291	0.673945	0.829696	0.433255	0.487386	0.519859	0.895666	0.871834	0.182636	0.24058	0.460103	0.276652	0.164457	0.620503	0.334562	0.68017	0.496564	0.869963	0.00167662	0.0786215	0.733071	0.550394	0.666543	0.743725	0.987903	0.700872	0.87659	0.208272	0.84743	0.292828	0.66567	0.93145	0.32325	
0.267342	0.700769	0.871242	0.559952	0.682329	0.247572	0.7437	0.167748	0.244745	0.0754496	0.37465	0.629888	0.85794	0.122771	0.31743	0.820367	0.997831	0.209855	0.705355	0.822332	0.457671	0.504146	0.516178	0.969086	0.399216	0.701909	0.502835	0.35917	0.684686	0.309299	0.860295	0.40746	0.535607	0.944158	0.323115	0.694463	0.941999	0.152974	0.786897	0.433816	0.537236	0.120917	0.288208	0.194339	0.284372	0.975617	0.973676	0.686094	0.670085	0.331608	0.575953	0.793532	0.564752	0.420634	0.897103	0.180717	0.882556	0.77705	0.299633	0.874258	
0.475796	0.61047	0.545085	0.385599	0.207705	0.575866	0.362942	0.124273	0.512388	0.697631	0.61821	0.796707	0.15391	0.798012	0.022901	0.174886	0.462574	0.740309	0.47199	0.96087	0.95374	0.270296	0.991981	0.0474327	0.221628	0.606671	0.723476	0.659821	0.588732	0.586991	0.359055	0.296178	0.0058727	0.904158	0.811758	0.168746	0.532472	0.801065	0.597408	0.390687	0.151028	0.78192	0.958926	0.856527	0.0168734	0.587284	0.672234	0.743863	0.445244	0.439269	0.59383	0.643307	0.944976	0.235406	0.770567	0.95848	0.944437	0.416233	0.681472	0.242653	
0.712808	0.313512	0.319458	0.891144	0.823789	0.931275	0.74154	0.945148	0.49712	0.132422	0.451363	0.438378	0.446092	0.0671187	0.921583	0.774972	0.462108	0.265401	0.764455	0.354719	0.776044	0.765444	0.866786	0.217702	0.522052	0.397276	0.952736	0.607116	0.177473	0.347388	0.330432	0.0370922	0.365496	0.447476	0.236511	0.133958	0.123114	0.71035	0.421838	0.41114	0.108042	0.840437	0.912134	0.952775	0.171677	0.0199983	0.411031	0.0606059	0.509455	0.600169	0.417405	0.208669	0.814141	0.219475	0.438213	0.0555485	0.697118	0.728193	0.755584	0.855838	
0.938376	0.179205	0.0973071	0.500064	0.750426	0.498972	0.464471	0.739378	0.668187	0.785627	0.563672	0.210633	0.784458	0.977205	0.208358	0.0119806	0.784366	0.160143	0.945067	0.451654	0.8161	0.623578	0.906127	0.049364	0.560625	0.52603	0.174552	0.836689	0.614106	0.476711	0.712706	0.94863	0.690833	0.927814	0.9776	0.902528	0.282616	0.146023	0.492072	0.974475	0.153023	0.321515	0.600405	0.620065	0.962235	0.186781	0.515146	0.22081	0.477461	0.98715	0.809467	0.450572	0.691113	0.384369	0.543934	0.882846	0.82422	0.869201	0.778867	0.33039	
0.404674	0.535898	0.0366297	0.630919	0.909509	0.405977	0.392547	0.90651	0.0872342	0.12147	0.326503	0.780354	0.326199	0.821876	0.728204	0.500599	0.585824	0.162026	0.2308	0.96664	0.356451	0.554728	0.218177	0.627467	0.0695452	0.878876	0.11886	0.623683	0.894697	0.181224	0.343962	0.587917	0.320231	0.875608	0.0427961	0.874918	0.529084	0.631442	0.109737	0.631387	0.512255	0.00146219	0.112779	0.174105	0.522767	0.478895	0.432958	0.224119	0.962092	0.206105	0.587069	0.16827	0.664183	0.390518	0.106681	0.248226	0.208425	0.716658	0.0553024	0.646288	
0.313734	0.0126618	0.105462	0.400857	0.982601	0.0689327	0.558519	0.89009	0.715743	0.607962	0.132506	0.983567	0.824009	0.251566	0.232214	0.44282	0.166346	0.942975	0.369016	0.0356342	0.658023	0.847035	0.89486	0.61151	0.935209	0.0580018	0.330905	0.385606	0.232179	0.891279	0.616441	0.857212	0.625921	0.868651	0.537552	0.153545	0.446084	0.615069	0.137916	0.736656	0.681737	0.642878	0.857229	0.868861	0.45016	0.0413808	0.324152	0.235425	0.974806	0.28363	0.392184	0.760268	0.860959	0.284711	0.761207	0.773474	0.0487399	0.135638	0.00754115	0.95922	
0.32657	0.0310221	0.0957558	0.829047	0.422973	0.30699	0.135653	0.333172	0.172315	0.838455	0.162784	0.108681	0.320434	0.488827	0.171371	0.721748	0.388166	0.47356	0.159183	0.232012	0.84802	0.795888	0.890657	0.8872	0.289013	0.729209	0.200915	0.219875	0.635163	0.329535	0.092641	0.308492	0.461306	0.511427	0.294601	0.257305	0.740599	0.933785	0.160132	0.279727	0.981358	0.569085	0.975263	0.0498033	0.67484	0.254076	0.934897	0.163119	0.524898	0.428587	0.190435	0.647048	0.741439	0.39799	0.222231	0.594008	0.436116	0.575988	0.140467	0.127839	
0.586863	0.168877	0.227466	0.887612	0.559108	0.602292	0.271849	0.883041	0.343187	0.393651	0.768783	0.620638	0.347572	0.844214	0.210761	0.31522	0.423008	0.449393	0.600521	0.528593	0.253506	0.697579	0.773223	0.334176	0.722374	0.78078	0.500933	0.0930972	0.194171	0.225582	0.555826	0.51103	0.582736	0.849064	0.887072	0.783789	0.25886	0.484067	0.398062	0.845491	0.125971	0.372091	0.896332	0.839617	0.79603	0.191795	0.0026577	0.173711	0.869064	0.304334	0.907429	0.711186	0.307123	0.840029	0.398405	0.513608	0.804865	0.968223	0.49332	0.676251	
0.36759	0.736372	0.251232	0.0135162	0.22824	0.0740964	0.0542403	0.555035	0.241339	0.073998	0.496235	0.107806	0.52587	0.511727	0.114613	0.635072	0.943233	0.240465	0.532718	0.62458	0.139756	0.506185	0.15328	0.575157	0.695615	0.24357	0.737601	0.342714	0.0717605	0.863614	0.0353369	0.714561	0.867065	0.208758	0.565815	0.78445	0.0125461	0.0687358	0.690366	0.742519	0.338269	0.72286	0.264446	0.839716	0.4499	0.282311	0.689434	0.594147	0.124547	0.0433066	0.589339	0.303433	0.456852	0.809931	0.981946	0.387085	0.367494	0.611188	0.940577	0.284678	
0.825825	0.777361	0.890564	0.571602	0.959162	0.314476	0.328604	0.63459	0.78556	0.243545	0.650263	0.0730614	0.675982	0.95717	0.447058	0.282949	0.0494475	0.816902	0.464728	0.287095	0.397616	0.725	0.990329	0.656849	0.886197	0.626585	0.610049	0.115801	0.711972	0.450949	0.979639	0.899188	0.938999	0.908798	0.826439	0.89711	0.846324	0.0239831	0.526532	0.479435	0.947229	0.623568	0.292266	0.386123	0.775457	0.964771	0.0274682	0.213314	0.103172	0.944614	0.523973	0.527411	0.731865	0.819854	0.426497	0.452192	0.911848	0.0947623	0.0952939	0.944721	
0.81135	0.677684	0.812314	0.535246	0.780441	0.359142	0.107325	0.964851	0.402424	0.741004	0.376473	0.580211	0.613557	0.390897	0.361738	0.451704	0.0385319	0.758044	0.45313	0.849219	0.676443	0.291392	0.0765184	0.289382	0.196423	0.989998	0.830522	0.431173	0.516399	0.975873	0.343229	0.77843	0.574455	0.0655793	0.271022	0.706945	0.778991	0.647052	0.812405	0.255392	0.695123	0.633497	0.775962	0.549168	0.219471	0.883244	0.871546	0.869045	0.872627	0.569549	0.234613	0.231834	0.378902	0.873615	0.888953	0.408767	0.472341	0.337021	0.192923	0.0760971	
0.0892157	0.548455	0.940656	0.0446412	0.339594	0.409023	0.937502	0.75359	0.451888	0.382338	0.477598	0.500547	0.950381	0.773781	0.964713	0.455331	0.0174608	0.622925	0.782029	0.16032	0.588125	0.823201	0.512008	0.579837	0.153709	0.895263	0.297971	0.13241	0.179755	0.349165	0.733425	0.19088	0.335465	0.342323	0.453798	0.956829	0.171475	0.420125	0.868535	0.548907	0.747708	0.120518	0.911899	0.606334	0.870628	0.293705	0.360822	0.774266	0.535227	0.290492	0.839859	0.99959	0.281962	0.926426	0.272165	0.269525	0.629148	0.957868	0.33249	0.342562	
0.861815	0.885476	0.206656	0.745575	0.896442	0.250665	0.77272	0.879438	0.856962	0.256931	0.769744	0.655295	0.656882	0.904891	0.0950954	0.69493	0.663771	0.228061	0.796498	0.743345	0.557046	0.220047	0.75714	0.992614	0.351783	0.474809	0.342157	0.926011	0.465828	0.206132	0.513243	0.532266	0.474386	0.0946133	0.234036	0.198755	0.698401	0.426159	0.515515	0.329626	0.759413	0.330515	0.535853	0.870419	0.256091	0.0167342	0.4285	0.612129	0.889528	0.214407	0.134194	0.613428	0.0917994	0.359419	0.518408	0.845665	0.638625	0.31756	0.862099	0.728587	
0.783862	0.0531238	0.0142128	0.831051	0.455602	0.956589	0.240877	0.333905	0.888907	0.698908	0.524379	0.743296	0.0403797	0.372868	0.96452	0.81409	0.0225401	0.796702	0.301961	0.0858585	0.988262	0.323712	0.694028	0.0231719	0.875937	0.538354	0.958654	0.131272	0.727333	0.480486	0.512381	0.314276	0.440214	0.180624	0.760284	0.613927	0.600379	0.0268366	0.0787748	0.954215	0.153089	0.330754	0.45056	0.352135	0.122112	0.162453	0.0396096	0.308075	0.118614	0.87129	0.879779	0.836455	0.529119	0.977608	0.202596	0.988021	0.607619	0.471803	0.812217	0.144598	
0.322906	0.449962	0.785871	0.917167	0.432593	0.291431	0.664094	0.885307	0.357499	0.0745546	0.284324	0.852684	0.115413	0.362312	0.803469	0.203776	0.804363	0.19476	0.205998	0.485811	0.428573	0.375146	0.984441	0.0658329	0.933899	0.076665	0.709842	0.638732	0.996206	0.976602	0.978258	0.0671786	0.492214	0.344561	0.67475	0.452015	0.863578	0.856336	0.195445	0.29989	0.475546	0.428577	0.211594	0.794052	0.0956656	0.919064	0.0880529	0.556755	0.703352	0.161915	0.228148	0.944172	0.135098	0.752621	0.104932	0.743461	0.215676	0.879301	0.265278	0.518612	
0.834997	0.149241	0.974057	0.571648	0.387936	0.411509	0.0608262	0.665799	0.861598	0.965494	0.766282	0.157585	0.609874	0.897452	0.940721	0.364545	0.337495	0.26803	0.210127	0.293065	0.299405	0.865718	0.605382	0.496306	0.751329	0.733226	0.682454	0.345673	0.554496	0.495863	0.150782	0.628167	0.280394	0.0131785	0.416374	0.900272	0.590366	0.575182	0.767597	0.160408	0.603362	0.215351	0.10219	0.492225	0.384074	0.141814	0.260187	0.365764	0.834004	0.631033	0.4156	0.688561	0.348837	0.779646	0.575349	0.398189	0.0550583	0.494561	0.982037	0.857836	
