30	60
120.932	0.387217
128.129	0.460013
142.555	0.750865
134.973	0.624978
123.614	0.387468
124.698	0.970325
131.629	0.613603
135.48	0.441969
122.829	0.31983
131.762	0.877635
131.137	0.947464
133.584	0.528687
123.84	0.632038
144.14	0.582283
137.318	0.208591
144.878	0.511803
139.449	0.407706
139.831	0.979969
145.957	0.827983
130.609	0.775377
145.728	0.27264
140.942	0.0267589
136.912	0.678591
123.52	0.517674
135.925	0.139607
138.203	0.0368493
145.459	0.229619
135.586	0.669479
146.455	0.86213
148.712	0.242836
10.0142
11.6201
29.0625
4.12925
32.278
49.5438
28.8029
17.0294
15.2442
17.7513
4.43352
14.1247
3.05335
4.85718
16.2448
45.3605
42.8789
29.0902
14.5912
44.4253
29.7057
1.42194
11.3072
18.3949
41.6422
10.002
33.0056
14.5375
19.4228
33.877
2.10399
46.9861
6.45535
7.57192
21.9625
8.85423
11.1557
37.7702
42.7561
44.7888
31.1189
15.7139
32.9588
28.6469
31.0211
44.4335
44.965
7.0364
43.3173
28.3092
36.7458
39.791
24.7419
31.3659
9.99605
10.641
10.0456
27.2431
16.8469
13.9297
0.134188	0.210391	0.874064	0.13511	0.643121	0.843706	0.216616	0.282104	0.371345	0.0459331	0.261664	0.919117	0.473398	0.627139	0.319776	0.0178188	0.61901	0.267206	0.568258	0.488292	0.820911	0.653303	0.886973	0.323404	0.0140511	0.63639	0.211394	0.788767	0.521517	0.931074	0.00698796	0.396419	0.682046	0.97373	0.279063	0.0702584	0.86001	0.738519	0.831633	0.788748	0.590093	0.979387	0.9223	0.668393	0.351152	0.146135	0.129008	0.856407	0.649845	0.719592	0.0242807	0.171004	0.324516	0.365565	0.823432	0.890069	0.467165	0.80056	0.565366	0.97775	
0.494635	0.698692	0.181931	0.225634	0.370246	0.254204	0.284128	0.565104	0.0352355	0.468453	0.052858	0.733196	0.231322	0.489618	0.014469	0.39822	0.855642	0.452184	0.181481	0.370938	0.774525	0.206751	0.437419	0.465953	0.886569	0.983748	0.580042	0.980235	0.957562	0.000597722	0.7607	0.0971724	0.148711	0.651156	0.994848	0.181784	0.360882	0.62821	0.862064	0.721136	0.901904	0.0379361	0.0201175	0.509118	0.737209	0.100753	0.107696	0.467876	0.0612158	0.689029	0.747293	0.373292	0.170112	0.682271	0.0150675	0.279165	0.145453	0.695888	0.919325	0.0206469	
0.357713	0.705691	0.0872063	0.93581	0.953334	0.411177	0.844548	0.574638	0.931697	0.092452	0.977578	0.124381	0.970531	0.630686	0.354973	0.571848	0.656945	0.859905	0.43083	0.221874	0.855867	0.485628	0.167819	0.78639	0.458783	0.731235	0.799669	0.504016	0.790508	0.912081	0.503398	0.0549418	0.553368	0.51143	0.497923	0.989221	0.258941	0.166485	0.649834	0.680176	0.754723	0.739519	0.0222	0.339514	0.161283	0.957708	0.0721624	0.0712037	0.646337	0.598992	0.325165	0.765082	0.266359	0.484862	0.0452063	0.505629	0.563033	0.526358	0.562675	0.742312	
0.554045	0.0500548	0.909372	0.916392	0.730801	0.663294	0.0478896	0.841776	0.0874302	0.656741	0.387063	0.0364556	0.742679	0.19096	0.958204	0.446362	0.0715486	0.0671232	0.515267	0.343545	0.047034	0.0466459	0.518865	0.0421789	0.103404	0.0691902	0.0583938	0.236166	0.254137	0.757205	0.202371	0.299062	0.40058	0.283755	0.876973	0.0637202	0.457389	0.305801	0.186316	0.190565	0.265914	0.450603	0.114558	0.624421	0.786099	0.147167	0.655561	0.666462	0.751358	0.782116	0.869744	0.00212379	0.567753	0.917237	0.109711	0.0103211	0.778032	0.742295	0.80906	0.14336	
0.0586463	0.573568	0.490333	0.687581	0.297134	0.275189	0.838306	0.559732	0.243864	0.265894	0.0887779	0.216807	0.272595	0.606178	0.602353	0.873019	0.692623	0.976237	0.779116	0.569762	0.402067	0.422858	0.432668	0.533077	0.157052	0.7289	0.530125	0.288899	0.0720161	0.437997	0.29308	0.95986	0.809101	0.310199	0.625105	0.874296	0.413006	0.0207481	0.407602	0.103637	0.637911	0.0158646	0.255726	0.213602	0.460739	0.249954	0.0640039	0.445045	0.94428	0.474878	0.950823	0.853859	0.710123	0.137518	0.50147	0.0127335	0.16296	0.951157	0.140652	0.713326	
0.159306	0.0174827	0.822566	0.0221692	0.0600011	0.333734	0.00147428	0.310313	0.7316	0.695249	0.376072	0.78362	0.451142	0.295714	0.481169	0.766998	0.725389	0.642901	0.926712	0.728864	0.305634	0.00824872	0.0460354	0.130596	0.803724	0.870231	0.410818	0.763596	0.17997	0.301012	0.51455	0.976523	0.0597584	0.734786	0.295978	0.40233	0.103605	0.0084368	0.657214	0.424518	0.249103	0.220329	0.0339565	0.24046	0.762617	0.910375	0.444711	0.48203	0.449266	0.32029	0.978595	0.271819	0.623286	0.382933	0.732208	0.00750275	0.29269	0.209537	0.0666863	0.691767	
0.295587	0.882782	0.650479	0.896739	0.883514	0.430744	0.783171	0.74641	0.325187	0.00432542	0.257521	0.851962	0.0413065	0.930577	0.762039	0.0635915	0.558068	0.447743	0.825803	0.679244	0.622187	0.341938	0.793747	0.325999	0.868705	0.623314	0.721666	0.832092	0.478346	0.383667	0.81827	0.159605	0.702495	0.542713	0.248139	0.548622	0.193638	0.746386	0.18864	0.518194	0.835256	0.309849	0.264877	0.463021	0.22617	0.456041	0.362406	0.832798	0.74638	0.12013	0.0234973	0.191666	0.0596466	0.558608	0.800632	0.205625	0.191261	0.565908	0.27478	0.220419	
0.0206319	0.70645	0.648072	0.906918	0.315076	0.586467	0.849926	0.864619	0.276921	0.811732	0.919769	0.94738	0.191762	0.393273	0.0399217	0.418803	0.267642	0.551401	0.800035	0.492262	0.963407	0.523051	0.194598	0.30983	0.13397	0.24098	0.0358433	0.234611	0.690633	0.286816	0.6792	0.675832	0.310199	0.127234	0.905216	0.207451	0.695943	0.916947	0.503412	0.00699475	0.947675	0.854011	0.566016	0.119366	0.471839	0.853607	0.779981	0.0254893	0.811545	0.865951	0.360041	0.975393	0.694553	0.571604	0.298206	0.598727	0.0318645	0.263963	0.187793	0.497787	
0.600915	0.368157	0.922049	0.948951	0.0479673	0.918984	0.799979	0.981037	0.158465	0.822144	0.976233	0.404631	0.270954	0.398503	0.838949	0.595368	0.21634	0.998501	0.48384	0.557795	0.889707	0.487883	0.199436	0.926218	0.541703	0.561355	0.55724	0.853936	0.205384	0.998244	0.228848	0.15973	0.39053	0.912511	0.0482475	0.812031	0.728978	0.967587	0.810447	0.794643	0.258042	0.796762	0.973992	0.64515	0.433337	0.836544	0.818286	0.325407	0.429033	0.903499	0.166993	0.133847	0.467959	0.0346746	0.674592	0.712002	0.20173	0.276625	0.326283	0.119058	
0.905681	0.370182	0.477131	0.629705	0.712196	0.326448	0.306081	0.527921	0.167361	0.856176	0.874206	0.0586297	0.593803	0.866816	0.0951504	0.520178	0.685536	0.421013	0.938917	0.814809	0.410657	0.176363	0.158101	0.399497	0.701433	0.170574	0.531165	0.32952	0.167075	0.847287	0.407994	0.0455809	0.903456	0.192349	0.792358	0.212606	0.623185	0.95243	0.73601	0.0915002	0.18568	0.951281	0.685955	0.231813	0.16553	0.563907	0.307111	0.534045	0.585135	0.693497	0.804866	0.210746	0.945974	0.422471	0.129698	0.497639	0.47522	0.880154	0.0922947	0.532073	
0.142031	0.859375	0.11011	0.310589	0.424681	0.770596	0.272682	0.397928	0.15835	0.527631	0.729359	0.513322	0.22815	0.546961	0.785098	0.1511	0.271811	0.258146	0.444206	0.72176	0.420563	0.455118	0.189109	0.813017	0.530666	0.748459	0.252391	0.572868	0.933897	0.688741	0.719103	0.0877581	0.244764	0.490396	0.899087	0.235918	0.759459	0.154823	0.0596334	0.339199	0.450022	0.554537	0.349123	0.774798	0.659446	0.02459	0.198228	0.135861	0.229305	0.0563066	0.9948	0.811508	0.790121	0.0260465	0.309572	0.196116	0.882816	0.662367	0.961571	0.269354	
0.74672	0.771196	0.598028	0.192901	0.595643	0.72499	0.000697236	0.74413	0.847681	0.400105	0.0205599	0.323097	0.434254	0.265486	0.121914	0.0395391	0.621326	0.303865	0.527491	0.994081	0.148741	0.352606	0.819035	0.536328	0.670621	0.662077	0.574681	0.558747	0.410866	0.595971	0.160299	0.724848	0.669751	0.661478	0.654631	0.0855125	0.550591	0.0499146	0.509082	0.206223	0.929087	0.268927	0.200111	0.659679	0.637886	0.59286	0.493158	0.412199	0.639058	0.566673	0.752294	0.086021	0.441787	0.693206	0.73945	0.472669	0.485239	0.0182655	0.842874	0.647811	
0.595894	0.0295072	0.684529	0.000919924	0.349063	0.25352	0.356003	0.826468	0.561591	0.571414	0.117303	0.76902	0.726726	0.522968	0.298679	0.524078	0.14076	0.463513	0.233129	0.620494	0.897265	0.70399	0.431645	0.0631585	0.497363	0.569358	0.146688	0.141879	0.0213641	0.98221	0.466319	0.0197226	0.553017	0.984819	0.312577	0.913761	0.0852841	0.424487	0.985162	0.342045	0.98009	0.67108	0.144403	0.80659	0.878616	0.259621	0.651967	0.105376	0.813075	0.552324	0.431168	0.522854	0.768241	0.389377	0.385743	0.060921	0.0397821	0.80124	0.532152	0.177783	
0.633436	0.830423	0.125426	0.190035	0.0173011	0.76545	0.848282	0.3781	0.0856827	0.901584	0.844007	0.946485	0.868284	0.683139	0.977612	0.601259	0.683449	0.139204	0.49717	0.230807	0.896761	0.686014	0.357488	0.0366951	0.398355	0.887367	0.435672	0.349006	0.901189	0.214079	0.416317	0.890919	0.21505	0.713194	0.794734	0.929317	0.648835	0.226523	0.00155712	0.335948	0.287673	0.296084	0.154705	0.986455	0.739982	0.42428	0.15797	0.786307	0.987709	0.913467	0.515368	0.830781	0.356909	0.928792	0.853599	0.872878	0.911745	0.720311	0.992183	0.422718	
0.524273	0.00435026	0.722774	0.478608	0.219032	0.247186	0.365877	0.54951	0.318245	0.136559	0.262684	0.639945	0.16832	0.611896	0.947482	0.820843	0.484634	0.675274	0.115418	0.89431	0.851008	0.643729	0.120537	0.0289133	0.826709	0.222148	0.999795	0.00659737	0.564577	0.602769	0.993856	0.737032	0.512758	0.876308	0.508617	0.26369	0.0916461	0.266598	0.402574	0.361768	0.938327	0.485038	0.858463	0.507616	0.50367	0.907822	0.663608	0.601417	0.939409	0.653386	0.0915172	0.475462	0.919953	0.266775	0.12575	0.386967	0.529827	0.129785	0.118342	0.365137	
0.110594	0.458919	0.967024	0.185487	0.677314	0.572784	0.291639	0.0433943	0.135964	0.430124	0.507969	0.833692	0.927452	0.338439	0.217211	0.297676	0.538166	0.00380957	0.977755	0.569205	0.323677	0.331222	0.668178	0.00611358	0.483105	0.514512	0.819406	0.478872	0.563838	0.828948	0.516015	0.906766	0.571694	0.852218	0.978036	0.325739	0.828982	0.47844	0.933892	0.457172	0.147047	0.312742	0.029864	0.990593	0.536993	0.723925	0.646677	0.279689	0.981807	0.867875	0.329056	0.277111	0.00200478	0.198644	0.664057	0.107041	0.575056	0.938296	0.659942	0.414726	
0.348613	0.360476	0.55963	0.0139162	0.131741	0.856974	0.353056	0.57316	0.650943	0.739717	0.745637	0.314227	0.527543	0.0286081	0.544955	0.475608	0.746215	0.795573	0.845997	0.0645183	0.891892	0.769282	0.65544	0.24428	0.320037	0.4811	0.293719	0.366157	0.472023	0.176966	0.205538	0.161503	0.718672	0.650019	0.562494	0.477025	0.45606	0.680796	0.395868	0.00556888	0.0770405	0.26877	0.0333584	0.56127	0.984734	0.744448	0.751384	0.252135	0.381303	0.319416	0.739238	0.411845	0.505492	0.648785	0.660289	0.96518	0.732208	0.575665	0.0685537	0.410932	
0.72739	0.384317	0.734522	0.410584	0.909162	0.806368	0.387146	0.948474	0.792187	0.241805	0.0666859	0.654928	0.786887	0.610104	0.338828	0.208467	0.239179	0.475421	0.985712	0.26506	0.0992917	0.23221	0.23512	0.115958	0.676876	0.752738	0.528247	0.0691807	0.609531	0.97081	0.930346	0.110891	0.165816	0.512056	0.272032	0.0966994	0.308668	0.669226	0.516971	0.621575	0.877757	0.0769168	0.249133	0.992481	0.986437	0.382317	0.0570227	0.0329723	0.12953	0.353749	0.388868	0.902631	0.587396	0.683503	0.949893	0.990851	0.809538	0.292921	0.613602	0.858522	
0.873424	0.32831	0.136452	0.840694	0.696408	0.0412524	0.00089092	0.467596	0.809911	0.450296	0.0384992	0.733313	0.868918	0.0511936	0.250131	0.380678	0.517551	0.123744	0.15068	0.931587	0.195306	0.753525	0.0483416	0.7892	0.995693	0.373589	0.920082	0.0459385	0.942488	0.662181	0.858808	0.421196	0.876825	0.683978	0.764084	0.759072	0.660741	0.689016	0.350347	0.559079	0.137128	0.278881	0.71713	0.215228	0.77609	0.927575	0.538805	0.202453	0.840812	0.322453	0.782616	0.785605	0.932354	0.801575	0.390025	0.77767	0.880663	0.510772	0.0704803	0.358327	
0.850161	0.104227	0.227865	0.615872	0.914145	0.477525	0.185328	0.763722	0.247869	0.927787	0.502887	0.75941	0.664	0.567361	0.877328	0.790908	0.813341	0.557873	0.918892	0.759962	0.888577	0.601712	0.595202	0.978846	0.517805	0.372298	0.986378	0.20878	0.848078	0.121418	0.299608	0.397445	0.655772	0.103418	0.592583	0.935432	0.57656	0.964818	0.203055	0.278158	0.111156	0.136969	0.136655	0.0951322	0.82152	0.300347	0.792353	0.757662	0.971644	0.762683	0.606124	0.107275	0.614771	0.0452918	0.284419	0.766084	0.292596	0.966737	0.106902	0.904389	
0.811317	0.88888	0.334839	0.670663	0.293248	0.762549	0.755252	0.367965	0.238236	0.807072	0.640121	0.630898	0.991983	0.269266	0.40679	0.359914	0.697941	0.735809	0.387652	0.112086	0.637623	0.686909	0.381103	0.160786	0.925859	0.242246	0.177198	0.495438	0.535075	0.401853	0.675203	0.0938584	0.178691	0.955203	0.331145	0.188062	0.248406	0.702235	0.0636893	0.0859458	0.3999	0.540796	0.641661	0.48745	0.207758	0.474159	0.376472	0.374359	0.0126942	0.199701	0.142132	0.220917	0.111815	0.285111	0.735194	0.0236484	0.767642	0.885384	0.385524	0.119033	
0.210006	0.427852	0.945203	0.803434	0.0703911	0.408198	0.260994	0.891653	0.795238	0.729216	0.517799	0.628125	0.779067	0.215882	0.143348	0.158277	0.656796	0.514517	0.0289376	0.165553	0.606365	0.677451	0.317773	0.213453	0.30998	0.362923	0.415707	0.78392	0.987301	0.946289	0.897304	0.0193469	0.704741	0.615699	0.0285475	0.742906	0.708456	0.555043	0.170993	0.778311	0.70997	0.462921	0.0457431	0.100155	0.496576	0.477996	0.93556	0.898782	0.457483	0.73571	0.319607	0.706881	0.456016	0.636838	0.597585	0.101155	0.913632	0.0337326	0.00888502	0.419379	
0.555923	0.304593	0.205657	0.923257	0.565393	0.221027	0.758606	0.287888	0.166803	0.978853	0.809874	0.263876	0.841192	0.938749	0.639977	0.136496	0.23952	0.202482	0.4796	0.181615	0.165948	0.981647	0.203839	0.565782	0.51388	0.113523	0.307993	0.38521	0.638841	0.397358	0.374206	0.139884	0.475871	0.769886	0.110003	0.275119	0.530886	0.228365	0.0152619	0.47215	0.561213	0.876145	0.51593	0.55363	0.863465	0.378349	0.965999	0.908069	0.114338	0.198064	0.0960616	0.990322	0.0318915	0.347856	0.41348	0.470648	0.439144	0.39974	0.245327	0.878504	
0.115664	0.0182267	0.411469	0.908088	0.778715	0.659295	0.397995	0.471053	0.0356716	0.444779	0.931475	0.34946	0.0272662	0.879455	0.649876	0.077355	0.734593	0.34268	0.780535	0.408586	0.690562	0.603646	0.0473688	0.844022	0.429341	0.479913	0.547803	0.215872	0.429754	0.0795487	0.272446	0.328335	0.802031	0.601885	0.268292	0.978306	0.523955	0.0934701	0.543224	0.422812	0.846752	0.244084	0.992177	0.134516	0.0517247	0.274929	0.964366	0.949697	0.952072	0.537875	0.777081	0.235975	0.412566	0.725832	0.917566	0.957326	0.356599	0.88405	0.632194	0.373266	
0.0272641	0.76936	0.635064	0.0355464	0.631381	0.538867	0.736939	0.317599	0.288737	0.554801	0.918136	0.449416	0.350833	0.5996	0.868579	0.0703163	0.119614	0.374866	0.303463	0.441828	0.593867	0.731562	0.797373	0.44306	0.882377	0.97911	0.384743	0.739025	0.193244	0.341484	0.406347	0.665338	0.753478	0.0846966	0.772245	0.0321582	0.233426	0.968543	0.0863293	0.400185	0.774667	0.843016	0.839767	0.561856	0.02045	0.244873	0.215451	0.993123	0.590983	0.674708	0.30818	0.787023	0.135394	0.0685262	0.485855	0.0654803	0.994524	0.767586	0.621907	0.529666	
0.178497	0.16828	0.942289	0.603333	0.84248	0.083522	0.603162	0.326744	0.115544	0.785601	0.434855	0.326933	0.151052	0.908342	0.0680991	0.129654	0.0543022	0.692881	0.820459	0.0108183	0.249591	0.952379	0.0233536	0.945292	0.907751	0.807964	0.575857	0.980539	0.789485	0.902482	0.96139	0.206325	0.679343	0.246316	0.215719	0.302693	0.871908	0.262837	0.195195	0.102263	0.667449	0.793683	0.182313	0.390391	0.449181	0.921558	0.979861	0.0411134	0.758346	0.668331	0.34024	0.64289	0.298204	0.43378	0.753795	0.965412	0.322012	0.791669	0.73269	0.223261	
0.738666	0.732303	0.273596	0.169556	0.478271	0.212857	0.424828	0.682433	0.026543	0.113884	0.0716637	0.302745	0.938312	0.282484	0.726633	0.141159	0.80466	0.82738	0.331557	0.507384	0.20576	0.439672	0.0416479	0.364642	0.0468282	0.79668	0.888885	0.567017	0.545843	0.578465	0.347999	0.81147	0.333583	0.437245	0.948919	0.965587	0.54754	0.289363	0.692451	0.43399	0.169952	0.961635	0.36661	0.0907758	0.343894	0.275104	0.136121	0.498905	0.430886	0.290486	0.326897	0.0913958	0.888854	0.276732	0.138508	0.757039	0.327391	0.683949	0.906202	0.556886	
0.499653	0.147126	0.95619	0.618721	0.569682	0.702064	0.708095	0.198538	0.573304	0.964685	0.790327	0.982296	0.559367	0.976775	0.39147	0.711881	0.0955158	0.183975	0.329443	0.0902595	0.848488	0.818913	0.513071	0.528602	0.388634	0.976185	0.776696	0.22439	0.20376	0.596352	0.0939002	0.77395	0.933611	0.793871	0.61223	0.535799	0.856313	0.475562	0.815445	0.23351	0.980088	0.218438	0.45928	0.186078	0.0492045	0.353495	0.711808	0.368971	0.685762	0.337317	0.797798	0.947955	0.0839795	0.558888	0.831704	0.112107	0.479131	0.868172	0.49113	0.182961	
0.719459	0.614151	0.373034	0.191372	0.94155	0.573347	0.819825	0.985836	0.254993	0.859421	0.747829	0.214118	0.790156	0.954267	0.229583	0.109512	0.510617	0.0613559	0.578077	0.0550566	0.15056	0.557294	0.723991	0.478668	0.264153	0.186304	0.962807	0.278897	0.511461	0.11818	0.23244	0.697125	0.732376	0.4848	0.720871	0.302019	0.974376	0.392521	0.969727	0.472513	0.280988	0.779975	0.873598	0.068703	0.733696	0.738652	0.591709	0.152149	0.0763248	0.765347	0.667331	0.220728	0.184126	0.16821	0.0920854	0.496589	0.610903	0.990224	0.25906	0.0281839	
0.546345	0.875225	0.268373	0.982888	0.714044	0.235471	0.359583	0.552859	0.583929	0.999626	0.540486	0.81441	0.944999	0.596076	0.969955	0.201999	0.992642	0.73953	0.830384	0.254453	0.962342	0.649342	0.956751	0.227375	0.804033	0.242066	0.58045	0.422921	0.467387	0.354366	0.299059	0.786453	0.736652	0.500088	0.32612	0.580021	0.791379	0.252649	0.481197	0.0288442	0.648781	0.872436	0.528895	0.500947	0.240746	0.466358	0.537947	0.742536	0.127108	0.404628	0.577195	0.422445	0.394376	0.717579	0.578415	0.934666	0.182832	0.44871	0.364715	0.132123	
