25	50
116.439	0.0450546
99.3609	0.0353462
95.7638	0.979421
110.688	0.268283
116.055	0.612187
102.754	0.562401
109.448	0.405685
118.324	0.901693
106.091	0.186638
102.009	0.363946
114.756	0.434345
108.462	0.368452
103.169	0.150579
104.149	0.888161
103.984	0.74084
114.594	0.278707
96.1763	0.054881
109.193	0.468742
111.817	0.876343
104.149	0.296923
108.752	0.55469
116.73	0.0714098
112.619	0.0120617
109.309	0.704318
109.333	0.272489
9.85814
28.078
49.0015
29.8409
9.50573
35.5902
35.6502
29.6298
1.81185
26.8277
39.4888
40.8318
38.9037
39.7284
40.0105
13.5668
23.1888
46.6916
41.0281
49.0963
1.15179
3.86853
19.5395
9.61261
42.8512
32.8861
2.76843
7.31032
35.5227
8.39358
22.8175
19.1335
36.6688
30.0891
43.0445
29.4336
11.4473
30.9987
41.6487
19.3704
39.7774
49.1715
44.8845
15.0764
23.4156
13.8061
10.143
23.8629
8.77116
37.027
0.176847	0.26485	0.135553	0.283356	0.912306	0.614003	0.462174	0.0266852	0.364359	0.0127959	0.576122	0.893755	0.657348	0.980598	0.528935	0.344784	0.236521	0.329431	0.921976	0.211206	0.0903924	0.380857	0.687574	0.866618	0.613738	0.873413	0.579738	0.33289	0.0168016	0.628788	0.053473	0.43812	0.645906	0.674169	0.394602	0.305925	0.470782	0.0859105	0.170676	0.297836	0.872335	0.634348	0.745881	0.307142	0.643235	0.731736	0.294772	0.0329908	0.402739	0.347702	
0.0314464	0.0509309	0.742152	0.0924418	0.106015	0.671611	0.70612	0.80814	0.122408	0.679039	0.160804	0.80474	0.29082	0.038397	0.0896836	0.717911	0.537123	0.199247	0.189624	0.516859	0.161337	0.297329	0.432404	0.143079	0.563319	0.991113	0.205969	0.884904	0.573527	0.893078	0.649051	0.84364	0.167835	0.328244	0.224997	0.126375	0.153654	0.678468	0.0695655	0.0254586	0.686698	0.814914	0.0916636	0.0756792	0.401045	0.304732	0.544449	0.385164	0.0867196	0.930673	
0.195462	0.172643	0.872554	0.779057	0.701901	0.622228	0.167802	0.973679	0.389054	0.163861	0.89417	0.632693	0.74701	0.918038	0.0459374	0.422381	0.379479	0.273037	0.0915332	0.297214	0.348191	0.911947	0.933349	0.0322968	0.84648	0.0695304	0.579404	0.689148	0.749615	0.342262	0.75008	0.701659	0.348327	0.560307	0.903261	0.0690803	0.93349	0.867417	0.583492	0.45997	0.661998	0.744768	0.636555	0.489865	0.0566342	0.112697	0.362616	0.934182	0.902868	0.118659	
0.229685	0.819996	0.470728	0.566363	0.84843	0.0689745	0.811694	0.838927	0.828625	0.708023	0.228601	0.817932	0.0706143	0.798859	0.37812	0.985984	0.00179987	0.92254	0.202986	0.294544	0.486411	0.252416	0.133844	0.193737	0.0335821	0.323368	0.936932	0.247026	0.367321	0.540506	0.541353	0.932066	0.642321	0.654388	0.647061	0.895804	0.740534	0.0272437	0.583383	0.746076	0.815239	0.0575991	0.0202098	0.620665	0.608735	0.721936	0.228959	0.643246	0.40629	0.32534	
0.84459	0.149186	0.211214	0.831532	0.0536243	0.618393	0.101597	0.0294935	0.783261	0.63488	0.308931	0.809249	0.142949	0.701099	0.0935928	0.288926	0.0725498	0.0989555	0.8573	0.557426	0.788154	0.43636	0.478823	0.564069	0.224249	0.497573	0.0394977	0.687381	0.359361	0.300752	0.763168	0.344423	0.362602	0.291881	0.241412	0.553949	0.326867	0.546849	0.174636	0.288064	0.219643	0.0488349	0.0229307	0.234738	0.920789	0.635276	0.421961	0.284936	0.909894	0.310949	
0.202038	0.178872	0.525847	0.274794	0.576141	0.325758	0.977913	0.482231	0.279637	0.0248401	0.35058	0.615263	0.838298	0.546828	0.45322	0.754503	0.739107	0.831989	0.579819	0.48538	0.703044	0.0832242	0.599598	0.17875	0.237171	0.323818	0.982078	0.220147	0.456093	0.868205	0.677328	0.978041	0.397071	0.360832	0.562689	0.719599	0.428989	0.990902	0.410493	0.359111	0.269718	0.693414	0.44399	0.673985	0.491114	0.645083	0.642537	0.343355	0.174784	0.229607	
0.796416	0.458222	0.559445	0.274158	0.462808	0.908258	0.324502	0.75612	0.405979	0.487987	0.92798	0.866647	0.601812	0.245852	0.599517	0.0324797	0.815987	0.361677	0.228409	0.0456918	0.690822	0.477242	0.993904	0.0867155	0.360742	0.61741	0.1025	0.445126	0.614611	0.628309	0.96513	0.728171	0.122469	0.98132	0.565598	0.152944	0.980608	0.69664	0.368309	0.596503	0.584698	0.896797	0.83993	0.655903	0.353718	0.620869	0.220067	0.986647	0.0858348	0.618771	
0.310196	0.408009	0.708312	0.118642	0.209114	0.691681	0.125753	0.306283	0.671345	0.619092	0.737402	0.750968	0.0794268	0.484782	0.600604	0.548825	0.0991	0.184927	0.228701	0.353974	0.188885	0.329914	0.503682	0.308355	0.00764453	0.260851	0.266979	0.109375	0.348737	0.7517	0.562987	0.130061	0.592475	0.564936	0.0812238	0.403324	0.192445	0.532959	0.708662	0.626005	0.242763	0.950845	0.876637	0.95485	0.295404	0.510521	0.391207	0.898342	0.733754	0.854106	
0.421928	0.012709	0.634422	0.496366	0.430378	0.987669	0.906206	0.646478	0.58278	0.449733	0.82286	0.467209	0.0841268	0.434839	0.845557	0.156084	0.369164	0.650348	0.356373	0.0841469	0.462145	0.443826	0.944774	0.438146	0.365593	0.417728	0.590802	0.785595	0.300711	0.885025	0.378358	0.685833	0.485513	0.993525	0.128078	0.665742	0.629794	0.323072	0.190491	0.232587	0.776802	0.134194	0.401821	0.00741114	0.969723	0.40662	0.956021	0.219019	0.584826	0.198208	
0.695877	0.266016	0.304617	0.688162	0.23157	0.530265	0.958744	0.0447298	0.321779	0.306619	0.155026	0.482782	0.76319	0.170528	0.522086	0.46994	0.00308193	0.946704	0.194358	0.86072	0.141706	0.477168	0.598177	0.61275	0.548102	0.814816	0.353276	0.53629	0.293086	0.383287	0.5803	0.0466939	0.763457	0.53008	0.812876	0.49969	0.103765	0.185259	0.674344	0.571356	0.713775	0.00215027	0.851947	0.331263	0.111512	0.965866	0.00515525	0.38062	0.14625	0.885826	
0.827078	0.869092	0.591336	0.210241	0.659731	0.662698	0.290557	0.237939	0.416779	0.254522	0.141692	0.359186	0.565241	0.746106	0.919387	0.574299	0.91705	0.48315	0.630397	0.590734	0.492288	0.360622	0.530108	0.00251995	0.138343	0.660076	0.054438	0.123207	0.193874	0.264783	0.871736	0.416579	0.12076	0.226174	0.771714	0.213058	0.599823	0.679849	0.232085	0.232352	0.823062	0.197726	0.767876	0.21855	0.0611159	0.550606	0.801011	0.457951	0.342464	0.24912	
0.668253	0.577554	0.292063	0.0607559	0.72048	0.434254	0.683311	0.548167	0.272487	0.189339	0.191344	0.261605	0.352044	0.0546107	0.159359	0.184359	0.761407	0.694318	0.30064	0.119001	0.563923	0.304803	0.131362	0.905947	0.636997	0.582381	0.035464	0.633263	0.72494	0.825342	0.0607611	0.830209	0.848716	0.0641984	0.583392	0.282327	0.126689	0.390804	0.527463	0.747174	0.324664	0.0404076	0.430387	0.499129	0.445523	0.069652	0.131528	0.0324924	0.425175	0.87863	
0.528985	0.458938	0.2887	0.162608	0.608956	0.80015	0.471056	0.104099	0.06396	0.458074	0.608493	0.595409	0.543304	0.782238	0.421022	0.983908	0.0377225	0.350194	0.096844	0.766597	0.876095	0.456293	0.781684	0.252763	0.148881	0.66376	0.999629	0.00782555	0.776036	0.150251	0.232673	0.747704	0.363595	0.615425	0.909985	0.447954	0.0440242	0.923175	0.983026	0.752897	0.541425	0.315223	0.968302	0.150851	0.609146	0.760178	0.473591	0.0613432	0.117686	0.246317	
0.176243	0.480247	0.0357919	0.0902279	0.659181	0.260185	0.204801	0.683447	0.256415	0.833107	0.953334	0.582364	0.642069	0.436703	0.498519	0.41602	0.502694	0.543228	0.478455	0.408358	0.262282	0.163229	0.409078	0.701445	0.263749	0.215548	0.221205	0.710675	0.172295	0.801887	0.704639	0.222761	0.784016	0.807936	0.35779	0.940086	0.525951	0.840336	0.922453	0.683504	0.157102	0.0992814	0.865957	0.27677	0.200457	0.227549	0.874738	0.672266	0.825435	0.161004	
0.49577	0.254092	0.330209	0.18662	0.0306674	0.0650696	0.264964	0.269981	0.503179	0.547788	0.979439	0.972722	0.11827	0.6071	0.914627	0.113967	0.854879	0.382533	0.621531	0.73416	0.64483	0.093911	0.668189	0.908196	0.593013	0.9356	0.181413	0.141658	0.2998	0.790586	0.682411	0.14795	0.200261	0.267126	0.629896	0.133676	0.0382799	0.447462	0.574103	0.575716	0.518801	0.443577	0.532501	0.984521	0.583589	0.582501	0.809605	0.721764	0.434494	0.640889	
0.856557	0.623683	0.78554	0.479636	0.0660695	0.715411	0.646189	0.259798	0.16469	0.239743	0.203378	0.357361	0.38165	0.726388	0.25941	0.486593	0.0828441	0.45507	0.19568	0.947095	0.398565	0.750602	0.388189	0.597419	0.410855	0.54563	0.930857	0.448316	0.638139	0.584944	0.618166	0.602905	0.273513	0.147045	0.28954	0.803019	0.692322	0.974481	0.57526	0.82385	0.126892	0.32438	0.2279	0.479495	0.655599	0.862408	0.710882	0.0644434	0.935184	0.267556	
0.392354	0.040576	0.738011	0.174079	0.902846	0.823603	0.352247	0.781617	0.615751	0.235248	0.179192	0.87742	0.664345	0.145059	0.510258	0.800207	0.274874	0.282238	0.7621	0.709171	0.888347	0.111025	0.763635	0.913443	0.305716	0.815796	0.0143895	0.75202	0.851169	0.375857	0.718204	0.235394	0.0822911	0.477962	0.427326	0.274455	0.975127	0.708768	0.299493	0.431605	0.355673	0.28475	0.170608	0.601117	0.214029	0.191078	0.963765	0.812809	0.779554	0.12857	
0.509879	0.754385	0.590613	0.210757	0.650959	0.268169	0.39788	0.10068	0.531169	0.47262	0.433226	0.466114	0.870084	0.922642	0.265641	0.27963	0.323418	0.122113	0.540878	0.294669	0.215123	0.400639	0.967644	0.721425	0.827484	0.0573282	0.917084	0.0737798	0.461954	0.758875	0.0143119	0.0832744	0.631126	0.52693	0.035058	0.313557	0.693914	0.753726	0.35113	0.384862	0.679361	0.9218	0.893099	0.131051	0.501136	0.046182	0.668426	0.652677	0.810112	0.815239	
0.74244	0.70455	0.614563	0.0685882	0.0667541	0.516024	0.261031	0.974112	0.725893	0.640469	0.597725	0.854665	0.476562	0.783598	0.173971	0.2255	0.731473	0.496211	0.0724385	0.680134	0.68184	0.757533	0.334549	0.898837	0.393844	0.904854	0.0293439	0.29241	0.547965	0.541951	0.210427	0.840903	0.473774	0.725347	0.525668	0.432739	0.10997	0.94739	0.0700922	0.680889	0.185611	0.511797	0.207933	0.104641	0.964125	0.337192	0.120021	0.963645	0.23265	0.079854	
0.693611	0.969214	0.417244	0.398296	0.669079	0.246886	0.598933	0.546843	0.171555	0.838729	0.0537954	0.0836713	0.568145	0.954051	0.788263	0.362369	0.820134	0.683189	0.0703691	0.859875	0.494955	0.834165	0.281271	0.906206	0.744547	0.737813	0.557683	0.258414	0.0712953	0.571593	0.0169692	0.772833	0.339034	0.960864	0.0787259	0.0948315	0.878733	0.962889	0.0492768	0.106447	0.0258093	0.407912	0.690488	0.737256	0.124714	0.0344215	0.378195	0.44245	0.968283	0.514753	
0.799092	0.217166	0.201939	0.484885	0.65416	0.77332	0.438431	0.396283	0.223748	0.986886	0.486172	0.624146	0.0591464	0.00598818	0.0863395	0.191773	0.0125678	0.498718	0.62804	0.853086	0.684539	0.112224	0.45942	0.423735	0.638098	0.462022	0.312423	0.713591	0.824783	0.271575	0.694606	0.557429	0.937989	0.409683	0.151301	0.693159	0.948633	0.116166	0.597433	0.756561	0.787723	0.11454	0.325917	0.685341	0.807494	0.938005	0.554351	0.320936	0.818871	0.894432	
0.44141	0.539258	0.476474	0.559729	0.630791	0.943926	0.809448	0.387355	0.348005	0.508372	0.310455	0.0928139	0.783291	0.430837	0.173771	0.617959	0.73902	0.960024	0.255454	0.292459	0.999835	0.314015	0.00729627	0.198357	0.122139	0.441818	0.033328	0.701156	0.675303	0.35003	0.662293	0.862269	0.682979	0.62099	0.353803	0.132578	0.943201	0.668497	0.719081	0.717391	0.578975	0.578413	0.418497	0.0982504	0.380493	0.872362	0.198993	0.551493	0.273848	0.128779	
0.790548	0.557808	0.480892	0.396803	0.298621	0.50398	0.25345	0.253087	0.0294851	0.0202957	0.656477	0.992203	0.0640923	0.64532	0.734402	0.22951	0.682606	0.155064	0.169139	0.322961	0.584243	0.119178	0.15741	0.365587	0.418012	0.321535	0.892333	0.889115	0.717936	0.826325	0.318668	0.712626	0.948527	0.685874	0.59464	0.370009	0.485299	0.672278	0.758673	0.720339	0.18666	0.518605	0.973621	0.430108	0.400738	0.553207	0.273626	0.418238	0.32649	0.0354494	
0.168509	0.0230919	0.640819	0.711944	0.2344	0.476739	0.46996	0.732929	0.192743	0.70485	0.822653	0.624294	0.528962	0.116847	0.565887	0.688316	0.339522	0.479706	0.717783	0.032802	0.841491	0.530718	0.161941	0.839125	0.52773	0.544567	0.104036	0.122549	0.490784	0.0602262	0.1237	0.297955	0.265939	0.145446	0.98335	0.2703	0.863977	0.344157	0.429777	0.266101	0.0274422	0.214211	0.457346	0.88276	0.40737	0.90081	0.389292	0.954455	0.133515	0.613403	
0.792266	0.73651	0.246317	0.383102	0.271027	0.399558	0.270319	0.936072	0.544517	0.348851	0.541368	0.443951	0.946799	0.329448	0.222699	0.248083	0.568915	0.0453089	0.592116	0.253374	0.851491	0.687638	0.657967	0.344797	0.874568	0.703132	0.667659	0.60147	0.437189	0.318071	0.372614	0.64435	0.0826177	0.995795	0.288593	0.666722	0.0543763	0.696257	0.0330957	0.889009	0.135451	0.622746	0.718198	0.236725	0.978954	0.44006	0.0319555	0.529624	0.218775	0.0685871	
