30	30
136.967	0.360655
121.422	0.423005
123.209	0.631511
145.421	0.54815
141.728	0.876455
127.45	0.147196
150.408	0.264748
139.61	0.353314
134.533	0.889963
150.662	0.0820932
138.996	0.109259
138.768	0.265855
137.338	0.863427
127.37	0.403995
144	0.840173
131.538	0.779652
143.345	0.464482
146.764	0.777921
130.569	0.420053
133.792	0.878752
138.827	0.221655
133.542	0.535867
140.027	0.600729
150.867	0.650491
121.196	0.298611
131.241	0.987032
127.677	0.518897
129.021	0.268876
146.136	0.971499
143.413	0.314673
38.1553
1.52047
5.60869
10.5246
31.7117
34.6173
36.6032
45.4797
4.67278
30.2419
14.0796
25.0746
25.5948
31.2956
32.8483
34.6174
41.946
8.5632
17.9363
9.25865
4.25903
28.8759
8.02202
37.1501
10.0903
42.8602
10.1294
4.98471
25.067
30.1045
0.308912	0.915713	0.154498	0.36332	0.0996289	0.968839	0.43202	0.559155	0.567895	0.527539	0.424662	0.451831	0.556377	0.453386	0.94253	0.863471	0.127812	0.748436	0.905714	0.935844	0.95399	0.0119676	0.770262	0.218158	0.300124	0.9774	0.655615	0.00917428	0.108472	0.62398	
0.775294	0.4938	0.297759	0.42508	0.298673	0.780311	0.930404	0.70013	0.120491	0.455137	0.789253	0.487205	0.0561291	0.783926	0.716325	0.66048	0.765809	0.291692	0.139042	0.97675	0.532076	0.278969	0.93736	0.536385	0.490449	0.0973675	0.267964	0.835779	0.677951	0.296927	
0.714451	0.993212	0.696684	0.84062	0.864665	0.610465	0.295077	0.363744	0.376141	0.805893	0.125038	0.382626	0.643309	0.134763	0.0755188	0.920186	0.251002	0.384461	0.455063	0.0349893	0.878904	0.898497	0.489949	0.718794	0.193105	0.138907	0.508582	0.536695	0.400119	0.394245	
0.610881	0.424269	0.278005	0.958958	0.958572	0.160177	0.739732	0.769579	0.0650677	0.706856	0.286902	0.546876	0.4968	0.98502	0.362447	0.442828	0.524655	0.379348	0.85748	0.0782218	0.760587	0.548007	0.516789	0.85743	0.60902	0.560263	0.941076	0.710742	0.672448	0.880221	
0.545261	0.87051	0.0579006	0.153759	0.926332	0.399106	0.917342	0.164432	0.00421435	0.759307	0.581962	0.230528	0.467722	0.29121	0.523368	0.485734	0.0764872	0.892734	0.432628	0.76458	0.761832	0.605368	0.428221	0.200536	0.92531	0.523479	0.357045	0.164611	0.857109	0.137575	
0.830089	0.156206	0.289808	0.960736	0.571737	0.30456	0.495728	0.485764	0.082601	0.52629	0.323012	0.325185	0.210467	0.340499	0.919511	0.862668	0.596176	0.209362	0.579382	0.768928	0.0712619	0.430849	0.755457	0.764039	0.0574672	0.772752	0.801762	0.882408	0.902556	0.964672	
0.966405	0.893451	0.0538839	0.0537063	0.871614	0.363388	0.0151618	0.868139	0.569503	0.93782	0.0496984	0.887327	0.290648	0.862084	0.00171488	0.905833	0.556865	0.234235	0.995985	0.0875969	0.205378	0.34589	0.593572	0.37204	0.289829	0.365569	0.415879	0.79656	0.187065	0.0887505	
0.962864	0.166516	0.121274	0.145906	0.481431	0.642987	0.716091	0.536516	0.636541	0.470268	0.68095	0.831911	0.479826	0.278897	0.182591	0.168784	0.461149	0.700637	0.464348	0.339551	0.0713346	0.257253	0.165721	0.132876	0.877732	0.11437	0.569026	0.720774	0.107398	0.320663	
0.460716	0.189425	0.251003	0.64683	0.0855732	0.740365	0.0984521	0.299829	0.38734	0.901334	0.823444	0.406928	0.559596	0.907741	0.694756	0.386213	0.297077	0.326371	0.516553	0.663061	0.887319	0.717384	0.688666	0.078298	0.742059	0.327152	0.172425	0.484334	0.655274	0.13262	
0.524729	0.670247	0.161381	0.953448	0.498485	0.283265	0.79286	0.354745	0.104639	0.0625447	0.0116141	0.869134	0.75594	0.552704	0.352062	0.316379	0.593089	0.813943	0.965338	0.992601	0.28482	0.132615	0.0450635	0.695163	0.462293	0.866697	0.145938	0.177065	0.354058	0.387381	
0.150129	0.982864	0.122916	0.843827	0.355211	0.953526	0.192201	0.684502	0.344965	0.919927	0.440686	0.685868	0.0330711	0.774677	0.400587	0.00662433	0.401707	0.217221	0.466261	0.881043	0.992265	0.952518	0.517094	0.775647	0.634235	0.202821	0.162771	0.790964	0.565688	0.215604	
0.734433	0.187258	0.636478	0.353237	0.913618	0.928292	0.548009	0.624273	0.432348	0.199393	0.140308	0.658033	0.594055	0.258539	0.895011	0.376177	0.817485	0.569356	0.670248	0.0481506	0.618864	0.601594	0.131605	0.608992	0.445973	0.249016	0.822494	0.419929	0.941782	0.0618501	
0.179334	0.95033	0.0462641	0.963461	0.750609	0.316129	0.0930365	0.0491493	0.218296	0.263876	0.301319	0.00906786	0.528116	0.292442	0.464435	0.907257	0.401412	0.319708	0.188432	0.437446	0.641245	0.616427	0.850589	0.825269	0.551845	0.960845	0.33318	0.825803	0.490531	0.469533	
0.951067	0.339607	0.155081	0.603592	0.428369	0.228511	0.590803	0.00927672	0.795473	0.551309	0.199003	0.929086	0.552544	0.195492	0.355529	0.800199	0.163354	0.138646	0.592805	0.280104	0.763032	0.94719	0.909961	0.338776	0.762593	0.841975	0.587693	0.449224	0.675896	0.923415	
0.366057	0.272324	0.119094	0.409902	0.0736781	0.919326	0.99456	0.371794	0.394216	0.449347	0.816994	0.983733	0.671116	0.780132	0.683872	0.831259	0.485463	0.439609	0.540796	0.485448	0.190427	0.855341	0.792217	0.737556	0.754798	0.759985	0.478275	0.972562	0.664152	0.982125	
0.603741	0.00936225	0.747941	0.722554	0.111116	0.368397	0.413664	0.512375	0.183042	0.599926	0.086715	0.290452	0.0694282	0.612301	0.482037	0.324603	0.369715	0.831315	0.18389	0.830641	0.70888	0.688538	0.176336	0.424346	0.409791	0.660402	0.170036	0.0566175	0.059188	0.744614	
0.103613	0.593029	0.322226	0.125538	0.641247	0.869191	0.656278	0.156634	0.964358	0.128722	0.99684	0.0846059	0.200682	0.220904	0.545208	0.36954	0.302969	0.35317	0.229649	0.0938678	0.0761732	0.432786	0.030649	0.940974	0.25167	0.905347	0.140469	0.0613724	0.591252	0.62423	
0.596606	0.389501	0.375605	0.408279	0.781313	0.660468	0.989808	0.0841123	0.143393	0.582088	0.810554	0.772292	0.142862	0.780967	0.61889	0.560728	0.978526	0.756538	0.853061	0.744313	0.197594	0.674883	0.845869	0.72346	0.794148	0.565819	0.425608	0.299073	0.541815	0.535178	
0.818035	0.528308	0.88803	0.963009	0.281668	0.235118	0.352368	0.485879	0.246892	0.713449	0.0261094	0.70198	0.812475	0.173316	0.666017	0.00648833	0.273984	0.877099	0.0256005	0.42483	0.323885	0.916702	0.680521	0.241489	0.942555	0.81783	0.145251	0.432454	0.661369	0.503744	
0.588538	0.421255	0.370275	0.572501	0.967292	0.377522	0.806943	0.64535	0.260063	0.99377	0.00133897	0.95605	0.763598	0.0875608	0.640433	0.28338	0.986654	0.921804	0.603684	0.0555591	0.793345	0.579385	0.988289	0.0900468	0.13584	0.00723202	0.465893	0.518382	0.651958	0.873049	
0.0395743	0.468751	0.575506	0.00759018	0.527716	0.784314	0.0935531	0.325715	0.184247	0.418414	0.72627	0.0841479	0.92409	0.404046	0.774138	0.911549	0.215523	0.78368	0.274216	0.973742	0.744477	0.585099	0.154612	0.371767	0.676687	0.320968	0.804247	0.228056	0.1843	0.977606	
0.859238	0.836292	0.640731	0.801877	0.27797	0.094067	0.364676	0.731731	0.860063	0.564781	0.919837	0.560855	0.302293	0.304447	0.247876	0.492282	0.426656	0.261888	0.302027	0.372573	0.236862	0.674069	0.292897	0.152057	0.475971	0.160503	0.372143	0.434963	0.492043	0.183905	
0.465555	0.307593	0.879726	0.948223	0.271404	0.984846	0.703453	0.577795	0.719876	0.505283	0.882475	0.0995716	0.835768	0.68255	0.483354	0.805549	0.484425	0.847421	0.353398	0.690015	0.229329	0.143524	0.196046	0.0955293	0.344256	0.391963	0.146649	0.119343	0.077324	0.318474	
0.745052	0.410903	0.280717	0.272978	0.441044	0.769309	0.402751	0.73643	0.101286	0.413142	0.622892	0.708539	0.984623	0.872835	0.459263	0.277031	0.413261	0.489046	0.87391	0.884199	0.849591	0.380694	0.00452646	0.758067	0.833415	0.615073	0.286966	0.0937647	0.686701	0.0522408	
0.686253	0.433082	0.90132	0.00036335	0.689257	0.584582	0.380426	0.639656	0.340375	0.730191	0.253752	0.200879	0.463046	0.342574	0.0695781	0.560632	0.928931	0.249839	0.769835	0.537622	0.160143	0.71209	0.48536	0.237852	0.518595	0.364311	0.181193	0.233266	0.249309	0.0510807	
0.026704	0.696137	0.406118	0.342148	0.049335	0.282183	0.28716	0.52627	0.542464	0.144521	0.765575	0.527838	0.108629	0.998464	0.911079	0.508679	0.357396	0.880268	0.951448	0.146413	0.912838	0.855858	0.424377	0.0729213	0.452687	0.49694	0.365361	0.680511	0.687956	0.88024	
0.147323	0.296436	0.904925	0.254916	0.143275	0.794601	0.266061	0.19758	0.615892	0.793882	0.778682	0.379615	0.263587	0.888841	0.1685	0.826082	0.791188	0.131494	0.249472	0.0794811	0.217171	0.682248	0.672543	0.826924	0.855743	0.953533	0.685571	0.629733	0.969429	0.867283	
0.559906	0.38116	0.70414	0.71061	0.160653	0.814918	0.971493	0.303007	0.515274	0.428462	0.161783	0.751888	0.369287	0.787735	0.293603	0.518229	0.501385	0.546973	0.880238	0.370899	0.514977	0.209699	0.457003	0.70676	0.270273	0.0988417	0.66411	0.744512	0.873608	0.161178	
0.875495	0.528159	0.520837	0.691385	0.037439	0.914875	0.522222	0.608411	0.947235	0.531638	0.741959	0.255223	0.605937	0.0494039	0.620706	0.718342	0.429588	0.38909	0.827617	0.763746	0.785506	0.728411	0.719608	0.276848	0.264446	0.886599	0.416836	0.179569	0.681328	0.218018	
0.185802	0.676934	0.464573	0.850055	0.0931449	0.387852	0.414926	0.891251	0.0180972	0.439538	0.303173	0.346547	0.248195	0.36708	0.106953	0.288663	0.0166041	0.145486	0.121546	0.349875	0.776897	0.889196	0.150749	0.90323	0.0639394	0.963941	0.8986	0.683717	0.621355	0.382704	
