25	40
114.103	0.869607
118.383	0.330494
114.864	0.566885
100.569	0.788892
117.401	0.767224
111.774	0.640756
101.475	0.932577
102.631	0.431929
109.549	0.356304
110.586	0.371146
119.826	0.558143
118.096	0.0624149
100.449	0.00700648
108.969	0.862813
117.648	0.312992
123.012	0.88738
113.022	0.504779
121.945	0.0146067
104.731	0.885446
121.905	0.780755
118.455	0.986073
117.927	0.700547
103.37	0.139413
106.084	0.711306
99.431	0.192565
30.6297
32.3658
20.2215
27.9362
10.0324
29.3035
1.58441
39.0571
17.9134
18.0899
41.1663
11.8122
33.4801
35.9671
24.5297
40.4194
22.2563
12.8018
42.8945
15.0704
24.8627
18.2299
4.7934
9.53229
13.4765
27.0398
15.0606
25.9553
2.22733
43.0333
3.33873
48.9942
40.7366
12.9569
16.7481
46.934
24.497
46.9591
5.70171
47.464
0.1707	0.394074	0.610143	0.877309	0.541516	0.338787	0.307928	0.2685	0.6226	0.546049	0.928356	0.817355	0.850312	0.0995046	0.0724793	0.328842	0.0255532	0.438296	0.79928	0.296192	0.560822	0.838785	0.215151	0.0109399	0.960695	0.559401	0.779428	0.623236	0.480633	0.102212	0.7254	0.87033	0.868946	0.512912	0.402597	0.775129	0.729295	0.385993	0.288461	0.322712	
0.952241	0.246179	0.325576	0.141943	0.540095	0.750095	0.349704	0.633122	0.632788	0.362766	0.362972	0.928193	0.903514	0.938183	0.672476	0.302709	0.772392	0.0198059	0.162609	0.64155	0.661641	0.994971	0.452114	0.952401	0.435214	0.402514	0.634845	0.64643	0.148965	0.60654	0.665627	0.0678573	0.684578	0.942521	0.32284	0.169202	0.75069	0.910385	0.0281822	0.169444	
0.671063	0.28362	0.388616	0.851057	0.888946	0.820423	0.20618	0.610963	0.863283	0.91071	0.843064	0.205821	0.560648	0.121335	0.497295	0.388774	0.885354	0.509709	0.897046	0.339395	0.315073	0.535884	0.164356	0.332178	0.960628	0.624975	0.181601	0.480112	0.416469	0.725713	0.629935	0.383516	0.992157	0.113031	0.815844	0.538835	0.819033	0.84863	0.635047	0.712427	
0.774663	0.571073	0.864362	0.494962	0.750737	0.476086	0.760113	0.415293	0.8273	0.191047	0.441756	0.88615	0.503314	0.630177	0.718109	0.500122	0.319779	0.261105	0.362221	0.896035	0.366208	0.791569	0.279446	0.870144	0.537072	0.0782118	0.261516	0.992437	0.55569	0.800365	0.30858	0.724078	0.892481	0.243874	0.620077	0.761887	0.897407	0.176914	0.544504	0.452339	
0.628665	0.277754	0.995521	0.211773	0.295436	0.0855797	0.515345	0.386925	0.132054	0.441672	0.940077	0.0123194	0.725406	0.575396	0.503199	0.656735	0.523172	0.681663	0.592218	0.75426	0.085952	0.711734	0.86412	0.0408727	0.382504	0.340427	0.795299	0.923842	0.6165	0.105968	0.739498	0.888147	0.829596	0.585388	0.749356	0.294088	0.346185	0.377851	0.375706	0.949422	
0.00254273	0.0288335	0.915557	0.218145	0.127048	0.68595	0.535767	0.0808473	0.599509	0.258822	0.652887	0.279549	0.151905	0.975684	0.996933	0.936653	0.0676448	0.689492	0.245821	0.660965	0.955043	0.425646	0.0435463	0.876555	0.485616	0.265934	0.820816	0.512137	0.240708	0.30435	0.0525165	0.8126	0.921295	0.564622	0.801501	0.999233	0.811256	0.814435	0.627624	0.747317	
0.337822	0.0545981	0.721146	0.345469	0.622333	0.432251	0.822875	0.833357	0.624514	0.0661855	0.929518	0.855148	0.469461	0.105649	0.365521	0.29824	0.282508	0.916779	0.307834	0.223283	0.122027	0.642921	0.476373	0.340094	0.435625	0.342359	0.782066	0.0489957	0.391681	0.0538292	0.797825	0.15625	0.51675	0.859985	0.21362	0.464457	0.157426	0.039619	0.0299454	0.325931	
0.702522	0.0213347	0.774738	0.198814	0.985064	0.852595	0.302979	0.643072	0.896381	0.180272	0.894147	0.708399	0.991129	0.614276	0.0884404	0.591527	0.457904	0.909675	0.071599	0.999496	0.301521	0.553234	0.519583	0.127759	0.38141	0.473008	0.69322	0.798189	0.780313	0.327143	0.82788	0.906231	0.952295	0.00616123	0.950651	0.0446737	0.326666	0.414196	0.162056	0.780106	
0.0736506	0.0455848	0.527197	0.527115	0.845832	0.755989	0.0608124	0.943879	0.892446	0.123226	0.599915	0.767999	0.0371118	0.297476	0.461275	0.775724	0.632439	0.505898	0.137123	0.793106	0.8516	0.346328	0.108887	0.936067	0.398717	0.454293	0.205383	0.809135	0.169863	0.466875	0.352915	0.236996	0.964748	0.126748	0.0284592	0.598926	0.283365	0.242178	0.864335	0.960122	
0.728499	0.0694782	0.755788	0.590484	0.31674	0.137413	0.366193	0.593575	0.0365111	0.351762	0.00715014	0.87138	0.86655	0.124514	0.38703	0.0237525	0.310909	0.994899	0.872985	0.675797	0.555397	0.694506	0.613309	0.0391748	0.580342	0.0595476	0.490679	0.290245	0.27999	0.211114	0.327222	0.49876	0.738996	0.809004	0.644653	0.728966	0.0725818	0.501825	0.457361	0.334948	
0.0315467	0.710141	0.983236	0.32163	0.675027	0.799808	0.120502	0.34315	0.657612	0.66357	0.47199	0.322486	0.254934	0.3492	0.101242	0.18152	0.594772	0.726187	0.85405	0.619002	0.66527	0.794892	0.38136	0.592372	0.849349	0.026115	0.757273	0.389018	0.791431	0.44829	0.521643	0.712047	0.0466047	0.701363	0.294426	0.186598	0.107018	0.479143	0.469196	0.327832	
0.012191	0.913436	0.322717	0.426328	0.0940582	0.497656	0.701331	0.900174	0.798153	0.608462	0.99813	0.991869	0.443414	0.0395609	0.274913	0.688651	0.49259	0.0673961	0.0608824	0.231621	0.849969	0.63268	0.586582	0.753741	0.0010073	0.0280426	0.991882	0.967471	0.907743	0.834343	0.0938384	0.374407	0.744475	0.186326	0.919261	0.113401	0.447158	0.932258	0.112971	0.187177	
0.783952	0.302941	0.0592334	0.923846	0.076852	0.32819	0.917255	0.0562639	0.290602	0.852535	0.694339	0.601085	0.457729	0.325929	0.272794	0.350656	0.295875	0.364794	0.803501	0.611541	0.139162	0.96372	0.107052	0.154063	0.254774	0.539932	0.0951801	0.796458	0.294403	0.95353	0.71492	0.0284026	0.0358662	0.673334	0.0151227	0.853975	0.502006	0.598794	0.0704225	0.36255	
0.454654	0.503859	0.670081	0.362284	0.313553	0.761322	0.12146	0.257443	0.197683	0.0297558	0.548502	0.725197	0.567392	0.208149	0.296803	0.719851	0.491421	0.215901	0.0538079	0.108491	0.603007	0.283173	0.772926	0.0991536	0.354786	0.287602	0.0846597	0.00467088	0.83623	0.519539	0.984947	0.871159	0.529765	0.672914	0.499592	0.663874	0.844778	0.711544	0.747192	0.200153	
0.0620787	0.260178	0.493555	0.911403	0.8744	0.0197311	0.787614	0.0618241	0.292552	0.82591	0.888062	0.885313	0.0981023	0.708865	0.91748	0.0585203	0.893109	0.934879	0.209166	0.82581	0.766953	0.98352	0.442709	0.592567	0.943912	0.274828	0.835829	0.87902	0.310919	0.713413	0.531742	0.647477	0.652417	0.590404	0.783907	0.509734	0.49491	0.0717321	0.141348	0.217719	
0.903916	0.787916	0.577998	0.654103	0.459749	0.444269	0.406274	0.648921	0.520477	0.167098	0.718985	0.207904	0.328309	0.429675	0.102248	0.0949478	0.790189	0.84563	0.508164	0.00152667	0.820023	0.670683	0.723108	0.0536906	0.674075	0.247175	0.903348	0.509333	0.882378	0.764161	0.989444	0.388475	0.582345	0.468216	0.223715	0.56199	0.830226	0.188646	0.917412	0.0641822	
0.596055	0.0916288	0.129006	0.831836	0.659696	0.557024	0.609246	0.269703	0.0615101	0.780915	0.94554	0.424151	0.69937	0.566029	0.620814	0.676147	0.685959	0.488375	0.947313	0.811999	0.841611	0.372348	0.908268	0.934062	0.937299	2.23521e-05	0.779075	0.484963	0.35188	0.568763	0.224068	0.752767	0.334296	0.208659	0.464102	0.806798	0.33314	0.701853	0.282953	0.294336	
0.953482	0.0401387	0.628794	0.459881	0.85863	0.991317	0.755538	0.264457	0.207054	0.927359	0.152849	0.671991	0.897486	0.545705	0.974509	0.997991	0.236611	0.466568	0.33085	0.469621	0.184083	0.555918	0.0694184	0.0206954	0.625881	0.523477	0.671957	0.0168725	0.15743	0.682126	0.478112	0.108376	0.214619	0.603431	0.488657	0.854592	0.0443183	0.817826	0.186405	0.279111	
0.3295	0.96406	0.74085	0.377668	0.373688	0.480636	0.760538	0.261505	0.130838	0.721115	0.929015	0.323405	0.787314	0.761026	0.642325	0.119831	0.119271	0.853481	0.959709	0.425439	0.609233	0.745047	0.0189877	0.690466	0.69329	0.449906	0.170478	0.718358	0.254461	0.324596	0.630774	0.655491	0.208923	0.775682	0.638619	0.56684	0.377148	0.815977	0.00078626	0.85829	
0.0289323	0.935353	0.628659	0.246146	0.601962	0.594906	0.891473	0.518208	0.249496	0.323997	0.722462	0.7329	0.559174	0.469667	0.498921	0.496898	0.0766217	0.146376	0.0677309	0.430081	0.349098	0.33816	0.162613	0.0419108	0.042896	0.746525	0.0334515	0.539103	0.87264	0.34415	0.735954	0.255762	0.761096	0.270582	0.0806648	0.070892	0.684445	0.0483442	0.899286	0.59346	
0.151979	0.618042	0.240637	0.0831	0.618355	0.975456	0.0570004	0.801215	0.491371	0.260632	0.606737	0.916322	0.385992	0.375522	0.154601	0.94536	0.482794	0.078291	0.454825	0.149572	0.433177	0.263838	0.803196	0.754404	0.889547	0.163608	0.561872	0.0672628	0.154137	0.750774	0.292235	0.891367	0.535182	0.460617	0.354727	0.228993	0.506974	0.27644	0.530915	0.394051	
0.437849	0.557603	0.0738141	0.342943	0.61383	0.898307	0.677823	0.171584	0.279335	0.850535	0.849594	0.0991991	0.0912591	0.395639	0.584099	0.165225	0.557058	0.911135	0.935941	0.13306	0.503347	0.995569	0.155551	0.15446	0.492044	0.499159	0.11416	0.624463	0.176088	0.0325383	0.360091	0.406391	0.341837	0.756809	0.0661531	0.979646	0.233643	0.400112	0.943849	0.044713	
0.933701	0.783408	0.48264	0.907983	0.853482	0.248711	0.472486	0.242434	0.107358	0.143375	0.259864	0.11037	0.217465	0.475286	0.384018	0.200244	0.383761	0.359484	0.227814	0.657102	0.958607	0.668875	0.63453	0.162767	0.566536	0.709331	0.232458	0.0954743	0.0958731	0.965322	0.278375	0.575416	0.798164	0.339724	0.337999	0.892341	0.347817	0.69594	0.129749	0.288767	
0.308786	0.973609	0.547008	0.308064	0.352113	0.141976	0.281234	0.645613	0.224764	0.0938348	0.711612	0.472213	0.0288742	0.688849	0.4478	0.650133	0.701339	0.287872	0.133315	0.343212	0.732656	0.0440115	0.0760321	0.155313	0.227271	0.0255999	0.724236	0.701548	0.89575	0.720373	0.76171	0.44391	0.185555	0.555826	0.638542	0.250904	0.00538261	0.112854	0.48826	0.321954	
0.400658	0.398196	0.604173	0.439396	0.627553	0.872917	0.286016	0.754199	0.149672	0.800276	0.0768626	0.317406	0.401737	0.24857	0.1719	0.79063	0.140804	0.448564	0.673771	0.369295	0.556448	0.909352	0.774544	0.834786	0.642153	0.0563144	0.313046	0.759293	0.257767	0.140176	0.162134	0.800211	0.193782	0.750777	0.476366	0.867472	0.107013	0.237059	0.439561	0.835326	
