30	40
137.097	0.321397
135.93	0.799084
129.081	0.18962
146.027	0.608854
142.371	0.942499
133.864	0.155859
129.549	0.143316
149.812	0.792975
145.176	0.730444
132.311	0.400715
143.807	0.134386
133.448	0.244348
150.262	0.896807
130.63	0.193268
137.287	0.0435477
129.674	0.366682
137.902	0.0352842
141.473	0.664922
143.787	0.195968
128.19	0.968503
135.114	0.478926
134.548	0.459202
126.224	0.578287
139.578	0.441893
149.117	0.42537
123.126	0.754085
140.654	0.402034
149.425	0.538504
121.249	0.942382
138.092	0.937603
15.6953
18.1616
21.6095
22.33
11.5642
11.9774
19.5951
17.3196
20.2444
21.2394
48.271
44.2529
25.0471
10.6398
7.73033
30.8352
42.9955
9.26577
17.9218
49.8698
28.7227
25.2216
34.1574
14.7279
18.7463
33.9786
22.7174
15.0474
45.215
38.9556
45.9054
14.7784
24.94
1.4692
5.92275
13.3861
13.7786
10.4298
16.344
47.9832
0.348057	0.603949	0.639209	0.815923	0.556936	0.583826	0.92108	0.621664	0.0196953	0.299354	0.166496	0.209299	0.823732	0.0725121	0.447358	0.817554	0.321063	0.634657	0.193734	0.377445	0.847588	0.936566	0.812648	0.661907	0.901159	0.780367	0.962936	0.822602	0.180452	0.0206912	0.275882	0.654984	0.767291	0.888074	0.277712	0.791438	0.367405	0.692416	0.997958	0.659957	
0.866154	0.437952	0.82822	0.875882	0.496092	0.590575	0.597138	0.949876	0.267988	0.792287	0.657016	0.268976	0.892692	0.857765	0.615299	0.291198	0.497825	0.180166	0.198988	0.104901	0.146117	0.231797	0.323411	0.00736421	0.314842	0.716574	0.654387	0.435329	0.95614	0.88567	0.361585	0.091907	0.192299	0.878849	0.204351	0.712058	0.731893	0.273532	0.447326	0.359549	
0.597978	0.491887	0.949172	0.732982	0.981362	0.454142	0.262722	0.37546	0.738067	0.695155	0.0222996	0.614749	0.903455	0.961712	0.518331	0.974689	0.565612	0.365856	0.783444	0.0205586	0.939522	0.112937	0.805037	0.473873	0.634779	0.665855	0.175124	0.887578	0.856068	0.417089	0.52068	0.390254	0.546675	0.58018	0.792908	0.199554	0.891478	0.582524	0.664198	0.998	
0.000599539	0.580196	0.366285	0.389788	0.295439	0.554766	0.226249	0.452463	0.218944	0.140211	0.0948136	0.0759575	0.674973	0.191205	0.161079	0.793928	0.537648	0.388692	0.32834	0.693978	0.588195	0.923985	0.109155	0.498792	0.796529	0.212258	0.489041	0.222833	0.367872	0.642876	0.612162	0.882841	0.28567	0.29648	0.0257662	0.930079	0.435171	0.135856	0.68593	0.109983	
0.861851	0.12575	0.110685	0.383622	0.558265	0.52722	0.445701	0.315146	0.936978	0.851148	0.321944	0.402186	0.960808	0.584582	0.3197	0.160464	0.578384	0.67729	0.237987	0.791086	0.277141	0.945308	0.778968	0.0290358	0.693876	0.996157	0.12425	0.46804	0.360731	0.433993	0.721207	0.157286	0.640935	0.840376	0.189382	0.355677	0.0895458	0.0614869	0.573689	0.26639	
0.382799	0.0913181	0.969539	0.906517	0.560108	0.510005	0.946312	0.508029	0.706693	0.231787	0.540029	0.329065	0.595564	0.36218	0.444032	0.385391	0.183137	0.185555	0.50123	0.210437	0.00483606	0.554675	0.0527952	0.00546785	0.380585	0.709487	0.45191	0.0203884	0.608445	0.915099	0.38734	0.215158	0.716429	0.756491	0.624552	0.510573	0.93996	0.0265363	0.916725	0.446397	
0.034086	0.239646	0.385728	0.420008	0.951967	0.256873	0.627365	0.050281	0.981691	0.160534	0.894418	0.922572	0.629692	0.346529	0.876323	0.649852	0.0790462	0.909129	0.00811397	0.70583	0.0902602	0.471669	0.888135	0.975089	0.200053	0.738804	0.615916	0.918092	0.0106189	0.333915	0.567793	0.183038	0.853952	0.896536	0.444404	0.290136	0.987126	0.548746	0.126813	0.824886	
0.960087	0.467146	0.854579	0.137372	0.41915	0.966016	0.976906	0.616204	0.940114	0.162772	0.394635	0.399266	0.18708	0.0123607	0.0555606	0.514708	0.289047	0.220929	0.943714	0.262094	0.240747	0.296511	0.93641	0.292258	0.298323	0.0721838	0.108894	0.804882	0.183692	0.9938	0.498054	0.2644	0.260925	0.64217	0.984552	0.588843	0.866556	0.676884	0.528224	0.334792	
0.0319811	0.838584	0.308247	0.110021	0.0201634	0.327252	0.415898	0.547153	0.0673235	0.179614	0.341689	0.189568	0.353204	0.773744	0.96155	0.192	0.541061	0.391511	0.150962	0.986758	0.268587	0.477515	0.449803	0.644084	0.157324	0.379424	0.0767049	0.903723	0.746594	0.72697	0.779094	0.173897	0.916852	0.354986	0.0263684	0.104628	0.767368	0.502822	0.816623	0.997545	
0.982117	0.738834	0.78035	0.247885	0.641508	0.243684	0.819605	0.95583	0.392792	0.275533	0.43758	0.262127	0.206133	0.707905	0.998462	0.273623	0.414844	0.777434	0.450752	0.371752	0.143631	0.843502	0.331133	0.162829	0.265853	0.890338	0.438463	0.0863184	0.776186	0.607679	0.184753	0.0456255	0.614028	0.258587	0.0994461	0.0418901	0.728507	0.350036	0.236304	0.557949	
0.259212	0.446474	0.597145	0.138845	0.446653	0.32419	0.790036	0.0254425	0.0424413	0.922768	0.541935	0.468992	0.00834233	0.662154	0.276611	0.899014	0.659027	0.8539	0.632734	0.0581611	0.555969	0.260066	0.860394	0.540901	0.399401	0.0346066	0.576344	0.650379	0.95472	0.22579	0.976003	0.888284	0.94134	0.924437	0.0683275	0.127035	0.271432	0.0565793	0.950621	0.382396	
0.358624	0.668094	0.736778	0.484027	0.290186	0.228206	0.916338	0.259338	0.0877113	0.0166802	0.174198	0.436516	0.841587	0.321178	0.395394	0.117991	0.450952	0.367517	0.261038	0.88543	0.733863	0.186431	0.772658	0.443014	0.873379	0.724883	0.32738	0.28029	0.653773	0.64054	0.95809	0.118987	0.466295	0.647382	0.952882	0.867038	0.80397	0.44184	0.792552	0.185599	
0.904508	0.945349	0.107509	0.92232	0.997322	0.829963	0.293025	0.49904	0.884564	0.558481	0.234849	0.309968	0.768137	0.362729	0.185252	0.265399	0.432316	0.42912	0.888666	0.470679	0.338157	0.392813	0.230487	0.0233835	0.675879	0.759772	0.951139	0.70316	0.114591	0.792308	0.286786	0.242285	0.284387	0.609986	0.165413	0.00461366	0.787518	0.402795	0.306055	0.771921	
0.335371	0.765537	0.964652	0.574466	0.948615	0.451481	0.849121	0.842824	0.301086	0.326733	0.898379	0.222906	0.700359	0.515316	0.723587	0.55779	0.820271	0.768747	0.997174	0.823672	0.468265	0.648171	0.704192	0.321804	0.133936	0.493083	0.892702	0.571616	0.515332	0.579343	0.536531	0.0462658	0.181653	0.0140795	0.601782	0.211298	0.200879	0.391343	0.449379	0.558066	
0.0197805	0.76665	0.291831	0.951957	0.567643	0.232961	0.114025	0.724003	0.10047	0.625864	0.670729	0.177045	0.249796	0.0104868	0.749984	0.655669	0.193724	0.863139	0.307313	0.757566	0.00465118	0.280662	0.0727524	0.214115	0.736762	0.385621	0.569492	0.995576	0.888071	0.0295162	0.588115	0.250428	0.536819	0.596068	0.350881	0.738095	0.604629	0.222548	0.348774	0.543918	
0.912046	0.575402	0.648607	0.960529	0.626057	0.0518484	0.910958	0.389981	0.25639	0.839086	0.819802	0.406494	0.38747	0.122508	0.0837271	0.473398	0.0353502	0.0374574	0.381588	0.721196	0.984404	0.210877	0.348595	0.674662	0.450912	0.971333	0.359155	0.0368223	0.957143	0.322224	0.712912	0.321101	0.231963	0.373688	0.338853	0.59765	0.358675	0.698987	0.353738	0.909547	
0.323856	0.242356	0.654615	0.446406	0.738519	0.371103	0.86116	0.17833	0.53193	0.311304	0.61357	0.888379	0.772042	0.40335	0.770138	0.542353	0.496047	0.3795	0.833998	0.647861	0.900904	0.81048	0.65694	0.638651	0.690825	0.0863196	0.630298	0.0166035	0.354648	0.176713	0.100959	0.976311	0.350817	0.833484	0.643797	0.288829	0.996942	0.588449	0.279017	0.830121	
0.349576	0.116699	0.650046	0.269553	0.869831	0.986015	0.386243	0.384843	0.848192	0.59625	0.821253	0.014109	0.586409	0.551089	0.528879	0.269754	0.549804	0.70792	0.872724	0.631545	0.699509	0.413507	0.742477	0.563171	0.906572	0.756395	0.652548	0.780578	0.713323	0.973697	0.0361948	0.40512	0.382835	0.59524	0.0572627	0.208245	0.0717214	0.994556	0.883158	0.956182	
0.144237	0.148903	0.797856	0.637288	0.805996	0.20696	0.206381	0.156534	0.118809	0.698394	0.78856	0.861819	0.48266	0.577007	0.310189	0.531735	0.722418	0.979048	0.0360235	0.539888	0.137016	0.675513	0.57262	0.248293	0.322678	0.508849	0.360111	0.433653	0.735892	0.690037	0.683945	0.950265	0.352367	0.936229	0.821459	0.325068	0.893018	0.715389	0.252935	0.00886159	
0.0958141	0.370395	0.804618	0.309728	0.0305277	0.816699	0.184845	0.460555	0.100617	0.330822	0.811223	0.0122764	0.0643785	0.854383	0.0579136	0.553481	0.0511543	0.723918	0.65783	0.095192	0.597605	0.56191	0.190364	0.778811	0.76055	0.157111	0.775794	0.511566	0.0074874	0.335903	0.638672	0.433064	0.190906	0.369017	0.438824	0.023923	0.419449	0.425229	0.208395	0.667923	
0.2602	0.173382	0.0553739	0.229523	0.588707	0.885707	0.370074	0.475028	0.580158	0.0357408	0.351922	0.433971	0.546682	0.143311	0.807273	0.55696	0.0541826	0.554385	0.344474	0.983107	0.185924	0.818003	0.366661	0.527976	0.804481	0.312722	0.142033	0.926672	0.826895	0.936115	0.542312	0.746233	0.827864	0.915434	0.858137	0.308921	0.389725	0.349002	0.594157	0.442068	
0.151124	0.305138	0.824064	0.890132	0.252186	0.00160494	0.881249	0.624893	0.0315615	0.559784	0.119889	0.0515391	0.954809	0.127433	0.306135	0.747752	0.783432	0.414873	0.117815	0.907628	0.440838	0.228833	0.257196	0.137398	0.511807	0.992102	0.794509	0.0939661	0.493684	0.808055	0.283961	0.179087	0.219973	0.89925	0.837641	0.909431	0.785044	0.945783	0.245255	0.209628	
0.885093	0.485267	0.0262889	0.0905374	0.725122	0.691799	0.226877	0.738909	0.0352921	0.950624	0.10296	0.444613	0.873676	0.412792	0.369863	0.849181	0.571589	0.467662	0.581528	0.299316	0.467612	0.533746	0.106374	0.841611	0.369776	0.412072	0.777148	0.28019	0.528094	0.186136	0.403393	0.904406	0.420681	0.920464	0.473268	0.312691	0.638051	0.284753	0.0926258	0.530529	
0.593225	0.440741	0.913006	0.878727	0.00330642	0.895553	0.563575	0.231611	0.664906	0.541396	0.668835	0.252307	0.714275	0.747634	0.657235	0.877422	0.556579	0.529915	0.474762	0.550567	0.536939	0.290152	0.434879	0.971849	0.769111	0.163304	0.233225	0.751469	0.727734	0.841363	0.629572	0.75986	0.240171	0.617417	0.238322	0.0367148	0.944866	0.357992	0.397635	0.0735153	
0.457073	0.636832	0.0300358	0.136428	0.412373	0.298848	0.494736	0.707569	0.867978	0.567668	0.447112	0.647659	0.148398	0.659633	0.811499	0.529969	0.724598	0.930951	0.975901	0.403941	0.76542	0.622539	0.89861	0.268121	0.0755196	0.167895	0.673045	0.597093	0.0124881	0.945973	0.555076	0.852991	0.762633	0.863462	0.712497	0.0472491	0.833516	0.871839	0.232316	0.137284	
0.58509	0.501836	0.82003	0.855018	0.69212	0.0661722	0.80764	0.965343	0.426974	0.021686	0.375179	0.47965	0.026032	0.0544492	0.554294	0.561435	0.529544	0.333401	0.316411	0.686963	0.0684246	0.253641	0.649361	0.936657	0.0435261	0.0819623	0.190308	0.49444	0.808812	0.508591	0.31767	0.500936	0.585152	0.609719	0.0857405	0.150026	0.0801572	0.693395	0.466187	0.335402	
0.633266	0.0688743	0.548586	0.413357	0.0809968	0.713229	0.169481	0.149776	0.0574455	0.63299	0.487897	0.443284	0.696651	0.703789	0.103733	0.743364	0.434353	0.858682	0.15341	0.00293044	0.389349	0.631926	0.42838	0.721573	0.315195	0.0381219	0.0857204	0.613358	0.000910493	0.743585	0.372158	0.81665	0.32391	0.807375	0.197259	0.920789	0.232154	0.637574	0.551681	0.852128	
0.752749	0.898588	0.956072	0.0655025	0.769375	0.202024	0.979227	0.930182	0.624109	0.549496	0.038381	0.997165	0.933692	0.372513	0.629198	0.72253	0.21509	0.11249	0.91737	0.404402	0.588612	0.715499	0.38667	0.662163	0.136729	0.530148	0.831937	0.0555363	0.163515	0.754383	0.590317	0.654964	0.00145386	0.126245	0.541689	0.7666	0.347799	0.356051	0.676792	0.75111	
0.847071	0.946911	0.224981	0.565776	0.976071	0.477378	0.314166	0.822758	0.772454	0.183612	0.362705	0.631193	0.838509	0.0707074	0.981826	0.586347	0.818679	0.751849	0.0995911	0.665996	0.110726	0.44514	0.833095	0.696571	0.28058	0.746084	0.593794	0.610142	0.852981	0.22934	0.430731	0.740446	0.352317	0.998069	0.697948	0.219239	0.601472	0.843656	0.765099	0.329838	
0.65738	0.525043	0.688385	0.111481	0.405652	0.904894	0.898022	0.688422	0.199444	0.810171	0.545916	0.761777	0.383659	0.924786	0.60489	0.102894	0.0388995	0.415931	0.415545	0.346713	0.138395	0.343343	0.151187	0.348591	0.219946	0.0894719	0.306513	0.171829	0.325646	0.729682	0.362051	0.731238	0.729345	0.583723	0.905249	0.633731	0.362329	0.625191	0.252886	0.588537	
