30	30
152.235	0.793624
122.485	0.594441
145.003	0.613437
144.263	0.225709
143.927	0.307671
145.382	0.739486
127.526	0.861424
143.966	0.320266
152.17	0.042103
148.358	0.421518
147.568	0.311142
146.161	0.753616
145.677	0.522853
137.082	0.816281
138.502	0.856164
148.059	0.114071
142.742	0.250124
135.352	0.918689
151.521	0.883477
143.196	0.0919058
131.691	0.703905
147.825	0.44428
150.738	0.136927
134.725	0.331093
127.562	0.146226
143.267	0.627508
133.017	0.226703
133.38	0.0206587
133.644	0.886843
130.715	0.573815
16.2572
45.5669
18.2905
11.826
6.30527
49.485
35.3801
13.4768
33.949
31.0163
37.0754
6.81108
8.47681
32.3884
8.73711
49.0441
22.4624
8.89075
38.7541
3.94445
29.8244
4.60642
49.7564
34.6626
39.744
43.6091
2.15842
25.1148
44.0249
8.34415
0.413142	0.911272	0.19231	0.517909	0.00869862	0.599206	0.501777	0.169842	0.321392	0.785649	0.347409	0.676399	0.776656	0.521181	0.135426	0.375796	0.277198	0.128045	0.238671	0.356167	0.551287	0.202755	0.205779	0.873141	0.940199	0.82784	0.60836	0.818357	0.602699	0.575146	
0.711743	0.315786	0.463345	0.599276	0.351342	0.108408	0.0906712	0.0336681	0.0128706	0.704835	0.373391	0.346324	0.534754	0.595365	0.430223	0.995232	0.30963	0.281326	0.0951819	0.989922	0.972411	0.190318	0.663141	0.656003	0.973321	0.290938	0.523591	0.841084	0.797822	0.475676	
0.779225	0.995917	0.0514356	0.990345	0.845762	0.309633	0.328004	0.0663358	0.775849	0.317633	0.631018	0.694344	0.817623	0.881042	0.174446	0.294513	0.54108	0.123019	0.821196	0.997205	0.694925	0.611583	0.669047	0.371884	0.0371744	0.375787	0.630711	0.142938	0.791886	0.233723	
0.110527	0.983029	0.340844	0.427343	0.313351	0.830451	0.0661812	0.868572	0.662392	0.793897	0.50536	0.459677	0.297049	0.747414	0.746006	0.388416	0.687943	0.0909064	0.593999	0.830186	0.310246	0.367084	0.962158	0.99446	0.557274	0.0387156	0.130615	0.298474	0.879569	0.756054	
0.81332	0.0862205	0.462439	0.488194	0.978253	0.246167	0.754476	0.924581	0.929793	0.355502	0.85872	0.435013	0.683687	0.884078	0.306612	0.71188	0.187367	0.256115	0.237936	0.256324	0.307969	0.3072	0.723078	0.520201	0.408861	0.34517	0.264521	0.180298	0.0078389	0.517431	
0.346591	0.379426	0.702283	0.228922	0.222371	0.151546	0.0954407	0.833797	0.591364	0.263509	0.549825	0.31647	0.21997	0.237233	0.393684	0.500706	0.705643	0.63453	0.950947	0.909331	0.480289	0.86306	0.552466	0.0279118	0.969643	0.766138	0.820485	0.0369212	0.233932	0.910123	
0.952344	0.427035	0.348727	0.258086	0.907847	0.419031	0.382251	0.386973	0.359302	0.496161	0.968134	0.244737	0.504318	0.655232	0.0548898	0.1241	0.539146	0.544487	0.0259816	0.294959	0.576478	0.0859824	0.792913	0.0725058	0.972296	0.169843	0.0215726	0.434431	0.0335995	0.936919	
0.332515	0.129089	0.693183	0.119686	0.103348	0.147611	0.381979	0.576425	0.654947	0.154749	0.407263	0.159029	0.0467317	0.398263	0.633547	0.192745	0.333868	0.105298	0.284966	0.392362	0.906782	0.849489	0.145623	0.634144	0.942815	0.20096	0.788626	0.792052	0.0388846	0.965022	
0.827082	0.260952	0.320141	0.608693	0.827681	0.58899	0.096019	0.284357	0.309268	0.577776	0.890026	0.121186	0.337737	0.608245	0.102895	0.623222	0.0604662	0.589996	0.316784	0.551185	0.367387	0.366046	0.337043	0.0945746	0.77359	0.0120675	0.791252	0.452408	0.87964	0.292254	
0.324343	0.663068	0.878375	0.046382	0.366101	0.458341	0.712904	0.144239	0.842635	0.234877	0.231102	0.709793	0.915171	0.782406	0.38336	0.818	0.225738	0.917673	0.352607	0.735087	0.855021	0.810998	0.285155	0.407313	0.106683	0.0694673	0.555051	0.885202	0.663883	0.760689	
0.597287	0.121009	0.675222	0.457028	0.173562	0.272914	0.529246	0.0910623	0.93793	0.752012	0.778697	0.970308	0.49789	0.401859	0.828848	0.588747	0.983977	0.223715	0.916079	0.645839	0.805875	0.62414	0.93861	0.548208	0.161646	0.648714	0.336719	0.356625	0.639417	0.669592	
0.433392	0.124023	0.554972	0.69261	0.947575	0.329555	0.416984	0.963337	0.606081	0.24085	0.104521	0.776627	0.239223	0.785887	0.557817	0.0758637	0.0570786	0.973875	0.919664	0.472492	0.838591	0.432837	0.3375	0.691763	0.935355	0.0917398	0.63083	0.915223	0.268634	0.570357	
0.550069	0.840981	0.225526	0.679513	0.62694	0.308586	0.457302	0.0236287	0.870943	0.766649	0.436622	0.821764	0.0502969	0.858798	0.607798	0.718782	0.102188	0.142397	0.290775	0.214754	0.900337	0.314118	0.827807	0.974602	0.138131	0.431726	0.21743	0.443084	0.332397	0.352504	
0.951702	0.488552	0.443208	0.0687185	0.528538	0.0859261	0.186252	0.935262	0.603336	0.0814617	0.151035	0.697238	0.288739	0.698442	0.259939	0.122063	0.912611	0.815431	0.0867719	0.580613	0.878954	0.948123	0.462947	0.119061	0.578511	0.290303	0.899655	0.479833	0.0764822	0.949325	
0.601479	0.598284	0.979987	0.790107	0.558474	0.589555	0.675424	0.978568	0.587349	0.354329	0.577195	0.0217469	0.411507	0.383384	0.498635	0.186096	0.778057	0.0390917	0.680553	0.0115486	0.709329	0.13658	0.589628	0.31277	0.331383	0.804406	0.457964	0.886831	0.590968	0.337354	
0.604716	0.307027	0.576703	0.331194	0.654583	0.91474	0.515968	0.00695868	0.889436	0.364624	0.0561299	0.948054	0.25521	0.117804	0.471714	0.776234	0.0702915	0.23595	0.613079	0.733402	0.947421	0.802698	0.791627	0.846178	0.709122	0.826241	0.786419	0.93314	0.531588	0.837893	
0.291367	0.957819	0.74681	0.497099	0.39617	0.832633	0.423355	0.792707	0.686211	0.901578	0.911477	0.286275	0.783412	0.317849	0.589261	0.659024	0.310494	0.709682	0.316667	0.9623	0.620387	0.826094	0.1966	0.689827	0.368164	0.245753	0.707297	0.198957	0.366478	0.274656	
0.33072	0.0777051	0.237707	0.581143	0.0225959	0.669769	0.480518	0.931178	0.822781	0.700437	0.151761	0.652401	0.947714	0.808876	0.759451	0.679992	0.985747	0.840859	0.217094	0.608491	0.673579	0.00210231	0.186828	0.375773	0.0538872	0.58268	0.749415	0.529206	0.604543	0.739204	
0.813341	0.321742	0.366711	0.564437	0.377289	0.542404	0.638493	0.427483	0.41336	0.777927	0.152244	0.0896582	0.302672	0.846813	0.275197	0.129376	0.663996	0.160556	0.43266	0.962304	0.315439	0.325671	0.386322	0.157782	0.318563	0.28037	0.875867	0.594213	0.741251	0.99313	
0.429018	0.713556	0.780861	0.334237	0.85828	0.474414	0.82514	0.111379	0.473184	0.720526	0.856433	0.266271	0.806163	0.316156	0.0590318	0.368063	0.242916	0.0811689	0.181484	0.411439	0.618558	0.997661	0.801838	0.853899	0.243249	0.305975	0.658321	0.445828	0.334165	0.145978	
0.690989	0.0219127	0.475682	0.00438509	0.168002	0.213019	0.589335	0.844899	0.473559	0.0848332	0.678693	0.817704	0.710686	0.944051	0.192586	0.033599	0.645917	0.281123	0.599369	0.230845	0.438195	0.2202	0.538185	0.425618	0.0472015	0.703097	0.622726	0.728364	0.456012	0.145834	
0.409414	0.336611	0.80796	0.533424	0.137487	0.281445	0.476859	0.0803534	0.417344	0.949815	0.87888	0.798113	0.542344	0.570379	0.911352	0.930013	0.865035	0.571589	0.962246	0.214761	0.38359	0.680163	0.810031	0.417478	0.36382	0.838992	0.302144	0.97111	0.714697	0.793273	
0.768201	0.589797	0.88888	0.0688592	0.961325	0.235183	0.682324	0.348137	0.575413	0.612474	0.770469	0.942644	0.402921	0.70274	0.30183	0.796994	0.907166	0.593362	0.466002	0.517781	0.4261	0.714219	0.0432911	0.406739	0.0248192	0.501334	0.130147	0.270522	0.820602	0.818274	
0.0468811	0.843125	0.864778	0.898594	0.0132953	0.513856	0.892602	0.320229	0.905445	0.0587458	0.797271	0.104345	0.571193	0.393908	0.840255	0.862835	0.463466	0.662914	0.84564	0.0773177	0.308536	0.922331	0.366308	0.984386	0.931453	0.454962	0.29211	0.806089	0.555385	0.886992	
0.661236	0.0617679	0.249867	0.999954	0.417485	0.0455678	0.269574	0.428895	0.938598	0.86127	0.940375	0.0747178	0.759087	0.815856	0.943034	0.229216	0.218118	0.163473	0.265235	0.885703	0.621061	0.478593	0.87235	0.327583	0.652196	0.800501	0.430269	0.357287	0.17976	0.0552332	
0.0465464	0.0415812	0.794208	0.227009	0.90463	0.63987	0.787425	0.895965	0.484942	0.5258	0.320725	0.272543	0.489692	0.476506	0.274682	0.00548206	0.850983	0.759889	0.691365	0.352545	0.443556	0.670022	0.977493	0.0534431	0.945059	0.408715	0.841699	0.109817	0.680135	0.256963	
0.635144	0.0377601	0.163301	0.537563	0.0970522	0.564111	0.452681	0.819216	0.839142	0.223159	0.204111	0.223752	0.851598	0.474899	0.0618183	0.725762	0.263258	0.772921	0.0294116	0.393778	0.465224	0.786134	0.650699	0.358782	0.406994	0.284903	0.269722	0.515111	0.0178744	0.412957	
0.334234	0.838444	0.39832	0.707065	0.237007	0.121463	0.204427	0.373302	0.385729	0.789303	0.280407	0.707929	0.637819	0.84399	0.203682	0.937313	0.273738	0.383199	0.204139	0.924997	0.179521	0.23359	0.228619	0.291222	0.749346	0.238514	0.341784	0.167814	0.591822	0.884549	
0.273934	0.294579	0.998721	0.278017	0.334223	0.946366	0.920119	0.823103	0.90978	0.986974	0.238044	0.639854	0.0428566	0.813687	0.786973	0.00902973	0.844702	0.499371	0.656279	0.767794	0.697632	0.736946	0.0613053	0.635981	0.804701	0.805477	0.50406	0.173352	0.306088	0.734169	
0.391701	0.965184	0.0768076	0.893041	0.416509	0.318652	0.805413	0.498148	0.471941	0.95664	0.0102644	0.0611258	0.970665	0.0546386	0.856864	0.537601	0.194002	0.0590575	0.51803	0.780985	0.683809	0.797316	0.779344	0.73731	0.13659	0.667113	0.35941	0.0853918	0.815935	0.532849	
