25	40
128.344	0.389885
116.929	0.0069552
106.861	0.520587
128.245	0.267345
113.71	0.237216
113.075	0.0484841
111.071	0.236358
128.939	0.845617
118.973	0.501077
126.494	0.436092
113.202	0.221512
119.24	0.49725
127.282	0.347085
114.634	0.846059
115.329	0.811565
117.665	0.377297
109.738	0.391672
118.006	0.392712
104.465	0.490888
127.62	0.871438
104.571	0.39777
116.432	0.159515
126.254	0.77445
126.672	0.258878
109.713	0.904004
29.9398
32.887
34.3048
6.83056
3.32123
28.3694
44.3372
12.4114
37.9994
34.611
2.93285
30.7152
28.8265
5.3396
41.4029
8.50451
13.7319
9.62129
42.9968
35.6974
29.5009
15.6461
3.53148
3.83767
17.9978
46.7774
32.4197
13.5716
41.0204
20.6785
1.76147
26.2581
25.1677
28.5451
43.4848
21.1346
25.6672
39.3793
39.0804
10.3552
0.630864	0.553217	0.125781	0.463806	0.976261	0.999929	0.825165	0.605038	0.236081	0.469728	0.510304	0.699657	0.86245	0.350235	0.123874	0.0409289	0.463082	0.69424	0.93475	0.0312787	0.18692	0.401086	0.417573	0.423278	0.464939	0.299759	0.728962	0.761866	0.333853	0.989928	0.759185	0.645532	0.516708	0.602822	0.627342	0.787275	0.103254	0.325942	0.86673	0.122136	
0.820309	0.172654	0.0581722	0.827248	0.058669	0.741597	0.0363476	0.889232	0.140495	0.603357	0.205093	0.612798	0.916639	0.37896	0.917094	0.84005	0.888488	0.454378	0.727088	0.625193	0.599368	0.00667208	0.128301	0.255335	0.531042	0.931619	0.23424	0.557415	0.70089	0.4169	0.206114	0.862271	0.693066	0.834903	0.32558	0.256976	0.00911463	0.266175	0.0499117	0.13839	
0.289027	0.741755	0.570104	0.676223	0.804604	0.0206391	0.406202	0.042285	0.749044	0.485397	0.288488	0.357638	0.91415	0.023531	0.270589	0.258712	0.438069	0.287437	0.645474	0.604033	0.303485	0.215713	0.193554	0.207274	0.464132	0.690595	0.851085	0.241991	0.619967	0.138743	0.283997	0.135414	0.0988446	0.404131	0.4867	0.886789	0.25613	0.757102	0.839315	0.0612324	
0.0754777	0.323208	0.352523	0.998786	0.214681	0.806584	0.148349	0.593503	0.934846	0.728931	0.148388	0.5517	0.867101	0.0579984	0.416376	0.968564	0.595772	0.0479675	0.387866	0.491506	0.378812	0.994725	0.380263	0.549867	0.901446	0.500213	0.414976	0.71553	0.056856	0.981717	0.6282	0.595386	0.979957	0.976048	0.975411	0.780188	0.389874	0.713854	0.912157	0.697702	
0.742152	0.26215	0.102684	0.519689	0.0865206	0.0968375	0.0556846	0.330767	0.273896	0.793193	0.199675	0.696627	0.117276	0.339072	0.386355	0.134242	0.478231	0.351448	0.0983939	0.788748	0.728968	0.872203	0.31169	0.0251606	0.64298	0.926377	0.598373	0.309361	0.00615096	0.326304	0.837947	0.0159982	0.462138	0.89482	0.121546	0.659969	0.795853	0.199809	0.906919	0.697907	
0.064721	0.265476	0.302084	0.880784	0.247046	0.169071	0.165685	0.810219	0.859184	0.965886	0.125006	0.669097	0.399108	0.628899	0.310959	0.895728	0.245497	0.319238	0.93945	0.675367	0.708838	0.106946	0.372645	0.971363	0.206079	0.153812	0.760562	0.998821	0.947856	0.762145	0.648911	0.258246	0.754832	0.834337	0.395763	0.259855	0.741306	0.506208	0.222746	0.219495	
0.407539	0.0808761	0.048902	0.542116	0.955198	0.445696	0.799594	0.294661	0.642188	0.715213	0.180982	0.620022	0.0214005	0.813928	0.895777	0.460813	0.742859	0.896535	0.30138	0.0944545	0.589084	0.807902	0.697284	0.267022	0.00734832	0.643916	0.447071	0.536953	0.526058	0.772578	0.73648	0.232489	0.604297	0.877769	0.0507009	0.492994	0.513947	0.00683198	0.324978	0.926461	
0.524789	0.160634	0.72266	0.737744	0.753676	0.171475	0.475879	0.13106	0.417479	0.719758	0.257323	0.109621	0.300472	0.563592	0.87834	0.709389	0.143703	0.911108	0.0210049	0.523605	0.0708238	0.692336	0.869511	0.867315	0.639871	0.301518	0.599843	0.192364	0.596672	0.439783	0.218452	0.0147348	0.618083	0.452126	0.401951	0.651516	0.977599	0.530605	0.0183819	0.718253	
0.764398	0.500759	0.154886	0.602853	0.54263	0.820131	0.386694	0.451492	0.688908	0.84868	0.118173	0.356511	0.768868	0.105471	0.789903	0.52058	0.0912676	0.539393	0.307946	0.904795	0.396425	0.627632	0.709971	0.990286	0.503127	0.919364	0.989369	0.766313	0.0197974	0.344736	0.103328	0.457846	0.60761	0.619502	0.743006	0.894378	0.214147	0.606501	0.679788	0.781082	
0.913131	0.15395	0.573242	0.220672	0.663973	0.836868	0.820587	0.656424	0.339246	0.404424	0.601681	0.612677	0.0562077	0.179569	0.31476	0.880508	0.580789	0.879615	0.479222	0.449017	0.899051	0.461645	0.209523	0.0905507	0.131774	0.256766	0.836324	0.887776	0.842267	0.3347	0.68043	0.415528	0.317024	0.787861	0.757878	0.913078	0.603433	0.165159	0.843957	0.217537	
0.28225	0.502927	0.158265	0.96533	0.358571	0.506021	0.97716	0.627083	0.800511	0.605247	0.0673431	0.28519	0.446234	0.695464	0.665964	0.539952	0.460718	0.852908	0.690648	0.798271	0.203511	0.0848885	0.644302	0.273054	0.929903	0.461711	0.838048	0.624482	0.63239	0.964754	0.328714	0.310896	0.416961	0.123793	0.875995	0.748856	0.632725	0.911368	0.983829	0.197166	
0.856589	0.840609	0.595348	0.526296	0.376292	0.890519	0.51031	0.0990806	0.113393	0.895652	0.831485	0.927644	0.648132	0.429178	0.339678	0.900143	0.362761	0.311892	0.461966	0.713182	0.346381	0.357148	0.123442	0.878054	0.795657	0.185316	0.536129	0.86403	0.138835	0.114931	0.932158	0.996972	0.762687	0.841888	0.643405	0.526358	0.479723	0.997175	0.838643	0.885052	
0.325835	0.544653	0.0568406	0.0231515	0.801412	0.152115	0.458879	0.556668	0.501095	0.222438	0.524684	0.888201	0.42797	0.0782582	0.000231857	0.339992	0.941969	0.204659	0.931729	0.452847	0.402759	0.764411	0.69315	0.15691	0.243797	0.879702	0.0139615	0.343791	0.725845	0.938838	0.637846	0.15724	0.21475	0.458181	0.485953	0.485162	0.521198	0.360848	0.383082	0.00931114	
0.585696	0.685663	0.134576	0.563048	0.639205	0.928183	0.489362	0.502363	0.916158	0.703205	0.0767474	0.576028	0.25343	0.0821517	0.38259	0.913283	0.842518	0.347682	0.0735935	0.187004	0.840915	0.423885	0.830488	0.771036	0.217257	0.301117	0.999327	0.798965	0.902951	0.279496	0.0935444	0.00771493	0.132546	0.849264	0.622553	0.445309	0.204539	0.227659	0.471514	0.344197	
0.118106	0.782135	0.708278	0.181464	0.784616	0.458413	0.982027	0.0549125	0.527062	0.645452	0.24701	0.927667	0.0783395	0.949912	0.615425	0.612099	0.166263	0.953949	0.977689	0.0274263	0.308065	0.618548	0.690627	0.197352	0.235418	0.87674	0.495005	0.341974	0.608919	0.21108	0.915883	0.767121	0.696513	0.850504	0.521796	0.0111537	0.161641	0.752577	0.907555	0.420026	
0.461647	0.543341	0.599329	0.820745	0.375845	0.55789	0.603945	0.391734	0.722997	0.440718	0.773224	0.0777573	0.836233	0.647488	0.467227	0.926841	0.0578065	0.282339	0.522385	0.808771	0.00133165	0.420146	0.33539	0.0238136	0.53428	0.502461	0.463528	0.533587	0.832037	0.561046	0.232084	0.429511	0.736927	0.645816	0.455818	0.515978	0.509422	0.385242	0.225811	0.419232	
0.26354	0.551406	0.983364	0.939987	0.907464	0.546392	0.873674	0.983177	0.748747	0.0666211	0.693536	0.691692	0.97259	0.554668	0.595759	0.0876302	0.825022	0.614395	0.307416	0.865977	0.0457997	0.838924	0.311854	0.537349	0.614734	0.63975	0.570211	0.43928	0.0738695	0.315748	0.641783	0.649047	0.579406	0.929898	0.787585	0.677689	0.896901	0.270536	0.242108	0.995641	
0.435256	0.241964	0.430901	0.937299	0.955677	0.881788	0.953959	0.300001	0.793832	0.153609	0.341536	0.299048	0.634698	0.459335	0.193406	0.744269	0.31395	0.598857	0.149489	0.123731	0.813674	0.982597	0.856843	0.668144	0.288004	0.868679	0.340553	0.0797388	0.585851	0.282631	0.914904	0.691972	0.192045	0.963649	0.616314	0.119787	0.562485	0.820784	0.251963	0.56994	
0.446976	0.280102	0.487702	0.398161	0.596876	0.533012	0.250312	0.250663	0.916784	0.205377	0.953641	0.272737	0.611656	0.331013	0.651411	0.390658	0.241121	0.931766	0.756027	0.562238	0.87665	0.410692	0.521124	0.299805	0.0203543	0.0722242	0.389487	0.795364	0.435561	0.504992	0.962589	0.712722	0.236848	0.893083	0.61153	0.00476807	0.376003	0.548987	0.820055	0.613088	
0.338872	0.729322	0.530375	0.581385	0.335094	0.0534706	0.348616	0.449613	0.863388	0.619418	0.271245	0.999558	0.0948855	0.495732	0.128807	0.887551	0.264035	0.312395	0.637573	0.904714	0.866591	0.785262	0.553506	0.87847	0.723788	0.444432	0.283547	0.811887	0.836134	0.449167	0.495085	0.749871	0.0353428	0.169363	0.14606	0.923202	0.456482	0.612353	0.455545	0.9831	
0.569893	0.605114	0.145562	0.898349	0.210779	0.985107	0.69934	0.0794531	0.471719	0.511383	0.597019	0.590656	0.468079	0.0496882	0.0147327	0.789848	0.524687	0.537097	0.709412	0.962027	0.733124	0.564538	0.929552	0.967129	0.584131	0.639189	0.460123	0.499077	0.877439	0.358204	0.127258	0.248634	0.298565	0.0073096	0.983971	0.518455	0.339077	0.931263	0.732481	0.104433	
0.229398	0.0525182	0.0064269	0.628923	0.858498	0.790256	0.460606	0.362071	0.751995	0.274722	0.269692	0.891254	0.19632	0.4953	0.806639	0.358254	0.300874	0.833668	0.998293	0.289824	0.998232	0.975971	0.718384	0.624682	0.827931	0.619159	0.275979	0.768073	0.319898	0.632567	0.954148	0.599855	0.758312	0.0122698	0.587076	0.778211	0.417368	0.738459	0.548589	0.263517	
0.537288	0.459831	0.499023	0.116379	0.403193	0.756277	0.189563	0.529531	0.924893	0.0633914	0.634191	0.853932	0.652089	0.608183	0.35007	0.197934	0.768305	0.465884	0.465617	0.486435	0.314236	0.103507	0.125391	0.580943	0.231037	0.639537	0.807925	0.52774	0.234492	0.725497	0.78388	0.889583	0.244945	0.957776	0.965284	0.564651	0.396875	0.0514429	0.152998	0.602404	
0.449915	0.524079	0.0663335	0.592184	0.27843	0.411902	0.964122	0.247604	0.852589	0.267165	0.45906	0.757545	0.420266	0.999623	0.511811	0.138665	0.664267	0.390389	0.34638	0.456387	0.936708	0.128755	0.7003	0.675158	0.373705	0.488775	0.972964	0.132481	0.837694	0.386094	0.819714	0.534425	0.188165	0.618744	0.873016	0.255613	0.373082	0.658082	0.958386	0.0256224	
0.624559	0.620402	0.619682	0.087727	0.762858	0.6842	0.0782723	0.624414	0.681024	0.814832	0.618013	0.63455	0.0652453	0.319165	0.91228	0.724255	0.639192	0.714832	0.386436	0.284581	0.389741	0.587506	0.0323734	0.023828	0.302155	0.861292	0.237539	0.944197	0.906536	0.552047	0.0379454	0.638812	0.419493	0.336918	0.0764746	0.908784	0.825537	0.896808	0.778898	0.590624	
