25	30
110.061	0.0239972
104.135	0.845977
99.9189	0.879538
112.524	0.847921
107.167	0.321788
103.859	0.700537
99.9081	0.298647
115.822	0.272139
111.115	0.711478
99.9961	0.0646156
114.477	0.865247
103.477	0.59102
112.12	0.719064
114.236	0.534306
102.505	0.352038
97.9439	0.924494
104.52	0.340586
106.832	0.0887663
116.906	0.566111
102.016	0.142829
100.138	0.532556
97.9318	0.0730604
109.216	0.122374
102.702	0.0703292
106.155	0.698727
41.1331
5.37159
9.7261
6.11346
22.0802
45.1398
24.649
4.78767
23.2506
26.3356
17.0761
43.9789
17.4718
25.9052
43.0128
27.716
11.5544
32.6319
40.4887
15.3738
49.3935
11.3437
25.1797
35.1479
25.9288
22.8218
11.7166
35.3164
44.6341
12.8682
0.70791	0.71692	0.907593	0.737325	0.264867	0.811871	0.633713	0.298421	0.23145	0.603544	0.792579	0.554213	0.244045	0.312756	0.681606	0.119374	0.290648	0.426463	0.104087	0.457974	0.222816	0.60466	0.816588	0.524455	0.401433	0.572146	0.482807	0.397447	0.730339	0.167906	
0.677114	0.773783	0.0228749	0.947184	0.621661	0.516444	0.648141	0.301487	0.690667	0.608081	0.517552	0.204003	0.202819	0.704662	0.171391	0.786253	0.472985	0.392804	0.76232	0.540523	0.345087	0.605682	0.273962	0.766893	0.895633	0.740482	0.63519	0.840704	0.791525	0.408206	
0.402076	0.33962	0.26359	0.138958	0.41426	0.496314	0.391394	0.852978	0.714753	0.947601	0.140214	0.129064	0.127261	0.207975	0.589268	0.436041	0.998639	0.497245	0.365379	0.492095	0.0922212	0.17989	0.246222	0.556442	0.0436176	0.653788	0.282652	0.412395	0.102624	0.661804	
0.912035	0.637576	0.423727	0.423459	0.101408	0.940654	0.58214	0.0264713	0.897529	0.280679	0.941238	0.299152	0.110657	0.882963	0.507523	0.780061	0.934671	0.338658	0.425936	0.462352	0.839525	0.596116	0.759623	0.190861	0.800421	0.155582	0.743641	0.256922	0.542551	0.53981	
0.713438	0.957102	0.373523	0.123073	0.548457	0.951447	0.37692	0.129994	0.334416	0.767145	0.752029	0.00858155	0.374803	0.020469	0.44829	0.448906	0.912188	0.131266	0.826427	0.0261907	0.351651	0.836351	0.270273	0.495241	0.196022	0.128116	0.6551	0.0406728	0.919126	0.816109	
0.945496	0.524625	0.421256	0.950199	0.652415	0.939328	0.741667	0.404713	0.563439	0.371107	0.178113	0.150667	0.677496	0.761176	0.580832	0.93899	0.110781	0.0278949	0.631607	0.0984652	0.495028	0.719854	0.634868	0.796397	0.679132	0.442968	0.209879	0.758889	0.00528497	0.133318	
0.424791	0.818155	0.670441	0.41009	0.989193	0.276268	0.788064	0.0213436	0.133826	0.38724	0.880389	0.809662	0.798533	0.216505	0.897137	0.646148	0.311068	0.420285	0.108047	0.410429	0.874643	0.968735	0.759014	0.0517492	0.166264	0.589514	0.951463	0.390819	0.506865	0.238275	
0.220546	0.284053	0.467929	0.521403	0.194859	0.884909	0.538347	0.883706	0.586731	0.68752	0.636265	0.436252	0.244084	0.729204	0.868443	0.33798	0.257125	0.0964797	0.593801	0.374918	0.0875924	0.371932	0.898839	0.412911	0.472535	0.21051	0.928167	0.0813365	0.671877	0.687978	
0.876568	0.204275	0.988765	0.364624	0.72262	0.969777	0.172445	0.0767659	0.824522	0.125076	0.993735	0.590151	0.434395	0.42616	0.0251149	0.729992	0.42616	0.124016	0.31345	0.658827	0.0964206	0.24872	0.602017	0.344146	0.475977	0.3577	0.495825	0.896695	0.697642	0.525173	
0.081097	0.612385	0.969804	0.547746	0.256345	0.243168	0.323781	0.29999	0.287982	0.483165	0.662706	0.660766	0.945034	0.258501	0.0878057	0.391197	0.494142	0.613471	0.648907	0.733254	0.0192939	0.719884	0.373815	0.708226	0.340251	0.459033	0.710388	0.0645393	0.915437	0.166795	
0.0352751	0.545771	0.556877	0.921123	0.713647	0.373863	0.880403	0.123929	0.0766167	0.678539	0.241438	0.497352	0.996924	0.986892	0.694047	0.884802	0.82722	0.727778	0.761694	0.199523	0.0715525	0.315448	0.799069	0.458558	0.0644048	0.512717	0.126968	0.203828	0.201708	0.079887	
0.565973	0.00476618	0.386292	0.419638	0.0913575	0.610856	0.51204	0.197159	0.339153	0.404418	0.686105	0.2578	0.642808	0.105519	0.179879	0.261265	0.814616	0.569812	0.154965	0.116843	0.779028	0.0767237	0.0890687	0.51858	0.769498	0.932214	0.665156	0.751846	0.500714	0.942577	
0.786406	0.262002	0.637342	0.798276	0.34655	0.28817	0.460893	0.263895	0.16731	0.312373	0.363743	0.606569	0.443731	0.633681	0.00577428	0.530718	0.965245	0.544275	0.483024	0.634364	0.395291	0.174498	0.345226	0.297876	0.475931	0.769299	0.783578	0.0843991	0.0278551	0.0920745	
0.330153	0.0702807	0.250694	0.488419	0.901818	0.199519	0.0766858	0.00137238	0.809193	0.18765	0.278924	0.146126	0.465562	0.798992	0.0959285	0.637453	0.72205	0.162839	0.61362	0.335842	0.164493	0.350568	0.549953	0.68755	0.404561	0.297349	0.423763	0.789124	0.448954	0.393214	
0.315662	0.226312	0.728451	0.277861	0.99466	0.935121	0.485168	0.359678	0.643253	0.455555	0.642527	0.385126	0.879402	0.178547	0.625726	0.735884	0.549259	0.288373	0.201787	0.837544	0.240926	0.348942	0.453472	0.578779	0.613461	0.400954	0.701747	0.77752	0.0229025	0.92803	
0.297932	0.658183	0.983367	0.366595	0.782675	0.0443128	0.749788	0.175232	0.122377	0.143615	0.21163	0.347832	0.960229	0.993085	0.124751	0.233965	0.587839	0.179242	0.13235	0.238348	0.514518	0.380413	0.0427344	0.297114	0.35834	0.827076	0.82643	0.3298	0.798358	0.779635	
0.627517	0.374676	0.210802	0.135144	0.00372849	0.0228068	0.544854	0.648629	0.950968	0.365438	0.339707	0.202761	0.206354	0.32555	0.494774	0.37653	0.131219	0.810684	0.900286	0.451444	0.138062	0.993048	0.402296	0.716182	0.499818	0.905741	0.673473	0.407867	0.968833	0.0718391	
0.516044	0.189405	0.184007	0.938883	0.856661	0.630996	0.466821	0.408102	0.110362	0.767923	0.0898329	0.946084	0.528232	0.395556	0.0640867	0.180226	0.0158071	0.544881	0.436979	0.809754	0.664653	0.0401459	0.532307	0.0197249	0.0828714	0.20622	0.204708	0.93006	0.35788	0.272042	
0.306303	0.0741622	0.791587	0.796604	0.760771	0.342836	0.0430244	0.317486	0.212786	0.625479	0.41974	0.291043	0.521406	0.607767	0.840172	0.676047	0.250088	0.676567	0.0826141	0.926595	0.419431	0.536582	0.622609	0.393617	0.190222	0.353623	0.848925	0.756171	0.0911843	0.217661	
0.110534	0.951833	0.195985	0.229463	0.80225	0.994801	0.851168	0.500924	0.677622	0.73289	0.61087	0.846794	0.180781	0.764138	0.428347	0.365293	0.382843	0.854316	0.530986	0.074174	0.796487	0.386466	0.793813	0.112889	0.624476	0.810623	0.260786	0.999864	0.0704708	0.492897	
0.505217	0.533285	0.173636	0.770276	0.162367	0.524458	0.67588	0.239358	0.636318	0.755737	0.196917	0.907523	0.948584	0.770255	0.59469	0.130625	0.237538	0.608232	0.599614	0.48586	0.985981	0.0315781	0.674559	0.379872	0.00264949	0.743123	0.978259	0.921847	0.175073	0.276362	
0.988514	0.701175	0.839727	0.39219	0.248205	0.754705	0.0916682	0.638641	0.450276	0.291614	0.70439	0.241831	0.0878325	0.959813	0.270992	0.68355	0.936363	0.525338	0.83293	0.710382	0.33919	0.275533	0.940501	0.0877404	0.0471838	0.468263	0.577235	0.729109	0.96021	0.0552439	
0.227353	0.340317	0.218831	0.815554	0.475234	0.364359	0.93228	0.499482	0.420166	0.3074	0.837688	0.365775	0.992461	0.803044	0.686926	0.447044	0.339876	0.625702	0.217091	0.88213	0.133029	0.424134	0.530623	0.795082	0.445345	0.438056	0.0770048	0.384129	0.457166	0.530785	
0.91455	0.643579	0.851061	0.525506	0.750194	0.804691	0.551261	0.625251	0.791176	0.340321	0.649141	0.621014	0.50217	0.353591	0.0401246	0.419914	0.254255	0.724371	0.43247	0.457363	0.463034	0.570703	0.877081	0.185649	0.530641	0.291	0.261427	0.533333	0.447133	0.314316	
0.399378	0.226048	0.080672	0.678545	0.800459	0.774213	0.583203	0.00175533	0.82342	0.505099	0.17386	0.0358739	0.782095	0.64189	0.771738	0.433196	0.684105	0.50516	0.863154	0.388116	0.906874	0.821695	0.552144	0.551832	0.680716	0.298422	0.148762	0.859398	0.330222	0.752138	
