25	50
125.098	0.585422
107.714	0.807064
109.866	0.664966
115.648	0.185933
111.44	0.743233
121.453	0.27305
118.951	0.720406
100.7	0.0468967
117.419	0.355446
106.558	0.830603
102.691	0.165416
112.533	0.500955
113.15	0.501936
121.091	0.731351
104.747	0.401038
124.285	0.4897
111.018	0.815373
111.185	0.663618
113.17	0.465846
116.967	0.895648
122.555	0.242142
118.214	0.420762
119.157	0.173285
122.687	0.602162
119.145	0.66954
5.15468
26.8063
10.4334
28.2396
29.0883
1.93216
17.0802
21.5777
33.3782
14.7839
44.6464
24.6245
18.2986
26.4485
12.3591
6.00769
26.2085
43.389
21.777
26.814
42.3636
45.8453
33.2589
48.4986
35.2546
37.5423
42.8271
49.5549
43.8519
45.8386
1.91546
27.0462
26.7226
28.43
28.9845
9.92186
19.9038
39.7968
19.6216
5.19692
23.3531
10.8299
29.0222
11.9648
14.7879
3.77838
1.72076
21.2885
7.50335
42.609
0.535903	0.246109	0.000944022	0.381653	0.461958	0.310462	0.331963	0.565294	0.593951	0.713729	0.684209	0.0338524	0.491699	0.239115	0.364338	0.699191	0.363163	0.152962	0.801708	0.907259	0.0043582	0.659325	0.412095	0.549837	0.696276	0.709993	0.00925778	0.469341	0.47022	0.760319	0.283034	0.198199	0.437804	0.112388	0.868104	0.843459	0.213824	0.434492	0.498904	0.328141	0.114949	0.393808	0.669382	0.603007	0.315643	0.751015	0.754175	0.0923432	0.980649	0.272123	
0.127318	0.665561	0.80438	0.760251	0.46428	0.174276	0.728105	0.0298476	0.0637526	0.591009	0.725408	0.233012	0.176866	0.808137	0.292982	0.89563	0.303574	0.734438	0.698712	0.243543	0.323759	0.890662	0.087108	0.863753	0.746037	0.356159	0.640178	0.799517	0.115272	0.311325	0.4802	0.61831	0.732203	0.704205	0.822955	0.147908	0.675966	0.866753	0.852266	0.790872	0.120473	0.247581	0.591459	0.132682	0.17176	0.472549	0.82822	0.930173	0.90482	0.712049	
0.0810353	0.078279	0.968122	0.971963	0.961396	0.476807	0.0296647	0.0624071	0.291007	0.637341	0.318493	0.31818	0.252936	0.58147	0.759744	0.039776	0.542225	0.74521	0.0706981	0.71472	0.998698	0.630628	0.000546068	0.0882922	0.930575	0.915308	0.00593065	0.197604	0.978932	0.26407	0.865184	0.706872	0.170626	0.93284	0.71072	0.475803	0.891613	0.647713	0.256018	0.340638	0.332815	0.230503	0.956916	0.159899	0.169093	0.664654	0.726667	0.731957	0.901265	0.295877	
0.490931	0.128265	0.649031	0.939882	0.787899	0.993672	0.928877	0.0668653	0.932263	0.608226	0.436026	0.836017	0.0101466	0.852753	0.158806	0.112382	0.728692	0.756642	0.106392	0.0711458	0.369594	0.51896	0.507334	0.508896	0.599362	0.959496	0.868937	0.61951	0.136519	0.900612	0.532259	0.671352	0.239624	0.975592	0.639185	0.666954	0.624353	0.992557	0.768663	0.406224	0.834755	0.158384	0.434817	0.00230749	0.924134	0.464353	0.898096	0.71667	0.582407	0.671243	
0.245841	0.251368	0.795262	0.494536	0.641907	0.458646	0.0812671	0.722121	0.987208	0.512962	0.543517	0.184772	0.298322	0.929039	0.131301	0.41286	0.22952	0.172213	0.393787	0.603371	0.983476	0.176591	0.295152	0.979626	0.29321	0.27881	0.936929	0.225713	0.855799	0.503451	0.979437	0.185535	0.454092	0.234104	0.639421	0.0800925	0.353971	0.380951	0.523379	0.419706	0.20466	0.309884	0.947394	0.2312	0.350412	0.137471	0.54571	0.159496	0.978849	0.855378	
0.719242	0.887596	0.500303	0.235013	0.714762	0.132532	0.347788	0.387612	0.33781	0.734609	0.876102	0.849298	0.355459	0.406135	0.819494	0.0762659	0.331909	0.364083	0.169229	0.937019	0.0778538	0.689238	0.931301	0.77514	0.742233	0.676104	0.431844	0.307483	0.466329	0.497352	0.395957	0.650873	0.089723	0.433819	0.027708	0.974202	0.769503	0.115869	0.497782	0.212543	0.133043	0.279256	0.426323	0.958363	0.0798766	0.872568	0.202415	0.184894	0.769335	0.830101	
0.700308	0.200208	0.034186	0.328059	0.0025947	0.881647	0.017196	0.0652085	0.825449	0.498176	0.0509545	0.677679	0.646565	0.679474	0.838053	0.249097	0.475755	0.144808	0.19123	0.903567	0.951928	0.450125	0.930505	0.848392	0.431129	0.485775	0.441896	0.4071	0.648941	0.180471	0.0836322	0.366825	0.998891	0.404969	0.765574	0.47455	0.0989276	0.392757	0.951233	0.146688	0.921979	0.400378	0.667427	0.229053	0.82255	0.0741382	0.37515	0.912429	0.835365	0.522244	
0.0308673	0.732599	0.0424866	0.933245	0.485304	0.637736	0.102748	0.0704749	0.438228	0.219299	0.0724149	0.129755	0.642476	0.230123	0.324168	0.584672	0.269167	0.98978	0.0500617	0.574975	0.514186	0.475287	0.96179	0.0914682	0.948567	0.202545	0.873477	0.596249	0.941226	0.85452	0.882602	0.95016	0.245273	0.125604	0.82201	0.27176	0.851733	0.711874	0.958461	0.153492	0.516061	0.144878	0.0997769	0.422656	0.611053	0.774459	0.603592	0.426848	0.239306	0.641778	
0.796223	0.86109	0.156035	0.71467	0.678511	0.181131	0.902583	0.869108	0.761097	0.169811	0.29279	0.519265	0.40018	0.630692	0.874577	0.551838	0.50842	0.177327	0.857211	0.766921	0.139169	0.00548187	0.424003	0.851129	0.304056	0.144008	0.771951	0.547696	0.320924	0.464964	0.534561	0.669868	0.356524	0.675696	0.9238	0.430064	0.645831	0.774386	0.289903	0.119842	0.208594	0.21396	0.892154	0.277979	0.581675	0.397912	0.0584811	0.247686	0.651857	0.394406	
0.976736	0.600178	0.46548	0.381526	0.102761	0.747432	0.131151	0.198366	0.463796	0.514486	0.22087	0.421179	0.869777	0.749096	0.528412	0.0636228	0.324264	0.106914	0.203178	0.930388	0.842043	0.118615	0.201912	0.0203231	0.250319	0.587743	0.0632018	0.11884	0.752119	0.593838	0.103011	0.876523	0.865869	0.769204	0.808693	0.360886	0.59966	0.357158	0.097871	0.668308	0.739396	0.898634	0.324519	0.8148	0.842825	0.417594	0.273852	0.683089	0.582253	0.546797	
0.214481	0.687662	0.553902	0.599869	0.83323	0.0408273	0.136699	0.572938	0.947072	0.566759	0.943975	0.908005	0.0940707	0.824957	0.4092	0.87527	0.437198	0.610183	0.931153	0.854513	0.63413	0.0803832	0.978711	0.80213	0.275258	0.0673911	0.332522	0.573753	0.956772	0.605708	0.0805092	0.647625	0.648197	0.638812	0.571604	0.592055	0.062306	0.90994	0.756081	0.970473	0.421507	0.272305	0.558491	0.417963	0.671729	0.375149	0.0102789	0.156941	0.29822	0.563805	
0.918257	0.884968	0.908273	0.239172	0.977578	0.820169	0.642547	0.924306	0.704369	0.102074	0.105903	0.331678	0.447506	0.374097	0.637523	0.750105	0.255711	0.276367	0.859738	0.833814	0.84882	0.54913	0.753051	0.371865	0.989846	0.986772	0.43654	0.29298	0.951216	0.273194	0.505786	0.876411	0.928509	0.975319	0.0479669	0.759757	0.949287	0.404587	0.757831	0.827878	0.866527	0.245375	0.466931	0.378444	0.987266	0.746799	0.208232	0.283592	0.827797	0.357903	
0.972033	0.378377	0.874566	0.548665	0.10262	0.82266	0.512872	0.704956	0.25027	0.100214	0.567317	0.0232599	0.0239288	0.977296	0.499491	0.333283	0.219209	0.820536	0.712781	0.60144	0.846898	0.537993	0.891829	0.217063	0.928606	0.562919	0.397841	0.956525	0.300596	0.491785	0.424456	0.149628	0.132186	0.071226	0.447815	0.272572	0.439764	0.42033	0.279189	0.416574	0.0270288	0.00922476	0.86111	0.439515	0.47118	0.615871	0.984493	0.0785186	0.94319	0.760703	
0.594538	0.38024	0.84575	0.609115	0.391875	0.746259	0.230809	0.347961	0.348418	0.466999	0.441264	0.928299	0.0635174	0.708438	0.614694	0.825471	0.432137	0.0034815	0.939037	0.825361	0.984649	0.482542	0.0932421	0.464302	0.153471	0.258882	0.461367	0.996428	0.78886	0.915094	0.0414428	0.175439	0.784618	0.00503598	0.00875755	0.80463	0.34108	0.208004	0.316843	0.487966	0.140766	0.327951	0.241927	0.811492	0.00132951	0.800151	0.521398	0.559982	0.435826	0.00548724	
0.202502	0.604004	0.517834	0.0386145	0.685148	0.432742	0.60448	0.271678	0.0302542	0.000610234	0.543452	0.14643	0.718258	0.109946	0.887334	0.813924	0.977734	0.810835	0.736	0.950613	0.904954	0.810103	0.963058	0.301381	0.0975089	0.863353	0.0199084	0.0305273	0.747626	0.601265	0.487238	0.191917	0.569789	0.261704	0.910085	0.268992	0.163591	0.620483	0.373861	0.063588	0.470979	0.0780069	0.884991	0.228475	0.192721	0.835799	0.675835	0.831678	0.295185	0.639903	
0.723799	0.898147	0.898681	0.765228	0.117881	0.600754	0.263796	0.640141	0.810273	0.812513	0.896924	0.319115	0.663298	0.939174	0.0243512	0.502793	0.0658767	0.517128	0.903383	0.796539	0.611507	0.156793	0.00199923	0.70783	0.768559	0.744299	0.578625	0.823405	0.237002	0.172357	0.9277	0.520239	0.569153	0.328671	0.507471	0.485874	0.775733	0.545119	0.631437	0.283888	0.314919	0.294478	0.524586	0.911148	0.645289	0.852507	0.528255	0.754342	0.770435	0.0693459	
0.544285	0.225446	0.739881	0.0707255	0.948776	0.150746	0.99557	0.155799	0.455778	0.180583	0.77168	0.269021	0.136368	0.582244	0.894633	0.806186	0.818867	0.232664	0.126767	0.535809	0.478058	0.531986	0.171362	0.145941	0.545234	0.677528	0.0696863	0.54407	0.520609	0.632683	0.615462	0.979753	0.970425	0.834712	0.65191	0.613444	0.242033	0.725552	0.79615	0.445122	0.774205	0.90259	0.601641	0.387646	0.306824	0.0300319	0.753667	0.721748	0.929606	0.499705	
0.196451	0.452236	0.531787	0.0423012	0.913471	0.603676	0.0393188	0.656638	0.129554	0.730539	0.865223	0.740029	0.769901	0.914335	0.902941	0.303694	0.616541	0.155455	0.321928	0.309343	0.308788	0.812156	0.0643468	0.00689034	0.921778	0.805784	0.712102	0.684319	0.525015	0.0312241	0.193966	0.875956	0.654852	0.0672875	0.865672	0.327296	0.112984	0.192738	0.744264	0.0690596	0.311125	0.0155754	0.945886	0.476597	0.226678	0.360938	0.72594	0.267452	0.56849	0.233349	
0.32028	0.504381	0.153246	0.817552	0.849648	0.575236	0.407011	0.573763	0.717341	0.488641	0.126575	0.0918356	0.113827	0.761881	0.0819753	0.898637	0.697849	0.845154	0.824479	0.320327	0.434163	0.972661	0.116632	0.738683	0.992729	0.282078	0.159049	0.606614	0.488702	0.467733	0.607424	0.138544	0.116602	0.149129	0.642916	0.469528	0.95937	0.968495	0.857402	0.367587	0.12511	0.728257	0.901453	0.691002	0.327902	0.652405	0.919659	0.345775	0.914433	0.262953	
0.397582	0.77725	0.000115197	0.278253	0.172499	0.854315	0.217803	0.302679	0.0576464	0.485506	0.535077	0.37229	0.301742	0.000551306	0.852169	0.828564	0.501723	0.0676179	0.739008	0.923564	0.320152	0.993203	0.86876	0.140401	0.321629	0.251583	0.0623627	0.0109426	0.349155	0.41989	0.630993	0.458176	0.869061	0.624949	0.327126	0.1975	0.34489	0.981617	0.40079	0.428871	0.957481	0.575965	0.507594	0.411174	0.329836	0.55778	0.311647	0.167303	0.938183	0.966998	
0.0827787	0.0891175	0.222275	0.184703	0.461856	0.846185	0.108947	0.27397	0.206597	0.341146	0.422441	0.0774577	0.180051	0.0347091	0.689519	0.171736	0.0289755	0.422019	0.531494	0.488145	0.675236	0.627071	0.69613	0.235901	0.849306	0.712559	0.0454879	0.831021	0.257194	0.0994726	0.885651	0.756473	0.246853	0.500983	0.750002	0.951537	0.44411	0.560795	0.808772	0.775983	0.658716	0.543272	0.38555	0.936163	0.906402	0.602419	0.33571	0.445101	0.827139	0.157479	
0.128769	0.802051	0.531118	0.00632062	0.056055	0.822975	0.1121	0.729449	0.236557	0.774511	0.463495	0.496464	0.671021	0.3726	0.482623	0.548537	0.124617	0.451554	0.278546	0.332488	0.310017	0.646986	0.241136	0.975377	0.430901	0.979516	0.826782	0.642284	0.577087	0.773021	0.869714	0.316653	0.0218931	0.832914	0.805243	0.70277	0.598512	0.59906	0.0859503	0.402214	0.010331	0.133231	0.726756	0.199761	0.654376	0.264547	0.387753	0.991748	0.805846	0.791631	
0.738039	0.7254	0.491311	0.984215	0.68111	0.178653	0.406436	0.336034	0.220719	0.755528	0.278759	0.722942	0.445231	0.90907	0.20088	0.34871	0.784075	0.869294	0.506523	0.498465	0.966061	0.70739	0.473676	0.730005	0.015675	0.141697	0.385473	0.191301	0.0779936	0.848951	0.645738	0.724375	0.14018	0.0653436	0.351806	0.706064	0.113195	0.379366	0.460314	0.407102	0.0394549	0.306108	0.779813	0.33928	0.0945642	0.553199	0.152035	0.190202	0.83731	0.875698	
0.13687	0.310364	0.835671	0.0293299	0.914863	0.256692	0.641223	0.971799	0.764511	0.521996	0.973852	0.0886431	0.794096	0.442547	0.380521	0.449452	0.667522	0.868406	0.380518	0.249794	0.136616	0.350208	0.676034	0.230771	0.876587	0.100114	0.28151	0.717643	0.0124978	0.749055	0.663876	0.00699753	0.193407	0.703816	0.492437	0.55704	0.707487	0.614285	0.454857	0.652391	0.39962	0.348365	0.325123	0.513064	0.971987	0.877207	0.454989	0.858341	0.540491	0.146026	
0.180309	0.126983	0.619975	0.685911	0.177763	0.902029	0.0515077	0.349389	0.954802	0.217127	0.821543	0.443654	0.715465	0.624588	0.256937	0.764839	0.199885	0.630428	0.960098	0.532022	0.331416	0.711893	0.614877	0.021173	0.314755	0.432054	0.743141	0.0939353	0.921462	0.491304	0.186893	0.345937	0.0923005	0.621662	0.497321	0.0641404	0.287526	0.672723	0.588359	0.429822	0.291997	0.869235	0.0162251	0.866106	0.123707	0.583607	0.714644	0.223858	0.108811	0.370034	
