30	40
136.047	0.450436
135.369	0.148881
147.423	0.0829277
146.542	0.921661
123.437	0.891357
139.931	0.171204
128.694	0.979902
133.786	0.358329
125.993	0.995229
147.33	0.981684
142.343	0.288044
141.092	0.91337
124.638	0.376747
145.73	0.315241
143.73	0.858295
128.016	0.798809
136.658	0.247488
123.586	0.905417
137.019	0.816263
145.712	0.38896
124.812	0.345051
126.151	0.7673
122.024	0.278647
120.276	0.0120366
145.83	0.426874
119.992	0.622993
128.269	0.855407
125.257	0.632232
123.789	0.201651
145.533	0.532859
48.3715
17.9519
45.8093
3.6274
41.6966
46.716
30.6828
25.6087
19.3289
46.3805
33.8176
30.8957
39.9556
24.6747
25.7724
48.7004
36.6046
8.45404
31.3585
5.04879
42.0302
17.8727
20.1861
27.4282
43.3537
42.4565
11.9096
15.5574
46.3748
23.9173
46.5598
26.9738
18.206
6.34433
35.8146
13.4132
20.7086
9.99257
13.9382
28.161
0.693272	0.656433	0.728275	0.720753	0.363858	0.939104	0.505882	0.148105	0.135895	0.664783	0.1695	0.664821	0.234176	0.534168	0.14424	0.889121	0.0748445	0.250807	0.287491	0.319096	0.247254	0.444093	0.237772	0.116665	0.661434	0.304127	0.543116	0.713738	0.0529904	0.977477	0.526352	0.249665	0.708671	0.705303	0.472718	0.736879	0.736556	0.0534654	0.33209	0.562409	
0.533948	0.411663	0.0719749	0.962943	0.0156613	0.430761	0.444737	0.995396	0.486245	0.654166	0.582155	0.708265	0.733863	0.365772	0.137956	0.716352	0.763686	0.778821	0.530169	0.34508	0.552091	0.0908501	0.258795	0.343899	0.427609	0.656176	0.0674958	0.695036	0.0859905	0.201336	0.168469	0.797639	0.593674	0.762036	0.958404	0.328215	0.255667	0.0220918	0.19993	0.345327	
0.188096	0.906721	0.758813	0.791379	0.286212	0.23346	0.250292	0.087479	0.739845	0.0937177	0.550415	0.387897	0.11544	0.114706	0.586433	0.400022	0.990678	0.720667	0.402508	0.0783426	0.164772	0.901999	0.532266	0.777145	0.87607	0.261577	0.0639998	0.116535	0.0406836	0.9467	0.198375	0.308768	0.683464	0.479159	0.759194	0.944144	0.874718	0.386356	0.726571	0.342159	
0.756182	0.150811	0.0546656	0.17274	0.413042	0.497436	0.216061	0.433296	0.00126246	0.104842	0.961546	0.405559	0.665054	0.0612803	0.473495	0.809211	0.9459	0.0430264	0.0144119	0.394661	0.578322	0.784579	0.233714	0.621198	0.123965	0.972283	0.125489	0.583446	0.175685	0.344864	0.0795359	0.0170607	0.532909	0.214583	0.403858	0.718622	0.211814	0.0546402	0.905162	0.295717	
0.213474	0.544382	0.700653	0.7554	0.48894	0.717176	0.348787	0.0347302	0.472427	0.853754	0.784099	0.824981	0.601371	0.890982	0.564421	0.51348	0.193954	0.784213	0.329459	0.0212568	0.27197	0.555221	0.279927	0.584841	0.752887	0.325873	0.084759	0.700881	0.421213	0.671253	0.0242625	0.336679	0.418456	0.95296	0.170552	0.827689	0.133028	0.597014	0.547983	0.571194	
0.997396	0.997051	0.231261	0.573009	0.488313	0.0923796	0.952799	0.0175768	0.492124	0.692093	0.284296	0.444783	0.16564	0.303685	0.397492	0.438502	0.577555	0.0763245	0.00880481	0.835515	0.4575	0.917387	0.692539	0.545999	0.212045	0.673691	0.0560471	0.282746	0.563077	0.0850776	0.362134	0.652083	0.481895	0.508716	0.911165	0.768995	0.0451438	0.337244	0.54767	0.421829	
0.783674	0.187796	0.840066	0.260262	0.841324	0.895161	0.246228	0.587484	0.693027	0.643604	0.653077	0.847522	0.661228	0.235001	0.845492	0.199972	0.815651	0.943507	0.339873	0.269803	0.494784	0.493353	0.130145	0.91748	0.195628	0.976668	0.279157	0.894417	0.0649571	0.4065	0.583103	0.494839	0.411995	0.969001	0.0750902	0.654549	0.0863813	0.71075	0.408777	0.658753	
0.444655	0.106881	0.958827	0.788794	0.430363	0.815832	0.0154579	0.146778	0.0589044	0.13006	0.96532	0.521629	0.879993	0.108935	0.0554985	0.434793	0.700652	0.259502	0.324323	0.838745	0.662326	0.681488	0.822636	0.0850494	0.438567	0.745637	0.0823787	0.993661	0.186953	0.667398	0.937846	0.221769	0.393696	0.280559	0.276649	0.0127122	0.654977	0.791357	0.531945	0.167881	
0.497072	0.318002	0.97878	0.902644	0.375966	0.915187	0.643692	0.209551	0.696702	0.288188	0.0770261	0.165575	0.80291	0.458102	0.822799	0.331222	0.346191	0.0975862	0.182258	0.348525	0.847254	0.127567	0.673332	0.593276	0.637335	0.755856	0.00431987	0.759644	0.0299448	0.336181	0.536048	0.411071	0.246252	0.918755	0.820948	0.0962581	0.039077	0.895558	0.360546	0.492591	
0.101293	0.228276	0.330325	0.815695	0.483785	0.988444	0.688955	0.887692	0.683283	0.889721	0.298024	0.516183	0.999331	0.605412	0.857687	0.541393	0.110508	0.72677	0.81077	0.678998	0.451206	0.943047	0.839345	0.771778	0.22555	0.464462	0.452244	0.72384	0.425788	0.897224	0.371046	0.860551	0.562318	0.802037	0.304972	0.254669	0.493403	0.242555	0.402867	0.570183	
0.272031	0.331288	0.602211	0.124348	0.088538	0.686932	0.591179	0.829607	0.796824	0.116407	0.0305517	0.264887	0.64739	0.507237	0.561967	0.264414	0.396797	0.154796	0.158949	0.33455	0.6682	0.875107	0.55783	0.278213	0.567147	0.350075	0.667104	0.731843	0.351945	0.169148	0.666574	0.653212	0.260146	0.211062	0.931916	0.947064	0.801921	0.662339	0.47921	0.499621	
0.54743	0.881917	0.677325	0.363744	0.924857	0.117123	0.71462	0.0052115	0.295696	0.25308	0.404695	0.00293361	0.419715	0.350541	0.0986079	0.709497	0.378376	0.672261	0.333995	0.135533	0.598306	0.0173648	0.630782	0.502481	0.638291	0.700958	0.53742	0.572583	0.465767	0.772028	0.783123	0.255757	0.489284	0.639291	0.625627	0.982847	0.437792	0.156963	0.898481	0.395136	
0.757654	0.435877	0.187385	0.424899	0.123873	0.967775	0.441856	0.508469	0.672512	0.7575	0.54375	0.846344	0.701182	0.0942414	0.503857	0.148705	0.584833	0.206498	0.555023	0.784498	0.67395	0.405668	0.288058	0.542822	0.328127	0.776495	0.932821	0.263652	0.63097	0.604456	0.691736	0.0452383	0.336843	0.113766	0.143278	0.913543	0.567415	0.436497	0.605792	0.816034	
0.605432	0.489513	0.506704	0.846521	0.725494	0.482132	0.682286	0.0129021	0.54906	0.748705	0.196319	0.612254	0.253804	0.135726	0.185373	0.349783	0.728892	0.77844	0.266288	0.29695	0.807731	0.267704	0.392167	0.246767	0.520628	0.822523	0.610186	0.944721	0.389421	0.991543	0.342394	0.439404	0.704436	0.0790109	0.116415	0.964963	0.213603	0.830012	0.867975	0.649711	
0.00603902	0.0444381	0.0989542	0.840773	0.861092	0.650751	0.883176	0.171795	0.0779074	0.482878	0.570984	0.666368	0.137704	0.774582	0.659102	0.207177	0.332171	0.588855	0.605364	0.473288	0.074434	0.614621	0.89912	0.310279	0.978311	0.543554	0.431123	0.553928	0.25667	0.317189	0.58827	0.965645	0.673309	0.830766	0.0423709	0.702022	0.449201	0.63153	0.67446	0.40724	
0.442058	0.103291	0.545155	0.540488	0.759205	0.0790208	0.256262	0.300839	0.777381	0.115289	0.558209	0.963466	0.885627	0.315185	0.744946	0.686101	0.409019	0.47418	0.422064	0.930136	0.325159	0.245338	0.820274	0.286991	0.905518	0.723697	0.269125	0.0546149	0.0301982	0.501787	0.749633	0.826921	0.782402	0.899473	0.205504	0.685723	0.920649	0.608797	0.598868	0.927416	
0.772373	0.940921	0.699208	0.901089	0.106467	0.436704	0.797754	0.726434	0.677211	0.542188	0.155485	0.609596	0.271819	0.244298	0.254367	0.645419	0.889755	0.445067	0.203179	0.894744	0.126501	0.113698	0.633066	0.273758	0.13971	0.0702813	0.403074	0.558186	0.796387	0.72166	0.501433	0.891126	0.918132	0.475818	0.17311	0.134272	0.659559	0.0918923	0.415625	0.806529	
0.59047	0.611655	0.339564	0.421069	0.400467	0.682454	0.543192	0.972982	0.143156	0.953913	0.199669	0.937475	0.747955	0.736976	0.00336764	0.0184315	0.579124	0.649829	0.686719	0.191203	0.826758	0.988825	0.765254	0.942454	0.19888	0.420713	0.595491	0.670098	0.106088	0.761827	0.180907	0.561177	0.883961	0.475324	0.909397	0.417032	0.997456	0.128601	0.399532	0.608439	
0.780811	0.987105	0.859896	0.526922	0.32382	0.0283646	0.513816	0.0659287	0.129676	0.214103	0.847144	0.447956	0.336306	0.403993	0.486475	0.202608	0.986556	0.335901	0.0938334	0.392433	0.933598	0.48739	0.0364786	0.997329	0.935561	0.0473082	0.90363	0.590615	0.800902	0.78313	0.0207618	0.291758	0.512611	0.0122685	0.456534	0.096524	0.625783	0.220753	0.216382	0.639704	
0.298382	0.755959	0.215997	0.931111	0.172252	0.00180159	0.048978	0.53384	0.0627985	0.109505	0.733895	0.709736	0.364905	0.45131	0.913585	0.402274	0.835824	0.37229	0.610109	0.249417	0.628239	0.981375	0.871091	0.472678	0.67989	0.326472	0.155215	0.0282604	0.562256	0.121827	0.0982946	0.530147	0.319318	0.787677	0.889242	0.812166	0.826524	0.122804	0.983216	0.807154	
0.714952	0.845046	0.814014	0.283575	0.360366	0.66439	0.458474	0.197492	0.00892223	0.762821	0.0713739	0.521748	0.609193	0.172712	0.906421	0.591988	0.277025	0.411998	0.0305492	0.220703	0.120096	0.224577	0.105563	0.991652	0.812077	0.408179	0.75479	0.592275	0.110826	0.433847	0.216033	0.882401	0.968264	0.0184459	0.0815791	0.889449	0.0189637	0.0923444	0.0500137	0.381221	
0.246456	0.627939	0.936272	0.598366	0.411954	0.0452186	0.992603	0.670225	0.628065	0.131741	0.450201	0.0149117	0.569096	0.110596	0.0997706	0.638417	0.885204	0.463998	0.593651	0.81911	0.40543	0.168201	0.62951	0.141918	0.463202	0.826005	0.291096	0.893049	0.0524674	0.0898682	0.941022	0.747057	0.25219	0.737396	0.124819	0.677844	0.432566	0.479299	0.164529	0.977598	
0.0864561	0.572532	0.220862	0.162348	0.653684	0.145307	0.137089	0.760614	0.342533	0.77272	0.839094	0.644084	0.491543	0.355434	0.172692	0.909609	0.0952461	0.630736	0.303322	0.556258	0.496339	0.149896	0.534124	0.766527	0.0976358	0.604416	0.935917	0.993291	0.500194	0.565103	0.895178	0.536892	0.748763	0.11319	0.139333	0.572628	0.38704	0.339605	0.568652	0.567273	
0.636052	0.285184	0.830969	0.10853	0.740989	0.822222	0.8417	0.394321	0.982245	0.47599	0.106143	0.951918	0.797489	0.986956	0.681891	0.249864	0.339563	0.675862	0.310695	0.480207	0.0712478	0.641007	0.87054	0.00144586	0.893613	0.337169	0.347476	0.0361337	0.533312	0.963559	0.191394	0.658271	0.794886	0.0444283	0.327956	0.712191	0.58637	0.623907	0.396165	0.786262	
0.571983	0.546742	0.863305	0.876798	0.767779	0.499394	0.0114753	0.169758	0.189254	0.629567	0.356413	0.0620968	0.839466	0.730489	0.397598	0.0217058	0.31871	0.189743	0.210151	0.532835	0.12262	0.508692	0.449167	0.6443	0.881427	0.238125	0.904979	0.485796	0.663581	0.897406	0.995182	0.225222	0.53465	0.335783	0.843731	0.112573	0.841304	0.266407	0.535239	0.661375	
0.763943	0.412298	0.387425	0.0394616	0.190015	0.814541	0.746451	0.452718	0.516414	0.890459	0.888267	0.782173	0.719179	0.665706	0.558711	0.336033	0.578647	0.205978	0.333311	0.746437	0.728878	0.539726	0.603541	0.601744	0.837577	0.394158	0.637532	0.692551	0.098307	0.979253	0.321309	0.13915	0.187693	0.236562	0.00892567	0.141448	0.823966	0.516315	0.663114	0.272791	
0.978571	0.799074	0.841495	0.461729	0.214727	0.741715	0.529252	0.796651	0.972914	0.163481	0.00666146	0.871285	0.722245	0.253509	0.780016	0.0274004	0.338189	0.774717	0.259159	0.661061	0.669828	0.408286	0.0413328	0.641417	0.912244	0.352493	0.802269	0.198496	0.737254	0.583588	0.222259	0.498389	0.422693	0.34381	0.556554	0.803715	0.572519	0.257499	0.996827	0.390152	
0.675991	0.42042	0.849713	0.834949	0.661615	0.657663	0.59575	0.572112	0.710987	0.997067	0.828567	0.446003	0.869341	0.363322	0.335883	0.511235	0.0322798	0.300506	0.320703	0.235451	0.0860118	0.860393	0.133017	0.282983	0.218222	0.55769	0.293317	0.489023	0.871384	0.676698	0.476091	0.204767	0.195737	0.86628	0.714614	0.439175	0.916114	0.904386	0.56474	0.581631	
0.227755	0.89806	0.888903	0.136929	0.679029	0.224793	0.940848	0.389825	0.662261	0.649403	0.601679	0.669156	0.372394	0.800004	0.481157	0.812354	0.726054	0.764555	0.10569	0.893958	0.849157	0.415333	0.895871	0.570176	0.327819	0.854587	0.0499438	0.75656	0.13544	0.106733	0.0499561	0.850416	0.7445	0.660112	0.492371	0.993064	0.479138	0.573352	0.363913	0.0236645	
0.241228	0.0622636	0.261905	0.923778	0.402659	0.753507	0.532162	0.549454	0.137178	0.759383	0.501139	0.796937	0.727863	0.311893	0.965462	0.358297	0.705238	0.667595	0.659928	0.945255	0.0831265	0.324185	0.219709	0.815887	0.543814	0.0919473	0.50419	0.0112478	0.612873	0.161995	0.956118	0.243021	0.718682	0.304395	0.419563	0.107884	0.542954	0.70534	0.953676	0.828352	
