25	40
107.505	0.939157
107.885	0.189886
120.994	0.725461
97.7391	0.980697
102.549	0.840929
118.324	0.93064
117.702	0.908832
110.484	0.95236
99.7799	0.223599
116.803	0.292646
112.219	0.832471
115.832	0.16187
119.235	0.569984
98.2983	0.638745
98.3071	0.95479
121.444	0.380141
112.324	0.203418
114.639	0.570564
118.394	0.647262
98.2432	0.823622
105.502	0.162521
113.447	0.147927
98.8596	0.371529
100.463	0.853051
108.594	0.817003
49.7769
29.2415
16.8372
48.5674
37.4018
45.0633
27.6596
44.6221
9.36455
32.5191
8.05025
45.6307
5.27404
6.88521
14.6969
23.6029
40.2643
27.971
49.6609
2.72141
28.9975
6.27738
13.6128
2.41953
43.2081
32.1039
47.1657
23.4305
38.0955
48.7561
34.1018
37.886
45.1545
20.8065
11.2381
15.6293
29.0327
28.8051
16.6505
21.2732
0.679095	0.0271846	0.230466	0.0655782	0.0361479	0.338485	0.881667	0.0148932	0.958056	0.375446	0.903239	0.843899	0.458852	0.376773	0.272402	0.308359	0.291884	0.62127	0.350392	0.023125	0.424291	0.80056	0.108704	0.194978	0.971998	0.326521	0.985905	0.180639	0.181825	0.481291	0.0508892	0.102659	0.633483	0.300105	0.87449	0.982245	0.308267	0.238046	0.00381884	0.0557952	
0.0511848	0.887108	0.0441574	0.639658	0.204456	0.770308	0.963734	0.692158	0.454241	0.198873	0.450667	0.96437	0.571453	0.808639	0.447036	0.68481	0.212551	0.472511	0.319132	0.293303	0.270513	0.978844	0.988221	0.203935	0.0713128	0.818884	0.173728	0.977766	0.87265	0.0398318	0.934082	0.694793	0.331163	0.0538745	0.794266	0.0443679	0.497899	0.320334	0.0525432	0.122592	
0.643164	0.590409	0.384596	0.52171	0.609416	0.625672	0.479954	0.380739	0.671889	0.682004	0.945484	0.444496	0.403925	0.648887	0.225803	0.445901	0.159933	0.233535	0.46584	0.00350263	0.146441	0.114324	0.506845	0.92151	0.90729	0.0407334	0.477152	0.028858	0.407095	0.963251	0.345581	0.0795644	0.021629	0.26534	0.515468	0.438431	0.223034	0.825779	0.714005	0.184009	
0.568502	0.566147	0.378292	0.311144	0.711859	0.116822	0.505711	0.263216	0.117528	0.497082	0.503445	0.842695	0.077726	0.106911	0.766711	0.325025	0.811688	0.670617	0.236088	0.280253	0.464216	0.502779	0.405629	0.27878	0.208649	0.384059	0.383493	0.0108266	0.330367	0.686589	0.265739	0.0455288	0.257392	0.831137	0.981381	0.897306	0.0581725	0.230011	0.104838	0.844811	
0.468411	0.208327	0.110962	0.469531	0.289956	0.233379	0.353373	0.665411	0.621877	0.538265	0.941765	0.650993	0.0239677	0.550545	0.807543	0.57453	0.681179	0.585172	0.15337	0.88036	0.612734	0.485889	0.0689088	0.618077	0.25549	0.3222	0.316487	0.333086	0.0113037	0.100755	0.416502	0.627983	0.855409	0.797769	0.807315	0.897604	0.879559	0.706816	0.432339	0.960705	
0.812866	0.396165	0.992918	0.771373	0.516559	0.669731	0.0554948	0.598208	0.78831	0.8229	0.390438	0.686561	0.107339	0.447707	0.365825	0.891675	0.105899	0.705093	0.317522	0.234366	0.447496	0.921827	0.745073	0.649915	0.521821	0.765053	0.142266	0.205237	0.496908	0.639086	0.107234	0.29512	0.333754	0.801553	0.439967	0.432012	0.671658	0.670813	0.671215	0.894857	
0.63295	0.108293	0.583982	0.834564	0.197205	0.206697	0.577557	0.636181	0.667351	0.421833	0.457359	0.0597209	0.175635	0.729729	0.64406	0.0318198	0.658166	0.852359	0.169079	0.206751	0.291743	0.0218641	0.416727	0.0678901	0.248854	0.515512	0.234752	0.897073	0.542222	0.832353	0.203866	0.918897	0.614097	0.501605	0.315765	0.000928924	0.334981	0.195928	0.00535742	0.199874	
0.325866	0.48671	0.930701	0.711693	0.41972	0.254971	0.124199	0.184187	0.833215	0.325737	0.95897	0.881463	0.783779	0.500112	0.408514	0.806829	0.444729	0.0198506	0.96283	0.887226	0.960035	0.927705	0.0636428	0.958785	0.695061	0.498713	0.0133768	0.0872405	0.228909	0.991526	0.583707	0.886602	0.43688	0.791038	0.989741	0.293934	0.201583	0.12841	0.462928	0.48036	
0.0854596	0.735605	0.816322	0.394099	0.985318	0.661456	0.699418	0.314038	0.321009	0.953793	0.146281	0.274662	0.287269	0.934646	0.402026	0.0736043	0.429683	0.850018	0.422183	0.688488	0.150801	0.965938	0.915387	0.255573	0.423	0.286767	0.309452	0.49578	0.950708	0.723358	0.957861	0.72714	0.893639	0.149165	0.0189074	0.384134	0.9795	0.491171	0.46322	0.0678606	
0.0907648	0.237034	0.551126	0.371792	0.23657	0.944715	0.0103171	0.578598	0.818438	0.681887	0.514279	0.825108	0.599018	0.0263335	0.960369	0.114374	0.248455	0.578749	0.707033	0.756832	0.285906	0.876233	0.149221	0.161655	0.870815	0.886636	0.874702	0.90951	0.966582	0.0973055	0.0947447	0.181343	0.513856	0.461551	0.105354	0.0740505	0.208355	0.968445	0.585741	0.880765	
0.841608	0.915632	0.316346	0.379269	0.00475486	0.282065	0.642308	0.560022	0.875155	0.147382	0.621068	0.574331	0.841395	0.596955	0.737567	0.552813	0.390079	0.822343	0.948965	0.338626	0.0990772	0.86898	0.0981932	0.254622	0.99919	0.560068	0.946185	0.531241	0.549973	0.464263	0.859661	0.972869	0.618568	0.72041	0.0303766	0.365983	0.198947	0.703756	0.32853	0.229536	
0.119464	0.653093	0.791003	0.15654	0.309302	0.771729	0.283495	0.514766	0.950131	0.639523	0.541975	0.350223	0.621911	0.528777	0.0882204	0.669482	0.370187	0.882518	0.36753	0.41995	0.955049	0.24456	0.308161	0.410973	0.571246	0.938151	0.653754	0.776197	0.133539	0.187257	0.732919	0.100189	0.711843	0.974086	0.521768	0.514554	0.85971	0.611349	0.119606	0.14805	
0.2306	0.0374483	0.336014	0.229866	0.43467	0.0199522	0.10253	0.383289	0.256287	0.278395	0.800987	0.47903	0.699202	0.189338	0.934353	0.352002	0.734494	0.866061	0.118816	0.251132	0.148955	0.0131016	0.110057	0.670005	0.850253	0.658415	0.750066	0.651469	0.724747	0.386603	0.784108	0.922333	0.599922	0.174615	0.32353	0.330814	0.99432	0.329976	0.542614	0.0268262	
0.830713	0.00474753	0.812151	0.209493	0.352723	0.311104	0.215303	0.583531	0.866944	0.59915	0.660991	0.557902	0.359617	0.422805	0.98402	0.785853	0.0759189	0.137748	0.11823	0.367175	0.737363	0.0452592	0.0870453	0.118942	0.82875	0.643602	0.423391	0.342762	0.76686	0.594777	0.382339	0.616576	0.0116405	0.26621	0.324669	0.154304	0.148849	0.538459	0.606047	0.396001	
0.367103	0.242219	0.787399	0.858624	0.930186	0.576861	0.589151	0.00355831	0.867379	0.145229	0.706693	0.817424	0.368966	0.0986023	0.567974	0.429969	0.316595	0.0581771	0.312674	0.424911	0.507101	0.921917	0.197288	0.147145	0.833562	0.0192279	0.830675	0.449764	0.286595	0.450018	0.23879	0.490277	0.246533	0.483402	0.170491	0.375152	0.464356	0.828393	0.814299	0.538806	
0.254112	0.348918	0.0438729	0.791891	0.485808	0.446279	0.179296	0.194384	0.115092	0.0696713	0.674515	0.386898	0.981815	0.425735	0.440473	0.860035	0.295587	0.146486	0.683359	0.191269	0.742349	0.391216	0.229428	0.148597	0.996084	0.259786	0.0232205	0.15505	0.786227	0.0825485	0.844901	0.658652	0.147895	0.470807	0.462915	0.802382	0.247529	0.924271	0.203656	0.322017	
0.0486914	0.903072	0.5732	0.17572	0.274443	0.530897	0.369395	0.567765	0.960599	0.631391	0.469928	0.00548637	0.530872	0.300882	0.229565	0.587046	0.631634	0.900041	0.254139	0.921673	0.334077	0.131439	0.446944	0.0641358	0.944725	0.772458	0.734836	0.708383	0.593043	0.838188	0.856973	0.420859	0.515202	0.559693	0.855038	0.166131	0.351696	0.880619	0.142252	0.276753	
0.62206	0.753294	0.607176	0.0251971	0.970802	0.204928	0.706272	0.0522514	0.971666	0.0945387	0.5047	0.291723	0.656006	0.982713	0.411876	0.905431	0.182884	0.947167	0.597826	0.114093	0.5685	0.051303	0.762127	0.765514	0.971743	0.802273	0.239738	0.632146	0.54711	0.52384	0.571226	0.431617	0.340045	0.442275	0.962038	0.550725	0.0658708	0.284164	0.778014	0.580576	
0.0603882	0.245268	0.302536	0.686299	0.731306	0.265126	0.461261	0.31166	0.958449	0.735252	0.158345	0.721106	0.438537	0.879523	0.626022	0.796059	0.734417	0.598106	0.0864011	0.266398	0.848533	0.394652	0.284965	0.808267	0.186234	0.756863	0.107583	0.717263	0.409816	0.77523	0.0959749	0.416131	0.622881	0.581823	0.00355583	0.678545	0.360057	0.842306	0.859628	0.328026	
0.624689	0.495936	0.781109	0.44236	0.959607	0.115479	0.495937	0.358357	0.653237	0.493312	0.409947	0.627096	0.0449743	0.361492	0.908441	0.302293	0.232489	0.621773	0.985081	0.629844	0.290069	0.56819	0.458077	0.619525	0.184627	0.603577	0.119725	0.86507	0.712097	0.756524	0.787594	0.729518	0.758396	0.0112422	0.572202	0.540561	0.849477	0.797185	0.381845	0.524228	
0.518135	0.438787	0.595791	0.554608	0.724874	0.317062	0.491938	0.675367	0.753369	0.675702	0.751517	0.144772	0.268305	0.486078	0.1971	0.11472	0.719417	0.652804	0.460568	0.18891	0.43398	0.589524	0.87171	0.279391	0.603016	0.423591	0.275789	0.639692	0.561207	0.787426	0.634383	0.47453	0.0439907	0.0244445	0.361908	0.305548	0.164036	0.218608	0.751402	0.979388	
0.186647	0.0762787	0.283689	0.641704	0.0612063	0.531887	0.498309	0.395839	0.051649	0.676812	0.968209	0.144821	0.589717	0.555267	0.864872	0.698647	0.818977	0.249877	0.6628	0.16844	0.67021	0.964719	0.236786	0.872183	0.83418	0.187728	0.40671	0.86867	0.20781	0.219961	0.261101	0.771757	0.867884	0.485439	0.268536	0.0963048	0.7723	0.418765	0.923316	0.527626	
0.0954182	0.612674	0.166252	0.274798	0.475068	0.730653	0.569363	0.574125	0.761235	0.537643	0.309712	0.314941	0.600804	0.391403	0.613242	0.650199	0.439413	0.936106	0.930175	0.974972	0.139686	0.235061	0.00685725	0.338259	0.239131	0.465317	0.598475	0.201627	0.711185	0.732912	0.5399	0.29954	0.153147	0.5475	0.732755	0.4396	0.138194	0.880426	0.854663	0.014518	
0.28166	0.202135	0.0936274	0.208253	0.432417	0.184802	0.793151	0.731009	0.567024	0.400265	0.641937	0.252589	0.0788567	0.220208	0.893114	0.871027	0.843754	0.332639	0.937742	0.291642	0.432128	0.191307	0.801989	0.796629	0.905654	0.106912	0.469932	0.29211	0.404027	0.225249	0.38984	0.0913159	0.543806	0.716547	0.196659	0.914778	0.0711467	0.322339	0.415939	0.0190133	
0.792825	0.70642	0.415968	0.616126	0.77617	0.961509	0.928318	0.526746	0.314603	0.649163	0.262298	0.376003	0.611497	0.0841834	0.882881	0.90343	0.0836636	0.452657	0.8225	0.61283	0.095058	0.882729	0.829676	0.110403	0.740836	0.197945	0.688474	0.5236	0.921505	0.572633	0.591217	0.977017	0.00379264	0.812324	0.421273	0.841611	0.499684	0.735493	0.113142	0.40595	
