25	40
102.457	0.685181
118.121	0.32477
121.233	0.841822
126.258	0.349716
103.477	0.223412
116.703	0.430465
109.37	0.988845
118.032	0.529532
125.078	0.945939
112.242	0.149367
113.046	0.545336
120.444	0.537845
118.181	0.6612
119.477	0.330825
125.139	0.00458056
116.688	0.388221
118.875	0.0472802
118.062	0.909684
108.942	0.864986
122.602	0.570078
107.154	0.0801222
115.754	0.661143
110.304	0.496721
118.732	0.0505994
121.085	0.0385562
48.4605
2.85644
29.5292
8.14915
39.1614
5.92943
25.4579
37.8498
31.8083
34.6673
2.59934
35.1666
45.3128
3.35103
15.4208
33.203
32.2194
7.51011
4.31052
41.4245
39.9058
24.8249
11.8143
30.6797
5.28906
16.3917
12.8406
1.19767
41.941
39.5299
47.6284
27.2111
45.3489
45.2034
29.4741
42.3358
15.7793
8.84961
41.0037
8.32593
0.291275	0.273172	0.947561	0.570532	0.916034	0.849962	0.5052	0.517108	0.444731	0.458142	0.17264	0.374534	0.276147	0.571282	0.0585255	0.958299	0.310574	0.741611	0.93696	0.674245	0.895074	0.896372	0.0311367	0.326607	0.300305	0.497169	0.314737	0.19368	0.627307	0.18155	0.587756	0.11501	0.159137	0.554081	0.83378	0.446849	0.399582	0.495139	0.989232	0.12223	
0.184818	0.75481	0.0849893	0.0652299	0.359343	0.826721	0.0595893	0.969118	0.129978	0.474604	0.899826	0.648405	0.941289	0.421129	0.63312	0.538297	0.544301	0.111985	0.619575	0.38623	0.889832	0.637681	0.629286	0.626416	0.627314	0.396398	0.00397565	0.552737	0.975791	0.14518	0.0352323	0.297126	0.838412	0.944468	0.0283541	0.257572	0.611406	0.333029	0.544438	0.871765	
0.657917	0.599508	0.69649	0.235232	0.378655	0.870031	0.278663	0.0895714	0.968833	0.170205	0.0664559	0.865079	0.00092953	0.986106	0.411341	0.0594049	0.263811	0.986376	0.0203722	0.212818	0.54582	0.200888	0.598009	0.463505	0.535174	0.287453	0.00447526	0.719324	0.100031	0.258398	0.596511	0.637483	0.992532	0.1548	0.507156	0.625847	0.626246	0.117082	0.228455	0.959056	
0.182909	0.630413	0.245413	0.0877115	0.707725	0.526275	0.246361	0.52555	0.90343	0.907736	0.887628	0.362266	0.828647	0.0840792	0.476343	0.11698	0.617422	0.596399	0.43561	0.686698	0.57464	0.497836	0.410628	0.180952	0.325383	0.550432	0.64189	0.123272	0.28912	0.659831	0.785985	0.97168	0.751966	0.0701984	0.36819	0.668022	0.0842611	0.528169	0.304323	0.360059	
0.60673	0.121148	0.295184	0.952815	0.934718	0.398051	0.551263	0.624858	0.0355314	0.527181	0.751519	0.624567	0.0677855	0.746683	0.0867294	0.298224	0.494192	0.486763	0.534002	0.0409127	0.92865	0.243427	0.537363	0.712881	0.665216	0.0687913	0.882089	0.258633	0.603172	0.576625	0.485336	0.650453	0.470055	0.941726	0.355936	0.843597	0.462634	0.35581	0.748323	0.175638	
0.656384	0.0456081	0.625806	0.207862	0.622194	0.450898	0.65184	0.6659	0.691807	0.723835	0.140239	0.0905031	0.746719	0.582105	0.201168	0.791214	0.192329	0.92786	0.285964	0.631922	0.662836	0.708146	0.364922	0.378736	0.923463	0.823347	0.802428	0.671405	0.24735	0.570336	0.847307	0.218342	0.130321	0.32354	0.359346	0.355758	0.238262	0.327448	0.221602	0.311212	
0.95563	0.3239	0.808645	0.296507	0.493371	0.410784	0.826512	0.354793	0.763011	0.179985	0.00699346	0.853237	0.208845	0.112706	0.663302	0.782527	0.723771	0.62023	0.441365	0.413391	0.569894	0.0445685	0.134288	0.1188	0.0809222	0.352035	0.785395	0.0255692	0.722298	0.352226	0.672697	0.119081	0.819937	0.963973	0.941369	0.286031	0.414864	0.0361921	0.733201	0.480203	
0.500114	0.0657255	0.0250365	0.922848	0.7809	0.653197	0.299637	0.469716	0.411311	0.96567	0.768007	0.115392	0.930995	0.508634	0.991945	0.492913	0.679008	0.332969	0.153347	0.377221	0.759584	0.588919	0.243937	0.92277	0.739605	0.937954	0.103195	0.330887	0.989438	0.924337	0.00569642	0.419399	0.743095	0.296821	0.806706	0.584809	0.229911	0.767207	0.38874	0.630426	
0.263599	0.385837	0.716867	0.48251	0.796855	0.936925	0.223572	0.956673	0.341099	0.733501	0.32912	0.300683	0.769779	0.048146	0.665521	0.772437	0.810324	0.421889	0.981903	0.916013	0.67042	0.293281	0.241093	0.892451	0.724575	0.49148	0.0141016	0.951588	0.988615	0.916361	0.740246	0.226472	0.801963	0.0256669	0.567933	0.587034	0.285305	0.665207	0.149225	0.741483	
0.0445302	0.589156	0.182344	0.172896	0.707382	0.473707	0.696265	0.278737	0.527574	0.642931	0.0109934	0.865926	0.374624	0.551885	0.40526	0.271642	0.634383	0.118211	0.11229	0.93474	0.520381	0.684067	0.954928	0.611393	0.29925	0.204485	0.478248	0.987002	0.390502	0.69434	0.452608	0.782745	0.924643	0.330892	0.362097	0.528037	0.569547	0.717566	0.322507	0.16118	
0.145464	0.457988	0.398065	0.834707	0.788019	0.126231	0.144389	0.86196	0.343324	0.0399728	0.630386	0.250082	0.178947	0.471869	0.866499	0.790749	0.703192	0.053114	0.99179	0.595188	0.0644717	0.402951	0.402994	0.780467	0.135008	0.747142	0.458381	0.863001	0.978659	0.555927	0.224247	0.782453	0.239728	0.0792246	0.846866	0.553764	0.710077	0.423138	0.760933	0.910268	
0.763902	0.567489	0.660634	0.5724	0.671026	0.0496137	0.0580667	0.858531	0.927857	0.847472	0.60424	0.375821	0.40385	0.206931	0.956271	0.0305481	0.609454	0.29835	0.945225	0.421368	0.971943	0.593237	0.612723	0.907561	0.190374	0.135261	0.765301	0.343722	0.766801	0.737865	0.320097	0.637898	0.761973	0.847736	0.0933093	0.538065	0.620034	0.103461	0.919691	0.217131	
0.153532	0.781079	0.0484532	0.792734	0.557108	0.387059	0.695873	0.41244	0.810427	0.486836	0.235483	0.00300265	0.785711	0.962308	0.00829985	0.99286	0.166325	0.547503	0.25114	0.273341	0.653917	0.0348874	0.693239	0.552721	0.722892	0.230633	0.879639	0.511448	0.00104018	0.702194	0.842002	0.497703	0.621755	0.513903	0.953998	0.452042	0.452263	0.180812	0.878432	0.731499	
0.698676	0.86948	0.0413772	0.875717	0.664477	0.843943	0.877611	0.25254	0.79814	0.458015	0.746173	0.0812746	0.915945	0.309566	0.453231	0.935869	0.889546	0.929683	0.788424	0.889783	0.68801	0.535423	0.985765	0.91747	0.829325	0.132059	0.147434	0.474914	0.965581	0.939043	0.614366	0.313201	0.171911	0.608111	0.134735	0.446093	0.823505	0.0602788	0.370382	0.450083	
0.228966	0.482799	0.307555	0.703239	0.0896538	0.00970961	0.359857	0.887767	0.83631	0.944082	0.255716	0.30075	0.1133	0.829817	0.251018	0.573592	0.62035	0.624643	0.228549	0.316151	0.876101	0.0283355	0.854605	0.511024	0.959391	0.642162	0.410148	0.892592	0.0075252	0.386871	0.622749	0.736649	0.155216	0.331877	0.791493	0.110657	0.367052	0.924816	0.827912	0.756762	
0.630627	0.379273	0.836542	0.228547	0.845126	0.730482	0.725424	0.4426	0.684965	0.0697496	0.953886	0.122755	0.783495	0.194932	0.723143	0.831274	0.530778	0.369443	0.0187151	0.0176568	0.276433	0.767034	0.344258	0.863716	0.565308	0.902232	0.02871	0.628587	0.791649	0.375171	0.342022	0.442273	0.0695198	0.869019	0.515521	0.937525	0.747405	0.479355	0.282952	0.660747	
0.34701	0.744234	0.458561	0.103053	0.897368	0.304839	0.25539	0.944385	0.611838	0.276499	0.312878	0.85452	0.581622	0.950963	0.938334	0.632942	0.314995	0.0706671	0.976379	0.44872	0.959814	0.0593648	0.661212	0.0727266	0.675607	0.953616	0.163575	0.506492	0.657502	0.238048	0.409206	0.663519	0.741905	0.481021	0.966995	0.929994	0.0795526	0.357289	0.287688	0.0181491	
0.826485	0.0166947	0.95873	0.495953	0.203834	0.665505	0.466635	0.74527	0.756508	0.200869	0.423658	0.569033	0.912696	0.570545	0.355124	0.0541554	0.185374	0.706334	0.737741	0.473215	0.548576	0.467023	0.29681	0.399279	0.419737	0.895911	0.161526	0.0915971	0.0421086	0.718926	0.63093	0.369341	0.632887	0.476399	0.886313	0.0394918	0.487618	0.917469	0.337414	0.173004	
0.174198	0.0848452	0.886884	0.554028	0.0723731	0.100955	0.561014	0.271068	0.817809	0.930217	0.375474	0.511499	0.425861	0.176891	0.809785	0.978735	0.436699	0.889359	0.430516	0.274476	0.0579702	0.00834505	0.904039	0.187142	0.86405	0.980169	0.860067	0.692889	0.565007	0.689784	0.267208	0.549492	0.546633	0.713223	0.0515778	0.569021	0.417789	0.83317	0.578648	0.583073	
0.43456	0.471835	0.657888	0.772337	0.601596	0.259114	0.247659	0.675082	0.361131	0.291623	0.78612	0.996015	0.23446	0.767077	0.348376	0.592212	0.320011	0.221258	0.108502	0.0727159	0.651808	0.76686	0.225102	0.361984	0.79256	0.985673	0.636363	0.874211	0.165749	0.890848	0.396046	0.12675	0.76832	0.117942	0.660142	0.0342575	0.0872957	0.545048	0.712637	0.851035	
0.479599	0.0142003	0.968764	0.461552	0.641667	0.0252089	0.533432	0.0149566	0.710682	0.679456	0.612966	0.879356	0.0946836	0.556196	0.95644	0.188271	0.551459	0.385062	0.812305	0.06598	0.985536	0.629263	0.355122	0.905163	0.590584	0.159978	0.729304	0.965817	0.171231	0.38801	0.715861	0.653757	0.374774	0.867783	0.271208	0.0312942	0.516884	0.0623734	0.514646	0.610542	
0.438257	0.27603	0.318157	0.259629	0.943693	0.88252	0.0789011	0.398819	0.365293	0.0652647	0.100656	0.536008	0.857426	0.919516	0.617857	0.66191	0.558547	0.982221	0.122215	0.859891	0.281683	0.30855	0.120892	0.355652	0.790849	0.00713471	0.903294	0.285699	0.372982	0.819367	0.396333	0.195258	0.0409416	0.93096	0.645128	0.508991	0.311328	0.574379	0.768351	0.920585	
0.625822	0.328186	0.521868	0.683538	0.740782	0.958917	0.772424	0.638651	0.399985	0.946244	0.829929	0.91514	0.0670296	0.131996	0.935442	0.974104	0.246621	0.739676	0.264851	0.105749	0.657412	0.464633	0.227601	0.131703	0.197877	0.670959	0.413724	0.396319	0.843976	0.38156	0.413575	0.305776	0.0164478	0.488524	0.170421	0.540533	0.39509	0.303353	0.219732	0.344991	
0.430978	0.267243	0.988883	0.923165	0.640527	0.212789	0.615974	0.773159	0.0716384	0.981858	0.84872	0.636653	0.890155	0.514275	0.134824	0.572861	0.26494	0.947995	0.707791	0.83685	0.461616	0.931705	0.164743	0.692501	0.405686	0.587693	0.438483	0.16684	0.969201	0.432677	0.851105	0.589908	0.685722	0.103355	0.211011	0.552966	0.0357218	0.74593	0.241747	0.398332	
0.25593	0.961925	0.330745	0.587528	0.26718	0.967615	0.445681	0.480112	0.948032	0.640691	0.0217098	0.217257	0.0374672	0.610205	0.167679	0.200748	0.559726	0.888406	0.202582	0.637414	0.90861	0.494676	0.458834	0.628644	0.404362	0.520323	0.594935	0.605174	0.479746	0.373318	0.619177	0.0170105	0.867544	0.993212	0.750209	0.842846	0.0344202	0.275785	0.862123	0.877026	
