30	60
123.506	0.591217
140.954	0.738016
126.252	0.341679
135.469	0.322708
140.918	0.577063
130.505	0.492521
138.738	0.937482
119.067	0.781684
119.935	0.8298
122.843	0.0942614
135.184	0.967099
124.853	0.295012
144.948	0.195811
137.701	0.743276
144.694	0.400625
125.741	0.271014
145.986	0.212322
121.827	0.402226
127.889	0.495366
137.278	0.358625
121.878	0.0802633
127.751	0.842585
138.946	0.756927
121.542	0.287711
142.742	0.242623
145.523	0.00289712
125.006	0.844179
128.697	0.0457773
136.913	0.0807146
136.145	0.948887
28.4816
23.5159
10.5111
42.0809
49.5768
49.8147
11.9279
25.7808
29.7563
10.0242
14.7403
16.7414
28.2294
15.4916
48.6408
10.9986
13.0063
23.3746
7.59578
13.6464
39.2787
2.79451
46.5828
6.45914
44.9856
7.00479
28.226
2.5582
31.1613
22.9405
35.9817
10.4149
32.4924
34.1064
28.6565
15.8862
15.2796
30.0064
18.6227
34.029
47.0898
44.6259
33.2453
9.05784
21.995
41.0265
8.61727
8.08135
2.93626
21.0879
23.0225
26.3984
20.7646
33.4294
8.83947
19.5075
30.5648
20.457
5.81017
24.5908
0.719032	0.919975	0.764441	0.372812	0.34849	0.0748258	0.45584	0.730874	0.0356641	0.274928	0.557393	0.544693	0.0246574	0.538071	0.223928	0.479035	0.363065	0.614055	0.218769	0.701986	0.915035	0.625363	0.910776	0.344389	0.61141	0.499712	0.47977	0.37036	0.607265	0.297611	0.29308	0.0220415	0.377584	0.466677	0.274753	0.893687	0.141571	0.92542	0.231513	0.0477025	0.125482	0.100111	0.282838	0.916154	0.896737	0.682581	0.17816	0.363327	0.535981	0.507773	0.777703	0.444493	0.941756	0.237651	0.630102	0.768207	0.822228	0.0198122	0.661251	0.39763	
0.610315	0.225405	0.679225	0.899636	0.998777	0.307548	0.776729	0.193984	0.114184	0.192262	0.659827	0.656096	0.176407	0.664368	0.441503	0.389612	0.65038	0.586284	0.854415	0.355018	0.216374	0.798226	0.798006	0.770424	0.2278	0.0665017	0.680815	0.184097	0.799507	0.355733	0.135058	0.218423	0.637649	0.495023	0.640229	0.725201	0.119904	0.310321	0.414041	0.805325	0.561316	0.517224	0.973754	0.0697338	0.341749	0.506705	0.0887214	0.0520618	0.755191	0.729228	0.955163	0.151597	0.134828	0.606552	0.807209	0.496914	0.709291	0.65159	0.953264	0.112926	
0.866041	0.403988	0.791196	0.746986	0.0119046	0.929424	0.310428	0.110517	0.922995	0.205388	0.993736	0.493987	0.990999	0.36746	0.188436	0.898811	0.755015	0.492318	0.54468	0.719211	0.471034	0.913406	0.850172	0.265681	0.768789	0.855669	0.872244	0.803215	0.912653	0.513919	0.73408	0.335082	0.320842	0.867079	0.848898	0.374482	0.915497	0.0504729	0.998003	0.217307	0.0931745	0.342145	0.95264	0.150164	0.0530725	0.504331	0.495027	0.031646	0.0460458	0.803881	0.0660027	0.563219	0.629229	0.424758	0.432548	0.881225	0.620714	0.862604	0.014482	0.622309	
0.582774	0.0186866	0.926272	0.821144	0.975096	0.159323	0.434798	0.464579	0.153013	0.816685	0.0563342	0.639404	0.0440719	0.0783241	0.354856	0.203236	0.820989	0.163624	0.864383	0.452005	0.746029	0.531125	0.199897	0.12812	0.985234	0.558871	0.811835	0.752417	0.857127	0.0151441	0.735956	0.16686	0.0948437	0.790482	0.310289	0.251047	0.497951	0.291205	0.370086	0.255483	0.402091	0.252083	0.568803	0.559874	0.640765	0.626161	0.95781	0.0404513	0.0831026	0.417447	0.70602	0.600395	0.517786	0.395203	0.7279	0.856465	0.872599	0.866302	0.729611	0.160263	
0.507679	0.817674	0.0947355	0.34636	0.563428	0.305311	0.0616901	0.24081	0.10125	0.771355	0.460004	0.625725	0.368506	0.077625	0.280648	0.768257	0.718474	0.751242	0.748273	0.978969	0.956827	0.667447	0.215284	0.0624093	0.616351	0.630661	0.059482	0.431793	0.890401	0.693768	0.0613459	0.702299	0.47548	0.281973	0.182744	0.0783244	0.105939	0.000156701	0.280435	0.609907	0.94021	0.612407	0.299729	0.277517	0.0802491	0.74082	0.985185	0.578364	0.53983	0.566959	0.16073	0.257667	0.384342	0.200878	0.464054	0.399014	0.199161	0.525245	0.296649	0.075895	
0.266818	0.9303	0.00622079	0.785981	0.275596	0.308884	0.473192	0.773604	0.807579	0.170342	0.798825	0.562533	0.405812	0.511069	0.0682854	0.108043	0.569607	0.17593	0.989971	0.893777	0.61253	0.662728	0.456826	0.535822	0.174572	0.620053	0.54136	0.78648	0.0611062	0.66973	0.0514502	0.591106	0.817094	0.162119	0.216592	0.420503	0.496746	0.156271	0.545169	0.307171	0.159857	0.726877	0.545521	0.818504	0.250339	0.468854	0.669083	0.789621	0.564847	0.190782	0.274537	0.0635647	0.485989	0.418025	0.327722	0.109856	0.510599	0.990288	0.26383	0.960076	
0.614397	0.494233	0.258181	0.639967	0.344129	0.716201	0.80207	0.733511	0.75803	0.517749	0.965463	0.130996	0.392856	0.256843	0.820568	0.106323	0.209981	0.0949801	0.606072	0.511253	0.0879039	0.22748	0.675017	0.135614	0.625626	0.904709	0.576964	0.482158	0.35036	0.600684	0.490147	0.813759	0.93851	0.604213	0.396255	0.859359	0.506374	0.584308	0.661767	0.762471	0.575628	0.926729	0.0918844	0.389144	0.866712	0.50231	0.584322	0.275915	0.409171	0.205083	0.0903289	0.864038	0.559286	0.499819	0.0846203	0.883104	0.220194	0.62792	0.155057	0.920791	
0.985669	0.927284	0.41301	0.829003	0.582048	0.955704	0.455249	0.152895	0.497661	0.949391	0.0537763	0.296284	0.237503	0.819297	0.767731	0.782177	0.996532	0.850861	0.682106	0.717445	0.875452	0.227695	0.243164	0.0701535	0.550116	0.040763	0.335761	0.901545	0.0805881	0.169227	0.238407	0.64853	0.5788	0.887811	0.0181403	0.150053	0.66727	0.453654	0.610843	0.719926	0.250715	0.831535	0.877659	0.626938	0.203198	0.624613	0.872418	0.369544	0.471193	0.44022	0.321295	0.27071	0.525291	0.800786	0.665397	0.214629	0.341246	0.623601	0.501662	0.878575	
0.464945	0.983221	0.942195	0.471877	0.815047	0.1673	0.434351	0.81043	0.969758	0.517504	0.358022	0.561054	0.360019	0.360816	0.668647	0.182067	0.0454649	0.233393	0.389039	0.822524	0.690001	0.43558	0.666505	0.559348	0.595083	0.97974	0.313884	0.458482	0.899616	0.948125	0.283483	0.691833	0.597069	0.638604	0.0599005	0.271245	0.547108	0.371664	0.480111	0.306596	0.738007	0.241112	0.272231	0.290366	0.710366	0.195654	0.326475	0.559927	0.408107	0.0807958	0.953015	0.900976	0.598851	0.76143	0.921171	0.821089	0.152214	0.804076	0.171599	0.0938419	
0.393697	0.735863	0.182698	0.371027	0.166214	0.714996	0.706597	0.740688	0.540465	0.728572	0.621507	0.719746	0.0466335	0.115801	0.230036	0.226398	0.47057	0.672646	0.252575	0.626612	0.571139	0.142261	0.955772	0.743008	0.295448	0.447096	0.411949	0.331276	0.215802	0.358718	0.940756	0.670236	0.481264	0.171329	0.962945	0.239435	0.997625	0.450846	0.41245	0.657632	0.0314601	0.454962	0.868483	0.799817	0.459054	0.708476	0.0407621	0.977154	0.873809	0.950673	0.314888	0.540805	0.556687	0.545261	0.648475	0.249716	0.143254	0.541596	0.104548	0.632631	
0.241848	0.0307499	0.585959	0.949134	0.0634037	0.685852	0.22902	0.241412	0.0926794	0.750499	0.356162	0.733958	0.175864	0.0539335	0.0314123	0.408595	0.737262	0.811804	0.247103	0.480629	0.38264	0.863506	0.705505	0.389425	0.982379	0.716721	0.952536	0.191873	0.869935	0.898424	0.673786	0.392931	0.111501	0.930404	0.319037	0.124863	0.0299545	0.999309	0.0736911	0.662301	0.980914	0.366268	0.847111	0.149255	0.540816	0.756875	0.482283	0.661413	0.428047	0.711822	0.952461	0.809994	0.342011	0.752671	0.277582	0.005088	0.0121686	0.721922	0.388583	0.691443	
0.474462	0.351618	0.303069	0.266035	0.394169	0.872937	0.562868	0.191136	0.69147	0.27011	0.108602	0.226877	0.398799	0.602584	0.00321299	0.526274	0.270857	0.902869	0.333514	0.925663	0.591501	0.691751	0.0159648	0.623823	0.240909	0.987554	0.294355	0.560223	0.739958	0.141312	0.736241	0.0206724	0.591472	0.159271	0.778727	0.0844752	0.0650956	0.232639	0.23555	0.172295	0.795462	0.545235	0.732552	0.768597	0.27773	0.0986148	0.222956	0.530235	0.874376	0.893659	0.28639	0.751111	0.163425	0.313322	0.238808	0.776458	0.163425	0.51572	0.390774	0.83537	
0.63646	0.630517	0.142305	0.396363	0.0254144	0.429188	0.0755204	0.789033	0.874048	0.794056	0.254035	0.882065	0.171065	0.378156	0.338956	0.75281	0.749158	0.388872	0.591492	0.662145	0.226902	0.862012	0.748254	0.783748	0.202232	0.827039	0.437875	0.459831	0.583939	0.247714	0.286116	0.731901	0.207567	0.764889	0.137538	0.387107	0.0335869	0.078205	0.212815	0.0633897	0.464215	0.774953	0.0932948	0.191498	0.399296	0.338169	0.910878	0.509489	0.380367	0.660179	0.0205487	0.464461	0.330755	0.869186	0.853456	0.907147	0.175406	0.177531	0.153304	0.697656	
0.613341	0.952377	0.0730393	0.0206489	0.648669	0.695247	0.51456	0.970257	0.686843	0.483101	0.226864	0.0683343	0.474636	0.0693507	0.88644	0.68143	0.177808	0.91497	0.172058	0.344225	0.00101541	0.0511653	0.821763	0.787769	0.270514	0.564777	0.187331	0.106723	0.250215	0.613996	0.00153845	0.999055	0.108072	0.0818789	0.580741	0.786017	0.971409	0.79263	0.510661	0.0572692	0.348369	0.439984	0.28642	0.0072781	0.122659	0.039443	0.897078	0.76955	0.140972	0.259022	0.406762	0.0942585	0.835583	0.293349	0.79615	0.0262365	0.990569	0.303405	0.0868747	0.290444	
0.240915	0.842628	0.764851	0.277677	0.256458	0.707372	0.755142	0.162356	0.734736	0.450895	0.505327	0.527868	0.828708	0.0771936	0.764957	0.360677	0.472135	0.252407	0.0164866	0.657448	0.833491	0.771395	0.581997	0.813045	0.847053	0.645971	0.10958	0.0473349	0.115838	0.0417491	0.517225	0.320484	0.226907	0.45258	0.365385	0.861602	0.0396856	0.0347236	0.882469	0.13946	0.950738	0.242736	0.401158	0.552241	0.360344	0.821982	0.852358	0.815966	0.399906	0.404434	0.665458	0.357424	0.74187	0.230202	0.415534	0.699684	0.144718	0.481294	0.497879	0.500915	
0.414556	0.221218	0.617818	0.316555	0.733845	0.169368	0.359315	0.664888	0.111121	0.54491	0.688225	0.625795	0.036586	0.0867332	0.699616	0.814946	0.390949	0.184582	0.530659	0.481969	0.231658	0.626353	0.578227	0.0029418	0.948457	0.3847	0.783942	0.691752	0.841455	0.885758	0.949278	0.202437	0.381767	0.264304	0.30868	0.74917	0.0330418	0.776969	0.702242	0.983657	0.974522	0.210043	0.394821	0.812492	0.104713	0.678242	0.857481	0.108983	0.962009	0.966503	0.608061	0.711588	0.195663	0.857016	0.963121	0.88648	0.992594	0.165712	0.532426	0.16287	
0.992239	0.710581	0.789632	0.710565	0.325171	0.382933	0.225587	0.643146	0.289467	0.519537	0.437061	0.121907	0.212519	0.874755	0.174469	0.326689	0.0585647	0.536584	0.907642	0.960515	0.229563	0.859067	0.101952	0.0221009	0.21284	0.398194	0.539804	0.25193	0.529661	0.804098	0.297955	0.00807382	0.608142	0.0793053	0.649304	0.84295	0.684737	0.403939	0.146686	0.0484367	0.976574	0.923232	0.87043	0.574127	0.17546	0.707687	0.93587	0.272076	0.191358	0.0962528	0.196758	0.839934	0.252416	0.360277	0.144921	0.307748	0.183241	0.202117	0.057266	0.278631	
0.495426	0.189939	0.726863	0.708473	0.0119863	0.0312789	0.443792	0.815991	0.710637	0.0539532	0.495697	0.627836	0.189161	0.721034	0.786425	0.830649	0.681627	0.115099	0.770257	0.220954	0.774909	0.90928	0.759748	0.293785	0.671349	0.768622	0.291054	0.717618	0.948647	0.413095	0.293277	0.555436	0.929373	0.499859	0.120107	0.799672	0.840571	0.150327	0.567731	0.474847	0.966858	0.332018	0.497336	0.975225	0.373505	0.860128	0.47208	0.18924	0.856017	0.617439	0.879982	0.499397	0.698407	0.102441	0.736832	0.347912	0.612817	0.054765	0.0803337	0.618827	
0.12671	0.557147	0.354211	0.135402	0.0760971	0.234134	0.126603	0.506517	0.696606	0.45897	0.752486	0.997092	0.312489	0.113895	0.975579	0.0759739	0.395089	0.251342	0.750781	0.0536682	0.123101	0.635502	0.977115	0.76877	0.330607	0.690198	0.231389	0.326188	0.421253	0.518082	0.537475	0.33424	0.942496	0.637903	0.241551	0.897631	0.82871	0.154135	0.845494	0.819195	0.591008	0.140342	0.648706	0.678919	0.281426	0.539127	0.862544	0.313438	0.495554	0.167698	0.161826	0.14495	0.567665	0.585094	0.0653472	0.984649	0.416514	0.697912	0.515034	0.0876154	
0.0954202	0.244576	0.841038	0.818076	0.572978	0.975597	0.966574	0.426049	0.0224763	0.408038	0.294367	0.281056	0.00973449	0.170089	0.679446	0.955808	0.00170373	0.868203	0.372762	0.0063729	0.689456	0.845183	0.857495	0.943646	0.669583	0.982547	0.098403	0.644418	0.261628	0.998798	0.264136	0.811591	0.784655	0.299372	0.652351	0.416952	0.0413116	0.415933	0.0436439	0.263353	0.806063	0.718332	0.132962	0.0974618	0.899043	0.383906	0.455854	0.622279	0.309718	0.60205	0.221641	0.705581	0.065182	0.249788	0.217089	0.426388	0.630132	0.336979	0.744217	0.331488	
0.0826287	0.362206	0.768526	0.984754	0.537183	0.584638	0.620581	0.477504	0.627075	0.510848	0.284795	0.340219	0.462983	0.628058	0.902622	0.799495	0.285589	0.623972	0.633816	0.805057	0.180628	0.701156	0.0352891	0.444923	0.335546	0.774149	0.497361	0.520318	0.887534	0.761541	0.39454	0.0373079	0.326678	0.886862	0.316275	0.43152	0.151301	0.679349	0.400272	0.366059	0.567892	0.216545	0.543429	0.50448	0.620201	0.767683	0.910524	0.721741	0.678511	0.194248	0.0649675	0.595786	0.126059	0.314962	0.138092	0.567959	0.0933623	0.409825	0.799398	0.0414891	
0.565338	0.0875597	0.917527	0.961216	0.140347	0.635484	0.438722	0.0195981	0.983947	0.985666	0.445714	0.0872242	0.614388	0.194955	0.172417	0.263431	0.816749	0.753611	0.346148	0.335909	0.741863	0.0780916	0.771877	0.0832537	0.384192	0.144833	0.277782	0.118895	0.662309	0.841828	0.474593	0.753678	0.0791216	0.494556	0.687421	0.354793	0.482323	0.127132	0.086613	0.00654367	0.14488	0.129191	0.764453	0.592048	0.661054	0.734563	0.98946	0.092813	0.0497567	0.186614	0.0910084	0.35491	0.931822	0.970734	0.252176	0.0135241	0.463466	0.922631	0.0498209	0.384327	
0.419211	0.855072	0.623468	0.672678	0.863327	0.945046	0.950306	0.971876	0.133096	0.609772	0.152971	0.822366	0.770541	0.553133	0.790505	0.197727	0.245389	0.218642	0.77634	0.921405	0.82242	0.93033	0.365522	0.252429	0.530851	0.876348	0.512334	0.778056	0.184288	0.128204	0.882602	0.951139	0.311161	0.93275	0.893778	0.113827	0.121851	0.929724	0.760214	0.105767	0.339211	0.102711	0.994295	0.215887	0.622897	0.231301	0.950798	0.790349	0.125201	0.195619	0.165139	0.800197	0.408448	0.135566	0.715772	0.753856	0.76514	0.643876	0.868963	0.629814	
0.388663	0.303953	0.480738	0.222837	0.971696	0.917186	0.891359	0.333288	0.462048	0.171314	0.659309	0.331743	0.605792	0.522961	0.32375	0.393964	0.793393	0.57556	0.825364	0.868213	0.42118	0.908333	0.99384	0.652018	0.489926	0.857165	0.538052	0.479124	0.264977	0.916957	0.415533	0.128679	0.349182	0.954306	0.0208909	0.109662	0.549309	0.335248	0.433225	0.194583	0.696162	0.626203	0.488844	0.516536	0.804447	0.68623	0.0562125	0.342833	0.694366	0.404863	0.377479	0.247141	0.752951	0.704296	0.735913	0.42604	0.96101	0.480992	0.0657242	0.539734	
0.440979	0.59386	0.215268	0.0560319	0.992383	0.28317	0.871491	0.394283	0.506799	0.462022	0.425684	0.471831	0.717931	0.577599	0.299534	0.836712	0.930243	0.332755	0.815227	0.220285	0.539032	0.306742	0.73172	0.198476	0.790117	0.0361391	0.378943	0.527372	0.588137	0.96214	0.0391636	0.637745	0.184746	0.97929	0.000949493	0.434483	0.168956	0.648563	0.665577	0.97813	0.828748	0.282896	0.427945	0.177233	0.781402	0.245797	0.802219	0.756668	0.0165461	0.572743	0.866242	0.165782	0.422667	0.960438	0.476866	0.140289	0.0683518	0.481192	0.149364	0.116398	
0.593305	0.389791	0.283029	0.901094	0.585312	0.958347	0.692142	0.0939815	0.976096	0.331438	0.995269	0.0325154	0.493963	0.311415	0.367907	0.195556	0.734916	0.157291	0.475882	0.477727	0.114836	0.0769308	0.0875588	0.191746	0.219458	0.272504	0.176063	0.687396	0.524634	0.355572	0.834697	0.817418	0.2103	0.62039	0.908404	0.491973	0.965615	0.497151	0.883882	0.873374	0.698952	0.222139	0.0988901	0.281483	0.415746	0.13018	0.00212714	0.488314	0.631934	0.589914	0.416065	0.281318	0.238486	0.693673	0.931477	0.794391	0.597462	0.962624	0.38474	0.13921	
0.0127735	0.477558	0.0870672	0.951442	0.00704413	0.397017	0.678385	0.0840805	0.126998	0.803002	0.285708	0.630757	0.68638	0.150499	0.500264	0.15432	0.365362	0.189153	0.0390008	0.595079	0.441559	0.325375	0.388309	0.12265	0.0984065	0.692342	0.308121	0.467565	0.80557	0.978374	0.642347	0.627477	0.17035	0.506641	0.187693	0.930251	0.940675	0.169729	0.920396	0.865034	0.257119	0.740971	0.610321	0.316863	0.603114	0.712147	0.448523	0.537964	0.950431	0.61697	0.308167	0.781188	0.0963953	0.0942802	0.62984	0.0803194	0.658678	0.197967	0.238277	0.56423	
0.130649	0.865921	0.693138	0.514967	0.996093	0.704768	0.259059	0.610072	0.388775	0.417797	0.295851	0.957106	0.469368	0.0203102	0.229732	0.124088	0.913401	0.923811	0.491312	0.981271	0.156107	0.80378	0.252129	0.897908	0.539403	0.851045	0.730452	0.711724	0.4866	0.475987	0.697141	0.792167	0.84397	0.804529	0.583373	0.180777	0.375865	0.942465	0.468806	0.283258	0.413035	0.142335	0.593178	0.552047	0.217898	0.0430247	0.527792	0.0231945	0.196175	0.112025	0.877382	0.530791	0.979215	0.893194	0.164458	0.0482846	0.554689	0.129402	0.030211	0.411576	
0.616187	0.267408	0.162449	0.512928	0.278956	0.0894182	0.128988	0.0380404	0.223334	0.910283	0.714275	0.857155	0.36828	0.0149211	0.706443	0.925661	0.217999	0.459531	0.370385	0.653789	0.743027	0.265053	0.822413	0.283591	0.846071	0.768518	0.489535	0.42123	0.06983	0.297696	0.148081	0.326411	0.695944	0.540828	0.0196719	0.917526	0.199157	0.0212022	0.483344	0.0276611	0.235563	0.311916	0.563531	0.215727	0.336574	0.319415	0.983009	0.624935	0.733048	0.689784	0.37379	0.0625787	0.490763	0.00175852	0.178425	0.32863	0.574915	0.700366	0.0548121	0.702164	
0.433295	0.529106	0.903904	0.508135	0.497885	0.505247	0.0345601	0.894912	0.763119	0.03466	0.451453	0.020596	0.368387	0.0867875	0.277748	0.72846	0.449695	0.897973	0.446106	0.154798	0.932348	0.881808	0.0787368	0.384276	0.197352	0.995568	0.562308	0.576297	0.536776	0.522219	0.658608	0.912228	0.62037	0.335561	0.709768	0.0855513	0.410176	0.5541	0.45118	0.725211	0.382244	0.507458	0.283007	0.0287428	0.721034	0.550889	0.991883	0.474626	0.0525776	0.523987	0.170356	0.138198	0.185184	0.655062	0.219545	0.125609	0.809569	0.563089	0.099413	0.0670525	
