30	40
146.891	0.549495
126.42	0.948975
141.814	0.117218
148.415	0.985577
133.012	0.597137
149.309	0.307101
130.181	0.637015
135.099	0.0605668
134.736	0.932599
138.566	0.0251482
138.525	0.63959
129.412	0.971438
130.03	0.0236257
122.624	0.255253
134.225	0.832091
131.65	0.0329727
138.547	0.0927937
128.832	0.145426
151.075	0.822726
128.6	0.686313
125.162	0.177295
131.983	0.181278
135.848	0.845794
127.02	0.281223
143.125	0.242727
122.48	0.776343
128.11	0.902961
126.902	0.937254
133.682	0.866652
124.51	0.790385
28.4193
7.56215
22.1865
49.3255
1.70012
14.6749
20.9727
17.5552
40.5918
3.13281
43.0813
8.59367
17.5373
37.4598
47.3191
8.19889
23.6733
26.0526
25.5887
21.6038
35.2979
46.894
34.6157
1.56881
8.18133
16.8876
43.8204
41.5803
17.029
23.6088
41.1256
40.063
4.49379
35.5334
22.2007
43.6927
44.3574
5.49615
18.4002
26.9832
0.782222	0.0334839	0.508135	0.400221	0.74044	0.891393	0.879727	0.149086	0.846493	0.110555	0.129329	0.287586	0.974746	0.588749	0.308566	0.291135	0.340688	0.288208	0.0159684	0.859385	0.834141	0.0185443	0.87657	0.355781	0.0678145	0.615208	0.118133	0.633262	0.393012	0.739528	0.506228	0.0949379	0.205372	0.478545	0.0307325	0.670425	0.895906	0.124794	0.0441046	0.140696	
0.524652	0.713454	0.906461	0.35944	0.680286	0.288949	0.0640242	0.521329	0.514543	0.475006	0.182397	0.0159798	0.0418805	0.0874848	0.711218	0.714392	0.249563	0.619792	0.715497	0.32706	0.410241	0.474159	0.325174	0.814019	0.497234	0.443443	0.908885	0.607461	0.274334	0.215311	0.0579662	0.846271	0.385124	0.198233	0.883801	0.458397	0.281923	0.281403	0.421511	0.377047	
0.532101	0.140668	0.194968	0.371264	0.934478	0.0447839	0.211044	0.246609	0.560806	0.659812	0.0269627	0.603466	0.900651	0.487088	0.751689	0.958492	0.636241	0.812006	0.617603	0.747799	0.887488	0.290316	0.394458	0.730075	0.863355	0.587162	0.397403	0.214159	0.290155	0.821118	0.396813	0.0532762	0.899049	0.184753	0.244215	0.237697	0.153684	0.524551	0.25529	0.594439	
0.250789	0.0317617	0.225362	0.312788	0.901106	0.907201	0.704619	0.189954	0.542987	0.496405	0.731405	0.124287	0.712763	0.00551685	0.495378	0.6272	0.747984	0.90517	0.830299	0.385225	0.771103	0.602618	0.756846	0.843992	0.400145	0.987727	0.96722	0.0703261	0.205915	0.713848	0.291758	0.138945	0.0873407	0.0885798	0.939466	0.128775	0.898994	0.138515	0.573527	0.393138	
0.416169	0.381111	0.934011	0.951591	0.355175	0.835418	0.813629	0.788889	0.86749	0.744035	0.519147	0.872033	0.617544	0.928981	0.655623	0.0627898	0.679556	0.852353	0.484758	0.392179	0.044651	0.590034	0.933438	0.904392	0.00188222	0.70766	0.76563	0.91962	0.69196	0.494439	0.252819	0.631391	0.341292	0.34266	0.558494	0.366768	0.528721	0.569001	0.295094	0.738218	
0.461719	0.48495	0.437965	0.509437	0.286094	0.23762	0.830337	0.850993	0.349215	0.677783	0.811643	0.7893	0.646758	0.906623	0.98502	0.93459	0.888084	0.267074	0.0389365	0.767655	0.817613	0.863582	0.617719	0.599285	0.451087	0.107311	0.333108	0.751272	0.895148	0.495677	0.967885	0.166429	0.332847	0.11486	0.287369	0.697782	0.897491	0.468193	0.648042	0.745333	
0.537364	0.329926	0.117403	0.214833	0.167475	0.11208	0.8107	0.0323196	0.477163	0.971669	0.137771	0.498962	0.70021	0.852851	0.271756	0.628128	0.0450648	0.477548	0.515997	0.123123	0.932696	0.283653	0.577068	0.941394	0.160861	0.891935	0.670092	0.840039	0.981121	0.0706397	0.184189	0.0331985	0.737829	0.809495	0.945923	0.870705	0.212544	0.737166	0.282695	0.425834	
0.729301	0.660968	0.57435	0.00827311	0.00532337	0.0943251	0.636989	0.175659	0.0573762	0.187107	0.735565	0.762325	0.225946	0.0709664	0.722152	0.636476	0.93591	0.545875	0.646794	0.469549	0.264059	0.0714316	0.169881	0.422346	0.217296	0.990968	0.49243	0.129058	0.7586	0.0208641	0.603869	0.346152	0.580371	0.692195	0.669836	0.480295	0.101476	0.587834	0.0907704	0.2714	
0.665694	0.621699	0.976963	0.971619	0.864448	0.460851	0.0483995	0.228145	0.547994	0.789903	0.597907	0.117216	0.535504	0.529764	0.389239	0.0548217	0.307889	0.138252	0.35014	0.761161	0.667727	0.174852	0.161781	0.853787	0.799699	0.915066	0.0653258	0.42376	0.6141	0.970561	0.973314	0.538412	0.553104	0.110946	0.931036	0.182217	0.234606	0.0156188	0.56166	0.416791	
0.27984	0.522517	0.045277	0.44677	0.869091	0.110035	0.968942	0.279195	0.206007	0.0468481	0.732668	0.375713	0.713286	0.412563	0.87545	0.522599	0.832939	0.984877	0.734476	0.0465901	0.909836	0.31023	0.162496	0.636714	0.414717	0.105772	0.0275031	0.41219	0.457433	0.13093	0.777361	0.0163158	0.912145	0.672222	0.887687	0.0621496	0.375171	0.748219	0.511304	0.564801	
0.389471	0.0788654	0.969571	0.973542	0.537198	0.34367	0.567078	0.150256	0.746044	0.409815	0.541004	0.468784	0.419853	0.30638	0.440196	0.947638	0.0396442	0.0390331	0.259684	0.822161	0.403537	0.86377	0.538112	0.429059	0.596668	0.091863	0.770706	0.94927	0.396059	0.27982	0.018589	0.197496	0.636259	0.491429	0.425472	0.582879	0.669782	0.112751	0.818707	0.349784	
0.904423	0.0288871	0.477111	0.0336926	0.0424903	0.257349	0.837363	0.350604	0.400454	0.68624	0.0939948	0.922184	0.631825	0.599511	0.160766	0.646708	0.4153	0.52087	0.794492	0.385608	0.723411	0.135973	0.992427	0.904135	0.789324	0.32843	0.974907	0.351461	0.17572	0.554652	0.97345	0.00655466	0.764205	0.45447	0.443309	0.57501	0.0164679	0.75104	0.96275	0.52521	
0.629658	0.896208	0.207724	0.3114	0.459953	0.0352031	0.114712	0.542857	0.491561	0.591551	0.393651	0.837774	0.10151	0.145591	0.447377	0.870165	0.842807	0.838861	0.389262	0.743247	0.453105	0.583962	0.353431	0.180599	0.0708269	0.778073	0.00663703	0.0170164	0.0620087	0.789868	0.310093	0.279088	0.381999	0.629422	0.56254	0.887895	0.97485	0.817762	0.201106	0.967504	
0.725064	0.917439	0.997086	0.0577281	0.130248	0.108303	0.71686	0.0638581	0.630062	0.882749	0.235243	0.371747	0.518791	0.944874	0.381253	0.110663	0.74109	0.283088	0.25009	0.590227	0.367979	0.46626	0.129552	0.626277	0.571024	0.632796	0.817654	0.73236	0.991888	0.821099	0.109064	0.462628	0.899501	0.913392	0.00908942	0.0585865	0.0253191	0.224934	0.898348	0.667123	
0.0427958	0.186396	0.773582	0.821109	0.835754	0.319315	0.0328205	0.195298	0.803246	0.57419	0.312564	0.986917	0.754046	0.200992	0.752771	0.901615	0.893659	0.587478	0.754459	0.626327	0.475988	0.118329	0.154006	0.0540395	0.780244	0.582709	0.0720203	0.31993	0.922925	0.107166	0.629278	0.195682	0.834063	0.67276	0.26706	0.388708	0.742874	0.271594	0.685323	0.0464686	
0.849091	0.102018	0.380881	0.355812	0.684675	0.533576	0.900339	0.0807762	0.837328	0.906135	0.834451	0.866684	0.558384	0.74467	0.507767	0.12613	0.936593	0.293625	0.179621	0.775082	0.530827	0.885726	0.563288	0.674747	0.888071	0.986588	0.606727	0.694464	0.844996	0.0593002	0.609595	0.633598	0.645782	0.104118	0.627926	0.0208452	0.623585	0.74732	0.437173	0.729302	
0.863508	0.0459797	0.106104	0.649303	0.466038	0.70853	0.119156	0.866483	0.711294	0.197039	0.989886	0.381769	0.608994	0.288489	0.655401	0.998195	0.506764	0.527851	0.863008	0.530155	0.607148	0.906343	0.219006	0.530364	0.929403	0.964965	0.718729	0.380264	0.0641035	0.00926268	0.184788	0.295626	0.754652	0.255908	0.124667	0.916389	0.789252	0.532264	0.331829	0.927075	
0.129513	0.0845689	0.182874	0.573624	0.561476	0.70504	0.0476045	0.472214	0.225121	0.76524	0.193838	0.709508	0.364077	0.935424	0.44005	0.0770249	0.747676	0.0813121	0.0558771	0.826698	0.252386	0.967344	0.0665963	0.864955	0.504697	0.24602	0.090772	0.499901	0.0782734	0.0926019	0.250322	0.433175	0.821452	0.924596	0.975907	0.143879	0.117833	0.362738	0.54479	0.634755	
0.721487	0.770229	0.279371	0.021375	0.843552	0.759762	0.40722	0.738308	0.876913	0.535832	0.172572	0.187509	0.922129	0.427082	0.770896	0.489751	0.711868	0.0570745	0.619962	0.366357	0.847034	0.0767853	0.536595	0.701594	0.347291	0.703755	0.371366	0.728129	0.971192	0.825888	0.993989	0.832827	0.574106	0.184758	0.463785	0.86673	0.798022	0.606019	0.543918	0.448611	
0.974653	0.662608	0.429764	0.606913	0.400088	0.649422	0.59257	0.669653	0.679673	0.239378	0.654656	0.17193	0.384486	0.774696	0.43891	0.65078	0.697174	0.441451	0.992199	0.816801	0.543566	0.712298	0.558824	0.0269412	0.0190101	0.144533	0.844507	0.866096	0.329724	0.802613	0.406897	0.98097	0.637935	0.470239	0.938794	0.719728	0.979917	0.579437	0.296129	0.775702	
0.521873	0.434027	0.0196437	0.99347	0.803012	0.415198	0.930015	0.0909467	0.49054	0.939526	0.503905	0.544846	0.190376	0.533621	0.818149	0.488512	0.989296	0.492257	0.894894	0.357815	0.673131	0.3551	0.956443	0.737142	0.34026	0.102118	0.18409	0.801531	0.327549	0.118496	0.525941	0.121112	0.551016	0.540097	0.308847	0.76479	0.863112	0.350498	0.466079	0.842601	
0.472282	0.742381	0.614688	0.274181	0.862359	0.974413	0.892249	0.418609	0.95387	0.328463	0.662917	0.634375	0.848849	0.67881	0.183777	0.095518	0.266458	0.568254	0.756867	0.2584	0.690959	0.650101	0.894099	0.930217	0.280899	0.970798	0.789719	0.37248	0.274301	0.40066	0.39246	0.953013	0.571189	0.902074	0.60422	0.875724	0.64198	0.988824	0.423174	0.944607	
0.230016	0.931891	0.561138	0.237735	0.11696	0.00386443	0.878508	0.734727	0.850035	0.511532	0.623849	0.244602	0.522467	0.692571	0.1237	0.573566	0.605116	0.188702	0.492813	0.430011	0.160267	0.780555	0.228269	0.181404	0.557991	0.34731	0.993149	0.0839943	0.99196	0.434718	0.653862	0.755107	0.0634815	0.252079	0.494202	0.779523	0.167795	0.212963	0.004684	0.112997	
0.779979	0.868674	0.148132	0.565276	0.348177	0.83366	0.758565	0.886397	0.805901	0.369695	0.744614	0.417161	0.783983	0.500843	0.58409	0.450352	0.18603	0.53607	0.359356	0.457214	0.890744	0.69644	0.0557815	0.0127175	0.703654	0.0233754	0.525616	0.855354	0.662242	0.40158	0.23574	0.436069	0.0701662	0.380895	0.00487382	0.000808871	0.843069	0.60093	0.790349	0.0935055	
0.910875	0.815366	0.00176377	0.592331	0.663601	0.184647	0.798551	0.727946	0.563746	0.791806	0.817619	0.990346	0.673033	0.898346	0.984484	0.57462	0.444918	0.635538	0.298311	0.505549	0.923429	0.600599	0.804583	0.382309	0.0202846	0.159538	0.679966	0.527221	0.355496	0.378114	0.432392	0.166723	0.223508	0.951255	0.907558	0.387098	0.382431	0.848127	0.603198	0.980339	
0.73612	0.297245	0.725327	0.787007	0.466896	0.822908	0.243071	0.454723	0.562773	0.692727	0.260026	0.417928	0.0926383	0.360237	0.545256	0.0465853	0.145753	0.359683	0.0813888	0.810736	0.672644	0.406067	0.0263003	0.908746	0.111556	0.830663	0.046693	0.964681	0.679129	0.432409	0.847382	0.251292	0.920749	0.0424272	0.118665	0.378372	0.545756	0.126608	0.822232	0.164097	
0.632423	0.360942	0.524298	0.123293	0.829524	0.702585	0.413108	0.59758	0.13961	0.50334	0.880344	0.225915	0.534677	0.361036	0.244166	0.508963	0.378236	0.607497	0.753242	0.571999	0.10178	0.148616	0.291869	0.623573	0.130084	0.314485	0.220716	0.441824	0.235557	0.759978	0.866803	0.484333	0.599201	0.282669	0.948735	0.665024	0.446245	0.300853	0.882743	0.307557	
0.555191	0.715668	0.824015	0.690097	0.808027	0.750754	0.153807	0.939963	0.451281	0.565426	0.447156	0.0790703	0.88659	0.536026	0.16455	0.582974	0.548115	0.759422	0.317195	0.785789	0.228339	0.839856	0.304551	0.251597	0.826308	0.639078	0.284185	0.0792179	0.320852	0.344747	0.942589	0.925351	0.710827	0.0858718	0.315966	0.0610042	0.0388729	0.303225	0.586055	0.904857	
0.112062	0.109707	0.701191	0.869905	0.94632	0.880643	0.772936	0.610365	0.542202	0.309813	0.28354	0.896092	0.0198501	0.729806	0.560041	0.843601	0.375185	0.865079	0.0229237	0.114855	0.23973	0.196457	0.787183	0.158405	0.413704	0.852377	0.292558	0.569309	0.202606	0.625924	0.0386323	0.347461	0.339737	0.438016	0.25553	0.894349	0.0112349	0.0938686	0.773769	0.194274	
0.680252	0.177692	0.164062	0.878108	0.701478	0.776783	0.845369	0.618483	0.465152	0.032872	0.446066	0.341076	0.796142	0.174715	0.950101	0.417354	0.563749	0.640856	0.274343	0.82319	0.569801	0.82966	0.0903537	0.483524	0.511656	0.836667	0.449443	0.406805	0.0219053	0.16802	0.368791	0.274812	0.812957	0.234515	0.617245	0.0839283	0.853139	0.611739	0.703163	0.667725	
