25	40
126.807	0.193938
116.809	0.122089
109.366	0.165992
122.375	0.493499
113.018	0.61718
110.811	0.635014
107.575	0.716132
125.124	0.32011
119.577	0.181018
109.983	0.891035
117.704	0.925794
115.624	0.9411
128.004	0.364629
119.485	0.999878
115.269	0.0189511
113.931	0.551576
114.617	0.879357
118.601	0.463867
121.43	0.927459
124.183	0.16799
117.524	0.963667
117.731	0.681684
115.436	0.928823
113.911	0.235247
121.849	0.749907
33.6348
22.7906
39.4175
38.5949
23.7183
28.7417
22.2009
43.0957
48.3811
49.4715
37.8564
14.4106
34.0433
29.9465
48.1001
42.4455
8.64954
47.0136
43.6495
42.4038
27.8467
31.1294
7.28137
11.6307
16.5157
45.2106
20.6745
16.2449
48.7927
38.031
41.2476
20.761
4.28883
16.9303
13.5014
41.3607
4.48432
21.6297
32.9846
7.39041
0.0380727	0.542392	0.107424	0.777035	0.256735	0.497844	0.367395	0.149656	0.306285	0.733253	0.731466	0.900755	0.136127	0.998626	0.369274	0.413737	0.128705	0.036583	0.759327	0.0579598	0.991681	0.245306	0.217788	0.958258	0.702989	0.61876	0.728737	0.736717	0.868492	0.61749	0.523561	0.296455	0.0561681	0.11448	0.643236	0.929056	0.507745	0.816816	0.187439	0.511856	
0.542186	0.930963	0.613078	0.18942	0.245605	0.483004	0.291477	0.939531	0.308267	0.00205162	0.873576	0.32859	0.328725	0.106939	0.62706	0.935396	0.90609	0.73802	0.686212	0.549356	0.382526	0.818294	0.305868	0.65662	0.811664	0.553226	0.836536	0.239805	0.883518	0.0761666	0.712568	0.0311298	0.622154	0.528228	0.0758424	0.977597	0.248929	0.471353	0.138408	0.0310993	
0.8251	0.0314299	0.299642	0.00821546	0.647962	0.444372	0.307115	0.457684	0.914864	0.629279	0.103822	0.581679	0.263097	0.640865	0.0108623	0.80255	0.517349	0.426327	0.0364879	0.101117	0.937228	0.142901	0.08562	0.575139	0.254496	0.57231	0.811073	0.745111	0.334989	0.00413442	0.517516	0.235343	0.106205	0.420729	0.0704423	0.365205	0.0768604	0.924217	0.197578	0.145522	
0.758482	0.520652	0.55399	0.372716	0.949382	0.327294	0.208862	0.296782	0.29761	0.565044	0.977618	0.073826	0.204952	0.365791	0.235686	0.40413	0.45696	0.867631	0.179389	0.212668	0.881358	0.698327	0.484624	0.961319	0.288931	0.843573	0.135637	0.0819296	0.523418	0.113315	0.718679	0.644795	0.223624	0.282474	0.739586	0.51975	0.723934	0.559318	0.0801863	0.478549	
0.0424805	0.584065	0.362	0.272589	0.238083	0.589284	0.600998	0.857808	0.315806	0.715959	0.206832	0.20207	0.747538	0.490854	0.0133803	0.388622	0.362681	0.00204127	0.769606	0.196568	0.343278	0.67775	0.101887	0.365787	0.896824	0.0480296	0.4773	0.575323	0.557815	0.726547	0.444485	0.0468948	0.300771	0.346424	0.674301	0.174673	0.895274	0.048305	0.991376	0.436543	
0.17964	0.439011	0.484397	0.931168	0.650741	0.447438	0.492767	0.781071	0.385152	0.928249	0.827098	0.512854	0.505614	0.550505	0.186976	0.296123	0.859825	0.339007	0.979999	0.502693	0.586147	0.653995	0.605482	0.830994	0.915379	0.54436	0.602636	0.755467	0.907832	0.311805	0.704617	0.335959	0.871242	0.943252	0.8644	0.465834	0.679577	0.842561	0.0887123	0.984192	
0.297065	0.116363	0.972164	0.921583	0.93029	0.401927	0.540705	0.832672	0.327766	0.213059	0.320517	0.918568	0.978156	0.977173	0.807626	0.949229	0.76665	0.200986	0.78067	0.391956	0.256921	0.486534	0.903242	0.993258	0.589281	0.0092001	0.740297	0.791504	0.45558	0.371051	0.831607	0.681415	0.643276	0.898964	0.0899177	0.223564	0.127645	0.0593635	0.561743	0.0579359	
0.265647	0.984946	0.745475	0.930234	0.969612	0.655927	0.528686	0.22266	0.677247	0.596436	0.877444	0.413433	0.266216	0.850975	0.965089	0.68489	0.970671	0.0495844	0.25487	0.696785	0.0111263	0.128042	0.333688	0.214416	0.983692	0.395133	0.09995	0.466682	0.598821	0.711496	0.239594	0.529288	0.92519	0.0214761	0.526518	0.267898	0.531968	0.442072	0.00575467	0.0783706	
0.962049	0.692622	0.484532	0.922214	0.0848767	0.75329	0.0465096	0.559278	0.739011	0.0313845	0.378301	0.946327	0.189817	0.972573	0.315174	0.901616	0.248602	0.312404	0.297984	0.913536	0.708668	0.283082	0.0111549	0.936206	0.107633	0.450262	0.0445038	0.851143	0.374058	0.447944	0.126089	0.346652	0.264782	0.391459	0.305721	0.990386	0.602215	0.923306	0.471992	0.425078	
0.326919	0.742025	0.258301	0.456753	0.928083	0.328546	0.402041	0.461076	0.79599	0.211789	0.999824	0.596869	0.129574	0.585371	0.745346	0.521803	0.276637	0.53921	0.448914	0.581047	0.836515	0.0668793	0.529065	0.556284	0.635979	0.902892	0.990212	0.225628	0.693544	0.382914	0.0194418	0.667321	0.702966	0.526407	0.71241	0.92381	0.509153	0.390428	0.913859	0.338133	
0.197225	0.564033	0.880726	0.401248	0.721388	0.435533	0.396028	0.297308	0.147789	0.224952	0.500917	0.984723	0.864931	0.885709	0.53661	0.490577	0.507054	0.796393	0.248838	0.275914	0.430062	0.208229	0.801515	0.758932	0.993603	0.382639	0.673366	0.342429	0.538516	0.589383	0.897398	0.82607	0.108021	0.783398	0.776928	0.594342	0.476725	0.251518	0.998838	0.255883	
0.523216	0.494223	0.670502	0.980531	0.0179174	0.386995	0.82974	0.529726	0.447258	0.828838	0.248175	0.373191	0.446596	0.516325	0.750959	0.312326	0.412478	0.383597	0.289835	0.207527	0.435004	0.739855	0.38055	0.676184	0.082461	0.0392015	0.488644	0.830942	0.123673	0.865256	0.180717	0.378485	0.318339	0.710684	0.649097	0.370472	0.781785	0.632435	0.245616	0.992363	
0.977339	0.698128	0.133558	0.981537	0.533332	0.368581	0.559776	0.395015	0.53361	0.300669	0.0589761	0.724437	0.269314	0.988162	0.877644	0.0630807	0.0402097	0.624876	0.986114	0.930237	0.0233072	0.139042	0.275901	0.422264	0.564894	0.583285	0.204105	0.058349	0.649841	0.361696	0.0259332	0.113331	0.684025	0.315752	0.966963	0.551764	0.970229	0.544265	0.298218	0.510319	
0.0860973	0.254343	0.567729	0.284475	0.0339878	0.690929	0.780076	0.96993	0.825174	0.846674	0.514693	0.368781	0.993111	0.902257	0.617627	0.578093	0.455225	0.73585	0.153073	0.603102	0.330578	0.072301	0.900192	0.841643	0.817138	0.741592	0.4335	0.771214	0.927966	0.51604	0.338766	0.278928	0.243316	0.45635	0.894794	0.936816	0.697514	0.96158	0.834199	0.351804	
0.535226	0.604781	0.934065	0.23548	0.101331	0.340349	0.864745	0.928815	0.417978	0.277035	0.379294	0.186378	0.153578	0.176483	0.831335	0.992917	0.767251	0.666946	0.220601	0.449612	0.803157	0.573108	0.880411	0.699504	0.412708	0.483204	0.990784	0.294208	0.26733	0.934828	0.94332	0.260852	0.194896	0.651132	0.194073	0.912415	0.55428	0.681908	0.0637579	0.844658	
0.918222	0.186665	0.761469	0.231488	0.135171	0.0680727	0.130861	0.23082	0.534252	0.51002	0.434172	0.177061	0.691963	0.70085	0.492067	0.941111	0.665682	0.843959	0.891046	0.794669	0.405739	0.313177	0.211627	0.580339	0.43937	0.120912	0.958565	0.0424822	0.105479	0.866454	0.827647	0.557173	0.516372	0.878727	0.358468	0.866983	0.965739	0.976158	0.0081788	0.605414	
0.196278	0.309516	0.430992	0.422414	0.0541241	0.913591	0.202057	0.93085	0.0487533	0.608127	0.854062	0.919856	0.691762	0.636696	0.482309	0.408631	0.103974	0.0190777	0.816494	0.452601	0.512576	0.495195	0.742294	0.809764	0.731506	0.696937	0.876459	0.790023	0.949419	0.38563	0.933576	0.315422	0.702034	0.37903	0.978677	0.235095	0.959529	0.968474	0.981755	0.584525	
0.259115	0.732417	0.552503	0.962812	0.588629	0.779954	0.548945	0.143793	0.217257	0.696794	0.118216	0.957204	0.58823	0.658734	0.450514	0.154774	0.752415	0.596834	0.794501	0.884322	0.177787	0.0425324	0.615588	0.730075	0.650584	0.861432	0.640419	0.893836	0.543233	0.0558474	0.275574	0.413827	0.823692	0.130627	0.0741241	0.397691	0.87722	0.640225	0.856732	0.305901	
0.0930439	0.606281	0.858659	0.247408	0.305744	0.0603564	0.233633	0.845394	0.575966	0.857805	0.855038	0.539195	0.88472	0.868159	0.559853	0.923583	0.0252345	0.876705	0.374647	0.171146	0.440939	0.220748	0.548321	0.351211	0.506476	0.126672	0.96154	0.938312	0.410676	0.880472	0.334647	0.880907	0.421832	0.615692	0.522226	0.567444	0.19974	0.548855	0.868069	0.711705	
0.238314	0.699132	0.654796	0.767346	0.111125	0.355214	0.562672	0.797172	0.888755	0.868502	0.473875	0.82528	0.69252	0.779726	0.77862	0.688618	0.282922	0.715523	0.709018	0.184923	0.654188	0.540259	0.60501	0.676797	0.427531	0.580636	0.313366	0.385441	0.212915	0.0945697	0.204077	0.696896	0.732124	0.600617	0.174226	0.809857	0.73022	0.396318	0.734949	0.821726	
0.503767	0.440911	0.698799	0.993951	0.200523	0.356835	0.346724	0.985046	0.895871	0.04409	0.634078	0.454914	0.0499572	0.866179	0.940476	0.938146	0.648967	0.839367	0.209307	0.813811	0.45929	0.291641	0.177318	0.585077	0.291562	0.372505	0.587709	0.157716	0.81502	0.316177	0.0790524	0.253561	0.990351	0.753656	0.616061	0.67685	0.394847	0.880557	0.887772	0.451688	
0.300176	0.693835	0.749934	0.232431	0.052698	0.802974	0.28008	0.440968	0.888207	0.22159	0.853531	0.283118	0.891128	0.793696	0.23441	0.51448	0.324335	0.366608	0.272139	0.929456	0.750777	0.944143	0.599276	0.314924	0.267414	0.798146	0.675442	0.378014	0.638472	0.922149	0.106056	0.12396	0.137724	0.523429	0.071415	0.989868	0.0244342	0.574562	0.882288	0.0853689	
0.773053	0.250195	0.0653963	0.742441	0.482061	0.468685	0.696472	0.0435609	0.913606	0.943377	0.0420945	0.0573946	0.335568	0.545991	0.864836	0.667095	0.772096	0.905784	0.877629	0.436422	0.343487	0.677933	0.0125662	0.494013	0.407788	0.408206	0.367236	0.142319	0.87581	0.569423	0.576863	0.82674	0.687589	0.58654	0.447106	0.0701185	0.820986	0.937394	0.374048	0.732901	
0.955427	0.0106427	0.368419	0.210791	0.320896	0.986402	0.832913	0.956671	0.0279617	0.58073	0.518585	0.0933277	0.840335	0.136381	0.936175	0.969307	0.0455411	0.491023	0.157553	0.561195	0.159931	0.785812	0.474481	0.0588795	0.698611	0.364834	0.705196	0.999581	0.613572	0.6727	0.945048	0.930526	0.675123	0.284142	0.398647	0.646067	0.703428	0.187846	0.255948	0.498915	
0.745603	0.0884939	0.879921	0.285603	0.464919	0.609104	0.257812	0.699391	0.271492	0.723936	0.717239	0.974116	0.480679	0.954025	0.389505	0.0508559	0.682257	0.0822413	0.956476	0.482683	0.367821	0.383338	0.695563	0.577265	0.336008	0.383914	0.343483	0.988274	0.934149	0.718589	0.12749	0.677559	0.64314	0.417078	0.66783	0.0455882	0.0767614	0.373026	0.760455	0.513697	
