30	40
137.654	0.37557
147.702	0.210919
121.499	0.873833
121.631	0.407938
137.009	0.0111342
147.636	0.268571
140.149	0.526746
126.26	0.237921
147.296	0.26719
138.942	0.631332
124.903	0.816315
130.979	0.0472174
142.738	0.403552
143.663	0.671285
138.642	0.0201556
144.584	0.491654
147.132	0.0263505
139.019	0.0617894
130.986	0.201499
131.709	0.973403
130.446	0.0251293
133.472	0.802337
132.106	0.818279
125.554	0.969111
122.739	0.974234
137.597	0.280531
135.203	0.749057
127.184	0.577833
137.009	0.0859236
142.269	0.959513
19.1763
24.2592
32.1275
36.2269
42.5733
2.16879
25.5495
49.656
42.848
32.5115
30.1038
16.6126
12.502
24.8802
40.8871
37.9328
13.5465
37.9715
41.9068
46.2945
35.6365
22.638
43.6486
46.7804
34.5611
25.9405
3.35011
7.88557
41.367
27.4107
24.2798
34.913
42.3795
4.31587
7.35075
42.9244
22.3719
1.95601
28.427
41.1719
0.961754	0.771927	0.0900242	0.0660986	0.642378	0.986381	0.738409	0.402384	0.753201	0.805759	0.00083706	0.57802	0.31629	0.294619	0.206829	0.134612	0.308195	0.956515	0.178481	0.0400356	0.0871786	0.993304	0.169402	0.155667	0.0521608	0.815043	0.092709	0.165746	0.699453	0.353755	0.317451	0.66219	0.555267	0.267656	0.177805	0.875264	0.782933	0.535758	0.921182	0.350244	
0.246367	0.907274	0.731972	0.996404	0.157495	0.167981	0.337761	0.494825	0.362382	0.613178	0.157581	0.558299	0.73239	0.309889	0.682188	0.501532	0.327455	0.0450656	0.170853	0.68945	0.825033	0.983934	0.887706	0.883768	0.825757	0.562115	0.964765	0.599421	0.18951	0.552167	0.994361	0.449564	0.839764	0.971371	0.413291	0.393499	0.178985	0.0416099	0.950921	0.126284	
0.0351974	0.479441	0.232049	0.350947	0.242229	0.941327	0.693063	0.516559	0.628105	0.206934	0.245777	0.408626	0.351753	0.0697956	0.768523	0.531507	0.119619	0.493483	0.79394	0.367217	0.35129	0.442125	0.0715539	0.593824	0.966212	0.572288	0.507036	0.795799	0.181522	0.729281	0.201431	0.602626	0.340428	0.2029	0.799695	0.954825	0.650561	0.437919	0.875723	0.496936	
0.922198	0.742169	0.427687	0.0813847	0.906915	0.652119	0.809702	0.898227	0.39415	0.755517	0.0775233	0.346749	0.423562	0.59222	0.401853	0.564352	0.986959	0.747118	0.750419	0.90091	0.81562	0.624163	0.315114	0.619378	0.847053	0.555387	0.938022	0.143864	0.373374	0.848221	0.524372	0.223088	0.198506	0.461015	0.583091	0.739375	0.259429	0.608596	0.70221	0.333946	
0.384787	0.802999	0.437989	0.904278	0.922146	0.913783	0.263193	0.804324	0.526819	0.0178544	0.283478	0.261485	0.43367	0.271253	0.57686	0.045284	0.451048	0.0102666	0.579441	0.163234	0.178097	0.125567	0.405882	0.511005	0.134852	0.407416	0.894176	0.476043	0.63064	0.262614	0.966104	0.303045	0.690775	0.665269	0.88168	0.0236492	0.600315	0.0106163	0.441168	0.521741	
0.725803	0.27431	0.0634555	0.188547	0.538031	0.510596	0.348891	0.62139	0.284688	0.688257	0.37695	0.23259	0.00934043	0.0698244	0.774462	0.867602	0.851854	0.319627	0.62453	0.403356	0.219538	0.895316	0.463073	0.166042	0.401649	0.670124	0.0593383	0.323385	0.243761	0.465115	0.342945	0.200481	0.290299	0.790381	0.38874	0.208641	0.275076	0.449722	0.189008	0.241369	
0.452601	0.939391	0.896632	0.557949	0.293628	0.728823	0.353153	0.358564	0.290008	0.200537	0.210821	0.873432	0.780851	0.431559	0.412498	0.30872	0.970565	0.0277757	0.51253	0.631243	0.121134	0.726771	0.433332	0.191125	0.702047	0.663208	0.233538	0.115349	0.744344	0.892722	0.844144	0.32274	0.734917	0.813646	0.987759	0.934286	0.873315	0.902316	0.88211	0.454164	
0.859233	0.592376	0.68517	0.759805	0.537531	0.214715	0.934575	0.24304	0.807428	0.276271	0.640361	0.0434495	0.292364	0.457078	0.771784	0.625269	0.889506	0.29861	0.80929	0.680663	0.94181	0.0275234	0.889945	0.154888	0.12171	0.101092	0.930795	0.0407277	0.267238	0.244074	0.26449	0.388893	0.604769	0.631308	0.642438	0.555405	0.503149	0.979135	0.278781	0.364634	
0.0475896	0.998824	0.863514	0.095086	0.771458	0.663185	0.228158	0.992813	0.792935	0.870389	0.749633	0.835076	0.978595	0.459517	0.135654	0.518323	0.923982	0.632284	0.349457	0.575777	0.898929	0.743344	0.310004	0.743914	0.672883	0.0699963	0.296915	0.180577	0.996776	0.668252	0.424164	0.00734286	0.611616	0.860588	0.802258	0.392245	0.9434	0.942288	0.226614	0.151546	
0.929408	0.636939	0.0163073	0.165388	0.0614138	0.606153	0.072191	0.110485	0.574414	0.424019	0.775012	0.660277	0.0346358	0.0249434	0.332015	0.785947	0.126765	0.55689	0.602007	0.994279	0.742224	0.564868	0.0649274	0.132195	0.505101	0.602928	0.640912	0.173338	0.879325	0.48813	0.060785	0.387361	0.717993	0.0885557	0.261198	0.660235	0.762991	0.629051	0.533937	0.823393	
0.816707	0.641045	0.796534	0.493307	0.654207	0.828049	0.847218	0.720078	0.855824	0.771381	0.99777	0.766209	0.535859	0.0806554	0.429605	0.961535	0.795039	0.533046	0.839079	0.830459	0.116613	0.390774	0.110931	0.868956	0.794334	0.705772	0.332415	0.534264	0.632152	0.47141	0.878349	0.418869	0.0224751	0.449766	0.166704	0.964105	0.383704	0.0942609	0.15494	0.916806	
0.370555	0.348263	0.708811	0.146021	0.473408	0.310694	0.781022	0.957887	0.431524	0.370195	0.572395	0.0928187	0.227375	0.474895	0.021422	0.177712	0.705643	0.0581038	0.666154	0.268194	0.868798	0.197316	0.594044	0.287846	0.487433	0.925288	0.924769	0.505901	0.809711	0.380904	0.790918	0.766742	0.439449	0.446936	0.0992838	0.177279	0.385492	0.850702	0.641091	0.0133509	
0.370891	0.791642	0.159518	0.0938863	0.0834892	0.355447	0.588884	0.946319	0.0254146	0.83114	0.545067	0.533485	0.251566	0.225127	0.6312	0.179493	0.901574	0.433405	0.00711349	0.297662	0.688124	0.105949	0.429035	0.334976	0.323937	0.598989	0.417209	0.598615	0.804368	0.967924	0.119544	0.295437	0.921164	0.767799	0.058292	0.779449	0.672751	0.900844	0.909876	0.770849	
0.0657366	0.87198	0.220604	0.530888	0.752942	0.705999	0.831227	0.606631	0.0444845	0.155252	0.317617	0.099731	0.326352	0.231067	0.81834	0.638617	0.923011	0.5952	0.151481	0.963225	0.510768	0.689585	0.558034	0.110773	0.511399	0.867134	0.246021	0.181357	0.512943	0.354499	0.0716798	0.172068	0.814769	0.1573	0.371797	0.990514	0.018349	0.631112	0.117642	0.457667	
0.865717	0.973358	0.0464537	0.742864	0.0782682	0.553222	0.323102	0.576964	0.510712	0.344836	0.714676	0.204178	0.333987	0.62916	0.775849	0.600195	0.273639	0.341788	0.321191	0.580463	0.972974	0.418389	0.597053	0.163991	0.820795	0.757656	0.837641	0.511965	0.861215	0.317696	0.879227	0.818086	0.064092	0.810777	0.401398	0.720968	0.366733	0.601635	0.2831	0.84897	
0.688032	0.475866	0.578242	0.0735175	0.504628	0.214676	0.656365	0.560077	0.88901	0.902378	0.409787	0.0274753	0.114281	0.518896	0.792772	0.399037	0.0224979	0.431276	0.585065	0.175039	0.0248534	0.590798	0.802057	0.565954	0.0501689	0.0321459	0.128013	0.202383	0.99115	0.885334	0.647509	0.748264	0.651164	0.823631	0.199911	0.108726	0.826064	0.311398	0.307732	0.475775	
0.35703	0.603266	0.537488	0.901249	0.672992	0.0328198	0.936963	0.455643	0.578748	0.0480464	0.15464	0.900239	0.188709	0.566243	0.534995	0.183612	0.0262849	0.247966	0.706929	0.109313	0.849541	0.0980873	0.389344	0.113182	0.452236	0.233006	0.867798	0.904215	0.670676	0.501226	0.906844	0.317948	0.232031	0.817548	0.714125	0.604562	0.157844	0.48732	0.27011	0.265254	
0.875517	0.464079	0.150268	0.0117601	0.188881	0.161919	0.333283	0.763098	0.736298	0.188305	0.365211	0.0478342	0.231792	0.0790753	0.0301733	0.572061	0.729045	0.500302	0.896469	0.647647	0.15056	0.317979	0.841526	0.567883	0.205307	0.509399	0.0458756	0.750434	0.764353	0.0917053	0.188422	0.811355	0.0184055	0.0938059	0.182148	0.00640388	0.130046	0.981603	0.171648	0.16535	
0.292431	0.785842	0.847514	0.591016	0.518453	0.160236	0.594563	0.930394	0.645028	0.941991	0.558358	0.635088	0.529153	0.944406	0.31249	0.437124	0.787656	0.541266	0.838617	0.218156	0.856974	0.836479	0.764544	0.313248	0.612191	0.448344	0.576128	0.631074	0.937794	0.0688655	0.234412	0.983491	0.870162	0.355943	0.247126	0.384803	0.289184	0.0337088	0.67246	0.669139	
0.993154	0.543632	0.9247	0.0281901	0.172622	0.222422	0.481516	0.847033	0.80224	0.67191	0.230522	0.869478	0.652495	0.900545	0.478515	0.658691	0.229861	0.268857	0.943415	0.270477	0.925535	0.41882	0.0681138	0.00879677	0.0832616	0.591753	0.103265	0.522874	0.463051	0.587734	0.830441	0.586168	0.395531	0.890125	0.874613	0.279359	0.640087	0.613824	0.390363	0.213803	
0.598388	0.514959	0.444453	0.550848	0.719224	0.00543531	0.056841	0.930301	0.847201	0.364963	0.221408	0.98191	0.98644	0.00222347	0.0464378	0.0601776	0.903911	0.186032	0.148439	0.266724	0.74039	0.858099	0.477986	0.684511	0.702602	0.962482	0.320607	0.254105	0.909435	0.975994	0.612014	0.89314	0.763324	0.430536	0.560321	0.759581	0.191925	0.192219	0.253446	0.337255	
0.369331	0.286418	0.112	0.303464	0.821372	0.541515	0.895653	0.0181438	0.632516	0.035519	0.817585	0.459328	0.264917	0.942098	0.627322	0.0817107	0.657596	0.770403	0.219532	0.528568	0.608716	0.319181	0.909188	0.969663	0.81738	0.457175	0.45544	0.953052	0.467784	0.208526	0.890423	0.469299	0.0171807	0.222247	0.340397	0.759978	0.372363	0.499997	0.466651	0.459314	
0.239769	0.605914	0.915875	0.957921	0.335717	0.680946	0.000282446	0.744347	0.401316	0.710716	0.881849	0.0121149	0.85533	0.0563283	0.895377	0.782373	0.764146	0.189074	0.0450326	0.087823	0.543076	0.641171	0.147662	0.742385	0.841253	0.813818	0.946018	0.518176	0.00662391	0.215851	0.409679	0.131299	0.398613	0.528417	0.0223644	0.307486	0.656729	0.33806	0.157867	0.772338	
0.836236	0.523246	0.403375	0.187394	0.289685	0.889758	0.300968	0.915011	0.0589455	0.757728	0.776078	0.0630093	0.657765	0.163386	0.443902	0.681633	0.0147744	0.638408	0.635456	0.223228	0.931971	0.476749	0.139849	0.78041	0.996344	0.101955	0.0874986	0.867557	0.953368	0.904203	0.205937	0.180711	0.223257	0.658333	0.630274	0.273891	0.500438	0.632764	0.964647	0.0654393	
0.775319	0.215017	0.135027	0.172649	0.902599	0.618908	0.468415	0.676125	0.283012	0.375967	0.768596	0.446111	0.865408	0.89572	0.0685074	0.162236	0.860826	0.960433	0.0261229	0.526045	0.622125	0.554456	0.563349	0.35671	0.551266	0.463784	0.392592	0.850452	0.872155	0.082559	0.0902831	0.0246468	0.0218277	0.775746	0.242316	0.643642	0.98392	0.77224	0.41197	0.712228	
0.906564	0.819444	0.176889	0.446772	0.770321	0.837936	0.41102	0.665617	0.913371	0.208741	0.231531	0.534937	0.369069	0.800881	0.205572	0.599699	0.621588	0.999657	0.533308	0.729744	0.735254	0.234435	0.182024	0.0901371	0.585063	0.941903	0.398579	0.272153	0.343831	0.391265	0.184019	0.391609	0.135395	0.424146	0.084328	0.655758	0.648379	0.190965	0.60709	0.394451	
0.530712	0.43022	0.275259	0.160139	0.487852	0.237265	0.383997	0.109415	0.265789	0.628616	0.146658	0.0317035	0.939384	0.947475	0.590242	0.0855273	0.987524	0.879005	0.763489	0.571654	0.54877	0.73069	0.51078	0.104442	0.552858	0.704842	0.820512	0.114624	0.187562	0.795516	0.291933	0.718615	0.534855	0.59898	0.290328	0.0552657	0.123595	0.806902	0.333236	0.421868	
0.162355	0.233685	0.456766	0.0472318	0.0886068	0.0173314	0.809763	0.464205	0.685903	0.421696	0.601883	0.600171	0.880832	0.565833	0.850657	0.0528911	0.382598	0.13456	0.763735	0.0286462	0.986449	0.80814	0.600926	0.0447553	0.0192035	0.31097	0.162205	0.0711264	0.874371	0.369586	0.824337	0.295486	0.869912	0.468914	0.781163	0.57357	0.0280185	0.718067	0.0856386	0.246589	
0.213046	0.0377863	0.646464	0.488672	0.819363	0.0434539	0.824501	0.556797	0.961667	0.412143	0.520924	0.29806	0.46959	0.355902	0.329268	0.224478	0.158966	0.134137	0.736909	0.624112	0.488354	0.219983	0.404864	0.537071	0.927684	0.849514	0.542999	0.404271	0.210046	0.403436	0.69208	0.832508	0.835736	0.971807	0.156722	0.368579	0.429493	0.940954	0.83727	0.610172	
0.680447	0.78435	0.00722318	0.148982	0.190411	0.973036	0.0795828	0.0903595	0.618858	0.377839	0.1312	0.976904	0.537992	0.0492505	0.240299	0.613725	0.333645	0.323067	0.726366	0.226703	0.219165	0.179392	0.962458	0.963239	0.737592	0.874741	0.0296538	0.0715506	0.405014	0.134172	0.335682	0.335699	0.477816	0.606521	0.558775	0.344031	0.956553	0.706561	0.671614	0.563965	
