25	50
102.905	0.189395
105.562	0.943475
108.865	0.346732
110.336	0.833036
100.477	0.311731
118.351	0.0276775
115.303	0.0146421
100.389	0.883421
123.383	0.421113
100.662	0.493397
121.48	0.41251
106.578	0.0383552
119.252	0.71515
120.992	0.549016
109.321	0.366665
107.609	0.888954
119.381	0.0931376
122.943	0.615232
117.837	0.895279
111.702	0.537892
116.072	0.412628
101.241	0.39346
112.175	0.493109
103.965	0.818027
100.209	0.486098
26.4123
4.40031
28.9144
10.0791
47.0352
14.2574
9.21739
41.7803
36.3675
29.1047
26.8203
5.66007
20.129
39.2269
5.41244
21.2256
37.6855
26.0121
24.1513
42.3154
11.595
14.8063
13.7528
40.6032
39.1967
39.4817
46.2502
42.7438
36.6268
37.9166
19.4548
18.6505
46.4863
1.78922
27.8885
39.6174
24.947
41.6427
10.2847
16.268
4.92521
17.6053
34.7503
5.32748
33.3396
30.2853
29.1935
29.7371
36.4386
40.0245
0.0271134	0.656966	0.70863	0.0681035	0.403623	0.260226	0.869137	0.0985336	0.811478	0.105671	0.616241	0.110183	0.275854	0.387909	0.236337	0.0247937	0.550929	0.152667	0.839909	0.640035	0.942449	0.0750184	0.763411	0.95105	0.615142	0.260653	0.0889339	0.0734384	0.527099	0.0117831	0.267849	0.534166	0.85327	0.769717	0.742215	0.544868	0.87921	0.375754	0.952611	0.7825	0.333838	0.943958	0.43861	0.0592083	0.725678	0.989347	0.152028	0.752073	0.654818	0.0532938	
0.0626134	0.517432	0.422369	0.695922	0.298401	0.998587	0.179634	0.480233	0.0251296	0.0971628	0.693519	0.817278	0.467934	0.697858	0.794435	0.631358	0.834319	0.318515	0.026239	0.00923754	0.36372	0.846365	0.227327	0.437736	0.162441	0.0181271	0.573395	0.994347	0.1977	0.478149	0.765377	0.82201	0.603755	0.943907	0.525005	0.706638	0.983385	0.606566	0.061464	0.484156	0.166788	0.981103	0.444185	0.575673	0.730224	0.329253	0.566205	0.424662	0.550289	0.167553	
0.333894	0.512594	0.669362	0.454108	0.447275	0.276909	0.413817	0.490443	0.162757	0.521376	0.637767	0.206364	0.277875	0.613305	0.592273	0.251446	0.0305293	0.607448	0.563716	0.770537	0.352564	0.924246	0.799731	0.705298	0.654557	0.295785	0.913123	0.141466	0.981168	0.324759	0.882289	0.703205	0.775274	0.495085	0.375503	0.118387	0.0161053	0.213795	0.0230102	0.827251	0.886261	0.577891	0.764916	0.328082	0.237554	0.699741	0.525019	0.919033	0.273949	0.657492	
0.266781	0.219816	0.182212	0.501955	0.316375	0.264769	0.842193	0.140912	0.255636	0.760131	0.0823346	0.607474	0.401164	0.169316	0.151229	0.39055	0.298567	0.501891	0.400861	0.17911	0.797918	0.803661	0.0888471	0.277191	0.2438	0.576424	0.377435	0.113481	0.436303	0.00378433	0.994983	0.979697	0.488192	0.842572	0.979261	0.337131	0.347961	0.286434	0.846645	0.301717	0.425404	0.887576	0.193867	0.370472	0.755311	0.654295	0.853039	0.426204	0.795573	0.919187	
0.0507539	0.422803	0.126401	0.82221	0.947093	0.520924	0.772874	0.194457	0.062787	0.614894	0.487704	0.776982	0.0112422	0.299443	0.527303	0.983097	0.00689715	0.923418	0.980452	0.0862589	0.34441	0.147669	0.815013	0.768064	0.468556	0.117234	0.103096	0.990386	0.705679	0.767322	0.0244201	0.82023	0.117038	0.876002	0.470461	0.923311	0.156326	0.376538	0.653653	0.67479	0.0811028	0.644206	0.639041	0.612424	0.797857	0.98351	0.799177	0.277347	0.324572	0.969143	
0.258257	0.31044	0.983871	0.893449	0.801743	0.965961	0.788055	0.60948	0.0884381	0.929419	0.596694	0.182175	0.0188049	0.572765	0.77656	0.762298	0.624756	0.417775	0.943862	0.52513	0.541377	0.970633	0.494359	0.806343	0.571813	0.0382767	0.344048	0.573826	0.642117	0.748048	0.655408	0.222193	0.0309099	0.669456	0.776061	0.364002	0.812268	0.503431	0.679461	0.31374	0.526891	0.0348403	0.126642	0.272133	0.558391	0.975457	0.365936	0.79616	0.369762	0.014092	
0.730213	0.065175	0.792803	0.381931	0.922467	0.600123	0.904358	0.265206	0.858702	0.967301	0.723521	0.498315	0.171233	0.409001	0.87098	0.32171	0.3393	0.505354	0.00788267	0.00267316	0.364289	0.586357	0.921727	0.140438	0.685407	0.903177	0.311446	0.0158373	0.683772	0.0968834	0.472754	0.839245	0.0379512	0.195345	0.0635868	0.660671	0.651217	0.217447	0.888667	0.392659	0.0250323	0.516441	0.347622	0.966132	0.353596	0.926399	0.262388	0.687081	0.677711	0.243032	
0.804287	0.349554	0.669332	0.343132	0.970522	0.804502	0.881154	0.708172	0.45643	0.862398	0.673762	0.293812	0.215674	0.370438	0.511441	0.588963	0.172167	0.959528	0.2066	0.176922	0.0278082	0.554861	0.329329	0.692598	0.527247	0.74566	0.758507	0.846335	0.228581	0.0765715	0.410938	0.619932	0.203627	0.779261	0.725481	0.897931	0.578166	0.261501	0.921454	0.493367	0.563228	0.923837	0.696299	0.211638	0.402625	0.259685	0.620058	0.899559	0.247217	0.141256	
0.532164	0.919997	0.826286	0.095943	0.594991	0.0380141	0.546369	0.818629	0.944107	0.682714	0.385229	0.455762	0.849692	0.0429807	0.428647	0.299839	0.380933	0.722467	0.979405	0.846809	0.365708	0.557789	0.564413	0.460038	0.0663033	0.592678	0.0810952	0.694456	0.947326	0.479932	0.77356	0.321685	0.111313	0.157637	0.603577	0.134463	0.395167	0.836941	0.663483	0.299423	0.0776955	0.149164	0.720062	0.357119	0.63201	0.816175	0.663312	0.748054	0.191841	0.826229	
0.133262	0.602158	0.47515	0.88801	0.949199	0.267283	0.224269	0.418974	0.809481	0.238845	0.408093	0.681388	0.693513	0.555206	0.272761	0.157393	0.69582	0.355379	0.561592	0.170157	0.0260506	0.142119	0.374984	0.192249	0.188993	0.432877	0.0912422	0.280712	0.656707	0.640631	0.131294	0.882371	0.915291	0.0831326	0.465074	0.253352	0.5983	0.248318	0.174881	0.682987	0.323631	0.357379	0.915103	0.248442	0.735234	0.754966	0.0257718	0.630654	0.652752	0.628987	
0.80691	0.282623	0.01798	0.0589569	0.190465	0.908997	0.95918	0.570605	0.516542	0.823499	0.00822687	0.495398	0.183222	0.711628	0.0641639	0.836626	0.055695	0.631905	0.404372	0.364124	0.875078	0.716052	0.311145	0.731516	0.0160287	0.434616	0.199868	0.905972	0.476571	0.791721	0.945377	0.0148663	0.866029	0.271119	0.144667	0.990279	0.906784	0.91175	0.0616816	0.214508	0.0800291	0.823858	0.946655	0.936327	0.455991	0.186715	0.460287	0.78157	0.0416384	0.443296	
0.488354	0.217788	0.546548	0.686011	0.43382	0.766888	0.197334	0.515887	0.611456	0.409577	0.693535	0.616517	0.2487	0.524629	0.64105	0.164477	0.741741	0.397458	0.249071	0.0171165	0.728525	0.0943132	0.211974	0.406771	0.611345	0.234329	0.321697	0.529541	0.950174	0.647209	0.435365	0.451716	0.43871	0.437953	0.398352	0.489235	0.284224	0.170074	0.036554	0.921125	0.163931	0.845693	0.789665	0.36381	0.484333	0.486614	0.963495	0.335418	0.0459684	0.233147	
0.582305	0.122407	0.662223	0.872957	0.728024	0.244944	0.816236	0.564979	0.0427608	0.267659	0.210321	0.272057	0.699848	0.377585	0.42019	0.828504	0.421528	0.190666	0.677902	0.490895	0.804263	0.514025	0.731396	0.42994	0.668988	0.107318	0.191552	0.914204	0.840717	0.0205259	0.444157	0.829297	0.168709	0.129634	0.33932	0.471789	0.0966011	0.624834	0.667439	0.0478618	0.924181	0.0254292	0.931588	0.409269	0.762911	0.986251	0.00167358	0.618508	0.372098	0.596252	
0.064495	0.345795	0.159289	0.0261127	0.0744462	0.0119502	0.203294	0.164716	0.475328	0.785357	0.68124	0.569936	0.244928	0.927648	0.653146	0.254829	0.102584	0.0333228	0.162663	0.167585	0.383569	0.69821	0.708281	0.839787	0.528178	0.194888	0.498684	0.846795	0.33596	0.992617	0.553019	0.802448	0.344025	0.623815	0.682691	0.562124	0.744408	0.290513	0.717332	0.184957	0.353214	0.969481	0.0837775	0.317033	0.514364	0.929078	0.642292	0.0662649	0.341493	0.189135	
0.271539	0.609401	0.0131221	0.326623	0.609111	0.315176	0.825014	0.903178	0.898393	0.594826	0.284962	0.200841	0.163865	0.974438	0.792196	0.173752	0.437364	0.469159	0.181504	0.016883	0.32546	0.289547	0.170902	0.489879	0.0954433	0.0898787	0.0771478	0.329437	0.397477	0.136309	0.195647	0.567786	0.796359	0.547	0.571399	0.0648728	0.987998	0.635624	0.667252	0.964735	0.925056	0.299693	0.140702	0.680875	0.819711	0.378614	0.366942	0.300441	0.647123	0.757909	
0.700215	0.168835	0.168535	0.580418	0.512654	0.835761	0.87101	0.269814	0.683419	0.789414	0.170498	0.352444	0.917711	0.648079	0.601701	0.824067	0.748443	0.986124	0.14591	0.268505	0.882116	0.852593	0.677585	0.137948	0.0456225	0.557024	0.580939	0.8112	0.194016	0.357624	0.416214	0.333795	0.862526	0.495889	0.752857	0.455181	0.546485	0.711766	0.900323	0.81569	0.583072	0.0332011	0.10797	0.91717	0.191702	0.89299	0.461926	0.376134	0.358002	0.116708	
0.0861956	0.467305	0.837418	0.611718	0.639468	0.344683	0.565004	0.98979	0.193114	0.954113	0.387174	0.991814	0.988079	0.393305	0.750565	0.0746631	0.027759	0.310359	0.121247	0.499174	0.839949	0.551184	0.49035	0.196429	0.57769	0.874283	0.238778	0.909529	0.491105	0.199623	0.971912	0.496351	0.110157	0.290503	0.331281	0.94347	0.876213	0.13815	0.451104	0.863183	0.209286	0.838346	0.293593	0.877344	0.0307046	0.259673	0.806257	0.96009	0.203955	0.364595	
0.931756	0.268741	0.318579	0.657503	0.403173	0.18609	0.228547	0.583704	0.80531	0.59494	0.102192	0.0555611	0.108836	0.851474	0.973826	0.652227	0.0616278	0.106385	0.533815	0.744998	0.0897462	0.906694	0.603635	0.13724	0.732876	0.513234	0.241048	0.338481	0.0389697	0.823504	0.100086	0.849025	0.722279	0.275394	0.253026	0.105963	0.917481	0.911705	0.633387	0.023015	0.908887	0.0847106	0.217599	0.868312	0.0738646	0.654331	0.995835	0.699195	0.567173	0.640508	
0.877778	0.900918	0.0944352	0.842349	0.0579347	0.351403	0.639903	0.463984	0.765023	0.894231	0.0211836	0.440082	0.659197	0.253469	0.0664755	0.844431	0.768681	0.706802	0.878046	0.200152	0.409658	0.533141	0.890238	0.796586	0.695794	0.682494	0.264583	0.544084	0.713185	0.143793	0.984887	0.636522	0.342125	0.89212	0.187678	0.139725	0.073286	0.607698	0.639333	0.407495	0.866577	0.223226	0.599429	0.510947	0.313637	0.017518	0.228345	0.0505851	0.248244	0.83179	
0.0319255	0.629503	0.284936	0.252617	0.306824	0.736621	0.553846	0.739286	0.154003	0.4152	0.753621	0.358493	0.455087	0.771286	0.422599	0.100005	0.392096	0.957568	0.0179851	0.369034	0.153378	0.807917	0.209814	0.281422	0.327434	0.121242	0.288333	0.0642226	0.346617	0.855234	0.986614	0.88745	0.856167	0.309643	0.442236	0.529606	0.487626	0.960274	0.820555	0.697995	0.27126	0.569075	0.295804	0.659668	0.109292	0.323648	0.865125	0.633691	0.491078	0.0641815	
0.317655	0.943459	0.0964437	0.63597	0.6687	0.830968	0.561552	0.183546	0.391612	0.648195	0.690114	0.606243	0.597409	0.102111	0.421788	0.231386	0.102388	0.859924	0.817964	0.0691131	0.681518	0.212495	0.978317	0.00700718	0.881711	0.406267	0.40731	0.370718	0.671729	0.931059	0.0593775	0.123917	0.241736	0.923931	0.49696	0.660104	0.775908	0.809072	0.486395	0.923852	0.687225	0.570305	0.852586	0.213715	0.427581	0.899226	0.533076	0.353871	0.747334	0.689939	
0.901176	0.429805	0.409833	0.616431	0.981779	0.631491	0.869068	0.670604	0.414227	0.23149	0.931975	0.963166	0.545672	0.779523	0.138846	0.797358	0.957205	0.890229	0.747249	0.256352	0.888733	0.270638	0.901346	0.712419	0.578845	0.719637	0.295417	0.109216	0.0583775	0.182804	0.576165	0.248711	0.805504	0.465385	0.324152	0.0491904	0.316203	0.346794	0.0312412	0.898224	0.921386	0.869352	0.594635	0.0292172	0.558644	0.406337	0.701937	0.40013	0.636021	0.872184	
0.680427	0.369689	0.846391	0.748686	0.463676	0.493853	0.313409	0.757584	0.0733476	0.399902	0.818297	0.689884	0.904999	0.391032	0.817328	0.0140422	0.874685	0.905846	0.342325	0.470266	0.41241	0.378898	0.260568	0.960723	0.846197	0.00630973	0.10759	0.957144	0.460872	0.410599	0.91288	0.52563	0.805619	0.560278	0.932657	0.832694	0.157901	0.382967	0.282019	0.0203155	0.757775	0.0120183	0.179333	0.940828	0.14766	0.740002	0.384797	0.833053	0.736022	0.382717	
0.511894	0.982887	0.329336	0.0719485	0.524777	0.278244	0.322835	0.865603	0.532619	0.00932572	0.884101	0.578759	0.651782	0.446428	0.588922	0.12159	0.390039	0.984586	0.47356	0.676761	0.337455	0.978391	0.166846	0.171412	0.553228	0.991419	0.867645	0.420318	0.33752	0.355135	0.742525	0.940342	0.140904	0.173149	0.287292	0.0876891	0.113386	0.109425	0.806446	0.761212	0.248025	0.188659	0.575312	0.71707	0.616949	0.831759	0.720719	0.622473	0.316327	0.55102	
0.583836	0.388737	0.631375	0.926769	0.323789	0.718564	0.7001	0.197652	0.0780899	0.561613	0.881451	0.1898	0.680468	0.94812	0.983117	0.690137	0.348466	0.398527	0.206397	0.582815	0.1665	0.718427	0.79617	0.555034	0.457332	0.217064	0.827332	0.342296	0.877818	0.603955	0.249382	0.969939	0.0936163	0.765285	0.117501	0.520971	0.678555	0.126409	0.765821	0.79385	0.272021	0.134116	0.579855	0.0861108	0.629866	0.810198	9.19337e-05	0.967638	0.610118	0.290671	
