25	40
105.286	0.742562
119.55	0.525483
111.357	0.727683
115.102	0.877488
119.762	0.774083
111.468	0.179541
120.151	0.46253
112.104	0.312336
116.051	0.713863
113.789	0.789601
121.751	0.618367
121.149	0.151949
99.3646	0.627863
110.844	0.297573
118.834	0.648399
103.297	0.163997
122.39	0.895217
108.421	0.298769
101.53	0.226195
119.183	0.219186
122.299	0.0601131
100.56	0.171293
112.752	0.525119
100.139	0.028028
108.051	0.35583
7.23753
34.6526
48.3195
12.3621
6.1412
47.9644
4.15092
23.7141
14.778
11.8916
18.6399
42.7796
20.2963
49.2146
21.4002
16.8012
32.0135
28.8331
18.6853
8.47838
45.3124
33.3609
13.2009
48.2749
40.6415
47.9581
41.5896
19.5521
9.67993
38.9586
42.8848
19.3246
36.759
28.5054
33.5759
46.7905
35.7782
47.8141
3.73799
17.876
0.328658	0.889955	0.627603	0.11425	0.63028	0.631715	0.796016	0.299301	0.318742	0.534834	0.0504401	0.206143	0.160599	0.789072	0.62747	0.517091	0.0630456	0.269778	0.746536	0.882245	0.975127	0.330974	0.42322	0.442016	0.274985	0.423063	0.83375	0.603783	0.179697	0.79286	0.322246	0.510486	0.0611432	0.501207	0.503987	0.985465	0.443805	0.964973	0.324082	0.568271	
0.594657	0.749906	0.85615	0.585756	0.152091	0.605453	0.184324	0.173722	0.405229	0.546477	0.129939	0.14729	0.681211	0.523639	0.0993872	0.503249	0.322098	0.948479	0.232493	0.0468773	0.597583	0.561813	0.499901	0.332255	0.734809	0.0831163	0.72271	0.158883	0.823947	0.958123	0.858675	0.588338	0.150688	0.869398	0.270945	0.173741	0.676082	0.188103	0.725744	0.509839	
0.154557	0.365218	0.119251	0.370685	0.331073	0.147148	0.0620678	0.0968527	0.146354	0.990875	0.968313	0.796026	0.705319	0.33374	0.475669	0.301664	0.603778	0.635428	0.894613	0.39834	0.539074	0.429745	0.740721	0.710588	0.0298642	0.710184	0.8875	0.303168	0.181662	0.23389	0.0912223	0.744528	0.0275007	0.294105	0.0205468	0.361916	0.423871	0.605564	0.496777	0.123686	
0.640138	0.84489	0.801295	0.0762905	0.793409	0.791359	0.408575	0.37803	0.273615	0.313467	0.173128	0.0970789	0.455667	0.0224669	0.212783	0.329758	0.613676	0.303346	0.481617	0.260908	0.974732	0.113508	0.279446	0.182918	0.988179	0.533741	0.399602	0.881146	0.655219	0.443636	0.541622	0.13801	0.909132	0.653883	0.397576	0.495837	0.119163	0.907322	0.406298	0.284997	
0.172889	0.31072	0.751179	0.225503	0.956581	0.904541	0.827514	0.283752	0.803569	0.258031	0.440959	0.526164	0.717359	0.747262	0.42251	0.79412	0.742536	0.793784	0.598912	0.0221281	0.478892	0.105835	0.895402	0.243966	0.29682	0.48788	0.742351	0.482939	0.379164	0.544748	0.238998	0.809519	0.914761	0.68739	0.152572	0.0765903	0.88609	0.0340508	0.869395	0.738443	
0.0367917	0.128612	0.148871	0.902831	0.302433	0.222816	0.557997	0.727773	0.0564955	0.0959958	0.247641	0.691048	0.930897	0.732376	0.301684	0.544494	0.899955	0.165129	0.13137	0.347416	0.312301	0.476542	0.989363	0.815142	0.0187366	0.48611	0.603676	0.230291	0.0609743	0.911881	0.534272	0.690872	0.0189477	0.331366	0.420059	0.169926	0.93839	0.417174	0.641577	0.578409	
0.138457	0.150073	0.816074	0.00148505	0.791773	0.351869	0.623157	0.643495	0.711587	0.167994	0.314483	0.0933662	0.185979	0.575634	0.541417	0.399631	0.146233	0.113891	0.566897	0.367435	0.332663	0.139046	0.850823	0.17186	0.557397	0.489699	0.70292	0.799763	0.160656	0.605874	0.243527	0.431325	0.204709	0.313818	0.319291	0.787291	0.432926	0.909937	0.179855	0.751598	
0.117573	0.75401	0.919417	0.981609	0.138779	0.110419	0.8377	0.774107	0.315329	0.907978	0.216529	0.112387	0.18245	0.835413	0.818422	0.1566	0.717026	0.28635	0.258247	0.507892	0.949277	0.941816	0.321048	0.256356	0.825968	0.743404	0.831347	0.852817	0.0110291	0.0368327	0.149285	0.372804	0.173737	0.61064	0.214995	0.251691	0.914959	0.202532	0.617945	0.109689	
0.616154	0.892289	0.338093	0.274365	0.0676715	0.00190738	0.529732	0.145105	0.374475	0.932531	0.0828604	0.197063	0.376765	0.739678	0.634038	0.0983655	0.748792	0.264528	0.423114	0.095906	0.790435	0.348371	0.54271	0.661671	0.964411	0.429393	0.784441	0.603403	0.270149	0.451479	0.48401	0.875303	0.898079	0.369113	0.48772	0.422158	0.855492	0.767959	0.627072	0.592135	
0.260562	0.375346	0.304775	0.438957	0.0231186	0.897605	0.762233	0.00620699	0.125749	0.79463	0.885141	0.266131	0.0740507	0.134411	0.240083	0.0333067	0.0107832	0.834374	0.182835	0.770375	0.745696	0.851729	0.549332	0.656437	0.381598	0.54136	0.320969	0.531382	0.287563	0.159413	0.35105	0.67061	0.0734312	0.966121	0.389998	0.152904	0.0490282	0.973402	0.976552	0.27397	
0.758333	0.991445	0.965422	0.885205	0.112877	0.466395	0.302931	0.877092	0.456229	0.878291	0.28125	0.746512	0.613203	0.738477	0.304083	0.357458	0.433795	0.845802	0.177644	0.868712	0.698566	0.832236	0.821047	0.64384	0.467344	0.755352	0.245937	0.0165584	0.480103	0.334749	0.680166	0.751255	0.239896	0.656753	0.303953	0.129644	0.787637	0.495812	0.558252	0.349474	
0.496206	0.633589	0.961205	0.953482	0.830123	0.180502	0.322249	0.0870577	0.817701	0.419889	0.770536	0.498924	0.503477	0.447011	0.0869931	0.678522	0.943335	0.831805	0.856542	0.606795	0.764329	0.607287	0.541631	0.292923	0.908828	0.391168	0.322728	0.830548	0.236887	0.995495	0.375503	0.209994	0.305589	0.0174873	0.163033	0.188334	0.370361	0.887079	0.269817	0.534121	
0.467616	0.46534	0.557465	0.874758	0.983399	0.729677	0.255965	0.695814	0.109802	0.149149	0.173636	0.620525	0.589395	0.0292858	0.891768	0.293465	0.140177	0.73722	0.512231	0.826293	0.560373	0.0884212	0.581194	0.0387216	0.509856	0.0595245	0.780084	0.612248	0.459785	0.162775	0.181771	0.204431	0.679014	0.810576	0.615393	0.650816	0.432684	0.976553	0.655922	0.9551	
0.954493	0.620558	0.961113	0.46751	0.0116894	0.399121	0.540465	0.655038	0.615957	0.878722	0.98818	0.0964872	0.643376	0.474698	0.971443	0.0338802	0.199782	0.294226	0.379093	0.972608	0.548191	0.856841	0.353442	0.517535	0.894683	0.582591	0.929782	0.829322	0.667596	0.0569984	0.409746	0.585505	0.372939	0.285071	0.396851	0.525413	0.109758	0.60485	0.107717	0.363863	
0.263176	0.51021	0.169302	0.249859	0.595488	0.0741295	0.362137	0.0129105	0.644758	0.901693	0.604283	0.023463	0.838964	0.451121	0.578094	0.594253	0.124906	0.252242	0.788485	0.395817	0.481445	0.0352093	0.52447	0.828135	0.78398	0.0475942	0.617778	0.949238	0.308167	0.299271	0.0120636	0.97784	0.017667	0.837245	0.480173	0.627644	0.813305	0.742007	0.745561	0.968376	
0.10292	0.273716	0.672733	0.142853	0.771696	0.756744	0.305338	0.841447	0.0569799	0.605559	0.755202	0.180827	0.349865	0.106667	0.468616	0.328113	0.376515	0.598254	0.882836	0.104198	0.672936	0.952826	0.0775142	0.123195	0.215683	0.331838	0.466801	0.182329	0.469234	0.743066	0.612807	0.561712	0.340929	0.661373	0.22521	0.846735	0.506786	0.374799	0.043214	0.626066	
0.0514013	0.423349	0.931621	0.417459	0.070157	0.524374	0.132857	0.913218	0.833883	0.501283	0.0227348	0.00865836	0.350237	0.628959	0.383585	0.460859	0.322645	0.238699	0.605384	0.408574	0.631014	0.967655	0.000385051	0.601701	0.262916	0.779294	0.774976	0.0859991	0.132795	0.765247	0.557895	0.906219	0.35351	0.876628	0.569716	0.4581	0.4819	0.391264	0.186829	0.897681	
0.196208	0.422865	0.287062	0.617358	0.929331	0.999367	0.630982	0.237357	0.578272	0.751088	0.0499793	0.903246	0.362911	0.771316	0.197582	0.999299	0.546173	0.348444	0.537622	0.779267	0.712554	0.30244	0.592194	0.576506	0.66616	0.524766	0.47606	0.297579	0.114961	0.866976	0.853452	0.900978	0.200752	0.763047	0.629582	0.0717697	0.572408	0.954973	0.046362	0.456073	
0.12943	0.090318	0.663044	0.370021	0.843896	0.528682	0.635135	0.613263	0.456049	0.657763	0.734128	0.931334	0.757809	0.290225	0.537725	0.70733	0.777725	0.67682	0.558686	0.604131	0.475267	0.759794	0.509705	0.604886	0.906699	0.140652	0.328323	0.239891	0.689692	0.651799	0.994353	0.0429838	0.989662	0.828868	0.597252	0.747317	0.116807	0.926952	0.698887	0.144395	
0.352747	0.466142	0.871762	0.576131	0.430129	0.907689	0.300485	0.439291	0.210111	0.943127	0.564965	0.309686	0.255696	0.939267	0.0780131	0.564677	0.201978	0.263916	0.726661	0.852488	0.95828	0.779516	0.643095	0.939212	0.0999163	0.725554	0.679048	0.499764	0.646686	0.180643	0.780509	0.953179	0.300429	0.174943	0.489687	0.135066	0.166345	0.431802	0.0340786	0.558715	
0.813386	0.297551	0.158696	0.197531	0.529782	0.80527	0.417342	0.647799	0.741691	0.0902043	0.520307	0.516092	0.710269	0.528829	0.46404	0.993463	0.141976	0.770242	0.423814	0.243324	0.58233	0.289082	0.0362057	0.883564	0.866751	0.523866	0.311213	0.97361	0.230331	0.894173	0.159993	0.696954	0.611922	0.499468	0.952489	0.557648	0.269622	0.352765	0.121235	0.0324574	
0.979955	0.460089	0.414291	0.512387	0.132511	0.705	0.640108	0.764644	0.465235	0.556747	0.818036	0.390508	0.682613	0.405766	0.607395	0.538435	0.384967	0.107783	0.754398	0.554767	0.627679	0.0264207	0.308721	0.14993	0.919646	0.015176	0.0181295	0.864829	0.0102049	0.808516	0.258553	0.0641933	0.620104	0.311505	0.0857461	0.266238	0.619235	0.434608	0.246341	0.75498	
0.96956	0.403717	0.55147	0.574559	0.780226	0.098121	0.77378	0.634374	0.995564	0.956569	0.547559	0.532343	0.878418	0.5009	0.138586	0.453634	0.599097	0.25317	0.492693	0.270805	0.167075	0.788946	0.293358	0.403547	0.116983	0.24662	0.605203	0.902565	0.868724	0.826345	0.921995	0.136685	0.401775	0.601151	0.135203	0.277275	0.417443	0.0591883	0.742544	0.380118	
0.0678534	0.521477	0.68385	0.347319	0.521351	0.359592	0.840125	0.0625137	0.768204	0.796921	0.509203	0.110396	0.00127804	0.73977	0.181197	0.284592	0.419872	0.0849171	0.727356	0.604075	0.748303	0.955253	0.0563657	0.182083	0.247893	0.867185	0.440114	0.80206	0.0784006	0.638747	0.479238	0.302441	0.912379	0.680887	0.840167	0.703208	0.257351	0.708246	0.882266	0.954715	
0.707494	0.14664	0.25954	0.0673763	0.612998	0.480017	0.0375518	0.0929479	0.946289	0.211222	0.313492	0.925585	0.00581401	0.127363	0.389386	0.569215	0.404566	0.570856	0.673624	0.678615	0.677438	0.932582	0.22344	0.738894	0.440478	0.507983	0.209003	0.968738	0.352948	0.8664	0.210733	0.579946	0.884516	0.592015	0.36634	0.586969	0.513389	0.455951	0.0130535	0.659318	
