25	50
111.628	0.0730591
119.647	0.924972
122.125	0.329803
116.998	0.0357946
116.777	0.585484
119.747	0.620516
117.407	0.695399
127.145	0.328688
118.21	0.444632
118.012	0.892912
123.953	0.328603
126.02	0.152643
105.348	0.427052
121.447	0.928997
112.094	0.965104
104.155	0.252657
102.1	0.354998
114.695	0.222702
117.533	0.62426
121.421	0.834054
120.173	0.208338
105.724	0.728476
107.705	0.310022
126.039	0.616599
113.552	0.193591
14.9189
2.12184
45.4992
38.7379
49.7269
31.9639
9.86249
21.7739
38.6355
29.259
25.0677
10.9604
8.39695
10.7705
11.9667
12.9316
22.5493
10.9833
44.7178
13.0204
25.7219
29.214
44.01
7.51416
49.5221
3.18611
43.3282
47.0875
12.8299
15.5613
7.17067
19.4164
38.2224
45.947
39.1067
12.042
42.0537
47.6738
35.3918
44.9538
17.6771
25.4604
15.9092
13.8347
12.6843
10.3614
29.4315
7.08775
45.9965
29.7068
0.259629	0.299715	0.370348	0.60457	0.878301	0.944823	0.161686	0.450238	0.800267	0.404291	0.0214883	0.701571	0.350362	0.416194	0.0183214	0.469579	0.244448	0.668048	0.733922	0.704611	0.616912	0.910799	0.236951	0.300991	0.913015	0.362387	0.0655406	0.772118	0.686432	0.938056	0.801874	0.431632	0.374096	0.907766	0.143531	0.155186	0.59288	0.496446	0.740731	0.541276	0.375937	0.28294	0.761431	0.654036	0.596609	0.21004	0.932309	0.601637	0.193668	0.957735	
0.520635	0.744454	0.647183	0.381179	0.478264	0.80819	0.17889	0.0237488	0.668144	0.0539122	0.390646	0.382146	0.812179	0.00392556	0.727676	0.00249235	0.287587	0.461052	0.0818371	0.32276	0.346103	0.955168	0.338472	0.862824	0.680934	0.597585	0.523624	0.344477	0.712553	0.343185	0.89374	0.187532	0.828637	0.830805	0.838757	0.783022	0.373145	0.798064	0.857997	0.929943	0.569909	0.801837	0.681713	0.649035	0.608763	0.334174	0.47826	0.568836	0.666791	0.957661	
0.0246326	0.280592	0.294944	0.698185	0.47641	0.874504	0.0709608	0.301639	0.376044	0.476215	0.421941	0.144062	0.954293	0.946008	0.354497	0.411617	0.119877	0.749176	0.271592	0.876041	0.778887	0.651508	0.284305	0.469612	0.50156	0.232035	0.0613277	0.0353119	0.865178	0.622237	0.375209	0.689335	0.903247	0.947543	0.265583	0.334964	0.698552	0.37827	0.22832	0.375302	0.561178	0.347186	0.460494	0.725328	0.172269	0.409373	0.726938	0.32808	0.344315	0.213087	
0.919991	0.494756	0.278403	0.268408	0.261759	0.0315763	0.199356	0.268903	0.34028	0.422838	0.0738541	0.150171	0.0165677	0.378874	0.953995	0.832143	0.048253	0.353333	0.276098	0.186066	0.468377	0.552825	0.490673	0.528048	0.266689	0.526739	0.0875021	0.287456	0.879829	0.749977	0.35269	0.768936	0.686904	0.979935	0.505108	0.208567	0.592403	0.808741	0.811359	0.689909	0.88171	0.966556	0.178886	0.77698	0.354554	0.961417	0.271837	0.872069	0.236173	0.766846	
0.236002	0.280268	0.328649	0.658129	0.454177	0.466818	0.912993	0.467827	0.901892	0.587512	0.4982	0.30982	0.0537188	0.775863	0.592916	0.919006	0.84157	0.251201	0.614677	0.736158	0.0147096	0.950406	0.950858	0.0617435	0.0290076	0.273667	0.0382104	0.762788	0.468095	0.670114	0.857977	0.93998	0.995768	0.0603337	0.850406	0.412096	0.231967	0.604104	0.301839	0.209904	0.287394	0.166644	0.165163	0.273302	0.907042	0.0125678	0.443126	0.27669	0.807229	0.331495	
0.462458	0.897072	0.505575	0.113902	0.216893	0.865969	0.714542	0.398152	0.928973	0.293495	0.921331	0.0277583	0.474595	0.252933	0.902541	0.74425	0.265465	0.128205	0.682311	0.118205	0.394208	0.707258	0.59501	0.57758	0.820919	0.133551	0.791916	0.776234	0.717012	0.493211	0.0745716	0.941557	0.261329	0.710158	0.544576	0.478174	0.088844	0.396121	0.885131	0.754537	0.185723	0.792602	0.421912	0.516999	0.910355	0.699104	0.0594382	0.79336	0.994782	0.507599	
0.214667	0.983535	0.794099	0.816084	0.651201	0.948643	0.865933	0.0225622	0.0727042	0.418703	0.00990092	0.603232	0.0350634	0.292575	0.925219	0.246575	0.205247	0.489817	0.948053	0.678331	0.0924516	0.254903	0.73288	0.177752	0.495301	0.802893	0.585064	0.97854	0.882821	0.265095	0.0949002	0.341936	0.720591	0.723446	0.484575	0.360667	0.23715	0.109455	0.288386	0.915043	0.233131	0.510739	0.458908	0.905251	0.438405	0.997183	0.136124	0.656739	0.158242	0.163752	
0.676362	0.077922	0.164348	0.730237	0.185675	0.810941	0.264876	0.519607	0.748809	0.990719	0.627677	0.168672	0.427659	0.228908	0.326586	0.953213	0.123134	0.0965679	0.377039	0.184582	0.729674	0.00117537	0.894077	0.520351	0.403794	0.924705	0.0427248	0.154721	0.949243	0.474143	0.928678	0.683757	0.128154	0.78773	0.721671	0.886155	0.967904	0.295232	0.881362	0.64757	0.190902	0.6833	0.390839	0.611373	0.266188	0.952756	0.370971	0.855218	0.454369	0.354591	
0.245579	0.162341	0.448816	0.143356	0.791184	0.702912	0.946465	0.544948	0.898102	0.693472	0.901121	0.749747	0.352867	0.641154	0.457778	0.576086	0.263737	0.306116	0.0124581	0.827544	0.357967	0.129038	0.301044	0.440134	0.236323	0.903668	0.355803	0.285891	0.917594	0.978337	0.664028	0.920664	0.395741	0.930373	0.214985	0.788092	0.346433	0.818055	0.19438	0.107617	0.55003	0.812609	0.201917	0.822564	0.756097	0.162679	0.612818	0.115302	0.217323	0.414527	
0.158762	0.377002	0.642863	0.0750605	0.660446	0.451275	0.276743	0.141007	0.736863	0.808816	0.0984061	0.634637	0.205411	0.765057	0.0260129	0.0218586	0.123542	0.19956	0.404155	0.749138	0.889956	0.592184	0.728118	0.727637	0.787181	0.791505	0.416999	0.971988	0.989865	0.493033	0.191007	0.671343	0.207927	0.440513	0.0482552	0.867677	0.992022	0.945538	0.498193	0.162916	0.471795	0.900145	0.193823	0.980745	0.365265	0.445749	0.340898	0.0705541	0.618694	0.218589	
0.487314	0.741757	0.46945	0.871034	0.759295	0.170456	0.634698	0.752547	0.759587	0.377385	0.945211	0.356306	0.831667	0.0445138	0.932518	0.360503	0.0455608	0.518339	0.774359	0.0188254	0.580625	0.35589	0.749273	0.123447	0.103819	0.841199	0.287961	0.661899	0.71368	0.479041	0.786111	0.656915	0.822171	0.217396	0.582	0.144036	0.662529	0.451328	0.208785	0.610826	0.0759943	0.292905	0.413857	0.18207	0.906866	0.56974	0.153864	0.0999115	0.785367	0.707869	
0.952369	0.427398	0.466974	0.239006	0.484236	0.431998	0.902042	0.699191	0.918709	0.732629	0.343287	0.654789	0.853233	0.330309	0.493636	0.61036	0.280202	0.396376	0.944145	0.2325	0.105298	0.436497	0.552762	0.779567	0.117459	0.406815	0.0881339	0.42134	0.889845	0.390775	0.874956	0.363521	0.929269	0.869857	0.607493	0.744057	0.270284	0.528043	0.0290655	0.503254	0.494041	0.823266	0.598787	0.431524	0.202953	0.349438	0.871901	0.562593	0.846873	0.17718	
0.628442	0.281428	0.371702	0.626445	0.0472218	0.567217	0.649453	0.354639	0.366349	0.842772	0.965476	0.710532	0.322254	0.155796	0.86734	0.177699	0.277061	0.928779	0.561623	0.649635	0.522918	0.133259	0.637135	0.805929	0.33963	0.156472	0.251304	0.106472	0.599993	0.365364	0.157571	0.821637	0.368444	0.688989	0.641647	0.865135	0.850198	0.469583	0.897522	0.373739	0.533748	0.406733	0.480413	0.248306	0.464614	0.6925	0.637685	0.927083	0.323395	0.267226	
0.418743	0.506142	0.166908	0.137701	0.380202	0.990234	0.173965	0.93923	0.868167	0.207068	0.119	0.399358	0.009137	0.948901	0.780296	0.918775	0.236659	0.0261644	0.731079	0.768769	0.876407	0.774251	0.848143	0.195774	0.822798	0.720301	0.462262	0.740575	0.625198	0.0516161	0.171959	0.944289	0.700292	0.432393	0.151493	0.380277	0.674344	0.951648	0.14154	0.405195	0.635771	0.693924	0.841751	0.0809581	0.0875844	0.00386322	0.452609	0.290855	0.3392	0.316197	
0.0208776	0.685933	0.083452	0.617014	0.736903	0.128262	0.380574	0.307963	0.720607	0.915582	0.067033	0.29469	0.82196	0.421848	0.106246	0.83909	0.391428	0.957832	0.181125	0.767601	0.595612	0.82677	0.103857	0.283971	0.294837	0.0942921	0.990643	0.617112	0.5897	0.602716	0.538941	0.65773	0.932984	0.990045	0.33669	0.936019	0.509004	0.623212	0.303835	0.952311	0.964024	0.848539	0.597471	0.493784	0.584547	0.0948911	0.00929723	0.946802	0.502767	0.156548	
0.575768	0.020246	0.398301	0.265437	0.541076	0.675182	0.0210679	0.36759	0.90027	0.596104	0.217755	0.498486	0.697834	0.160072	0.383005	0.527438	0.324669	0.7076	0.309664	0.658285	0.179933	0.51407	0.489539	0.439228	0.151299	0.66163	0.679336	0.200831	0.802786	0.613338	0.971389	0.364089	0.103579	0.0481814	0.445528	0.994063	0.090906	0.00321549	0.602045	0.670614	0.205233	0.362704	0.069988	0.0437757	0.21434	0.226551	0.496338	0.22497	0.145731	0.288789	
0.649883	0.864317	0.840485	0.607374	0.454737	0.943609	0.925914	0.698862	0.140199	0.559595	0.885678	0.576091	0.142088	0.894101	0.565732	0.294351	0.0720324	0.204658	0.57895	0.627787	0.326251	0.188121	0.538872	0.41852	0.883898	0.130292	0.0193426	0.219785	0.532509	0.70071	0.925264	0.598695	0.791668	0.376823	0.695095	0.664643	0.712655	0.601542	0.570072	0.277102	0.837634	0.54115	0.917106	0.840489	0.568502	0.30169	0.98032	0.26447	0.965089	0.391539	
0.678586	0.378993	0.732667	0.892923	0.877531	0.63263	0.636558	0.228022	0.824887	0.712222	0.933455	0.0158277	0.597718	0.526302	0.463848	0.753314	0.561625	0.537499	0.501578	0.362517	0.940131	0.267839	0.508458	0.832626	0.628402	0.811981	0.871912	0.215198	0.658205	0.353041	0.927932	0.217288	0.0159614	0.861096	0.395412	0.630409	0.815943	0.685559	0.802093	0.158355	0.452889	0.0901554	0.237271	0.981144	0.497949	0.533309	0.771524	0.341304	0.555078	0.63153	
0.130823	0.53784	0.600432	0.872649	0.450135	0.348108	0.902182	0.985513	0.948445	0.833059	0.488927	0.598183	0.653774	0.972007	0.713738	0.970499	0.11986	0.962386	0.295434	0.216096	0.351667	0.486427	0.177948	0.848974	0.539164	0.648745	0.171612	0.416347	0.807668	0.331977	0.966875	0.244669	0.903003	0.189681	0.74608	0.270083	0.246185	0.109547	0.288603	0.89191	0.363015	0.249214	0.190726	0.40021	0.335781	0.82111	0.528698	0.721411	0.813526	0.792392	
0.352087	0.754764	0.648826	0.0117741	0.00988372	0.226338	0.830131	0.700025	0.293117	0.79315	0.0516611	0.622762	0.365471	0.0814658	0.639544	0.694963	0.856484	0.153671	0.804798	0.45687	0.714392	0.866863	0.92326	0.918101	0.482717	0.126215	0.972307	0.00194055	0.591959	0.0642499	0.833357	0.408178	0.883714	0.225165	0.663269	0.173728	0.697566	0.204538	0.0483701	0.978991	0.207196	0.226143	0.72479	0.922827	0.573319	0.960534	0.264138	0.832789	0.670763	0.561373	
0.0294713	0.393126	0.148117	0.821989	0.973773	0.320459	0.0333846	0.288545	0.935201	0.335507	0.184453	0.926289	0.5629	0.60033	0.470612	0.350612	0.560648	0.462113	0.14193	0.74835	0.328672	0.578732	0.774429	0.189578	0.0839296	0.252794	0.934926	0.659401	0.984682	0.539095	0.600476	0.199126	0.943541	0.3041	0.121726	0.988759	0.108219	0.932384	0.862372	0.603538	0.670406	0.868332	0.687513	0.0273223	0.767378	0.042186	0.861302	0.468836	0.114827	0.857397	
0.230003	0.0558854	0.0694061	0.00836683	0.424602	0.545628	0.797969	0.199656	0.622204	0.274391	0.820568	0.576834	0.436269	0.476784	0.691084	0.25454	0.106534	0.415031	0.302139	0.0165245	0.616127	0.929414	0.979042	0.921913	0.235811	0.742049	0.549035	0.576502	0.0731592	0.30554	0.899011	0.863017	0.1455	0.645973	0.00626222	0.237519	0.369644	0.724096	0.657185	0.669174	0.109654	0.626955	0.563497	0.217504	0.878632	0.417091	0.485255	0.124854	0.67454	0.274726	
0.0809765	0.913968	0.87266	0.93654	0.998895	0.885447	0.572317	0.431364	0.555035	0.733672	0.0754906	0.79045	0.266364	0.0402768	0.155305	0.643997	0.894112	0.71367	0.863139	0.544681	0.547918	0.0579256	0.0201801	0.584312	0.223123	0.203882	0.830211	0.258782	0.4528	0.814865	0.70735	0.396835	0.925032	0.179151	0.396413	0.454832	0.539872	0.456203	0.597797	0.954912	0.908604	0.267554	0.509521	0.989476	0.281256	0.592308	0.443673	0.0726925	0.855693	0.840723	
0.151301	0.238735	0.252473	0.418192	0.89543	0.78969	0.280292	0.940129	0.964014	0.48899	0.17092	0.151287	0.803575	0.140463	0.395854	0.848521	0.973616	0.799178	0.794493	0.93288	0.578883	0.416573	0.717354	0.631425	0.797782	0.203005	0.377796	0.561003	0.035936	0.142815	0.968792	0.122693	0.0939901	0.901898	0.598093	0.204099	0.532725	0.0262162	0.9737	0.943629	0.129521	0.928005	0.510228	0.161851	0.641133	0.302942	0.25324	0.609181	0.111814	0.90578	
0.0636939	0.067668	0.287815	0.0484117	0.54122	0.324704	0.80735	0.0868526	0.622111	0.212215	0.469748	0.325543	0.0989788	0.455709	0.0505055	0.706891	0.341225	0.736371	0.599172	0.811187	0.0960097	0.513767	0.271367	0.0959991	0.904241	0.938574	0.647223	0.648089	0.570515	0.901767	0.122927	0.40793	0.643071	0.733274	0.668498	0.233456	0.217748	0.843269	0.415802	0.211404	0.990183	0.38883	0.740124	0.300787	0.290586	0.618537	0.827151	0.164886	0.606616	0.766338	
