30	60
147.872	0.0430455
141.838	0.669608
143.149	0.906227
138.063	0.0733362
144.693	0.896855
127.25	0.562505
135.501	0.39569
135.874	0.611314
139.066	0.369934
133.846	0.597174
129.661	0.924652
139.487	0.655423
122.605	0.900845
140.57	0.91163
136.207	0.355477
134.638	0.857631
146.771	0.388103
129.993	0.381286
129.573	0.657843
135.671	0.822141
132.807	0.829898
124.211	0.734533
128.231	0.497789
127.503	0.119057
128.18	0.194173
137.569	0.172625
143.996	0.182329
123.737	0.498526
126.926	0.108741
130.982	0.661489
12.6237
29.346
38.5465
1.38085
35.6449
25.7167
16.2755
21.1206
41.3702
9.18792
8.59445
5.84625
35.3238
5.54587
26.431
11.2481
41.5972
45.4163
21.0303
28.174
10.38
17.8701
7.67031
37.1305
33.5191
3.51068
4.71012
16.5927
31.1545
32.619
47.5022
13.4649
38.1919
40.2492
23.4722
16.145
7.54352
48.7387
11.6102
39.7003
34.4322
11.7399
2.38927
20.2454
42.4448
18.4953
5.74442
6.88254
20.1485
31.2316
2.92326
5.55115
28.7762
35.4788
37.7145
46.0803
42.5848
37.7402
47.8449
23.0524
0.738832	0.0325828	0.797468	0.355329	0.193631	0.519988	0.0518016	0.865814	0.135227	0.819261	0.701938	0.0975301	0.896652	0.505812	0.860428	0.420099	0.356446	0.913277	0.897171	0.1214	0.928463	0.577051	0.521485	0.711557	0.177718	0.63191	0.955738	0.000665577	0.640517	0.0926159	0.540742	0.243537	0.85609	0.460692	0.05992	0.0109027	0.0592526	0.589549	0.512262	0.883014	0.850386	0.543381	0.310555	0.721705	0.353073	0.416822	0.227942	0.93302	0.514016	0.262421	0.498688	0.86014	0.800555	0.0993734	0.365771	0.553741	0.711249	0.479788	0.927136	0.460965	
0.288613	0.202667	0.650086	0.814252	0.481833	0.324173	0.707517	0.662785	0.56073	0.870372	0.621599	0.783647	0.025885	0.520818	0.415351	0.949651	0.222768	0.927866	0.505289	0.853084	0.673959	0.274384	0.93158	0.370324	0.740477	0.268748	0.0229088	0.93609	0.60672	0.540338	0.781212	0.22441	0.351119	0.532192	0.831479	0.373762	0.93332	0.145357	0.0863148	0.0475676	0.422321	0.063145	0.834415	0.467955	0.452534	0.799754	0.925824	0.17473	0.63705	0.40797	0.431823	0.599972	0.967898	0.707911	0.0915658	0.71671	0.542018	0.0533922	0.205705	0.151025	
0.988472	0.0689898	0.111437	0.733707	0.281425	0.742219	0.474221	0.533926	0.642683	0.416739	0.381711	0.150162	0.457318	0.137672	0.0764655	0.868999	0.10942	0.722279	0.935764	0.87484	0.0721784	0.773242	0.858143	0.478079	0.354793	0.583129	0.593196	0.00112811	0.19907	0.166891	0.245214	0.146924	0.654377	0.04478	0.732277	0.631306	0.698419	0.0278945	0.0682488	0.595767	0.211991	0.18327	0.656595	0.775066	0.857671	0.320691	0.141171	0.893291	0.0314142	0.707835	0.47762	0.514139	0.0720151	0.44381	0.296978	0.410338	0.217742	0.208855	0.753822	0.843226	
0.145616	0.832735	0.254127	0.652218	0.986095	0.307544	0.168599	0.0771414	0.270937	0.827117	0.586514	0.782537	0.0422091	0.582874	0.229269	0.140159	0.54476	0.915404	0.393877	0.747493	0.902602	0.560847	0.871385	0.471349	0.955354	0.203415	0.40455	0.802332	0.554539	0.570063	0.00388187	0.0892758	0.305664	0.338318	0.235449	0.554198	0.447528	0.275402	0.753721	0.44536	0.910865	0.248135	0.513795	0.350617	0.451863	0.320083	0.979111	0.209474	0.0478345	0.937512	0.219578	0.683169	0.074503	0.883606	0.237665	0.73239	0.905099	0.863525	0.79015	0.94903	
0.302786	0.682379	0.282732	0.205423	0.482022	0.742295	0.828257	0.375434	0.206921	0.474143	0.988186	0.12897	0.460105	0.371463	0.0916746	0.108374	0.881082	0.172189	0.61165	0.280712	0.739602	0.447417	0.763395	0.100894	0.210141	0.464415	0.90586	0.352841	0.954261	0.735971	0.453997	0.0766023	0.972645	0.218515	0.19711	0.786934	0.902809	0.157903	0.909635	0.611918	0.197453	0.182693	0.486827	0.114103	0.763672	0.131075	0.0930877	0.625383	0.609602	0.0454996	0.89968	0.497333	0.151459	0.50872	0.879297	0.781178	0.717944	0.405274	0.859769	0.967463	
0.674771	0.340827	0.72305	0.426453	0.672136	0.505239	0.86436	0.916306	0.800777	0.823199	0.918795	0.326671	0.604627	0.0466755	0.343338	0.433359	0.88501	0.152313	0.0839374	0.746899	0.481467	0.247598	0.465222	0.965655	0.232755	0.496645	0.284898	0.246638	0.757378	0.17264	0.846942	0.349122	0.0137836	0.90687	0.43673	0.466008	0.185054	0.859085	0.0375043	0.35556	0.468558	0.833285	0.575107	0.780845	0.686831	0.671023	0.777557	0.693845	0.973103	0.130248	0.521699	0.178986	0.146491	0.214223	0.287918	0.278278	0.082676	0.580565	0.273465	0.0486902	
0.0243083	0.184305	0.0869085	0.471037	0.418091	0.686814	0.0490951	0.723797	0.761439	0.0611754	0.705689	0.25662	0.561409	0.0464212	0.85767	0.788314	0.781237	0.510213	0.435745	0.492361	0.259776	0.940588	0.162247	0.885128	0.797166	0.228129	0.709018	0.608051	0.0580218	0.502194	0.214651	0.674015	0.576584	0.620053	0.663962	0.0551149	0.347065	0.0105513	0.40664	0.567285	0.70384	0.571416	0.809049	0.308106	0.138205	0.0731717	0.897109	0.428405	0.61996	0.356578	0.915109	0.868889	0.519381	0.548082	0.821865	0.74755	0.308402	0.812151	0.692342	0.896949	
0.726428	0.336262	0.328418	0.27149	0.440144	0.988304	0.644555	0.0231465	0.635578	0.776227	0.854814	0.950222	0.450743	0.448952	0.153074	0.84782	0.43708	0.282842	0.960157	0.976915	0.998707	0.634217	0.819172	0.520408	0.275831	0.933191	0.974894	0.334789	0.298653	0.936545	0.939136	0.112459	0.0379394	0.21292	0.682464	0.198919	0.0435551	0.886903	0.435091	0.219703	0.606828	0.474554	0.145161	0.19224	0.940253	0.813719	0.764938	0.285369	0.937924	0.162772	0.0162838	0.65744	0.252746	0.478321	0.619474	0.544499	0.804263	0.516286	0.459345	0.0245494	
0.565933	0.429025	0.621365	0.0663865	0.477899	0.647236	0.109189	0.831118	0.783282	0.501983	0.194081	0.0525621	0.380938	0.753383	0.999785	0.198742	0.351946	0.933347	0.991043	0.571451	0.260264	0.89465	0.0667651	0.732776	0.231493	0.532638	0.599211	0.739654	0.0220501	0.483222	0.19815	0.783258	0.349401	0.286803	0.271082	0.363192	0.505169	0.146944	0.615964	0.26492	0.432865	0.265396	0.328879	0.984326	0.63163	0.716341	0.478105	0.876438	0.777265	0.417268	0.5555	0.646734	0.956256	0.348067	0.837581	0.67036	0.495183	0.748554	0.556887	0.327398	
0.00175363	0.590672	0.213342	0.284037	0.748331	0.362847	0.190253	0.661796	0.303819	0.430805	0.371152	0.559526	0.909823	0.642819	0.975871	0.969274	0.807626	0.942041	0.534645	0.76409	0.998773	0.750088	0.595675	0.139512	0.529548	0.895971	0.9065	0.363378	0.84931	0.689978	0.243406	0.880016	0.408982	0.4776	0.762257	0.709035	0.0325826	0.526735	0.100919	0.154964	0.243637	0.243228	0.315834	0.867259	0.262773	0.723927	0.852195	0.887543	0.62955	0.0225743	0.119052	0.334303	0.506842	0.883763	0.227436	0.442881	0.429483	0.603426	0.446706	0.770729	
0.348528	0.948038	0.122646	0.133295	0.00762169	0.0486493	0.157512	0.242112	0.881177	0.731333	0.180713	0.753546	0.23565	0.179129	0.799463	0.581634	0.215564	0.446179	0.765291	0.136231	0.415543	0.518157	0.00606343	0.73637	0.450954	0.312003	0.894309	0.47268	0.450276	0.612204	0.357971	0.204944	0.640023	0.539115	0.648246	0.985862	0.0682272	0.0936195	0.283637	0.543036	0.779785	0.608631	0.63349	0.43414	0.234516	0.558144	0.455588	0.770913	0.479739	0.471072	0.134913	0.4638	0.7025	0.946442	0.68979	0.0102444	0.440091	0.461506	0.786501	0.155835	
0.333152	0.464018	0.0461705	0.690772	0.0313428	0.855226	0.710325	0.190327	0.314683	0.429108	0.972937	0.996777	0.0906918	0.468896	0.349215	0.980879	0.354133	0.0220275	0.792987	0.655046	0.499591	0.55486	0.0023228	0.254819	0.0248876	0.777859	0.853362	0.187132	0.275001	0.214755	0.485132	0.867337	0.140844	0.543155	0.419627	0.0978495	0.650377	0.295962	0.724966	0.947912	0.159693	0.959095	0.166734	0.48661	0.391821	0.449755	0.228365	0.29799	0.350932	0.332598	0.791438	0.210677	0.0121739	0.830607	0.784695	0.566686	0.0229977	0.288393	0.45081	0.401343	
0.70951	0.311943	0.170835	0.328443	0.0898115	0.512281	0.860081	0.694802	0.0522365	0.221039	0.971733	0.332266	0.490299	0.481886	0.058578	0.343091	0.445787	0.836319	0.0908751	0.0934966	0.339286	0.981462	0.705853	0.131881	0.671614	0.801766	0.95333	0.0414171	0.856821	0.39525	0.482707	0.575205	0.885077	0.0713114	0.744022	0.879074	0.938766	0.0270537	0.131806	0.745079	0.707277	0.594344	0.45381	0.679233	0.49225	0.0118572	0.820014	0.262098	0.0697563	0.926847	0.934482	0.779107	0.716841	0.0472678	0.579241	0.0021533	0.042094	0.959117	0.848386	0.963548	
0.732721	0.29621	0.0770591	0.307044	0.0263188	0.327562	0.330488	0.705899	0.253494	0.597185	0.651928	0.458343	0.72454	0.625835	0.0522762	0.781905	0.0896942	0.853215	0.118838	0.637647	0.185391	0.724603	0.0294429	0.38073	0.133582	0.728392	0.499237	0.900668	0.327083	0.442124	0.603528	0.681991	0.213093	0.924867	0.0731682	0.846584	0.213988	0.837331	0.891118	0.393143	0.0841653	0.538099	0.769785	0.257183	0.653439	0.0441859	0.401249	0.00322205	0.79913	0.0550894	0.824643	0.3436	0.147502	0.845659	0.147193	0.827023	0.912018	0.638406	0.176576	0.876289	
0.49067	0.835707	0.163187	0.930405	0.753908	0.0796061	0.780494	0.642111	0.687634	0.189831	0.750187	0.471399	0.713805	0.0309679	0.45623	0.354395	0.717595	0.341866	0.725056	0.116009	0.477554	0.204527	0.670327	0.463303	0.246024	0.0351438	0.810441	0.89001	0.841475	0.289404	0.61616	0.902466	0.750028	0.448053	0.642605	0.862813	0.371542	0.107347	0.00568051	0.447408	0.832968	0.0581881	0.874233	0.548395	0.175509	0.0304335	0.322477	0.815416	0.100265	0.73117	0.409827	0.263699	0.669925	0.484674	0.733539	0.242687	0.89825	0.0105196	0.264575	0.365967	
0.993532	0.142587	0.96108	0.00268366	0.156929	0.324244	0.982662	0.334416	0.0850471	0.944747	0.880122	0.0652872	0.7727	0.905102	0.569348	0.735082	0.245772	0.110403	0.747591	0.0405825	0.734775	0.164292	0.170698	0.230303	0.287318	0.715668	0.926416	0.709599	0.265705	0.101748	0.601102	0.459961	0.64184	0.279247	0.214831	0.0289842	0.882541	0.130403	0.303303	0.13403	0.161682	0.394463	0.250161	0.141585	0.378389	0.614389	0.138831	0.350173	0.758707	0.562331	0.0610122	0.17492	0.653227	0.659391	0.167212	0.143219	0.830462	0.956074	0.961387	0.162378	
0.839973	0.466809	0.168524	0.160455	0.865252	0.496491	0.711508	0.747464	0.746839	0.0180089	0.664104	0.133463	0.105245	0.221673	0.833434	0.0667726	0.375302	0.360646	0.584166	0.406132	0.924667	0.883835	0.68548	0.94723	0.831881	0.243896	0.961211	0.827763	0.0792174	0.738551	0.164874	0.0498072	0.518576	0.317703	0.694154	0.972248	0.996743	0.426698	0.367357	0.541424	0.23825	0.247097	0.525763	0.824199	0.314321	0.526898	0.0720423	0.490184	0.228532	0.79276	0.402927	0.816808	0.724285	0.243159	0.202857	0.935835	0.0130393	0.513489	0.756777	0.145032	
0.0243356	0.731212	0.144371	0.913508	0.581963	0.440739	0.60413	0.498604	0.404036	0.548479	0.587144	0.491292	0.0099358	0.817581	0.839312	0.143004	0.0788096	0.0266428	0.818771	0.833994	0.542645	0.0511611	0.821669	0.504717	0.0749702	0.398548	0.724109	0.215291	0.744425	0.653417	0.612982	0.272433	0.62027	0.323988	0.0960246	0.790057	0.131801	0.505435	0.762664	0.574638	0.149634	0.354009	0.798612	0.451434	0.477669	0.921252	0.324646	0.785092	0.550247	0.626104	0.401773	0.632461	0.916664	0.245275	0.723411	0.052612	0.296184	0.688735	0.594142	0.3187	
0.122651	0.289101	0.601284	0.878228	0.485428	0.958468	0.334331	0.627969	0.82364	0.499898	0.988339	0.105596	0.733624	0.653997	0.0889803	0.0506691	0.579834	0.776879	0.948972	0.052146	0.741302	0.255173	0.423433	0.0959881	0.834958	0.223193	0.0970261	0.549578	0.921667	0.0493355	0.0281779	0.591279	0.723593	0.912627	0.864767	0.519238	0.680844	0.407693	0.426364	0.713687	0.609589	0.219704	0.790544	0.625855	0.924797	0.748539	0.842548	0.31767	0.638257	0.873863	0.876765	0.987519	0.214122	0.795872	0.294066	0.463096	0.332404	0.611196	0.62674	0.427688	
0.870597	0.871853	0.107525	0.210452	0.260118	0.386154	0.862198	0.982461	0.970061	0.33923	0.00326979	0.303345	0.445457	0.250763	0.720316	0.941684	0.916167	0.52515	0.156241	0.542672	0.254451	0.500901	0.75883	0.312599	0.589431	0.407225	0.739717	0.688075	0.576523	0.702426	0.288821	0.0925791	0.856729	0.976417	0.601194	0.246422	0.00959269	0.377247	0.631069	0.309315	0.13352	0.0435296	0.600558	0.0593821	0.634379	0.977099	0.90605	0.730372	0.113	0.434467	0.921291	0.456383	0.0847564	0.251321	0.0789653	0.657925	0.243047	0.679294	0.260153	0.935503	
0.474995	0.276759	0.501012	0.72583	0.556761	0.616604	0.729054	0.70269	0.0883092	0.50102	0.940604	0.265782	0.81965	0.618396	0.907137	0.879134	0.0285951	0.844758	0.501556	0.538614	0.646971	0.394249	0.279739	0.26409	0.504693	0.128315	0.686747	0.687669	0.961829	0.633454	0.204235	0.541402	0.978264	0.135301	0.926259	0.350418	0.865395	0.0156443	0.891467	0.782475	0.0524145	0.0486782	0.729106	0.837088	0.0224055	0.396803	0.558649	0.432526	0.243433	0.731321	0.127398	0.562432	0.117757	0.221685	0.461442	0.0902598	0.741235	0.478541	0.421284	0.882512	
0.121503	0.300935	0.53068	0.192411	0.54808	0.600864	0.224249	0.77403	0.890174	0.359234	0.651613	0.404437	0.144035	0.574682	0.882368	0.0212499	0.739496	0.513762	0.843026	0.306081	0.547647	0.250593	0.781552	0.196643	0.959725	0.612447	0.783943	0.29782	0.389119	0.999671	0.146224	0.831799	0.998585	0.804487	0.362912	0.450298	0.0873881	0.724741	0.0402215	0.291715	0.0681215	0.669304	0.446754	0.748277	0.548484	0.819079	0.988892	0.450464	0.0297274	0.687183	0.871516	0.635042	0.920329	0.394728	0.82912	0.677712	0.747348	0.863719	0.934731	0.890141	
0.334053	0.953473	0.304869	0.198872	0.217758	0.691685	0.445102	0.11947	0.25652	0.401467	0.486595	0.760634	0.451927	0.281586	0.101686	0.892329	0.471875	0.54795	0.260234	0.851066	0.317308	0.0590802	0.254359	0.18767	0.634941	0.30074	0.768528	0.486055	0.390139	0.439395	0.242932	0.750534	0.590333	0.0821725	0.773842	0.162226	0.302425	0.234581	0.038579	0.144675	0.952365	0.052407	0.824445	0.612336	0.771444	0.515766	0.145275	0.214327	0.29433	0.862792	0.181121	0.0056719	0.811952	0.561148	0.846221	0.344853	0.740886	0.39665	0.654805	0.0337271	
0.827544	0.292422	0.200243	0.732677	0.549386	0.744579	0.291011	0.390082	0.659348	0.646086	0.972105	0.7845	0.950016	0.104555	0.265147	0.777449	0.139555	0.952843	0.515558	0.526073	0.100222	0.797049	0.989354	0.88381	0.154698	0.949241	0.769492	0.972528	0.225221	0.230883	0.222248	0.981789	0.769374	0.869893	0.411323	0.921386	0.85889	0.0190454	0.163287	0.468172	0.391019	0.901835	0.567959	0.677423	0.674733	0.202036	0.369384	0.899238	0.143605	0.935718	0.438392	0.373591	0.531351	0.415208	0.21139	0.513906	0.367729	0.492639	0.0994397	0.561816	
0.893535	0.913817	0.707897	0.1478	0.142502	0.368164	0.58242	0.32278	0.579687	0.507401	0.92841	0.497721	0.207397	0.362976	0.758419	0.400496	0.5686	0.769954	0.339429	0.162884	0.506303	0.00726577	0.31687	0.758838	0.951836	0.0128815	0.513474	0.050348	0.0365171	0.713783	0.732123	0.557477	0.0880515	0.0144902	0.900176	0.644868	0.845962	0.741093	0.99113	0.630981	0.560772	0.390489	0.17385	0.481851	0.496495	0.650343	0.31679	0.0219172	0.10515	0.313918	0.888036	0.0858671	0.0122085	0.571535	0.620355	0.401462	0.198673	0.143088	0.219685	0.468127	
0.772344	0.853936	0.558953	0.259055	0.487732	0.968775	0.201866	0.276209	0.0535483	0.0599496	0.453064	0.424851	0.404912	0.946583	0.264371	0.591442	0.220969	0.951158	0.757362	0.0182932	0.232881	0.665667	0.208582	0.652918	0.181044	0.60542	0.814298	0.378551	0.0980944	0.723421	0.611387	0.0886526	0.343966	0.94741	0.196101	0.461362	0.732273	0.404006	0.827167	0.608575	0.229921	0.749751	0.618509	0.812141	0.295975	0.070993	0.605073	0.658591	0.295188	0.506431	0.652277	0.30226	0.788239	0.659736	0.460271	0.239986	0.639719	0.953423	0.146277	0.91547	
0.637454	0.362977	0.650694	0.358802	0.572339	0.937762	0.592557	0.982868	0.827335	0.829812	0.498017	0.47504	0.236128	0.965216	0.322386	0.23118	0.520038	0.747619	0.542038	0.517327	0.532787	0.165821	0.97541	0.515013	0.489519	0.172162	0.990432	0.301687	0.0451815	0.680306	0.612143	0.470638	0.79686	0.63186	0.0832347	0.511358	0.80092	0.292264	0.606587	0.289201	0.407883	0.217757	0.486165	0.811948	0.150837	0.684092	0.388735	0.430883	0.666629	0.137072	0.358278	0.267958	0.405609	0.0967936	0.740903	0.429308	0.467522	0.289091	0.4254	0.81804	
0.342365	0.775056	0.59282	0.349542	0.484525	0.719921	0.455791	0.402111	0.232151	0.296592	0.205455	0.236169	0.352838	0.885422	0.322356	0.901998	0.747706	0.888248	0.430851	0.135173	0.743543	0.270397	0.730062	0.517443	0.276333	0.815443	0.108268	0.102247	0.86402	0.762439	0.494576	0.420594	0.478584	0.336807	0.42669	0.71738	0.931694	0.474338	0.410977	0.665694	0.704943	0.301878	0.453648	0.752886	0.182968	0.120465	0.240064	0.213228	0.626568	0.486138	0.803521	0.229388	0.292617	0.326012	0.960187	0.162858	0.938068	0.354033	0.920649	0.967803	
0.743857	0.980319	0.609184	0.213702	0.493837	0.664449	0.182282	0.642228	0.0981209	0.0908006	0.289885	0.0412736	0.7679	0.612212	0.910958	0.937871	0.0624744	0.885397	0.0974749	0.764284	0.402052	0.50634	0.609884	0.858267	0.0447186	0.0201858	0.833906	0.761242	0.39269	0.332886	0.698495	0.413389	0.955601	0.659019	0.258222	0.550062	0.946359	0.156161	0.493177	0.749503	0.784894	0.397167	0.0737718	0.374364	0.819878	0.649864	0.49183	0.366377	0.147945	0.778322	0.661843	0.707953	0.114847	0.0486042	0.902226	0.279293	0.0774633	0.906751	0.838338	0.58691	
0.610702	0.592773	0.231583	0.990553	0.0550209	0.099114	0.257302	0.327905	0.228307	0.397192	0.302657	0.367807	0.78996	0.799694	0.514558	0.17309	0.33465	0.460695	0.392288	0.695764	0.411114	0.0114131	0.618588	0.938535	0.604815	0.684938	0.909605	0.2226	0.99011	0.49262	0.398983	0.686352	0.393786	0.634182	0.254105	0.11531	0.951176	0.297138	0.384779	0.0670026	0.555206	0.748343	0.416109	0.69458	0.781255	0.537322	0.886415	0.823074	0.521198	0.212489	0.883234	0.353954	0.174272	0.394446	0.672728	0.00494749	0.0328135	0.481803	0.367359	0.860767	
