25	30
100.982	0.378527
122.034	0.750252
122.767	0.614927
100.04	0.374756
115.176	0.256204
105.065	0.628525
112.44	0.353859
100.814	0.687503
104.67	0.367928
117.526	0.355232
109.128	0.824336
120.323	0.610294
115.739	0.771941
107.1	0.648707
117.22	0.874847
119.361	0.900358
99.9343	0.265494
123.013	0.492935
101.769	0.189847
104.686	0.11269
123.158	0.0107093
103.101	0.0168573
105.583	0.943667
117.964	0.806038
120.638	0.996618
14.1507
47.9372
15.8362
22.0447
9.19425
19.9816
6.95507
40.2101
11.7632
49.144
47.5694
31.7338
8.05721
20.0515
17.2196
40.0109
21.967
32.7473
33.2649
43.5107
8.62126
11.8061
38.628
7.94857
23.028
10.8714
49.8229
39.3604
41.8107
26.5125
0.0396821	0.962793	0.261376	0.43917	0.974723	0.0467847	0.240501	0.875725	0.54393	0.560962	0.216212	0.951371	0.116151	0.020415	0.427868	0.402589	0.33782	0.443337	0.0103341	0.829563	0.320433	0.0517322	0.778748	0.698822	0.570975	0.262228	0.201156	0.60057	0.988657	0.786061	
0.108157	0.399663	0.35498	0.156253	0.966459	0.407482	0.0657689	0.236514	0.828635	0.0220464	0.256498	0.311001	0.694765	0.207328	0.852542	0.360375	0.647606	0.470556	0.478363	0.804924	0.711144	0.238434	0.280551	0.511817	0.567904	0.150862	0.926027	0.030348	0.143684	0.95315	
0.675545	0.882869	0.131161	0.420584	0.584032	0.544063	0.894086	0.807417	0.705172	0.339975	0.953938	0.259024	0.545533	0.898596	0.892694	0.823573	0.193875	0.620188	0.148148	0.286958	0.998158	0.918766	0.480415	0.500031	0.27048	0.870819	0.935565	0.331419	0.459076	0.111013	
0.325694	0.309771	0.347035	0.949576	0.617242	0.590087	0.369494	0.941723	0.890459	0.441634	0.59088	0.598015	0.0299755	0.57773	0.520699	0.999146	0.620325	0.702554	0.136669	0.128963	0.54799	0.828274	0.835955	0.482828	0.111102	0.856213	0.44515	0.0953458	0.0867335	0.572305	
0.00398972	0.865725	0.179045	0.694389	0.877941	0.0912207	0.718636	0.336608	0.236444	0.746881	0.585517	0.440116	0.302322	0.376879	0.938749	0.183614	0.0160726	0.545918	0.557616	0.632076	0.909918	0.635557	0.372672	0.522564	0.235335	0.0517643	0.200822	0.584575	0.801843	0.392131	
0.0309226	0.749368	0.544518	0.205184	0.795581	0.754501	0.345425	0.691892	0.962508	0.528533	0.345672	0.295416	0.296812	0.521191	0.665424	0.238438	0.376114	0.918984	0.242614	0.714627	0.743933	0.721068	0.372979	0.179351	0.995679	0.449131	0.832363	0.0622724	0.441807	0.520645	
0.131227	0.815181	0.346852	0.732315	0.307515	0.170574	0.424983	0.895218	0.179542	0.877543	0.824833	0.849219	0.348986	0.655943	0.690264	0.108326	0.401111	0.229117	0.613634	0.221834	0.884125	0.683365	0.791855	0.18072	0.721721	0.0333355	0.813834	0.524207	0.0633392	0.0722455	
0.591853	0.721207	0.862905	0.336485	0.768196	0.985235	0.108795	0.40401	0.188154	0.708567	0.761374	0.623181	0.613947	0.298467	0.097474	0.426371	0.72659	0.929927	0.188741	0.360707	0.74917	0.253493	0.674414	0.551179	0.182509	0.747668	0.392425	0.886131	0.344956	0.316511	
0.109996	0.415437	0.710465	0.893426	0.982206	0.559772	0.0789592	0.328815	0.178517	0.0737161	0.854189	0.795296	0.692272	0.0124558	0.231449	0.173812	0.461417	0.0854191	0.0116673	0.284065	0.758348	0.606978	0.872788	0.0769184	0.0630389	0.0908973	0.659686	0.639627	0.848868	0.89776	
0.420005	0.247851	0.06599	0.642383	0.909747	0.481511	0.255881	0.477386	0.615318	0.501083	0.957424	0.932026	0.764848	0.755044	0.00219335	0.0621936	0.670518	0.0155003	0.748927	0.931487	0.719774	0.337062	0.413222	0.45058	0.187576	0.323966	0.584823	0.348193	0.278063	0.689279	
0.554695	0.000101303	0.983787	0.657174	0.57296	0.377979	0.488957	0.105542	0.823343	0.664907	0.162368	0.711592	0.755842	0.253219	0.193625	0.0268338	0.213404	0.871465	0.80309	0.424034	0.281682	0.0865194	0.267507	0.720581	0.0449618	0.142261	0.89493	0.380371	0.00214531	0.63658	
0.916687	0.739812	0.652401	0.730513	0.981036	0.591983	0.929507	0.272573	0.87048	0.704124	0.813272	0.555997	0.938458	0.94535	0.913455	0.496488	0.104291	0.649726	0.291703	0.578504	0.643512	0.227085	0.869712	0.169201	0.131023	0.55302	0.516439	0.0854264	0.791526	0.766619	
0.988929	0.262421	0.353292	0.248528	0.664967	0.344689	0.973402	0.062302	0.610381	0.54797	0.57028	0.940508	0.320672	0.375726	0.396114	0.376636	0.618516	0.0706923	0.135628	0.187733	0.0438771	0.839015	0.592363	0.93286	0.317754	0.28872	0.563722	0.339276	0.87032	0.408101	
0.352768	0.58647	0.704819	0.831232	0.381854	0.148349	0.827475	0.893331	0.29615	0.721561	0.217422	0.972352	0.283805	0.0445066	0.372163	0.678734	0.761831	0.0449546	0.225524	0.747525	0.498722	0.85453	0.0632566	0.545267	0.469278	0.382364	0.450897	0.551247	0.905192	0.851648	
0.39653	0.792575	0.659406	0.322339	0.16627	0.39844	0.0063359	0.622139	0.847245	0.622428	0.261302	0.468535	0.842961	0.393967	0.255448	0.781955	0.815895	0.997114	0.333206	0.424744	0.0718655	0.471859	0.897376	0.216	0.665526	0.616642	0.317377	0.242363	0.973311	0.606515	
0.417444	0.429009	0.127533	0.135729	0.923526	0.539451	0.504811	0.743468	0.794476	0.427744	0.794595	0.610309	0.98163	0.7762	0.535983	0.537714	0.282071	0.258242	0.92191	0.686137	0.894316	0.943522	0.487049	0.469206	0.949937	0.0473549	0.744669	0.857172	0.207324	0.834149	
0.238447	0.051345	0.812156	0.916329	0.43327	0.487819	0.507548	0.0948205	0.973357	0.164313	0.212909	0.989397	0.507025	0.662678	0.699977	0.713504	0.948633	0.267041	0.767835	0.0529178	0.65115	0.978875	0.382899	0.203337	0.769385	0.638757	0.969436	0.726429	0.428002	0.930051	
0.544531	0.443425	0.0979714	0.140934	0.366941	0.921959	0.989613	0.00605869	0.872642	0.117948	0.552022	0.969551	0.542718	0.725664	0.485501	0.843454	0.405631	0.190409	0.259586	0.770137	0.194943	0.316387	0.703437	0.113069	0.0800957	0.744497	0.104042	0.187637	0.714889	0.900698	
0.317806	0.65168	0.160304	0.387378	0.811971	0.0627574	0.318092	0.150014	0.30331	0.95571	0.755702	0.0509616	0.258842	0.0850861	0.731299	0.830799	0.144422	0.129826	0.317429	0.0425959	0.330121	0.549032	0.800407	0.0810333	0.336009	0.00530802	0.515231	0.696622	0.748052	0.144967	
0.653199	0.321626	0.676357	0.358089	0.448967	0.261207	0.92403	0.270018	0.338468	0.711905	0.460513	0.40461	0.0767666	0.531856	0.768248	0.927995	0.541297	0.347361	0.0261335	0.538495	0.231727	0.0340117	0.651287	0.0831665	0.371369	0.694555	0.892529	0.842513	0.498651	0.748117	
0.584029	0.234449	0.260006	0.468314	0.433366	0.273742	0.899846	0.68503	0.121686	0.814625	0.228198	0.46363	0.601694	0.938844	0.328409	0.877099	0.964367	0.901225	0.985185	0.368012	0.917403	0.0789687	0.982606	0.759109	0.966925	0.0748994	0.490403	0.584721	0.719734	0.469988	
0.746417	0.330053	0.278753	0.455544	0.551026	0.638745	0.349401	0.492142	0.0846601	0.0183423	0.0977177	0.736389	0.943431	0.897962	0.653554	0.939391	0.448731	0.348622	0.377759	0.67512	0.269046	0.626883	0.505865	0.524235	0.446293	0.193673	0.00923985	0.221708	0.93009	0.746385	
0.508859	0.196496	0.17696	0.672551	0.529088	0.321177	0.634055	0.840479	0.475279	0.246902	0.223262	0.644891	0.558893	0.573359	0.468445	0.425373	0.0648217	0.35732	0.08385	0.206834	0.62075	0.883906	0.0553347	0.60444	0.095824	0.0624685	0.804006	0.62164	0.42269	0.293866	
0.960864	0.941794	0.661253	0.394036	0.896737	0.338207	0.287027	0.779351	0.847633	0.693966	0.809034	0.326041	0.129084	0.526569	0.678498	0.15089	0.634362	0.312193	0.720771	0.469994	0.882025	0.0555386	0.153655	0.390807	0.165755	0.326166	0.880268	0.0610281	0.134143	0.377571	
0.358827	0.864578	0.263449	0.100224	0.449499	0.679257	0.0857094	0.0493558	0.345302	0.140362	0.319722	0.216331	0.579581	0.255853	0.851538	0.58073	0.372094	0.268962	0.634786	0.022818	0.353163	0.169091	0.595826	0.846498	0.138291	0.914369	0.849742	0.531963	0.747999	0.915904	
