25	30
114.73	0.694566
101.551	0.818558
104.774	0.116738
116.991	0.845351
111.207	0.160154
121.36	0.727125
121.355	0.521263
110.703	0.609689
112.767	0.139144
102.106	0.782219
100.393	0.495424
99.6441	0.202501
111.254	0.972794
101.593	0.770386
115.357	0.532646
119.061	0.978376
114.019	0.20785
106.746	0.67095
116.996	0.259088
102.783	0.738641
122.609	0.343351
118.912	0.903942
118.928	0.319029
117.255	0.19676
116.691	0.797085
35.3602
47.4981
44.6949
10.8196
10.6322
11.0843
2.05839
23.4121
39.6618
15.6669
39.2764
30.3448
39.317
9.08401
39.9403
23.9383
3.59281
21.6692
45.3405
8.34066
37.5443
42.9424
6.21576
10.2656
39.1518
38.1186
46.9468
10.8502
46.9167
21.1501
0.152093	0.761229	0.751238	0.56625	0.844426	0.739031	0.239938	0.71525	0.590739	0.571905	0.830211	0.225712	0.501909	0.794779	0.698152	0.851409	0.636541	0.452171	0.458157	0.583708	0.531682	0.123963	0.132148	0.253884	0.000468077	0.420023	0.442119	0.168595	0.960484	0.818544	
0.219107	0.284798	0.684095	0.80838	0.572016	0.466389	0.14197	0.294805	0.335569	0.811076	0.0678249	0.15186	0.565616	0.98302	0.0284874	0.833502	0.00678159	0.688192	0.0343974	0.25632	0.257963	0.565252	0.83847	0.383449	0.929549	0.857717	0.612205	0.369307	0.474796	0.823323	
0.0211256	0.480598	0.39273	0.0561092	0.0696414	0.38525	0.952717	0.366602	0.129506	0.995049	0.237425	0.571856	0.34123	0.194573	0.60269	0.754954	0.731493	0.312712	0.938928	0.502612	0.234644	0.618941	0.764699	0.282582	0.166436	0.17412	0.0916765	0.157406	0.743743	0.432481	
0.760301	0.752802	0.83469	0.305834	0.0965225	0.068431	0.0854117	0.445391	0.355076	0.437909	0.695609	0.71854	0.901053	0.754899	0.0321569	0.679506	0.90119	0.860996	0.433338	0.489886	0.160827	0.215715	0.735553	0.365247	0.906079	0.825816	0.16574	0.699417	0.88214	0.295571	
0.839512	0.174138	0.0299805	0.193224	0.560709	0.944277	0.614004	0.223661	0.566069	0.587152	0.040088	0.13598	0.587143	0.282725	0.0810685	0.729941	0.116538	0.808039	0.834285	0.0245704	0.348306	0.0439236	0.979101	0.492828	0.914742	0.253875	0.0334504	0.406415	0.262897	0.391411	
0.0603172	0.588901	0.628186	0.804962	0.8703	0.904365	0.476867	0.54997	0.901521	0.674489	0.113815	0.830474	0.997301	0.414149	0.934442	0.160044	0.232404	0.709324	0.191378	0.385109	0.197954	0.694504	0.16026	0.270629	0.934363	0.318737	0.408732	0.433345	0.247802	0.97236	
0.536074	0.627048	0.675622	0.676593	0.242153	0.640883	0.561326	0.584652	0.715198	0.279467	0.892123	0.334248	0.335922	0.930358	0.861517	0.817739	0.673807	0.334597	0.98874	0.782247	0.698926	0.155079	0.362049	0.400414	0.769189	0.164106	0.0433211	0.337993	0.594563	0.577807	
0.453442	0.895602	0.88676	0.177015	0.340202	0.400291	0.366982	0.101931	0.477453	0.147109	0.114734	0.173786	0.00686508	0.26059	0.937478	0.690212	0.897428	0.00210147	0.335887	0.151785	0.703471	0.704769	0.581327	0.516545	0.573574	0.581063	0.467957	0.992169	0.960891	0.80664	
0.183467	0.198882	0.583001	0.165392	0.47775	0.302564	0.266507	0.353787	0.276044	0.329118	0.448475	0.42463	0.83839	0.0537838	0.784381	0.592395	0.296908	0.562299	0.198173	0.564716	0.315426	0.138715	0.933503	0.207652	0.211309	0.937787	0.529725	0.199347	0.330196	0.582218	
0.462131	0.0334653	0.64602	0.813044	0.594097	0.758411	0.835761	0.752949	0.932394	0.596991	0.744674	0.550098	0.741752	0.692863	0.555926	0.430625	0.860891	0.612551	0.818743	0.420139	0.807466	0.15897	0.210956	0.133503	0.299325	0.882491	0.987156	0.0963011	0.211458	0.29302	
0.971171	0.359706	0.0200853	0.138363	0.670929	0.667915	0.0699506	0.576102	0.16028	0.747409	0.696575	0.779229	0.968006	0.47382	0.474907	0.618954	0.0181061	0.652842	0.454698	0.574942	0.673126	0.833269	0.670058	0.847714	0.969046	0.665501	0.440682	0.311293	0.275326	0.0750976	
0.247416	0.333281	0.270043	0.90626	0.145405	0.0401433	0.0339527	0.590189	0.138707	0.382331	0.361282	0.123923	0.249202	0.381428	0.180788	0.117986	0.843023	0.662267	0.133318	0.672168	0.43269	0.0309316	0.710644	0.172399	0.319201	0.0271145	0.690115	0.537756	0.966229	0.0191633	
0.546138	0.206515	0.492748	0.985515	0.106127	0.561274	0.883616	0.0999389	0.475909	0.936182	0.302851	0.117362	0.465195	0.48772	0.380792	0.592426	0.0227152	0.836745	0.659539	0.481683	0.932574	0.088148	0.0561439	0.670077	0.0498419	0.764012	0.659026	0.764409	0.159633	0.19703	
0.387522	0.0911088	0.119877	0.654314	0.677158	0.830082	0.692189	0.246522	0.0172603	0.0489641	0.490425	0.0678069	0.644945	0.775081	0.75143	0.79991	0.833571	0.607767	0.355402	0.888918	0.68592	0.19586	0.732751	0.918389	0.282771	0.582281	0.580945	0.932943	0.485747	0.509628	
0.490265	0.974416	0.428349	0.828203	0.501013	0.308085	0.224216	0.211243	0.32487	0.100078	0.230568	0.33189	0.112223	0.976108	0.307339	0.438415	0.62337	0.531534	0.365207	0.972889	0.967638	0.45517	0.229604	0.713539	0.0434534	0.02863	0.452415	0.485257	0.374802	0.0181332	
0.42332	0.130568	0.645089	0.0247189	0.0437906	0.192785	0.572026	0.47519	0.00559215	0.574839	0.590714	0.385749	0.659476	0.631481	0.023483	0.454507	0.0622932	0.718427	0.0789191	0.579429	0.588037	0.510029	0.761442	0.974649	0.607556	0.798313	0.00355588	0.682587	0.326319	0.270648	
0.246767	0.7932	0.519573	0.557137	0.823363	0.951157	0.926518	0.00838396	0.180338	0.0456316	0.603451	0.337066	0.146561	0.753993	0.952713	0.379697	0.658392	0.545114	0.968275	0.27578	0.922824	0.294287	0.84478	0.548561	0.922936	0.0549241	0.402648	0.226917	0.912159	0.248681	
0.555015	0.284057	0.0175087	0.679825	0.435091	0.405913	0.662141	0.343865	0.837216	0.290454	0.645996	0.10223	0.396478	0.214477	0.263207	0.436536	0.855308	0.585037	0.375343	0.713376	0.625447	0.483051	0.157209	0.531468	0.34274	0.821318	0.0538875	0.144904	0.546453	0.877355	
0.228283	0.41715	0.574889	0.788329	0.628623	0.0540954	0.851613	0.306462	0.195318	0.844507	0.169641	0.881644	0.252808	0.562913	0.189216	0.458755	0.492833	0.82782	0.93629	0.232611	0.545666	0.0335164	0.24867	0.018202	0.393991	0.656282	0.468515	0.769603	0.92842	0.511667	
0.677103	0.579686	0.844653	0.416219	0.615888	0.804328	0.310932	0.713508	0.979632	0.0317587	0.352489	0.292185	0.405264	0.164777	0.0840458	0.920591	0.662303	0.600578	0.470857	0.403415	0.283129	0.700418	0.284944	0.454525	0.943061	0.0235517	0.0721823	0.677614	0.832625	0.422941	
0.898847	0.954197	0.555245	0.278174	0.546605	0.777502	0.0732709	0.493092	0.665846	0.568364	0.999817	0.109517	0.37137	0.705784	0.159505	0.674986	0.106521	0.28598	0.414158	0.0242857	0.0225161	0.524231	0.920707	0.871978	0.666272	0.673703	0.762603	0.353194	0.650622	0.153009	
0.665097	0.274257	0.529551	0.55018	0.146299	0.25409	0.398802	0.97483	0.647969	0.515542	0.424525	0.085546	0.794632	0.635503	0.388801	0.676392	0.694726	0.896352	0.618727	0.320884	0.816807	0.48195	0.978936	0.725907	0.0415767	0.529708	0.856232	0.770801	0.864507	0.773721	
0.912725	0.589748	0.942782	0.841997	0.0208311	0.594673	0.138328	0.539087	0.517143	0.702549	0.0591325	0.974037	0.71886	0.797474	0.369457	0.00586652	0.904674	0.324063	0.89068	0.985147	0.903243	0.874591	0.130346	0.582853	0.201256	0.463704	0.977412	0.115352	0.815352	0.65115	
0.178075	0.235888	0.999391	0.442785	0.458579	0.0882818	0.980454	0.47402	0.553272	0.325061	0.581039	0.342443	0.941619	0.677804	0.81803	0.203211	0.982865	0.0576031	0.673618	0.829228	0.281625	0.0112036	0.643567	0.391704	0.144066	0.538774	0.584899	0.678525	0.378107	0.84106	
0.685626	0.648976	0.977997	0.978792	0.525919	0.526313	0.611016	0.36474	0.548435	0.372553	0.0405428	0.0360054	0.194016	0.803516	0.550431	0.677204	0.335296	0.643415	0.141343	0.943576	0.41101	0.435968	0.236195	0.130214	0.169823	0.569231	0.542207	0.641292	0.517206	0.0891725	
