25	30
114.875	0.991665
106.369	0.0808081
122.656	0.554263
109.932	0.196981
114.012	0.221617
123.68	0.77068
121.88	0.651048
105.617	0.0721545
114.152	0.831285
112.319	0.314811
113.242	0.768496
122.582	0.254048
110.948	0.467087
112.171	0.858846
103.775	0.476778
118.884	0.938383
102.053	0.105848
118.159	0.245986
122.289	0.388678
101.168	0.369279
101.134	0.340562
105.389	0.742741
115.235	0.931
120.718	0.251614
120.325	0.714117
16.4138
42.8669
28.0735
15.9808
23.6384
15.1115
45.4798
48.9647
7.36799
7.35506
46.0112
17.0159
13.9147
27.4931
30.5017
17.4649
33.1747
7.11567
46.8858
30.6989
24.3674
41.6225
37.7424
46.6398
44.8827
20.5484
49.1378
16.9012
23.6477
5.1514
0.183003	0.178777	0.690194	0.0860895	0.876265	0.837022	0.295907	0.103264	0.438479	0.376798	0.0618115	0.78752	0.560467	0.859898	0.201638	0.848938	0.78354	0.897676	0.862408	0.512288	0.175976	0.781869	0.0912214	0.640318	0.750617	0.205884	0.984027	0.532742	0.600812	0.0719328	
0.127392	0.744911	0.803696	0.755995	0.431352	0.512684	0.112007	0.45821	0.223292	0.108983	0.592485	0.976011	0.905179	0.50081	0.883057	0.0261079	0.788514	0.26937	0.178646	0.345176	0.16921	0.651438	0.780639	0.238669	0.197832	0.0946475	0.0259942	0.518942	0.161939	0.0307421	
0.438416	0.821297	0.788608	0.446221	0.493077	0.659354	0.840334	0.599994	0.379446	0.0666735	0.268945	0.544851	0.377588	0.364187	0.818467	0.619982	0.0306993	0.280573	0.742286	0.275265	0.98262	0.996298	0.861093	0.558011	0.18721	0.37627	0.472316	0.94166	0.941115	0.705743	
0.535208	0.424052	0.0725089	0.818584	0.298403	0.513809	0.660464	0.853768	0.400324	0.391459	0.648713	0.599835	0.077603	0.248095	0.403478	0.247195	0.370193	0.48948	0.675151	0.43974	0.870289	0.374514	0.256098	0.675184	0.0491384	0.691894	0.45297	0.192041	0.0282124	0.232234	
0.989973	0.402629	0.815851	0.618055	0.953036	0.1208	0.608756	0.865858	0.5872	0.0730654	0.958982	0.580801	0.0522505	0.538115	0.220637	0.296487	0.818379	0.638285	0.89527	0.908105	0.533566	0.128798	0.0780852	0.840702	0.843463	0.487894	0.712656	0.97916	0.877026	0.622065	
0.808573	0.24916	0.896941	0.1838	0.384504	0.695784	0.69331	0.081898	0.761033	0.737524	0.438461	0.665061	0.941893	0.591338	0.837528	0.386101	0.129249	0.497399	0.675636	0.541704	0.129118	0.144906	0.195055	0.0575229	0.361475	0.63919	0.517324	0.284874	0.498509	0.799528	
0.351897	0.159528	0.275858	0.660325	0.943556	0.751666	0.908736	0.0892012	0.538906	0.268554	0.140017	0.573912	0.54667	0.353212	0.712326	0.326408	0.213422	0.229243	0.692532	0.219741	0.961023	0.00545756	0.0126578	0.729556	0.607898	0.328308	0.716008	0.379724	0.823248	0.430507	
0.615147	0.1924	0.635239	0.046251	0.61058	0.293394	0.499682	0.17546	0.479981	0.853591	0.203485	0.197929	0.551817	0.974203	0.181781	0.741701	0.119916	0.237352	0.296573	0.732619	0.676154	0.455898	0.250684	0.14789	0.0383322	0.097166	0.432797	0.912312	0.589005	0.0554654	
0.140817	0.652465	0.14492	0.23351	0.0740685	0.291318	0.300905	0.80534	0.388733	0.0222415	0.743275	0.616404	0.964709	0.256728	0.678769	0.372914	0.00161597	0.433537	0.709027	0.689345	0.738172	0.167013	0.527499	0.0963488	0.847588	0.591577	0.354129	0.882888	0.976249	0.022081	
0.435625	0.672788	0.653927	0.612426	0.834004	0.790144	0.599156	0.488364	0.0584568	0.508045	0.246682	0.428616	0.839834	0.227825	0.502015	0.665269	0.949399	0.65466	0.368395	0.0905245	0.444046	0.320884	0.618323	0.930471	0.641648	0.62896	0.957324	0.836974	0.770671	0.946696	
0.57417	0.803163	0.193074	0.681644	0.659489	0.940789	0.49744	0.546398	0.691604	0.738768	0.439003	0.884895	0.770182	0.750487	0.0611496	0.950719	0.370373	0.879389	0.219025	0.675385	0.43844	0.325261	0.866205	0.328298	0.206358	0.045226	0.322989	0.249967	0.524648	0.519847	
0.609361	0.190707	0.811348	0.471029	0.977615	0.787097	0.938846	0.978739	0.973022	0.0734353	0.371199	0.311069	0.473568	0.30576	0.751845	0.288152	0.908878	0.357008	0.0691942	0.0306759	0.489715	0.312549	0.288363	0.912538	0.164403	0.96866	0.72112	0.595979	0.223593	0.410921	
0.123871	0.330726	0.986384	0.290079	0.657789	0.440685	0.0347555	0.327229	0.0771339	0.0693071	0.243864	0.46472	0.419655	0.986664	0.861392	0.7629	0.436911	0.116121	0.676701	0.619694	0.158346	0.733676	0.0269771	0.754762	0.707418	0.179635	0.851704	0.678049	0.943125	0.417909	
0.779467	0.223276	0.0180997	0.371263	0.878358	0.978474	0.588279	0.171066	0.451536	0.818382	0.969542	0.762805	0.301035	0.917535	0.522213	0.383126	0.479875	0.710105	0.0040155	0.0112703	0.693048	0.679638	0.148169	0.26227	0.0700963	0.275571	0.296277	0.301515	0.753289	0.670674	
0.969856	0.914836	0.0307994	0.713193	0.873541	0.704144	0.0848143	0.323214	0.379444	0.936951	0.504202	0.517016	0.896288	0.0221905	0.189091	0.500896	0.851748	0.200201	0.979939	0.61277	0.454217	0.163182	0.363163	0.500061	0.394073	0.350777	0.640177	0.913864	0.507678	0.24309	
0.168352	0.768216	0.359623	0.274093	0.341327	0.0491672	0.707154	0.363173	0.591828	0.0162562	0.192456	0.951714	0.375033	0.0661972	0.708658	0.430008	0.922789	0.858506	0.121701	0.206714	0.925622	0.17692	0.607541	0.257525	0.842184	0.0474313	0.0849527	0.21576	0.202239	0.306144	
0.432291	0.469402	0.371211	0.138672	0.666238	0.455533	0.693518	0.956162	0.819515	0.322214	0.85213	0.27455	0.504406	0.418191	0.410931	0.39622	0.352222	0.289199	0.746478	0.868895	0.913096	0.191924	0.685289	0.695927	0.659581	0.953458	0.752409	0.772125	0.558781	0.791646	
0.00623336	0.785776	0.924472	0.839355	0.12774	0.278966	0.201965	0.00863448	0.605887	0.600005	0.869114	0.1857	0.0800465	0.824433	0.221461	0.964267	0.378696	0.834493	0.503375	0.721324	0.573995	0.843045	0.420222	0.68087	0.765512	0.34049	0.455224	0.0920566	0.62217	0.185972	
0.954252	0.673484	0.963973	0.964933	0.464587	0.129125	0.353278	0.375489	0.388771	0.936092	0.779753	0.360604	0.0709542	0.174517	0.38997	0.725412	0.50622	0.827468	0.175946	0.850251	0.634873	0.629777	0.834574	0.620355	0.846763	0.00604234	0.962906	0.826071	0.0617665	0.731337	
0.217426	0.893102	0.238502	0.901896	0.0863544	0.6723	0.964175	0.758296	0.745506	0.400425	0.166609	0.287558	0.112744	0.221903	0.172255	0.387031	0.0970157	0.164701	0.861715	0.312581	0.471857	0.019621	0.713489	0.926829	0.084609	0.817867	0.17456	0.165338	0.150896	0.482574	
0.686139	0.955063	0.0585416	0.978817	0.456841	0.602208	0.263601	0.0850705	0.756713	0.785588	0.504915	0.237448	0.573714	0.0776496	0.751591	0.378623	0.35828	0.129965	0.546788	0.00730093	0.525339	0.385985	0.918159	0.0127235	0.225063	0.920761	0.216899	0.734376	0.472084	0.123845	
0.0120842	0.982605	0.655003	0.330154	0.260417	0.415921	0.0403335	0.86233	0.354853	0.00751109	0.0342512	0.193286	0.745559	0.022273	0.211464	0.153598	0.992369	0.824122	0.265089	0.265953	0.450497	0.499674	0.0664885	0.137875	0.245391	0.493477	0.250497	0.430455	0.535323	0.739483	
0.712234	0.633581	0.687056	0.728633	0.803926	0.457841	0.105333	0.18673	0.941829	0.494132	0.785602	0.895846	0.979575	0.915102	0.487042	0.232917	0.093726	0.120329	0.135887	0.859852	0.913896	0.620327	0.373037	0.160888	0.999773	0.286487	0.757784	0.0285853	0.23901	0.785977	
0.123223	0.756255	0.777945	0.563131	0.905151	0.556004	0.189552	0.563181	0.00573555	0.257318	0.304586	0.123485	0.325677	0.754401	0.326176	0.752483	0.813553	0.826258	0.641646	0.269758	0.359874	0.266763	0.478297	0.724426	0.81071	0.556581	0.522751	0.886711	0.14755	0.594734	
0.442176	0.580934	0.506758	0.488699	0.417024	0.911083	0.744002	0.0574383	0.31926	0.76602	0.797115	0.92733	0.540365	0.875768	0.0969252	0.79592	0.535644	0.986384	0.756038	0.602324	0.0990544	0.550313	0.292202	0.268238	0.332113	0.352447	0.475536	0.078082	0.717771	0.92193	
