30	30
133.726	0.505373
122.568	0.548935
124.671	0.326009
119.625	0.926035
126.798	0.507276
138.765	0.931808
129.86	0.0105001
128.563	0.885053
133.54	0.649598
136.105	0.30863
140.844	0.470935
126.003	0.965164
144.448	0.859228
147.634	0.495842
128.968	0.16394
130.686	0.897368
140.338	0.797556
137.146	0.125108
144.812	0.207203
141.468	0.329686
135.656	0.310699
121.752	0.0817135
130.791	0.835281
140.658	0.981035
133.976	0.686483
139.045	0.581769
138.431	0.811874
136.843	0.436148
138.052	0.191647
147.27	0.558032
36.9849
33.2091
10.4657
34.1979
49.5952
37.5471
4.37917
17.0253
49.0008
40.2279
18.1457
14.2706
5.79661
48.2936
15.4088
41.6059
19.9753
19.2282
24.1291
12.927
41.8861
10.5801
16.9746
6.51216
6.79466
25.2461
9.22619
21.2096
31.7892
39.6966
0.218097	0.451672	0.634432	0.0301141	0.643196	0.373478	0.222516	0.628184	0.76629	0.779888	0.35898	0.64701	0.604816	0.835826	0.81014	0.728344	0.102875	0.466479	0.186443	0.252699	0.0647504	0.361281	0.742697	0.459627	0.953155	0.134704	0.405986	0.921474	0.671683	0.319481	
0.930512	0.151862	0.372008	0.448171	0.872489	0.642915	0.289386	0.243517	0.69586	0.632721	0.40649	0.123689	0.488799	0.827269	0.366903	0.0875959	0.18512	0.145439	0.746494	0.445345	0.559086	0.747918	0.722465	0.926112	0.72811	0.736461	0.299206	0.156968	0.656416	0.605585	
0.00733415	0.454149	0.0562836	0.113352	0.0309908	0.17823	0.742475	0.278663	0.874011	0.0543865	0.605795	0.513983	0.853463	0.879158	0.988403	0.500607	0.244146	0.0153222	0.660785	0.691923	0.543831	0.283806	0.686365	0.546507	0.638033	0.488928	0.557038	0.94827	0.727714	0.209187	
0.415498	0.00532775	0.00429552	0.758157	0.171689	0.106664	0.0670722	0.231468	0.946788	0.987728	0.226233	0.486471	0.191574	0.762414	0.454971	0.557877	0.643613	0.153381	0.795937	0.208029	0.0547153	0.305747	0.464544	0.290025	0.0279429	0.0947882	0.818444	0.734721	0.18481	0.00564801	
0.199566	0.52571	0.351162	0.526165	0.582066	0.779751	0.103785	0.246774	0.89645	0.991436	0.553369	0.64311	0.753022	0.95204	0.505135	0.297958	0.0591441	0.427222	0.64953	0.617907	0.0217622	0.386136	0.985325	0.427671	0.297675	0.749341	0.354926	0.258811	0.643661	0.489586	
0.745843	0.765404	0.375944	0.916963	0.501238	0.238741	0.179623	0.136614	0.273473	0.721726	0.774093	0.357151	0.614292	0.0684517	0.0804144	0.840455	0.73747	0.310038	0.25888	0.023331	0.72404	0.76646	0.651033	0.0825108	0.103551	0.462852	0.720215	0.76167	0.848897	0.680362	
0.0315144	0.0474425	0.774571	0.639707	0.304725	0.93579	0.581905	0.505111	0.557432	0.565807	0.805124	0.240035	0.72618	0.168466	0.755406	0.764509	0.689397	0.748646	0.690143	0.331205	0.46881	0.14661	0.477581	0.22894	0.33691	0.225099	0.413222	0.618067	0.0565701	0.701032	
0.634461	0.708935	0.725209	0.686775	0.519089	0.327415	0.824805	0.857328	0.959949	0.855813	0.997851	0.224636	0.572604	0.785441	0.501305	0.3798	0.759422	0.678943	0.761519	0.797911	0.499858	0.630447	0.984137	0.408261	0.640904	0.578213	0.757072	0.236203	0.504656	0.463648	
0.822233	0.417845	0.164445	0.308093	0.818952	0.358887	0.617428	0.733863	0.632603	0.346406	0.575174	0.205352	0.803908	0.963242	0.443109	0.613572	0.892255	0.880036	0.559966	0.694932	0.843093	0.495259	0.86638	0.56095	0.632752	0.496949	0.587963	0.230264	0.0942499	0.680461	
0.55695	0.970546	0.827549	0.139337	0.125036	0.559175	0.0128058	0.508343	0.550055	0.0623442	0.165879	0.355412	0.419026	0.424215	0.543365	0.479505	0.917436	0.342048	0.328939	0.252648	0.928054	0.39788	0.31973	0.988754	0.897721	0.506701	0.160971	0.0102758	0.439084	0.774849	
0.214681	0.206943	0.368281	0.83724	0.980767	0.210482	0.301675	0.605615	0.0603699	0.486245	0.702286	0.092633	0.545095	0.788752	0.191796	0.291615	0.330859	0.181345	0.278742	0.468504	0.90116	0.154909	0.746154	0.587922	0.388965	0.0375837	0.790108	0.105165	0.867808	0.549235	
0.0743629	0.268767	0.0535322	0.640572	0.242911	0.988694	0.0341657	0.164438	0.0232762	0.0746448	0.509426	0.401993	0.991235	0.785808	0.729537	0.130159	0.625418	0.414213	0.982898	0.943448	0.599531	0.332663	0.0451832	0.132583	0.252924	0.757286	0.885387	0.661133	0.910434	0.125955	
0.180742	0.234701	0.264398	0.481754	0.661089	0.0132891	0.854512	0.969573	0.387148	0.595525	0.252425	0.1182	0.436578	0.615706	0.726686	0.353521	0.380321	0.624974	0.656728	0.834022	0.919656	0.442522	0.801509	0.328066	0.539697	0.56505	0.720197	0.638426	0.974511	0.249795	
0.328872	0.869758	0.150086	0.55074	0.438503	0.695302	0.327752	0.181188	0.583106	0.24585	0.269127	0.326287	0.137094	0.823282	0.582291	0.927195	0.636303	0.917631	0.619883	0.581354	0.299244	0.910801	0.787995	0.141442	0.472762	0.750138	0.21363	0.600096	0.697674	0.898831	
0.194378	0.60675	0.18681	0.938799	0.941977	0.242328	0.716638	0.412384	0.0678684	0.0647624	0.995064	0.566788	0.363114	0.00187872	0.883139	0.273673	0.317272	0.486499	0.516847	0.844292	0.856389	0.209832	0.108669	0.153686	0.664565	0.427513	0.377161	0.938897	0.104619	0.686533	
0.20073	0.53378	0.730874	0.0907903	0.295836	0.618977	0.0863897	0.0520526	0.18636	0.745851	0.409938	0.68043	0.448287	0.732434	0.66662	0.638338	0.152713	0.905844	0.637152	0.000846182	0.453907	0.573922	0.288145	0.860201	0.778229	0.465819	0.122096	0.16264	0.552877	0.58751	
0.508202	0.652691	0.758861	0.449843	0.29085	0.312784	0.642875	0.303315	0.0287922	0.00924314	0.117675	0.161621	0.124339	0.160242	0.394947	0.592099	0.414748	0.196088	0.0969981	0.576845	0.986923	0.162602	0.0471155	0.799706	0.955012	0.820774	0.940566	0.470384	0.501664	0.0929204	
0.358729	0.765387	0.895236	0.157852	0.947731	0.111882	0.699401	0.174129	0.360748	0.0707078	0.0596663	0.308516	0.515065	0.774247	0.842187	0.47065	0.576722	0.270204	0.129959	0.559682	0.585673	0.459848	0.206834	0.877653	0.899018	0.203	0.942526	0.760418	0.0543677	0.242634	
0.498158	0.512826	0.486105	0.189554	0.502976	0.397716	0.868426	0.500273	0.194388	0.299144	0.458531	0.156972	0.868201	0.9098	0.514991	0.895067	0.491589	0.222828	0.950636	0.733189	0.698762	0.222054	0.532818	0.458495	0.87364	0.488686	0.686193	0.558806	0.366358	0.0253118	
0.68318	0.298415	0.761083	0.878238	0.038732	0.561555	0.308814	0.960138	0.248102	0.171782	0.464526	0.611897	0.491933	0.672325	0.428836	0.78914	0.768399	0.286317	0.132138	0.0830571	0.360317	0.253491	0.0938352	0.243353	0.818846	0.227984	0.0827056	0.191706	0.238399	0.293283	
0.771213	0.21706	0.210428	0.711899	0.425101	0.626983	0.331767	0.651868	0.292233	0.690094	0.705675	0.251012	0.236819	0.942052	0.104373	0.876467	0.818114	0.0476936	0.240693	0.928015	0.889468	0.331352	0.683397	0.781127	0.598509	0.151635	0.0383898	0.319203	0.289524	0.557462	
0.120698	0.191808	0.401946	0.243029	0.22607	0.537555	0.577113	0.0632063	0.271535	0.450399	0.438516	0.374334	0.848957	0.432788	0.946954	0.595693	0.178126	0.145821	0.380676	0.263571	0.958699	0.859466	0.4658	0.196909	0.548462	0.988503	0.329136	0.838411	0.414411	0.881899	
0.377588	0.169902	0.989307	0.719624	0.884526	0.0274859	0.393062	0.863087	0.513149	0.93567	0.519109	0.779006	0.876314	0.881423	0.841426	0.130922	0.542924	0.768458	0.0899626	0.462899	0.0865726	0.987888	0.0749504	0.951938	0.655108	0.934881	0.462529	0.399608	0.800337	0.859923	
0.901319	0.418971	0.752938	0.586255	0.496503	0.561685	0.965992	0.126475	0.804949	0.818876	0.721099	0.80997	0.483666	0.958794	0.302907	0.390149	0.730385	0.808552	0.630599	0.696533	0.698688	0.163317	0.891658	0.816642	0.583801	0.734539	0.28015	0.219353	0.896035	0.0614717	
0.135797	0.0593706	0.710475	0.783064	0.694476	0.28234	0.599906	0.759355	0.858028	0.221587	0.955417	0.844966	0.719566	0.400896	0.659876	0.432303	0.637345	0.0152773	0.213321	0.778908	0.0284171	0.870858	0.684139	0.144008	0.0758414	0.33903	0.231186	0.705565	0.939646	0.227708	
0.259306	0.0255864	0.178722	0.0893986	0.480693	0.5566	0.921714	0.432002	0.557171	0.462294	0.0446074	0.783367	0.310292	0.187738	0.14337	0.496952	0.529071	0.669565	0.197685	0.941599	0.441613	0.0362438	0.473416	0.0756679	0.253312	0.261526	0.102625	0.565158	0.570438	0.479781	
0.450692	0.0987977	0.409766	0.813115	0.641418	0.315772	0.739652	0.867574	0.153347	0.547208	0.361505	0.762039	0.0478243	0.939994	0.260546	0.659034	0.806163	0.335381	0.0495745	0.810306	0.138541	0.65174	0.570939	0.107932	0.0264992	0.415046	0.632812	0.677049	0.759512	0.29061	
0.0704829	0.203411	0.276361	0.169641	0.654398	0.454222	0.321141	0.944925	0.904916	0.915469	0.607225	0.643604	0.330648	0.381739	0.356335	0.783141	0.564728	0.793866	0.509366	0.442927	0.578013	0.715966	0.538102	0.216556	0.96812	0.934905	0.318757	0.0569868	0.789405	0.224326	
0.691435	0.20684	0.154387	0.809238	0.586398	0.0704667	0.0385169	0.768326	0.190088	0.162524	0.774145	0.24014	0.759614	0.442826	0.504117	0.28516	0.927314	0.234753	0.222796	0.923614	0.124524	0.474101	0.074516	0.75565	0.217235	0.192296	0.375191	0.335533	0.233721	0.600038	
0.814497	0.424419	0.965387	0.823923	0.815994	0.931281	0.255027	0.991836	0.195244	0.362576	0.613328	0.602669	0.85624	0.568014	0.0952406	0.689551	0.47944	0.23509	0.507119	0.678852	0.609901	0.360997	0.07012	0.857987	0.500422	0.220325	0.908557	0.12469	0.547786	0.541603	
