30	60
135.978	0.892835
130.302	0.555286
124.68	0.369362
119.462	0.806809
135.724	0.245809
118.618	0.725667
140.501	0.72139
128.197	0.387164
133.187	0.287504
141.253	0.115467
134.887	0.72337
139.765	0.942273
137.921	0.562122
142.319	0.147952
138.409	0.43572
122.366	0.979288
125.187	0.440164
125.752	0.691824
137.319	0.433427
141.28	0.381936
142.005	0.868674
131.452	0.224897
140.12	0.18177
144.106	0.551113
130.419	0.558664
146.364	0.541337
123.278	0.949576
147.069	0.793671
131.445	0.696893
147.247	0.969465
10.7631
46.492
11.9347
45.407
3.26847
21.761
30.5259
41.0467
43.972
32.4032
3.11814
14.6759
19.4484
4.40286
2.56356
4.06379
1.13594
8.27626
39.377
34.3166
8.34335
33.0753
26.8864
23.5026
45.466
35.576
47.3022
21.7586
37.5117
9.59007
42.0149
30.3522
39.926
1.78445
30.3016
4.46185
4.24446
15.5308
40.5464
46.1153
27.7125
18.2426
3.24021
47.0231
12.2298
46.349
14.0306
10.9534
25.9823
48.1182
39.7811
26.3028
16.4853
41.5586
48.1599
24.2577
24.8072
6.26588
17.5526
34.9587
0.185451	0.00345665	0.930564	0.121168	0.325894	0.460118	0.431481	0.491718	0.18595	0.00296171	0.1825	0.494302	0.663731	0.164924	0.484532	0.205851	0.9745	0.318522	0.966823	0.314691	0.0972864	0.219809	0.406279	0.0289634	0.212725	0.225945	0.789229	0.33413	0.881789	0.243443	0.866825	0.317025	0.204784	0.710547	0.530241	0.956199	0.256377	0.701497	0.758114	0.751609	0.129291	0.362107	0.295227	0.985439	0.320011	0.882885	0.356818	0.098412	0.0203044	0.0692701	0.81202	0.465146	0.362679	0.803181	0.56363	0.154398	6.99571e-05	0.0847849	0.0577446	0.136881	
0.273281	0.2554	0.694868	0.410046	0.233757	0.005251	0.580245	0.990531	0.745111	0.0814369	0.205545	0.0460764	0.258977	0.390037	0.294999	0.38358	0.322529	0.0221175	0.147812	0.516336	0.893142	0.249804	0.440508	0.0882756	0.628782	0.220311	0.690195	0.939152	0.77909	0.854038	0.515775	0.120403	0.347152	0.996378	0.748398	0.266208	0.86587	0.82899	0.135778	0.297921	0.263597	0.955151	0.926597	0.844165	0.814245	0.234444	0.164991	0.413612	0.35664	0.176894	0.3449	0.939524	0.644041	0.789253	0.00687805	0.888593	0.408604	0.831106	0.543294	0.0133837	
0.968229	0.365931	0.736253	0.615381	0.391231	0.395515	0.417842	0.793285	0.35996	0.0871747	0.0313586	0.277571	0.284204	0.603424	0.629788	0.86848	0.844838	0.191228	0.191226	0.340219	0.139448	0.12668	0.704289	0.708166	0.194885	0.976632	0.624409	0.530812	0.579135	0.174544	0.738485	0.543668	0.989946	0.764881	0.120494	0.772693	0.0551605	0.420117	0.147689	0.219431	0.953529	0.796408	0.589936	0.446375	0.158439	0.290215	0.0574372	0.208689	0.824207	0.00605665	0.201945	0.485271	0.947405	0.559127	0.492564	0.837687	0.510145	0.305762	0.486378	0.67205	
0.624284	0.514399	0.567351	0.543121	0.962614	0.130039	0.572692	0.385939	0.00121004	0.237812	0.115893	0.177419	0.733538	0.800078	0.0375211	0.242936	0.635468	0.361619	0.956124	0.967648	0.635179	0.782379	0.807291	0.564268	0.709062	0.535769	0.947336	0.862767	0.362486	0.33476	0.724769	0.507013	0.197344	0.923895	0.0791149	0.437936	0.759309	0.901133	0.944038	0.482648	0.611936	0.373845	0.826598	0.0372712	0.120654	0.632368	0.41306	0.909959	0.970031	0.697848	0.92937	0.531841	0.873993	0.953736	0.278844	0.846252	0.243385	0.821375	0.264744	0.16644	
0.122878	0.85647	0.85789	0.295333	0.9119	0.0589336	0.411583	0.103037	0.0850819	0.0586032	0.530971	0.301799	0.187483	0.568528	0.0922593	0.782364	0.207919	0.994479	0.945484	0.985127	0.374405	0.140035	0.7154	0.630161	0.0378391	0.00840008	0.753873	0.427357	0.426957	0.0988542	0.455079	0.355009	0.810236	0.245691	0.840305	0.342373	0.414151	0.496229	0.433935	0.284962	0.798875	0.725	0.850414	0.727648	0.396593	0.293792	0.720913	0.0142473	0.399077	0.941009	0.60575	0.337379	0.453187	0.560681	0.736233	0.250123	0.66713	0.317895	0.856027	0.0909155	
0.946654	0.924861	0.392829	0.676892	0.373174	0.274373	0.0909775	0.325242	0.376441	0.683033	0.509724	0.48381	0.222219	0.758415	0.0656692	0.345905	0.994031	0.130678	0.45514	0.493583	0.980837	0.603851	0.702017	0.853295	0.00542819	0.391386	0.126601	0.933383	0.307811	0.318929	0.691553	0.576275	0.769883	0.045365	0.687479	0.715574	0.856056	0.0160429	0.453914	0.959267	0.54037	0.158358	0.144328	0.00390885	0.181591	0.347062	0.210841	0.17562	0.732836	0.232266	0.655717	0.887023	0.130133	0.401509	0.557272	0.282719	0.841696	0.0790534	0.617815	0.412457	
0.313097	0.109076	0.538023	0.205368	0.278189	0.0677074	0.444786	0.275591	0.358952	0.73533	0.280773	0.200542	0.460342	0.795847	0.850951	0.380744	0.871487	0.390342	0.810105	0.0323999	0.246705	0.680928	0.21463	0.495577	0.887888	0.707831	0.812976	0.798891	0.0254317	0.032099	0.0295649	0.943033	0.442738	0.976449	0.185195	0.413256	0.11954	0.581895	0.434782	0.441141	0.72311	0.757726	0.484434	0.403181	0.668665	0.530854	0.484169	0.63686	0.0786273	0.983205	0.407995	0.400052	0.63155	0.738357	0.709735	0.106652	0.021728	0.757323	0.355982	0.720387	
0.99237	0.421247	0.868137	0.733793	0.942257	0.653343	0.614594	0.844916	0.246132	0.0942222	0.975295	0.668	0.462659	0.751714	0.834819	0.773256	0.621903	0.459041	0.331278	0.547763	0.664202	0.29525	0.484782	0.50243	0.455344	0.487541	0.829744	0.659002	0.646833	0.467734	0.792565	0.875664	0.0542699	0.342895	0.756178	0.658376	0.636787	0.65563	0.44132	0.956985	0.214366	0.601155	0.842618	0.859932	0.491819	0.342236	0.335772	0.532697	0.0563711	0.837148	0.052994	0.221484	0.947632	0.852421	0.138611	0.588182	0.407375	0.837493	0.511183	0.506401	
0.490227	0.862574	0.352353	0.557266	0.534181	0.185144	0.797799	0.393151	0.902705	0.436615	0.675043	0.4707	0.710896	0.41611	0.244923	0.723424	0.685779	0.622799	0.146056	0.848847	0.58861	0.992902	0.754075	0.238801	0.284925	0.051218	0.793781	0.943736	0.565397	0.0303841	0.124675	0.0459543	0.65391	0.93781	0.696244	0.17094	0.922189	0.0690985	0.353246	0.610961	0.272435	0.604671	0.109371	0.68299	0.889847	0.0400482	0.324687	0.6201	0.135188	0.0137463	0.715924	0.990813	0.326354	0.240571	0.526194	0.677204	0.773889	0.580226	0.992204	0.602512	
0.0373856	0.386457	0.321877	0.875664	0.772603	0.155534	0.131856	0.771426	0.400277	0.89446	0.923383	0.10578	0.382911	0.426031	0.408139	0.178091	0.923299	0.249359	0.662347	0.743936	0.875288	0.301797	0.260103	0.0383723	0.220378	0.604114	0.429705	0.601988	0.454418	0.0560047	0.550953	0.61177	0.0644537	0.0336239	0.712418	0.0594	0.349315	0.0994317	0.596708	0.334343	0.832697	0.610278	0.809401	0.472595	0.741082	0.446588	0.0327492	0.463824	0.242662	0.567101	0.365533	0.386226	0.0144877	0.503635	0.927302	0.608711	0.355216	0.0713142	0.382712	0.644245	
0.644265	0.0789763	0.489021	0.995865	0.427415	0.889969	0.822887	0.12999	0.580023	0.830115	0.343949	0.241619	0.560292	0.402424	0.433132	0.471952	0.755998	0.87804	0.209802	0.651582	0.129512	0.589261	0.784422	0.306306	0.079519	0.538399	0.290291	0.465527	0.0851084	0.105872	0.906591	0.363641	0.208144	0.0667327	0.55714	0.128726	0.863843	0.403583	0.507805	0.285245	0.913309	0.378948	0.529245	0.223591	0.782993	0.670262	0.315387	0.959029	0.212177	0.301211	0.36308	0.461428	0.479006	0.28249	0.561738	0.471124	0.20146	0.835927	0.0738673	0.975119	
0.272524	0.221285	0.818631	0.11724	0.0675723	0.319343	0.842046	0.606528	0.543604	0.713482	0.854582	0.528617	0.656111	0.846155	0.0120968	0.350663	0.906953	0.959803	0.363826	0.118775	0.69346	0.383085	0.72451	0.805044	0.790217	0.25117	0.843446	0.851708	0.860993	0.689372	0.90954	0.320949	0.868785	0.526537	0.665347	0.0852139	0.729984	0.507994	0.625791	0.990438	0.644674	0.465463	0.153608	0.871913	0.728607	0.250512	0.683593	0.232471	0.0371984	0.129222	0.106275	0.356655	0.13276	0.365052	0.227966	0.697641	0.547696	0.0783077	0.647009	0.467758	
0.660238	0.0677255	0.00458645	0.488294	0.481729	0.653081	0.169184	0.981293	0.641188	0.408218	0.00490677	0.430537	0.883734	0.854784	0.720129	0.554198	0.736105	0.623732	0.276452	0.909186	0.318653	0.265937	0.961745	0.566245	0.0790449	0.581573	0.183699	0.688532	0.945885	0.35658	0.571892	0.398029	0.950461	0.071548	0.425755	0.851249	0.957647	0.749248	0.225685	0.280513	0.0397387	0.416921	0.961448	0.102892	0.713325	0.0124385	0.394792	0.570255	0.0311796	0.610172	0.0576132	0.972645	0.54231	0.607096	0.0110426	0.583061	0.131685	0.379354	0.757855	0.592788	
0.551468	0.318167	0.99129	0.13766	0.527889	0.40229	0.0916101	0.946978	0.711686	0.0415973	0.425898	0.594296	0.0126787	0.97745	0.156145	0.975916	0.129928	0.192503	0.805067	0.441432	0.0495608	0.143522	0.287347	0.462402	0.00209806	0.980591	0.690735	0.908746	0.769294	0.142715	0.897871	0.256042	0.870384	0.427942	0.416801	0.523888	0.548144	0.893224	0.515867	0.907117	0.494981	0.680123	0.104109	0.901867	0.645592	0.582465	0.361185	0.0760746	0.426323	0.66964	0.962004	0.61826	0.780131	0.791259	0.482722	0.744528	0.476109	0.0101612	0.442148	0.681775	
0.137946	0.536984	0.422503	0.308083	0.450914	0.244819	0.559402	0.396613	0.0177008	0.519677	0.63925	0.539007	0.0371685	0.771313	0.074709	0.372511	0.871221	0.0728672	0.338915	0.597175	0.399178	0.95257	0.534919	0.240926	0.731666	0.0722629	0.777257	0.263197	0.0308101	0.911465	0.692922	0.0222047	0.520258	0.57714	0.566583	0.886802	0.176237	0.291375	0.139885	0.351051	0.0382876	0.71295	0.617191	0.170906	0.168297	0.852262	0.368949	0.463093	0.865272	0.794452	0.0575166	0.0691944	0.718287	0.789795	0.247126	0.00374607	0.0232864	0.409902	0.984082	0.461162	
0.61189	0.998476	0.516536	0.318319	0.0354197	0.95095	0.74509	0.586286	0.256815	0.184173	0.359852	0.912468	0.134034	0.519757	0.702999	0.274112	0.771328	0.845366	0.899525	0.729308	0.101904	0.225517	0.401761	0.635288	0.25579	0.549306	0.0458761	0.423778	0.0748191	0.541072	0.373509	0.387314	0.984954	0.772593	0.371871	0.0971189	0.566215	0.0811296	0.694322	0.878938	0.589304	0.0944823	0.0395461	0.389571	0.397077	0.143026	0.22724	0.67743	0.507869	0.337355	0.873848	0.879109	0.669102	0.874988	0.546871	0.28561	0.469777	0.0858029	0.5949	0.128315	
0.806073	0.244317	0.347785	0.970094	0.556621	0.0917874	0.0673539	0.141824	0.758188	0.340855	0.305009	0.44927	0.378333	0.252552	0.241285	0.929287	0.426232	0.542252	0.420195	0.357151	0.674968	0.816912	0.0472139	0.97493	0.0488682	0.557154	0.182838	0.662764	0.739258	0.93667	0.0723965	0.203046	0.24775	0.107456	0.162382	0.858333	0.356315	0.305967	0.181273	0.379441	0.960205	0.0529783	0.473976	0.902982	0.384434	0.202106	0.454427	0.0976306	0.614995	0.0939027	0.706003	0.279509	0.0764437	0.783441	0.0158958	0.388888	0.739182	0.81359	0.026962	0.776239	
0.458143	0.30649	0.910238	0.946757	0.59567	0.938426	0.0808684	0.675381	0.341604	0.147652	0.94338	0.568422	0.0979893	0.162445	0.637813	0.559478	0.79122	0.102804	0.0718963	0.958562	0.142882	0.0569925	0.702258	0.324492	0.308209	0.390375	0.718646	0.539658	0.252774	0.648869	0.681508	0.731663	0.151164	0.102728	0.504884	0.730444	0.730527	0.20219	0.557755	0.611877	0.470478	0.185925	0.934901	0.946402	0.335393	0.97537	0.775839	0.22594	0.128864	0.382232	0.241289	0.737531	0.568571	0.0229521	0.342697	0.918771	0.524924	0.0443906	0.616316	0.412389	
0.99413	0.775193	0.445076	0.0979552	0.27053	0.0354356	0.612019	0.751123	0.514542	0.402908	0.849362	0.101121	0.313257	0.847353	0.847248	0.245814	0.102382	0.328563	0.947271	0.627751	0.437021	0.832236	0.63539	0.711761	0.845528	0.444943	0.357274	0.965786	0.0859153	0.0838646	0.716816	0.327088	0.760761	0.0504615	0.857533	0.138188	0.613539	0.713624	0.813131	0.0926531	0.317571	0.537375	0.971857	0.929283	0.00404978	0.925797	0.919573	0.657768	0.207603	0.982619	0.982222	0.763395	0.197049	0.587126	0.26901	0.327352	0.433562	0.520878	0.450449	0.628926	
0.0704711	0.926396	0.997382	0.455863	0.869156	0.353356	0.361878	0.666242	0.136937	0.62069	0.615177	0.839027	0.454622	0.410197	0.38173	0.0330911	0.472479	0.708123	0.499605	0.94761	0.359672	0.313952	0.512221	0.025166	0.794638	0.155205	0.788172	0.0145546	0.333641	0.73504	0.131187	0.0247836	0.885788	0.96796	0.709458	0.425012	0.934457	0.133155	0.887165	0.761251	0.405588	0.329987	0.275187	0.424671	0.872677	0.163205	0.882227	0.683757	0.664248	0.218397	0.784625	0.478229	0.533422	0.229707	0.667344	0.545484	0.646686	0.753864	0.531511	0.611354	
0.121859	0.305198	0.845288	0.953737	0.957067	0.970539	0.854818	0.664049	0.95791	0.429461	0.264563	0.0768782	0.463336	0.419613	0.713025	0.43699	0.934584	0.489455	0.167485	0.873211	0.431874	0.932314	0.553316	0.0857126	0.921208	0.153386	0.7776	0.156011	0.414477	0.903885	0.136562	0.0279701	0.939935	0.481938	0.82842	0.247375	0.154973	0.105787	0.0494578	0.15629	0.372951	0.152837	0.421	0.744189	0.236094	0.734825	0.562803	0.354932	0.32585	0.998759	0.660984	0.95756	0.131231	0.718379	0.979704	0.227499	0.270613	0.542919	0.896278	0.44939	
0.798984	0.73478	0.0729173	0.649037	0.883275	0.727963	0.171455	0.515572	0.823088	0.700714	0.848398	0.339513	0.613092	0.491791	0.708623	0.251969	0.0411436	0.0207356	0.989036	0.765236	0.0337679	0.612166	0.647839	0.699647	0.148859	0.379685	0.851791	0.13243	0.7657	0.537567	0.432081	0.169523	0.0258067	0.280691	0.477855	0.122461	0.470765	0.599137	0.0871617	0.205951	0.111871	0.0887881	0.900472	0.46881	0.732039	0.978285	0.297226	0.117451	0.498223	0.852115	0.44831	0.128645	0.532411	0.945021	0.0768979	0.105001	0.552649	0.805586	0.628194	0.816916	
0.545032	0.217415	0.508924	0.340198	0.594016	0.156305	0.840613	0.0438462	0.459555	0.633112	0.421665	0.0570453	0.210434	0.354858	0.349686	0.679975	0.0352553	0.341179	0.154937	0.752646	0.309104	0.0812021	0.569655	0.990474	0.359969	0.742118	0.0900456	0.88614	0.118791	0.935925	0.918282	0.290269	0.496376	0.0696724	0.0812101	0.24765	0.813254	0.749237	0.970969	0.568512	0.850836	0.347675	0.000862761	0.919885	0.267056	0.57193	0.654419	0.990003	0.574196	0.0591541	0.538013	0.0942345	0.946897	0.989003	0.113227	0.47365	0.735443	0.390391	0.648983	0.18654	
0.278924	0.273557	0.525485	0.30359	0.296561	0.128984	0.719334	0.8444	0.647729	0.372076	0.468842	0.901274	0.655689	0.719811	0.673141	0.620982	0.385564	0.487463	0.652108	0.204549	0.931758	0.330831	0.150763	0.271705	0.250468	0.344115	0.967052	0.356998	0.101849	0.661822	0.475225	0.234746	0.00927036	0.816144	0.783914	0.8732	0.471419	0.213324	0.291401	0.690002	0.0768202	0.398526	0.862617	0.47109	0.623316	0.784167	0.0899497	0.033583	0.502029	0.0989087	0.644862	0.144156	0.197051	0.410269	0.0148622	0.912301	0.467561	0.985302	0.614544	0.599851	
0.0694287	0.543928	0.550299	0.131451	0.484654	0.853517	0.715082	0.319426	0.415613	0.203524	0.611341	0.647297	0.039576	0.822767	0.45924	0.653392	0.544719	0.383789	0.286209	0.414477	0.891939	0.788889	0.677939	0.577437	0.490584	0.369999	0.0267142	0.29985	0.476708	0.689251	0.138249	0.0889968	0.112136	0.893584	0.0927899	0.26668	0.599687	0.215538	0.0510278	0.985519	0.318014	0.888671	0.382855	0.186271	0.215197	0.0261742	0.783853	0.715869	0.901091	0.0956147	0.808463	0.608536	0.324978	0.616579	0.264125	0.201632	0.901423	0.516783	0.664646	0.307206	
0.789562	0.716283	0.0933203	0.677368	0.721226	0.954639	0.468574	0.811451	0.335521	0.567277	0.986104	0.515873	0.562076	0.604248	0.69152	0.523252	0.690635	0.025721	0.285802	0.965766	0.416769	0.352143	0.307333	0.00325604	0.817017	0.452618	0.780068	0.678767	0.702305	0.774773	0.205418	0.399779	0.221204	0.480859	0.333358	0.900973	0.793607	0.513003	0.131003	0.235041	0.015315	0.707355	0.619069	0.749389	0.423006	0.705585	0.344456	0.506652	0.521148	0.521022	0.963974	0.307485	0.149864	0.710325	0.477085	0.406828	0.256768	0.447924	0.528917	0.519799	
0.514243	0.221483	0.573998	0.870692	0.482559	0.779417	0.885736	0.947337	0.576952	0.399457	0.596649	0.290571	0.976022	0.485606	0.639208	0.0309501	0.634815	0.0636916	0.571759	0.183619	0.976142	0.517732	0.3465	0.996819	0.623426	0.972576	0.712875	0.155913	0.579587	0.945181	0.334863	0.526655	0.736238	0.0447686	0.0281896	0.0705001	0.451148	0.0837956	0.282339	0.601303	0.663262	0.984973	0.260994	0.390776	0.762956	0.47598	0.464383	0.449295	0.204288	0.461739	0.280539	0.830791	0.987405	0.565836	0.650484	0.390309	0.0558827	0.79046	0.0857157	0.999125	
0.736942	0.599152	0.969306	0.0734174	0.997189	0.945052	0.396644	0.733256	0.423168	0.463104	0.763879	0.80714	0.112712	0.213897	0.113011	0.922216	0.683336	0.3289	0.339795	0.699764	0.538873	0.439366	0.667148	0.272657	0.930321	0.384076	0.9366	0.796245	0.590291	0.492506	0.921623	0.757428	0.677323	0.798993	0.613186	0.751108	0.504244	0.907711	0.227911	0.920621	0.727172	0.73631	0.149451	0.680475	0.608308	0.114885	0.700618	0.969091	0.973713	0.350834	0.705633	0.714566	0.924089	0.716767	0.8154	0.460204	0.604221	0.785162	0.316412	0.69651	
0.282413	0.370747	0.377174	0.102762	0.536318	0.659523	0.704869	0.57353	0.923406	0.0576259	0.94253	0.132629	0.7248	0.931966	0.250511	0.175513	0.60472	0.659073	0.389997	0.460594	0.642714	0.440086	0.648315	0.797135	0.459171	0.740882	0.552778	0.177624	0.949627	0.22646	0.162123	0.825014	0.807018	0.886486	0.063145	0.947439	0.320812	0.0293324	0.0555001	0.0300696	0.594611	0.326827	0.814575	0.143367	0.724985	0.308902	0.770623	0.600594	0.199757	0.353017	0.00293518	0.28683	0.0185552	0.421797	0.354886	0.490654	0.757707	0.723477	0.950422	0.972311	
0.340352	0.932078	0.438792	0.0974244	0.224681	0.378059	0.11158	0.841345	0.490052	0.00199336	0.755956	0.12262	0.796383	0.845069	0.382772	0.371315	0.26706	0.976747	0.966234	0.271201	0.94875	0.945827	0.533881	0.0131263	0.308411	0.390624	0.0492406	0.0126986	0.229076	0.619389	0.100616	0.0394575	0.514688	0.919128	0.11529	0.810097	0.445308	0.735537	0.626542	0.285555	0.863149	0.740687	0.167776	0.366746	0.257842	0.810439	0.738283	0.839079	0.258712	0.49854	0.249538	0.389919	0.618173	0.344546	0.723067	0.0742964	0.0663432	0.630209	0.528856	0.535839	
