30	30
131.302	0.621693
132.341	0.992375
126.883	0.730682
128.345	0.452757
137.127	0.883894
131.893	0.574878
125.073	0.320227
149.191	0.217194
131.782	0.550365
148.301	0.352159
134.734	0.426482
142.244	0.288692
143.655	0.449436
145.298	0.69292
138.98	0.821834
138.569	0.0926619
131.856	0.475202
139.426	0.344067
134.941	0.113663
146.995	0.838788
149.556	0.583263
125.659	0.785244
134.457	0.909494
151.15	0.823886
137.543	0.488285
122.317	0.552604
140.721	0.687429
132.988	0.774411
144.783	0.730856
143.968	0.903435
46.3446
22.5606
2.53855
3.8377
37.2832
31.142
38.9069
14.538
34.7008
17.9169
13.0659
46.7738
38.3992
27.2667
9.60313
11.597
7.01378
27.0364
41.6712
39.3847
18.259
15.9501
23.5566
9.51129
41.3207
31.9163
28.03
39.1404
34.4896
42.9575
0.182125	0.707309	0.386701	0.0990951	0.614201	0.331814	0.700557	0.465067	0.888297	0.570262	0.155479	0.934209	0.573967	0.72061	0.653395	0.748444	0.869114	0.822856	0.591271	0.76387	0.814431	0.0214818	0.989334	0.0253069	0.835489	0.368223	0.746353	0.641091	0.68518	0.41763	
0.596183	0.0865198	0.823313	0.668838	0.573404	0.0753265	0.449402	0.10205	0.660258	0.895476	0.525969	0.260619	0.918011	0.992727	0.777976	0.6171	0.863037	0.25492	0.397884	0.713366	0.653655	0.295346	0.836172	0.927275	0.328381	0.201125	0.330278	0.110032	0.731399	0.698639	
0.847922	0.872653	0.629817	0.308584	0.569515	0.550596	0.415802	0.886222	0.461315	0.386616	0.622951	0.624667	0.988178	0.860397	0.224759	0.531236	0.510927	0.664535	0.00995508	0.936102	0.237679	0.885623	0.958623	0.185162	0.18139	0.599663	0.185339	0.0793348	0.380414	0.964764	
0.866842	0.777497	0.286355	0.017741	0.829363	0.126218	0.749834	0.0322659	0.896484	0.636889	0.154199	0.227287	0.690597	0.297912	0.498048	0.303875	0.822016	0.510612	0.676844	0.85185	0.245863	0.570265	0.259374	0.762062	0.890386	0.0972077	0.485795	0.476881	0.969001	0.225123	
0.473957	0.260233	0.810845	0.451717	0.138927	0.442243	0.754707	0.0786933	0.60199	0.785103	0.952694	0.0958125	0.79312	0.777453	0.0286483	0.626205	0.676638	0.243663	0.866493	0.847354	0.383289	0.964655	0.148875	0.757507	0.0148103	0.118917	0.2302	0.440644	0.0358197	0.896958	
0.0784162	0.254456	0.715763	0.0529531	0.232422	0.848092	0.776317	0.464191	0.613804	0.722577	0.54077	0.800055	0.252869	0.053676	0.583474	0.914597	0.285222	0.884783	0.596639	0.815909	0.332498	0.940417	0.732903	0.953147	0.84502	0.730925	0.993187	0.953044	0.209748	0.162309	
0.471491	0.924471	0.610334	0.861505	0.697452	0.748046	0.376219	0.17999	0.0256458	0.0809959	0.348507	0.0697784	0.185895	0.798874	0.0220083	0.174267	0.195539	0.670174	0.979156	0.740768	0.312234	0.858287	0.997983	0.728362	0.48245	0.754763	0.809984	0.324477	0.902866	0.0156788	
0.611852	0.350783	0.660306	0.872891	0.405077	0.504368	0.844841	0.846142	0.531341	0.901554	0.245177	0.549687	0.013266	0.240338	0.237112	0.270348	0.728044	0.776819	0.908696	0.434606	0.619141	0.74581	0.327926	0.725457	0.894119	0.269447	0.199761	0.044965	0.932595	0.778283	
0.759249	0.209865	0.254892	0.834979	0.496783	0.493666	0.592599	0.523765	0.602324	0.0287377	0.183874	0.00721522	0.321899	0.48984	0.944097	0.194661	0.292009	0.647596	0.134536	0.0993756	0.713018	0.811041	0.32228	0.161466	0.560207	0.364215	0.0603076	0.917589	0.610882	0.012285	
0.910905	0.521858	0.217766	0.0207714	0.00658509	0.546759	0.103539	0.74144	0.659942	0.0399953	0.682647	0.871729	0.887213	0.74054	0.0895823	0.274108	0.987494	0.817124	0.188856	0.0523299	0.904503	0.22673	0.620949	0.416876	0.623187	0.448685	0.221494	0.0355768	0.0294952	0.473915	
0.229418	0.823093	0.308005	0.40276	0.737925	0.628184	0.943384	0.89765	0.923008	0.232296	0.319346	0.48597	0.0484331	0.348133	0.66193	0.761832	0.425046	0.307516	0.710381	0.448707	0.407052	0.598778	0.0396877	0.770186	0.965071	0.151631	0.317092	0.36143	0.354199	0.712921	
0.614709	0.291875	0.086178	0.290638	0.280489	0.541577	0.780288	0.354141	0.435054	0.765274	0.999294	0.0833637	0.921295	0.190065	0.259231	0.0744015	0.222428	0.626939	0.811838	0.834489	0.74038	0.513085	0.601041	0.487555	0.843411	0.725889	0.551098	0.895604	0.101108	0.581714	
0.399444	0.650041	0.609012	0.0459123	0.123651	0.323469	0.315905	0.852194	0.340088	0.493404	0.960069	0.441484	0.460566	0.847083	0.711946	0.0398403	0.989651	0.959871	0.891254	0.612544	0.903113	0.201634	0.640291	0.692385	0.839623	0.242093	0.813955	0.405018	0.853523	0.572881	
0.746919	0.710681	0.540653	0.121919	0.457779	0.808671	0.300176	0.618198	0.200003	0.837594	0.290616	0.615524	0.948781	0.290792	0.786071	0.731275	0.518915	0.338375	0.706217	0.172274	0.497205	0.488753	0.62057	0.760781	0.0872154	0.191303	0.69438	0.58725	0.88795	0.893654	
0.120739	0.830297	0.294542	0.58915	0.976679	0.844759	0.81628	0.377961	0.966461	0.349102	0.0653309	0.549812	0.492183	0.0851759	0.275238	0.51964	0.882596	0.0127568	0.70592	0.602569	0.786647	0.205193	0.734242	0.298838	0.00475142	0.752861	0.377141	0.528934	0.541355	0.1217	
0.148506	0.770367	0.991478	0.228986	0.0525116	0.225078	0.684609	0.350242	0.164697	0.0899642	0.462034	0.53378	0.516798	0.000603983	0.505826	0.390414	0.39274	0.297597	0.271772	0.0851781	0.437516	0.749368	0.704127	0.967009	0.281213	0.606317	0.722137	0.259132	0.230293	0.505397	
0.172593	0.407653	0.70928	0.318319	0.520335	0.892374	0.415304	0.569982	0.0159503	0.804979	0.401034	0.843958	0.58664	0.173563	0.42139	0.67576	0.909086	0.91897	0.0610623	0.650132	0.545602	0.762677	0.874283	0.157536	0.553376	0.170882	0.590375	0.145826	0.96072	0.047531	
0.451767	0.988808	0.842347	0.514362	0.133402	0.278178	0.715099	0.66703	0.918757	0.0835107	0.859429	0.659474	0.361124	0.544587	0.366198	0.984512	0.248221	0.535014	0.966282	0.459376	0.443276	0.0744826	0.961238	0.34638	0.0521154	0.121064	0.250248	0.512639	0.614697	0.522465	
0.564155	0.113884	0.541142	0.398953	0.140195	0.766081	0.65282	0.306573	0.659586	0.0781172	0.317672	0.347007	0.507397	0.0970118	0.476778	0.488242	0.265741	0.101408	0.00350612	0.216588	0.93093	0.479424	0.417582	0.709419	0.741279	0.158124	0.201092	0.999461	0.0539319	0.14343	
0.571473	0.714446	0.316166	0.363937	0.27641	0.189731	0.938634	0.388764	0.891965	0.610776	0.31489	0.0391114	0.275324	0.215733	0.180875	0.508436	0.712571	0.289017	0.647394	0.682822	0.64697	0.110097	0.545029	0.329985	0.357191	0.468236	0.334095	0.903835	0.768284	0.113963	
0.351046	0.38029	0.191654	0.940986	0.356874	0.169083	0.790144	0.953283	0.178076	0.796837	0.48678	0.770993	0.266129	0.965687	0.264604	0.380392	0.375764	0.141673	0.90486	0.726752	0.927839	0.821459	0.773472	0.373172	0.323369	0.177107	0.304137	0.933201	0.750122	0.296921	
0.310614	0.156347	0.662437	0.615982	0.392718	0.301593	0.513003	0.563218	0.766379	0.143678	0.0590264	0.580871	0.757762	0.0368981	0.00923248	0.375593	0.43498	0.506746	0.308469	0.203637	0.276373	0.373458	0.204239	0.276755	0.066632	0.911054	0.486	0.476275	0.998636	0.470296	
0.262919	0.378129	0.106073	0.292513	0.40752	0.279368	0.645037	0.202954	0.701854	0.524455	0.0305363	0.599922	0.262778	0.88817	0.171734	0.572805	0.45081	0.0960067	0.224534	0.660405	0.262285	0.471887	0.678301	0.998684	0.966081	0.76188	0.0236498	0.171728	0.106019	0.916178	
0.179207	0.425267	0.127604	0.948371	0.727157	0.848915	0.717897	0.377261	0.0850401	0.148995	0.773828	0.608069	0.146766	0.898766	0.741991	0.828595	0.0666571	0.596985	0.686309	0.629514	0.800483	0.971932	0.730887	0.525571	0.285419	0.936063	0.036565	0.222579	0.356222	0.21379	
0.122691	0.353815	0.69463	0.996813	0.812593	0.0321982	0.613602	0.595948	0.619211	0.277849	0.11414	0.865511	0.719504	0.99575	0.894346	0.39442	0.352594	0.343609	0.895904	0.758107	0.857443	0.578005	0.406515	0.10396	0.243349	0.603009	0.588671	0.268182	0.663717	0.504609	
0.552815	0.821995	0.477282	0.0881169	0.21692	0.398786	0.138083	0.946586	0.432609	0.999434	0.256523	0.93154	0.32636	0.551143	0.241616	0.529593	0.588393	0.955587	0.710703	0.852322	0.0222215	0.318398	0.909476	0.00626021	0.856834	0.0449765	0.749212	0.465407	0.654815	0.123341	
0.740779	0.351641	0.835273	0.274093	0.985763	0.991645	0.325592	0.151984	0.624262	0.230223	0.485117	0.716121	0.56201	0.358036	0.670134	0.685897	0.38638	0.0521084	0.483402	0.212947	0.838064	0.472878	0.0351398	0.294584	0.276846	0.300443	0.998995	0.356933	0.219685	0.288362	
0.81321	0.366255	0.966865	0.723098	0.756402	0.628926	0.483023	0.488375	0.808446	0.76873	0.97692	0.136187	0.793405	0.994025	0.0235403	0.568254	0.0439307	0.729071	0.808247	0.743863	0.844662	0.943149	0.942213	0.496303	0.0371071	0.202974	0.891693	0.0106078	0.951004	0.942936	
0.8217	0.611425	0.649717	0.969674	0.734151	0.693949	0.366118	0.0152399	0.357879	0.862032	0.180398	0.406899	0.6551	0.871045	0.0980918	0.753097	0.235305	0.6688	0.529727	0.125758	0.522604	0.246641	0.158983	0.119161	0.238344	0.404281	0.129532	0.0106087	0.260361	0.692818	
0.929024	0.239485	0.615024	0.791258	0.501781	0.700207	0.651775	0.212666	0.994383	0.432517	0.285516	0.150726	0.482346	0.463954	0.741444	0.589698	0.973419	0.0467765	0.74687	0.855689	0.631103	0.535896	0.851903	0.293535	0.622126	0.10406	0.618106	0.0887659	0.318555	0.644562	
