30	30
145.633	0.801209
148.225	0.657621
123.542	0.155844
132.49	0.102688
141.847	0.887251
125.352	0.493662
124.389	0.000553041
139.419	0.900193
126.42	0.0853935
129.191	0.0479694
138.934	0.0433032
131.867	0.0224372
146.13	0.0234698
139.559	0.333245
143.777	0.476826
142.558	0.197084
142.363	0.438281
150.024	0.811604
150.006	0.0147254
147.329	0.378443
136.162	0.921751
135.699	0.276432
138.12	0.861172
132.208	0.528726
139.44	0.0893396
130.567	0.896593
137.607	0.447803
133.711	0.502997
133.071	0.539949
128.843	0.679148
16.3483
10.4915
6.93951
6.18494
15.0184
35.0881
22.1757
1.56943
28.6081
36.8297
30.6309
32.5704
34.8844
44.8603
39.3158
28.604
41.3674
18.3821
30.4665
45.5198
29.9891
40.2455
47.1946
22.1442
20.3441
12.2055
8.443
17.6955
11.3908
27.3789
0.162713	0.603946	0.168091	0.197693	0.31769	0.531356	0.806348	0.880124	0.410328	0.873093	0.510975	0.979779	0.824205	0.1296	0.799859	0.47181	0.827642	0.621079	0.101369	0.0106782	0.243458	0.0817745	0.468554	0.305656	0.339552	0.486684	0.0158185	0.258913	0.423171	0.949617	
0.570065	0.572662	0.812774	0.0375589	0.374219	0.931882	0.707324	0.892753	0.035938	0.560328	0.397424	0.2578	0.49122	0.597754	0.974047	0.940948	0.355521	0.630679	0.0657654	0.843893	0.882203	0.407879	0.0390224	0.541603	0.438546	0.149141	0.628556	0.885218	0.6846	0.0028885	
0.253717	0.579843	0.734106	0.155527	0.352644	0.912646	0.63809	0.305423	0.579592	0.898638	0.357474	0.70929	0.485034	0.651191	0.64376	0.913988	0.295563	0.302536	0.0263842	0.835108	0.891208	0.845977	0.783146	0.619417	0.957933	0.0110042	0.594514	0.912929	0.385592	0.187961	
0.720967	0.740335	0.702516	0.0435834	0.801257	0.0303514	0.537148	0.680235	0.731161	0.414843	0.148748	0.290588	0.360871	0.627327	0.832489	0.422895	0.314779	0.685572	0.777525	0.524734	0.694353	0.156198	0.994894	0.816732	0.534364	0.499145	0.48379	0.882091	0.207748	0.794239	
0.918494	0.883029	0.257388	0.855358	0.75611	0.897832	0.785241	0.500186	0.340291	0.978991	0.995977	0.00648813	0.510465	0.945203	0.6458	0.811579	0.774479	0.83513	0.102339	0.169636	0.0744004	0.71116	0.212293	0.303934	0.339526	0.0174279	0.916657	0.830437	0.144003	0.45629	
0.425398	0.615759	0.207032	0.00669789	0.0497423	0.505765	0.27733	0.0987943	0.113048	0.653389	0.183427	0.872853	0.598629	0.96633	0.870975	0.393146	0.579079	0.241019	0.489985	0.0639208	0.14834	0.302615	0.135257	0.0104866	0.800933	0.994478	0.999296	0.0266597	0.936008	0.461506	
0.963509	0.616383	0.14933	0.0309886	0.281227	0.0152859	0.70495	0.593421	0.552121	0.672633	0.665578	0.617556	0.260771	0.305814	0.0208339	0.24567	0.455661	0.314311	0.932183	0.548272	0.174804	0.25581	0.401471	0.74718	0.0581503	0.874209	0.532749	0.392399	0.0857859	0.113297	
0.996582	0.426897	0.584128	0.646455	0.0642546	0.732155	0.478512	0.163313	0.262992	0.501851	0.564213	0.834154	0.863142	0.645397	0.819341	0.0336511	0.251106	0.528903	0.269592	0.305731	0.256214	0.285255	0.362745	0.722785	0.329977	0.645679	0.5447	0.00437759	0.860042	0.823661	
0.507642	0.884977	0.221361	0.513374	0.548816	0.707969	0.514846	0.409373	0.234968	0.652529	0.372946	0.159849	0.172101	0.704053	0.510839	0.492437	0.743477	0.201691	0.687485	0.144463	0.14007	0.794025	0.119122	0.846577	0.661927	0.999958	0.49825	0.200848	0.742249	0.129857	
0.889221	0.934683	0.946702	0.250508	0.564552	0.358506	0.277693	0.128044	0.25112	0.674914	0.410923	0.899638	0.141548	0.509195	0.384409	0.683889	0.688242	0.818119	0.853028	0.493327	0.864858	0.46799	0.800609	0.715398	0.685323	0.121288	0.0480444	0.0944712	0.5834	0.508285	
0.51711	0.401155	0.755764	0.306585	0.0846389	0.146273	0.624864	0.969683	0.414377	0.464799	0.874368	0.573469	0.173796	0.680626	0.793096	0.303489	0.244232	0.411675	0.18778	0.127517	0.90566	0.744922	0.737902	0.99821	0.266978	0.946952	0.884864	0.0965674	0.467661	0.496738	
0.989279	0.825568	0.833826	0.839667	0.0570695	0.293249	0.884415	0.864768	0.172463	0.160919	0.501317	0.732073	0.138166	0.35452	0.340797	0.900835	0.800899	0.692674	0.989231	0.231082	0.172713	0.482809	0.622382	0.650308	0.222646	0.806774	0.780373	0.764497	0.815421	0.113695	
0.0385116	0.606282	0.133375	0.454397	0.177309	0.247771	0.518342	0.665497	0.972565	0.668687	0.766416	0.360715	0.587556	0.0370198	0.686785	0.609815	0.627167	0.10808	0.966865	0.872828	0.638498	0.62898	0.157441	0.212293	0.5201	0.284027	0.927063	0.243026	0.992568	0.85932	
0.35626	0.538759	0.803598	0.740801	0.873111	0.0239496	0.0875317	0.22251	0.626347	0.569095	0.508509	0.926031	0.372241	0.566648	0.943757	0.397603	0.374647	0.498444	0.23301	0.0989346	0.063841	0.0047308	0.950388	0.849699	0.604341	0.832037	0.268319	0.363826	0.588635	0.968852	
0.198424	0.854266	0.68743	0.707804	0.896814	0.510063	0.46953	0.893242	0.644555	0.321918	0.136111	0.66715	0.0012008	0.340731	0.223534	0.572125	0.18784	0.38634	0.411339	0.412563	0.0108375	0.561832	0.718231	0.551388	0.596675	0.514913	0.433855	0.468973	0.270292	0.543993	
0.369455	0.617463	0.318424	0.9743	0.951272	0.965177	0.258675	0.704098	0.758186	0.661693	0.1149	0.725532	0.569986	0.760497	0.247319	0.182588	0.725747	0.13622	0.663866	0.929947	0.427644	0.115817	0.27285	0.664383	0.626044	0.801145	0.885045	0.180971	0.417764	0.759654	
0.453798	0.577881	0.746393	0.959451	0.0327655	0.387901	0.520823	0.504462	0.0229285	0.386617	0.606038	0.87018	0.132509	0.946939	0.349343	0.281172	0.299256	0.530529	0.583694	0.10009	0.864659	0.555218	0.279423	0.748709	0.944308	0.914647	0.826491	0.810107	0.0489482	0.217789	
0.775636	0.0710558	0.106367	0.360598	0.702511	0.932004	0.829844	0.229062	0.26409	0.398898	0.363629	0.369552	0.505127	0.705341	0.36372	0.00471653	0.0399308	0.185767	0.875943	0.443262	0.21646	0.838087	0.076456	0.729341	0.851726	0.906921	0.180545	0.844961	0.928126	0.638501	
0.468196	0.298273	0.090356	0.348187	0.793194	0.119516	0.549189	0.605699	0.378712	0.112902	0.750948	0.652537	0.833059	0.50896	0.177373	0.145282	0.195263	0.858437	0.335163	0.539286	0.267685	0.463595	0.77037	0.305322	0.875887	0.394742	0.867008	0.609079	0.232699	0.377059	
0.229767	0.203963	0.267268	0.0938268	0.00654724	0.803084	0.452854	0.571148	0.56622	0.377423	0.853684	0.066703	0.386672	0.202302	0.38426	0.740187	0.859776	0.38702	0.406863	0.610942	0.338809	0.929869	0.628584	0.935875	0.320245	0.88912	0.587543	0.381136	0.289121	0.322804	
0.329726	0.888955	0.770907	0.297238	0.859057	0.828446	0.505809	0.462217	0.0100169	0.524286	0.941636	0.101414	0.263124	0.664127	0.539832	0.644069	0.629484	0.642082	0.952029	0.497632	0.377685	0.722935	0.701636	0.456856	0.0525229	0.546172	0.0153776	0.0230804	0.0684299	0.443151	
0.59972	0.770174	0.859665	0.16332	0.229038	0.992358	0.27722	0.840629	0.0589366	0.584584	0.54057	0.739514	0.159174	0.118032	0.0233528	0.124759	0.687099	0.417886	0.988907	0.441439	0.591181	0.384904	0.218503	0.297677	0.391827	0.901077	0.502103	0.572178	0.429951	0.64676	
0.349002	0.325718	0.278161	0.0293066	0.219531	0.522504	0.0590247	0.889635	0.950115	0.460393	0.195866	0.833613	0.984934	0.073229	0.0782083	0.94222	0.419674	0.501904	0.791569	0.329063	0.486736	0.232617	0.204577	0.169626	0.819098	0.641203	0.13637	0.440883	0.935214	0.4786	
0.323904	0.37755	0.441784	0.0543507	0.477787	0.499531	0.502717	0.638088	0.379592	0.656289	0.376178	0.401394	0.841919	0.597036	0.36256	0.914309	0.196232	0.672553	0.998897	0.140186	0.051515	0.619102	0.528729	0.195919	0.936666	0.940099	0.307622	0.0513173	0.768004	0.877117	
0.628886	0.962563	0.504148	0.935673	0.713314	0.786117	0.832468	0.522182	0.398029	0.38158	0.950891	0.365279	0.153086	0.674712	0.0689618	0.268678	0.051604	0.423507	0.320478	0.812035	0.010167	0.572982	0.820957	0.809046	0.158585	0.604696	0.727583	0.185811	0.567339	0.044644	
0.0440376	0.0603142	0.295252	0.955876	0.0329231	0.892878	0.769117	0.285166	0.493066	0.189236	0.774598	0.277225	0.0500892	0.767584	0.393123	0.999623	0.362024	0.177914	0.107683	0.706855	0.719949	0.637427	0.902244	0.787725	0.636979	0.474053	0.116399	0.237899	0.861264	0.349482	
0.683957	0.699528	0.552537	0.171788	0.534204	0.16	0.148137	0.937418	0.606484	0.719438	0.339471	0.545255	0.354474	0.137045	0.379188	0.306288	0.496833	0.63091	0.574845	0.31421	0.252789	0.606547	0.772818	0.528691	0.622302	0.100508	0.149752	0.0164184	0.582316	0.909983	
0.171274	0.774331	0.853044	0.893865	0.52915	0.718771	0.214629	0.434599	0.784613	0.308182	0.297793	0.652422	0.0692901	0.711834	0.288631	0.363077	0.542598	0.0999836	0.0367847	0.202549	0.741221	0.917056	0.859976	0.425707	0.148987	0.867277	0.728303	0.0752685	0.26507	0.836072	
0.814183	0.830118	0.274991	0.632974	0.722868	0.951937	0.816648	0.708585	0.788877	0.346397	0.112982	0.7102	0.512217	0.403821	0.422262	0.834967	0.373369	0.733146	0.97727	0.895674	0.609402	0.306202	0.731956	0.350321	0.0995354	0.761033	0.00249834	0.839155	0.581429	0.398035	
0.597672	0.756548	0.940241	0.608986	0.974778	0.386252	0.536201	0.742328	0.658371	0.717548	0.899348	0.902113	0.543568	0.417504	0.330354	0.92413	0.623559	0.41328	0.688804	0.0889016	0.268369	0.481521	0.0222391	0.487	0.036117	0.286056	0.542537	0.734341	0.442063	0.823217	
