25	30
103.487	0.567996
113.939	0.582942
118.575	0.784737
109.93	0.69581
117.084	0.422367
124.161	0.58393
108.46	0.799002
124.827	0.649061
104.051	0.476192
105.216	0.774942
127.707	0.247792
108.24	0.887774
127.471	0.729309
105.916	0.159418
119.451	0.886751
109.87	0.216621
115.843	0.683609
114.711	0.14512
119.462	0.73815
120.897	0.018422
124.614	0.497807
117.82	0.502003
105.885	0.387771
113.808	0.944449
107.484	0.296481
49.5088
6.66696
21.3392
5.92391
22.4737
46.7685
40.2707
28.661
46.8361
33.0543
7.96524
6.03358
39.5619
30.5667
8.04293
20.688
18.4434
32.5007
7.90861
40.9475
19.8702
18.968
29.6355
40.9763
5.44825
4.48667
17.598
30.6861
43.7747
17.7092
0.0534268	0.261186	0.316572	0.283426	0.991694	0.0540472	0.757873	0.689013	0.247625	0.636812	0.145416	0.537333	0.26802	0.977917	0.953111	0.73926	0.332228	0.583054	0.853495	0.625312	0.129933	0.0110414	0.40706	0.97535	0.611045	0.246352	0.734786	0.812558	0.0744302	0.538854	
0.0336814	0.412163	0.842509	0.576133	0.372912	0.3864	0.880269	0.25108	0.104238	0.845786	0.310799	0.442875	0.429474	0.269817	0.985917	0.60629	0.25879	0.399212	0.967334	0.729983	0.449779	0.741985	0.736059	0.146172	0.57066	0.227292	0.575348	0.112746	0.939666	0.261255	
0.756755	0.98861	0.164819	0.143948	0.430742	0.744927	0.787539	0.556869	0.856163	0.0780212	0.0171197	0.385631	0.159825	0.540734	0.466455	0.611958	0.847977	0.579059	0.118449	0.927885	0.580165	0.9766	0.95288	0.197161	0.595291	0.256759	0.956613	0.577446	0.860425	0.242052	
0.639894	0.575512	0.318713	0.560701	0.312322	0.370065	0.621236	0.538015	0.787633	0.485668	0.747729	0.829196	0.327121	0.707492	0.73561	0.149688	0.721387	0.68698	0.941245	0.741002	0.856332	0.394156	0.720926	0.331639	0.160362	0.528312	0.220236	0.538739	0.148647	0.743765	
0.768511	0.859447	0.464869	0.353678	0.538666	0.508081	0.272954	0.783589	0.260196	0.250553	0.881811	0.882064	0.441494	0.896094	0.0729312	0.691851	0.564739	0.543618	0.156006	0.691965	0.70435	0.108657	0.519906	0.819468	0.231566	0.153456	0.835443	0.495899	0.624435	0.576202	
0.424185	0.838892	0.626951	0.114559	0.452999	0.57799	0.129586	0.885198	0.574341	0.42421	0.0357824	0.926642	0.204569	0.100263	0.657894	0.191057	0.693176	0.440613	0.242669	0.401602	0.493505	0.548683	0.146381	0.537581	0.795894	0.235012	0.0689198	0.65892	0.388083	0.782434	
0.378581	0.977932	0.902441	0.963039	0.919067	0.0871823	0.216607	0.501051	0.301782	0.651706	0.839208	0.836197	0.875569	0.156715	0.95506	0.885123	0.0415213	0.0522371	0.383527	0.643306	0.0323668	0.652784	0.138291	0.915417	0.748335	0.553195	0.148924	0.732548	0.60352	0.753749	
0.641395	0.387445	0.116418	0.831282	0.29978	0.917589	0.626355	0.435067	0.553586	0.103	0.0692465	0.505848	0.938011	0.100583	0.588728	0.256773	0.687384	0.327388	0.070429	0.831815	0.145785	0.556491	0.0692987	0.395326	0.852837	0.617125	0.55414	0.396423	0.511508	0.370637	
0.941887	0.880149	0.442512	0.0815782	0.774874	0.920814	0.944512	0.825477	0.0467863	0.871641	0.540876	0.430401	0.940806	0.211226	0.0246682	0.615052	0.519814	0.832391	0.0622471	0.696052	0.954093	0.292862	0.67288	0.0502823	0.310264	0.266377	0.405492	0.592305	0.189515	0.169249	
0.920768	0.634342	0.628595	0.206849	0.0146509	0.666193	0.661796	0.973144	0.740413	0.818065	0.573445	0.0471179	0.468052	0.646136	0.273504	0.899822	0.786085	0.515549	0.89923	0.326179	0.178646	0.81224	0.41541	0.632274	0.594366	0.0635795	0.376053	0.616773	0.861278	0.346834	
0.0898378	0.213782	0.10366	0.658485	0.91389	0.472319	0.629859	0.174352	0.0319683	0.0323399	0.651289	0.404584	0.254674	0.46443	0.506256	0.115699	0.0659234	0.777947	0.188961	0.107323	0.652115	0.0345961	0.899817	0.216801	0.220903	0.544674	0.458117	0.107747	0.802774	0.146841	
0.0121345	0.251766	0.34538	0.0953271	0.116916	0.328412	0.563517	0.351208	0.75154	0.653106	0.862738	0.400608	0.0263598	0.0247546	0.426458	0.428372	0.56202	0.530438	0.963137	0.769447	0.158433	0.212854	0.894739	0.550114	0.728192	0.363255	0.65498	0.691562	0.657913	0.425289	
0.351106	0.282125	0.568425	0.334062	0.549483	0.976507	0.562171	0.0711394	0.208767	0.335375	0.454855	0.533009	0.429584	0.213585	0.306362	0.29544	0.673289	0.727044	0.353942	0.872146	0.428182	0.673207	0.460548	0.191179	0.713641	0.408629	0.180247	0.81689	0.761855	0.0735925	
0.280074	0.156073	0.74107	0.569919	0.777031	0.202571	0.540606	0.844445	0.965631	0.498796	0.124072	0.213122	0.718842	0.776785	0.498879	0.988573	0.360011	0.663013	0.621098	0.0123615	0.0334394	0.541472	0.69835	0.807749	0.767991	0.102648	0.233842	0.496489	0.285082	0.349338	
0.459997	0.710711	0.718997	0.31716	0.297569	0.660304	0.550597	0.933399	0.740398	0.0431666	0.601184	0.438168	0.0675995	0.219381	0.660688	0.232301	0.231421	0.259854	0.19713	0.794087	0.657716	0.45814	0.505195	0.20615	0.560149	0.4341	0.432645	0.781291	0.918826	0.467893	
0.487639	0.571035	0.503692	0.638746	0.978696	0.921569	0.525853	0.477587	0.622515	0.733943	0.841495	0.32171	0.0948994	0.126203	0.0375521	0.487285	0.184299	0.259728	0.96727	0.899981	0.860965	0.495946	0.343285	0.896986	0.233326	0.0335346	0.918586	0.84553	0.418351	0.242231	
0.531094	0.384675	0.256666	0.983832	0.63684	0.234571	0.385282	0.455341	0.459508	0.685612	0.966896	0.835551	0.539677	0.698786	0.955246	0.228162	0.140418	0.0546498	0.146059	0.46723	0.569909	0.250296	0.974168	0.228032	0.223595	0.915732	0.917104	0.914305	0.485796	0.0582287	
0.0884865	0.468797	0.245602	0.796673	0.953457	0.578241	0.74606	0.114857	0.0637959	0.971181	0.517932	0.875425	0.684215	0.657389	0.600471	0.322487	0.630936	0.0861862	0.547313	0.141285	0.160062	0.0143923	0.717703	0.985722	0.868971	0.55146	0.915785	0.125941	0.938174	0.540897	
0.654982	0.0578286	0.191599	0.866502	0.81346	0.73072	0.756705	0.423642	0.325096	0.993313	0.424639	0.619384	0.18654	0.168899	0.910271	0.81088	0.662207	0.436753	0.384632	0.0188095	0.990342	0.153385	0.553166	0.789748	0.772253	0.202452	0.42727	0.0985268	0.55966	0.252335	
0.451278	0.733146	0.426961	0.401052	0.355708	0.874216	0.540052	0.687701	0.563907	0.4759	0.252848	0.419307	0.907624	0.621396	0.0725206	0.842172	0.750189	0.744986	0.86603	0.648155	0.907116	0.21361	0.0372492	0.0849007	0.203403	0.0132207	0.929257	0.831088	0.615711	0.0976332	
0.316338	0.943018	0.215672	0.674365	0.0701625	0.346202	0.828872	0.359714	0.531711	0.564353	0.393042	0.257553	0.676146	0.176665	0.562358	0.349429	0.470261	0.0799824	0.946333	0.565377	0.454247	0.606027	0.809527	0.227692	0.0257216	0.999522	0.823319	0.941078	0.539376	0.64839	
0.85915	0.780192	0.382676	0.48367	0.804624	0.625751	0.467094	0.427502	0.479615	0.787383	0.638976	0.191247	0.318874	0.909229	0.805442	0.869217	0.725951	0.973984	0.230304	0.954415	0.326627	0.552315	0.187947	0.186998	0.351299	0.958401	0.141952	0.614819	0.674529	0.927343	
0.0898158	0.791131	0.30745	0.652934	0.524374	0.282535	0.850643	0.135962	0.748016	0.339716	0.735901	0.907515	0.991509	0.934	0.627077	0.37726	0.774319	0.787943	0.26692	0.288686	0.390199	0.771503	0.961304	0.506805	0.822334	0.373655	0.91444	0.844283	0.461143	0.635131	
0.358309	0.976911	0.809857	0.888014	0.621488	0.516706	0.266234	0.534494	0.811854	0.984262	0.435411	0.895246	0.507784	0.257224	0.688799	0.866375	0.429628	0.993308	0.591692	0.938133	0.151856	0.981865	0.260849	0.0678065	0.711684	0.497425	0.927391	0.599522	0.223135	0.45145	
0.135743	0.888295	0.0923224	0.00943729	0.86267	0.522016	0.270109	0.26297	0.313997	0.342371	0.987104	0.281292	0.366537	0.97872	0.522684	0.175879	0.918471	0.0643202	0.0539067	0.166028	0.448937	0.980913	0.323039	0.894582	0.381232	0.0394293	0.862785	0.663158	0.302755	0.195745	
