25	40
111.707	0.611628
113.202	0.371827
104.15	0.216557
103.847	0.564793
109.789	0.588691
106.014	0.896217
122.916	0.0272305
117.294	0.480132
114.12	0.182703
111.903	0.691712
114.579	0.26622
119.349	0.307313
113.043	0.561043
124.76	0.655337
113.559	0.272032
107.887	0.650126
111.115	0.205848
110.194	0.316498
103.929	0.00782029
107.247	0.722378
126.281	0.0359559
124.277	0.958215
120.52	0.555702
121.96	0.958714
118.645	0.471661
15.8213
32.5923
43.4905
19.877
42.8014
35.6296
13.4098
4.08981
5.41516
37.6197
5.55009
29.5451
27.091
47.6522
6.68695
38.6278
40.0765
41.6067
31.8744
9.68565
18.2322
14.4968
27.4342
26.0215
23.9824
5.32567
30.6751
29.9742
13.936
33.7319
21.9851
9.42859
11.0438
27.6175
47.6481
15.0545
44.2943
9.99918
36.3097
43.0279
0.458763	0.871679	0.65982	0.255962	0.612032	0.969291	0.188911	0.0640254	0.545073	0.100779	0.83136	0.376818	0.976844	0.769418	0.0975199	0.273874	0.00849908	0.83926	0.139198	0.556457	0.246043	0.204144	0.375066	0.567193	0.797781	0.564373	0.765317	0.32075	0.520022	0.269351	0.947243	0.532896	0.545116	0.46211	0.109415	0.646515	0.75151	0.0887896	0.0659985	0.0172792	
0.310817	0.770657	0.107186	0.283136	0.86272	0.30241	0.569861	0.932598	0.256446	0.00882846	0.0627568	0.0434976	0.543948	0.799697	0.43626	0.250146	0.865302	0.698686	0.613698	0.550013	0.0839325	0.685499	0.282568	0.340863	0.594994	0.876566	0.92117	0.206116	0.0568969	0.373665	0.202311	0.929765	0.69033	0.0155612	0.484703	0.503064	0.940481	0.126212	0.168646	0.518137	
0.634969	0.531914	0.695859	0.801723	0.170984	0.713356	0.152859	0.345057	0.850455	0.648918	0.562635	0.421807	0.814912	0.551276	0.00707913	0.890871	0.396908	0.0302229	0.69616	0.967187	0.217592	0.331068	0.673952	0.307958	0.677689	0.787618	0.341772	0.433419	0.176992	0.72794	0.946446	0.188218	0.714797	0.199737	0.189329	0.985337	0.420424	0.79696	0.305535	0.252403	
0.233253	0.540763	0.104234	0.39248	0.0491534	0.607393	0.720706	0.29354	0.610933	0.798168	0.660811	0.0249463	0.49743	0.11773	0.0622859	0.64643	0.428093	0.231608	0.766904	0.336511	0.912569	0.147567	0.0185873	0.347984	0.688365	0.490137	0.797417	0.887905	0.909391	0.128352	0.248546	0.0958795	0.878332	0.0408941	0.105289	0.804614	0.489287	0.621296	0.295781	0.713945	
0.966677	0.129017	0.98659	0.763874	0.651592	0.622249	0.569246	0.156721	0.978537	0.242233	0.176233	0.929792	0.706915	0.211727	0.239263	0.00335255	0.933306	0.255532	0.165148	0.290184	0.268164	0.591568	0.254769	0.936396	0.361526	0.691355	0.943439	0.657131	0.735106	0.98161	0.682452	0.896161	0.61115	0.110166	0.517781	0.596287	0.391136	0.973689	0.999403	0.403375	
0.599653	0.835709	0.0994276	0.0305914	0.89263	0.548866	0.305463	0.0298064	0.545667	0.820746	0.5388	0.417457	0.4778	0.936785	0.5245	0.251818	0.0482735	0.197801	0.0711302	0.0741399	0.31514	0.405284	0.195776	0.314476	0.28978	0.0476814	0.518799	0.491926	0.632644	0.64671	0.687027	0.724204	0.313945	0.55648	0.630669	0.666492	0.134669	0.270263	0.217682	0.0160295	
0.756931	0.214272	0.443022	0.473993	0.190149	0.873796	0.0525563	0.561291	0.0474188	0.832816	0.706222	0.831107	0.966724	0.593831	0.591913	0.1318	0.892814	0.137192	0.123807	0.407438	0.465963	0.279511	0.706508	0.232699	0.748301	0.305476	0.336062	0.39075	0.723778	0.779115	0.326716	0.767733	0.0194614	0.844544	0.911981	0.0563264	0.401384	0.215713	0.808228	0.878969	
0.963569	0.636428	0.536675	0.361636	0.514538	0.479885	0.480919	0.771939	0.574964	0.864069	0.505769	0.401407	0.296129	0.0548125	0.598893	0.346112	0.822186	0.999549	0.933666	0.637284	0.517067	0.923063	0.635873	0.617419	0.172489	0.0968695	0.851721	0.0343652	0.999545	0.524243	0.986665	0.846725	0.824199	0.974006	0.583679	0.343837	0.117457	0.733842	0.88165	0.397683	
0.167348	0.38323	0.084839	0.288603	0.886283	0.906593	0.231833	0.882212	0.363362	0.0257292	0.657958	0.71561	0.549584	0.250951	0.92509	0.636554	0.0692632	0.732842	0.620327	0.655988	0.187285	0.124455	0.301098	0.377022	0.596838	0.920054	0.597886	0.395248	0.668159	0.240459	0.0111318	0.403637	0.955424	0.0808052	0.399256	0.315407	0.900819	0.716459	0.163472	0.20468	
0.799953	0.376537	0.704756	0.261256	0.841505	0.159876	0.297593	0.605365	0.857605	0.929944	0.249805	0.575402	0.242028	0.70994	0.140521	0.964285	0.871854	0.784747	0.647711	0.204601	0.0571282	0.725401	0.953151	0.108889	0.109686	0.773059	0.624904	0.79627	0.319928	0.0568342	0.0981003	0.334832	0.718501	0.504475	0.869336	0.661645	0.911944	0.147705	0.964369	0.656167	
0.281202	0.0699233	0.308933	0.440392	0.68759	0.759783	0.00816389	0.141847	0.3832	0.320803	0.815497	0.637335	0.50614	0.348699	0.925872	0.0455754	0.277046	0.259315	0.616381	0.543305	0.935951	0.63944	0.264412	0.0204156	0.850789	0.134705	0.523661	0.866288	0.0139641	0.358103	0.268504	0.214849	0.710439	0.424186	0.618928	0.201492	0.613929	0.0735386	0.839149	0.478709	
0.17338	0.411041	0.523737	0.437988	0.538187	0.96599	0.131499	0.568579	0.610399	0.7574	0.136696	0.116941	0.00121161	0.885157	0.781958	0.968664	0.139718	0.682235	0.898165	0.0539533	0.953563	0.878135	0.0610867	0.353889	0.623762	0.655624	0.373878	0.458948	0.39678	0.611473	0.812428	0.444379	0.480378	0.163685	0.236577	0.468574	0.532821	0.124484	0.38426	0.0217323	
0.47891	0.19287	0.852921	0.219377	0.422815	0.048809	0.613466	0.385304	0.00950814	0.0264186	0.345921	0.989729	0.087166	0.576532	0.238556	0.45349	0.538147	0.382404	0.826247	0.464819	0.325029	0.412126	0.69737	0.365818	0.909681	0.174715	0.358705	0.355407	0.411798	0.913545	0.545778	0.227818	0.0605465	0.327809	0.137816	0.327248	0.428922	0.0739418	0.681502	0.221351	
0.305519	0.818241	0.931811	0.491375	0.902235	0.210585	0.0518206	0.840067	0.968204	0.865956	0.111408	0.461718	0.897913	0.836842	0.63085	0.158436	0.879534	0.471973	0.957816	0.185802	0.831773	0.102903	0.775809	0.655673	0.254307	0.0499271	0.45883	0.685197	0.489295	0.414923	0.425261	0.633503	0.445268	0.623224	0.751718	0.750585	0.492283	0.0134869	0.862865	0.786795	
0.240946	0.0319857	0.0396257	0.857224	0.0720066	0.252691	0.953966	0.195329	0.248513	0.881533	0.407681	0.228231	0.154969	0.984053	0.905426	0.161127	0.596885	0.898406	0.414597	0.0675674	0.0766814	0.851715	0.77503	0.979881	0.0325964	0.872364	0.100211	0.574633	0.493244	0.0964044	0.618662	0.857655	0.579546	0.975807	0.193074	0.882216	0.279114	0.533997	0.516725	0.368701	
0.714186	0.353698	0.209644	0.786525	0.955156	0.737114	0.626984	0.735014	0.852563	0.35033	0.686269	0.0868778	0.274569	0.107559	0.73453	0.13038	0.821051	0.344786	0.353049	0.790956	0.420203	0.352654	0.760781	0.988873	0.341791	0.76068	0.727602	0.944608	0.73977	0.0642538	0.891988	0.843011	0.185417	0.62722	0.89613	0.0854496	0.871866	0.250589	0.714528	0.817145	
0.752736	0.801121	0.361818	0.645405	0.993659	0.428629	0.346571	0.160126	0.606077	0.696558	0.213757	0.2892	0.676806	0.59496	0.332445	0.626289	0.687003	0.547911	0.772766	0.356961	0.442541	0.216842	0.11743	0.223853	0.460439	0.764618	0.0473831	0.35762	0.0826968	0.744632	0.753166	0.414754	0.795775	0.160061	0.383961	0.561117	0.648039	0.588048	0.299506	0.205592	
0.0995184	0.541599	0.396378	0.485771	0.194888	0.469052	0.994788	0.49419	0.627786	0.248973	0.614793	0.549323	0.368228	0.323178	0.508424	0.143232	0.723165	0.778179	0.055079	0.474839	0.362175	0.867336	0.813843	0.0229731	0.470186	0.419234	0.49095	0.0998403	0.5904	0.742847	0.591675	0.52116	0.188365	0.159221	0.741436	0.872494	0.774417	0.316662	0.675433	0.803159	
0.648375	0.843958	0.324453	0.860646	0.819383	0.785751	0.460748	0.483166	0.379273	0.866524	0.325919	0.97882	0.0529699	0.685229	0.862993	0.0325045	0.0761007	0.104196	0.285649	0.508715	0.746857	0.872893	0.728997	0.500712	0.300255	0.980753	0.415373	0.466862	0.317186	0.947764	0.209719	0.924865	0.703131	0.764227	0.260355	0.320483	0.0382128	0.756281	0.386848	0.88486	
0.696456	0.0287025	0.866753	0.221763	0.566825	0.65507	0.597974	0.907954	0.797897	0.925454	0.71158	0.972128	0.905275	0.305063	0.906905	0.491015	0.764176	0.620008	0.913	0.211433	0.391482	0.236857	0.595314	0.867561	0.460659	0.598391	0.928413	0.525394	0.570937	0.725206	0.262986	0.403154	0.874429	0.680653	0.376231	0.659823	0.355204	0.915625	0.686533	0.338631	
0.673925	0.418956	0.880441	0.648258	0.012632	0.965272	0.773739	0.188039	0.652435	0.823124	0.740849	0.290757	0.31584	0.690114	0.419395	0.0883408	0.756724	0.532859	0.999059	0.943445	0.830686	0.935167	0.473571	0.677309	0.923743	0.340418	0.790149	0.0869422	0.186253	0.987624	0.0285422	0.695349	0.521002	0.49656	0.868136	0.71103	0.356698	0.223836	0.127222	0.50795	
0.397596	0.70435	0.404422	0.834726	0.0742389	0.405441	0.60447	0.184504	0.899281	0.871542	0.162885	0.233157	0.692616	0.394644	0.917318	0.862026	0.648861	0.282189	0.0223185	0.50913	0.716138	0.92726	0.0669775	0.248373	0.922002	0.765914	0.130023	0.444405	0.298223	0.841164	0.0160319	0.397339	0.988611	0.692197	0.813988	0.908064	0.375308	0.440848	0.653045	0.0871511	
0.81984	0.10564	0.500489	0.673498	0.843653	0.926039	0.0490932	0.651688	0.0488091	0.233417	0.917478	0.0229554	0.0697655	0.111071	0.812103	0.733215	0.180334	0.931801	0.67486	0.983542	0.551813	0.893558	0.398447	0.597393	0.0736354	0.320276	0.228313	0.605385	0.693505	0.286466	0.134411	0.56692	0.0555058	0.106127	0.630916	0.0302002	0.599999	0.529705	0.5146	0.737041	
0.748946	0.874191	0.150708	0.640044	0.591873	0.700191	0.490812	0.589237	0.326124	0.297448	0.604797	0.28818	0.242485	0.973958	0.872309	0.741574	0.906515	0.659184	0.448345	0.549903	0.179099	0.957126	0.957858	0.366402	0.921867	0.541096	0.188524	0.560003	0.831544	0.585383	0.166674	0.0540829	0.739455	0.0919406	0.947662	0.415592	0.0680143	0.788096	0.83182	0.961693	
0.184485	0.697647	0.972755	0.778375	0.940875	0.595777	0.127055	0.351898	0.332838	0.285556	0.847329	0.085279	0.446689	0.279795	0.11104	0.45526	0.751969	0.821513	0.596855	0.162744	0.159313	0.00861322	0.574047	0.88117	0.957573	0.451523	0.512226	0.709615	0.219614	0.756829	0.363464	0.259055	0.885839	0.918042	0.700498	0.8606	0.723427	0.756615	0.280072	0.719192	
