25	50
106.268	0.733018
100.382	0.329256
117.055	0.100693
121.097	0.716074
112.631	0.160859
118.477	0.489865
105.018	0.941779
115.476	0.624578
104.994	0.698296
122.977	0.624321
101.773	0.568268
113.23	0.333726
102.469	0.592493
116.677	0.0391311
119.567	0.377115
103.023	0.174165
100.3	0.413021
106.271	0.459674
121.167	0.321459
109.951	0.981309
114.71	0.767597
101.388	0.331225
119.651	0.200568
109.305	0.170272
122.195	0.0353832
21.204
2.2403
47.9527
22.2824
13.8336
41.2046
20.5082
33.5983
34.8905
39.6032
25.2013
41.8635
18.4782
16.0933
27.2217
44.2851
21.6091
7.11969
37.0217
3.94723
33.7849
37.6913
49.5273
18.8442
46.3641
9.02172
19.9037
8.99559
19.2303
2.20565
17.102
43.4558
36.9147
44.1548
49.5563
9.75645
49.8023
24.2962
29.941
1.2294
10.4445
9.57509
48.1233
26.4672
9.66734
35.552
34.7495
42.7162
24.6315
36.0245
0.740543	0.450935	0.899806	0.465591	0.0801975	0.896507	0.701026	0.70137	0.118269	0.684405	0.937159	0.56472	0.949485	0.469763	0.17207	0.964682	0.338079	0.408095	0.776414	0.149583	0.476456	0.880353	0.306197	0.427547	0.0976254	0.486212	0.263938	0.457097	0.726651	0.404051	0.913831	0.0508203	0.0633056	0.630594	0.150849	0.116843	0.918681	0.163152	0.015852	0.356838	0.0840313	0.978458	0.860524	0.210478	0.37412	0.875553	0.697198	0.0784981	0.139857	0.123626	
0.906531	0.749317	0.567818	0.422547	0.0306309	0.631812	0.873543	0.953923	0.110502	0.182902	0.935241	0.399976	0.524429	0.947172	0.17811	0.6938	0.494358	0.52188	0.345136	0.221237	0.151923	0.224704	0.335606	0.85102	0.25628	0.271495	0.74526	0.113503	0.332926	0.402027	0.0686252	0.994833	0.643191	0.188674	0.512061	0.459707	0.744376	0.934858	0.269889	0.714383	0.709159	0.298607	0.323185	0.823038	0.0247506	0.705579	0.885633	0.797852	0.613548	0.890079	
0.538123	0.714385	0.128251	0.786781	0.598409	0.905055	0.473141	0.656126	0.885875	0.247917	0.667851	0.559443	0.561192	0.816011	0.24526	0.877106	0.851241	0.213297	0.853522	0.129564	0.199405	0.937241	0.593317	0.0485419	0.104195	0.0197766	0.40551	0.0928561	0.684683	0.943148	0.927229	0.631953	0.664857	0.765399	0.812969	0.741061	0.707697	0.324909	0.853225	0.255663	0.570862	0.602836	0.576048	0.505247	0.0275654	0.72695	0.442846	0.791951	0.817046	0.671107	
0.524746	0.0501372	0.784452	0.399351	0.809598	0.68716	0.64057	0.939601	0.850704	0.992986	0.137259	0.695765	0.0735357	0.990145	0.135584	0.691701	0.307884	0.55557	0.49431	0.786545	0.0524869	0.710749	0.970828	0.301506	0.312413	0.307791	0.527579	0.433363	0.572112	0.920629	0.99467	0.374127	0.146754	0.865039	0.415037	0.318437	0.733989	0.233092	0.46644	0.186677	0.768462	0.130199	0.813642	0.884364	0.256562	0.247086	0.258145	0.538962	0.843664	0.752817	
0.549345	0.425491	0.446014	0.43012	0.713615	0.430649	0.80418	0.150154	0.155546	0.697173	0.273719	0.272702	0.86289	0.949659	0.281175	0.180162	0.59184	0.143515	0.222729	0.117275	0.986208	0.553335	0.71444	0.0841396	0.355839	0.852981	0.827795	0.647878	0.634874	0.468099	0.151213	0.961319	0.910777	0.677103	0.375655	0.0903707	0.966385	0.560968	0.248347	0.876389	0.890543	0.687112	0.866295	0.305134	0.924926	0.272041	0.765845	0.855206	0.125452	0.752671	
0.238698	0.427353	0.561059	0.712692	0.0501236	0.182485	0.379058	0.795669	0.676834	0.81468	0.696652	0.877651	0.923961	0.660211	0.577914	0.420568	0.100577	0.433472	0.226866	0.684026	0.150579	0.328095	0.0428741	0.209436	0.110769	0.410139	0.688005	0.824564	0.485591	0.882358	0.232434	0.976212	0.260526	0.662583	0.441325	0.0632536	0.26651	0.837387	0.242408	0.436136	0.0983992	0.319055	0.846076	0.232846	0.372154	0.0133844	0.981215	0.600343	0.0982349	0.784892	
0.235105	0.160032	0.861792	0.440079	0.608091	0.105538	0.0722813	0.215247	0.895992	0.272039	0.412919	0.501935	0.914044	0.151104	0.54784	0.248119	0.806551	0.380591	0.736773	0.249694	0.63813	0.618871	0.0309626	0.376474	0.268754	0.751787	0.893626	0.586894	0.373474	0.501579	0.958768	0.404254	0.291925	0.921091	0.0793388	0.302086	0.92964	0.381519	0.397745	0.344514	0.460793	0.209252	0.292286	0.877713	0.848664	0.112127	0.317556	0.725967	0.765203	0.0300328	
0.0346342	0.648241	0.688716	0.0711468	0.0859854	0.404118	0.352257	0.332811	0.235535	0.962566	0.97305	0.35475	0.457114	0.85816	0.0317159	0.129658	0.917768	0.812444	0.616578	0.72354	0.700495	0.513604	0.606142	0.250922	0.806117	0.883449	0.884913	0.672189	0.739007	0.58888	0.197264	0.11699	0.0927838	0.720258	0.0327151	0.510372	0.178675	0.718061	0.212746	0.312799	0.793005	0.794637	0.627114	0.314876	0.783704	0.305676	0.637724	0.366982	0.37003	0.000644496	
0.547195	0.124812	0.128674	0.793391	0.73397	0.646945	0.47472	0.917772	0.44576	0.498766	0.209343	0.641539	0.0218121	0.031421	0.100133	0.946149	0.821976	0.033409	0.847391	0.56405	0.974812	0.169409	0.190033	0.121494	0.431681	0.357454	0.21506	0.652012	0.289997	0.624645	0.922214	0.587782	0.614517	0.423608	0.95164	0.805123	0.223277	0.5766	0.278823	0.60379	0.133399	0.916573	0.536031	0.901974	0.485332	0.192526	0.423338	0.811227	0.668828	0.208403	
0.909585	0.331087	0.388513	0.998972	0.210997	0.584553	0.930864	0.0442146	0.722171	0.790592	0.161821	0.410482	0.620246	0.380478	0.565117	0.146745	0.836082	0.159143	0.503245	0.435493	0.328468	0.264172	0.123915	0.0320234	0.475406	0.177776	0.602382	0.435757	0.565929	0.607589	0.865197	0.325841	0.249387	0.438596	0.077183	0.156177	0.0591571	0.559782	0.496739	0.604349	0.191227	0.354362	0.228335	0.415726	0.0121523	0.464175	0.27772	0.6324	0.569039	0.706972	
0.581125	0.854945	0.654452	0.214663	0.270867	0.660196	0.346339	0.128971	0.415596	0.99994	0.773057	0.398886	0.773137	0.724749	0.203855	0.676682	0.283962	0.829371	0.541523	0.984141	0.605076	0.926403	0.392159	0.306278	0.413641	0.96453	0.585641	0.241391	0.545841	0.945117	0.693278	0.445434	0.269823	0.41941	0.264541	0.728378	0.951065	0.733323	0.560163	0.543334	0.0214182	0.855545	0.866502	0.77616	0.0252975	0.0735395	0.363262	0.429212	0.56967	0.660459	
0.14966	0.598271	0.472965	0.0294661	0.787658	0.14476	0.0240762	0.403285	0.73485	0.529794	0.797273	0.484429	0.235205	0.554315	0.966899	0.615981	0.510015	0.299386	0.0173932	0.29979	0.810524	0.4068	0.146268	0.783081	0.194955	0.593512	0.580424	0.320299	0.785868	0.856388	0.608673	0.316868	0.133571	0.764961	0.102303	0.253817	0.209381	0.183686	0.343068	0.058719	0.861697	0.983671	0.0860129	0.678896	0.144196	0.287574	0.796617	0.0404225	0.409474	0.593618	
0.870447	0.589302	0.915379	0.487247	0.987915	0.0662053	0.160419	0.829374	0.651419	0.706372	0.81791	0.425569	0.780283	0.673087	0.929074	0.211666	0.302344	0.239973	0.841874	0.206168	0.304637	0.684831	0.391375	0.580934	0.21324	0.0872261	0.0263027	0.239734	0.641041	0.686473	0.136546	0.495239	0.605811	0.67958	0.355766	0.278378	0.0231721	0.895669	0.884326	0.741436	0.207094	0.645267	0.682537	0.0871937	0.685508	0.777191	0.387135	0.805669	0.812244	0.484743	
0.0116608	0.288514	0.100981	0.829359	0.954234	0.924594	0.134886	0.438828	0.499215	0.902287	0.739883	0.695627	0.293321	0.38269	0.804108	0.141151	0.0071174	0.790326	0.435376	0.878364	0.398067	0.898926	0.989025	0.385172	0.271727	0.0806542	0.12704	0.548196	0.395306	0.746247	0.349277	0.128056	0.350676	0.201763	0.497098	0.852204	0.909546	0.0554906	0.0377692	0.133534	0.503597	0.0298011	0.534041	0.0567783	0.774761	0.999584	0.0640639	0.0776116	0.692921	0.0881875	
0.51926	0.704741	0.474524	0.163938	0.0966118	0.59732	0.693894	0.554466	0.050881	0.238407	0.179279	0.872469	0.540034	0.874418	0.93416	0.0862247	0.179447	0.84397	0.874144	0.537684	0.178353	0.494276	0.845121	0.846238	0.955507	0.0839343	0.372599	0.367081	0.273426	0.773419	0.905872	0.879614	0.489213	0.0437197	0.10479	0.525197	0.107349	0.385219	0.971005	0.300634	0.0495756	0.581237	0.639516	0.332967	0.86471	0.470363	0.460091	0.926437	0.75815	0.438866	
0.484919	0.74099	0.293618	0.99565	0.134517	0.483145	0.50368	0.913716	0.226234	0.361289	0.77459	0.952406	0.012222	0.484478	0.609154	0.747206	0.827214	0.787642	0.412993	0.364845	0.686102	0.649814	0.391254	0.488737	0.746305	0.55372	0.62173	0.934111	0.280431	0.451115	0.186579	0.732483	0.351611	0.454915	0.454637	0.310448	0.35808	0.886138	0.853975	0.774619	0.9347	0.549007	0.600917	0.293062	0.682041	0.445364	0.336591	0.502074	0.745234	0.401837	
0.337339	0.0142848	0.695434	0.701902	0.796399	0.243136	0.497835	0.602674	0.159746	0.86943	0.523649	0.157294	0.196468	0.532761	0.935392	0.513108	0.949939	0.713518	0.63355	0.682529	0.161817	0.838553	0.306576	0.347219	0.760996	0.662834	0.830737	0.539768	0.85535	0.425588	0.272818	0.751197	0.118587	0.098879	0.367418	0.64423	0.477445	0.364715	0.724326	0.926729	0.494114	0.316263	0.0109039	0.393108	0.343055	0.622786	0.667329	0.0927844	0.43552	0.953928	
0.729924	0.3326	0.543923	0.599553	0.107118	0.500006	0.707926	0.776049	0.872103	0.238453	0.721642	0.411844	0.645904	0.811272	0.804259	0.928535	0.337314	0.0241733	0.205838	0.055632	0.533322	0.842152	0.59579	0.782184	0.332679	0.698609	0.151328	0.701534	0.362054	0.392045	0.334849	0.143022	0.0437123	0.691725	0.467517	0.388855	0.215481	0.0454682	0.408684	0.146177	0.917333	0.894522	0.203608	0.433394	0.970493	0.703195	0.00218022	0.953755	0.526967	0.708943	
0.653785	0.00627195	0.409249	0.120659	0.580919	0.51202	0.553651	0.847163	0.225961	0.549362	0.900942	0.591976	0.00363234	0.700427	0.27496	0.601098	0.156211	0.419821	0.378984	0.871702	0.347272	0.0911702	0.104694	0.998778	0.485714	0.732668	0.903514	0.598985	0.0541036	0.263862	0.43943	0.0322456	0.59968	0.223777	0.755885	0.76222	0.248442	0.279231	0.33525	0.226391	0.84395	0.691101	0.849392	0.358052	0.304232	0.769022	0.215987	0.640604	0.902203	0.457383	
0.354989	0.280188	0.297432	0.564544	0.933257	0.197125	0.410904	0.277476	0.579688	0.106536	0.563462	0.263148	0.843767	0.544013	0.0993767	0.0501005	0.245715	0.421324	0.990124	0.344833	0.933981	0.254498	0.902708	0.868947	0.0580107	0.953796	0.492379	0.386078	0.52874	0.423055	0.580932	0.114486	0.907964	0.693391	0.243817	0.434474	0.40142	0.0196463	0.352361	0.781374	0.494855	0.854771	0.413497	0.425894	0.641462	0.794218	0.187061	0.277125	0.103957	0.506186	
0.945576	0.796683	0.932296	0.198821	0.576586	0.236137	0.162414	0.9651	0.763102	0.114034	0.528436	0.0976902	0.568975	0.345355	0.869864	0.280189	0.934824	0.201586	0.163818	0.774865	0.822537	0.825223	0.522568	0.328223	0.370552	0.662857	0.50863	0.0279237	0.644815	0.540687	0.586694	0.733678	0.0185202	0.538109	0.546313	0.657783	0.280831	0.956785	0.776859	0.612753	0.428413	0.396203	0.443757	0.772941	0.784361	0.703138	0.0482147	0.223033	0.164353	0.221409	
0.148442	0.263917	0.537169	0.522949	0.436714	0.0792158	0.738961	0.676036	0.999352	0.37077	0.692025	0.371807	0.628636	0.541655	0.713231	0.0644155	0.644946	0.287203	0.0766914	0.624157	0.00999966	0.186347	0.33118	0.0519351	0.555577	0.369826	0.0517017	0.946193	0.80111	0.00717514	0.505003	0.212553	0.0559479	0.0817436	0.468218	0.465653	0.266822	0.537887	0.356427	0.469453	0.421361	0.242725	0.983931	0.0380891	0.890978	0.411741	0.489077	0.916318	0.627044	0.638177	
0.790238	0.727908	0.109608	0.442712	0.0208479	0.100054	0.914003	0.76787	0.405462	0.635387	0.613812	0.629651	0.969227	0.722747	0.120183	0.960366	0.803416	0.847588	0.887248	0.236539	0.0522854	0.639701	0.0367529	0.0569357	0.989562	0.123557	0.417392	0.558633	0.728879	0.477763	0.556541	0.223002	0.19845	0.21541	0.551341	0.241067	0.877101	0.933161	0.474832	0.078276	0.361705	0.00106608	0.0410099	0.265499	0.772294	0.870335	0.0863559	0.50022	0.546777	0.000897298	
0.150072	0.223419	0.848743	0.806176	0.636683	0.933477	0.309746	0.975594	0.529924	0.904531	0.13135	0.35572	0.704105	0.10344	0.508745	0.139427	0.316525	0.371186	0.702759	0.523482	0.0308058	0.515482	0.626179	0.870317	0.469792	0.837637	0.132252	0.393817	0.827812	0.376261	0.899338	0.219007	0.370825	0.441128	0.570269	0.162717	0.557228	0.543919	0.270483	0.865858	0.0779111	0.616994	0.533975	0.132785	0.459861	0.112945	0.822655	0.844936	0.851871	0.780546	
0.886742	0.366461	0.98479	0.982159	0.28434	0.51334	0.58329	0.793988	0.715703	0.83872	0.807744	0.12742	0.977849	0.967039	0.633115	0.532658	0.166924	0.411953	0.464938	0.753487	0.362512	0.724004	0.51732	0.404241	0.340632	0.046424	0.668255	0.110203	0.826371	0.444397	0.250585	0.245878	0.975677	0.311894	0.823792	0.207965	0.318704	0.528754	0.972549	0.595982	0.0326129	0.231522	0.396601	0.285451	0.0723109	0.175284	0.375464	0.0221688	0.773461	0.792269	
