30	60
136.993	0.571162
146.81	0.482883
127.869	0.669083
143.145	0.237786
133.584	0.586814
128.871	0.400163
144.818	0.953732
135.137	0.187732
144.101	0.651858
140.893	0.335809
127.802	0.169409
140.38	0.629788
147.503	0.794569
132.986	0.29646
128.485	0.107649
125.267	0.886631
144.481	0.796237
123.321	0.324245
147.938	0.425045
125.266	0.0732562
148.019	0.851153
146.159	0.894719
144.897	0.613135
150.428	0.295987
137.244	0.308237
137.547	0.043331
150.318	0.358606
139.124	0.608574
144.859	0.620453
147.764	0.302306
3.60862
30.3093
9.60489
23.992
6.13503
30.9918
45.4934
27.0417
7.78145
24.7837
35.8817
21.5773
1.30472
48.6391
48.396
37.7026
19.1638
12.4779
27.9961
4.19855
35.4305
22.6487
28.5878
18.0578
37.0113
5.12482
35.9511
49.6297
34.0517
24.7904
49.0032
12.6754
10.2752
48.4179
9.70988
12.056
49.4477
27.7301
31.1632
28.3311
36.5426
42.787
21.2484
39.7787
15.5939
3.6804
48.384
4.26006
7.82909
28.73
19.017
2.04663
42.4803
15.3768
14.9795
17.0622
42.6328
24.5491
19.0044
20.4688
0.766616	0.742151	0.0020966	0.581638	0.170357	0.459517	0.972819	0.913064	0.153361	0.098207	0.911301	0.297658	0.255527	0.919086	0.362037	0.331455	0.631056	0.203462	0.996401	0.176562	0.894775	0.772156	0.0479241	0.301501	0.40622	0.221438	0.723301	0.293158	0.348812	0.357999	0.526545	0.930262	0.0106145	0.983205	0.566068	0.651406	0.808188	0.485394	0.865864	0.934139	0.0574426	0.706347	0.589252	0.801466	0.00118384	0.963072	0.578636	0.0273672	0.302576	0.556618	0.183552	0.306289	0.584907	0.648687	0.360111	0.502529	0.513102	0.967874	0.766419	0.00600038	
0.987673	0.864912	0.068743	0.954739	0.489108	0.0731201	0.825658	0.799761	0.845713	0.858902	0.314642	0.642114	0.958933	0.642131	0.273437	0.895925	0.168452	0.250267	0.0313796	0.501032	0.243308	0.366381	0.407938	0.987409	0.661636	0.725685	0.444013	0.818366	0.0098185	0.485264	0.751025	0.721645	0.63596	0.810963	0.81928	0.175227	0.87281	0.00846165	0.112418	0.711198	0.016171	0.952455	0.610672	0.414952	0.502362	0.904722	0.445141	0.470798	0.75377	0.963962	0.64813	0.354357	0.581359	0.750914	0.895305	0.320776	0.358102	0.0196452	0.141932	0.392258	
0.262016	0.11778	0.997471	0.89278	0.260232	0.263892	0.127436	0.846372	0.101111	0.796437	0.760872	0.759003	0.435323	0.0255588	0.7883	0.284462	0.595217	0.459234	0.794319	0.629812	0.566708	0.698087	0.216217	0.370581	0.922816	0.449221	0.438114	0.68298	0.712577	0.0271736	0.673537	0.503623	0.303241	0.344153	0.151246	0.326099	0.542674	0.593048	0.742256	0.568117	0.471893	0.764818	0.669418	0.48796	0.231099	0.38481	0.764023	0.125219	0.0936975	0.0996911	0.449826	0.549616	0.625539	0.701679	0.301976	0.356345	0.420276	0.956755	0.35799	0.506212	
0.986906	0.249795	0.0589399	0.636118	0.242494	0.715609	0.334563	0.459568	0.564862	0.0917761	0.35532	0.251873	0.781197	0.841292	0.685844	0.139607	0.664105	0.107032	0.843191	0.00259757	0.377584	0.964119	0.621699	0.892323	0.0638151	0.868686	0.0385751	0.705569	0.895965	0.00645661	0.432136	0.998948	0.96964	0.181616	0.803316	0.543083	0.634064	0.270213	0.897186	0.737468	0.432822	0.699322	0.674401	0.432523	0.406126	0.276169	0.785428	0.152664	0.292715	0.791714	0.746843	0.343234	0.509326	0.0670555	0.471579	0.62865	0.673905	0.972213	0.447025	0.566331	
0.793299	0.388765	0.525107	0.711121	0.94377	0.893668	0.95263	0.87428	0.993713	0.352343	0.578161	0.952054	0.724459	0.71246	0.966838	0.581664	0.358783	0.944028	0.772603	0.192588	0.691965	0.424599	0.895089	0.599542	0.325323	0.912537	0.609946	0.236977	0.934164	0.637349	0.943033	0.738805	0.881157	0.463404	0.335859	0.78527	0.444343	0.992023	0.324529	0.78084	0.78729	0.362385	0.685611	0.390788	0.849486	0.174463	0.762696	0.723808	0.0732683	0.641508	0.89302	0.122043	0.693671	0.663002	0.778378	0.0491887	0.909802	0.0169445	0.0493377	0.852088	
0.539092	0.402744	0.396347	0.583084	0.719455	0.521722	0.938278	0.455896	0.199266	0.411659	0.0459753	0.213946	0.324658	0.577386	0.825473	0.0576458	0.853277	0.448931	0.204141	0.784589	0.87771	0.178385	0.819738	0.387397	0.764643	0.403975	0.425462	0.909531	0.905438	0.0479424	0.10845	0.356337	0.0994069	0.240391	0.743191	0.450742	0.129286	0.136889	0.116054	0.90673	0.78499	0.217502	0.109887	0.400549	0.149345	0.114397	0.625769	0.226405	0.0276337	0.903999	0.580906	0.731907	0.783125	0.613858	0.252359	0.443588	0.560281	0.441906	0.169728	0.0670584	
0.229872	0.639365	0.747428	0.485754	0.728207	0.494833	0.961191	0.665133	0.828906	0.245713	0.355624	0.491257	0.440424	0.336979	0.937883	0.574407	0.29618	0.123953	0.0411997	0.225531	0.238865	0.647832	0.583075	0.300434	0.501666	0.636852	0.985259	0.0723184	0.648581	0.594635	0.970352	0.014853	0.61558	0.955416	0.0862264	0.619132	0.77495	0.818475	0.580579	0.555872	0.902435	0.755014	0.192122	0.47016	0.365537	0.298993	0.426953	0.0948855	0.177517	0.104945	0.563666	0.0866709	0.21526	0.649311	0.436688	0.487847	0.625303	0.597579	0.693132	0.821305	
0.821063	0.417933	0.532034	0.637284	0.381222	0.335991	0.014084	0.0926637	0.356432	0.177069	0.825898	0.486526	0.345057	0.203315	0.254978	0.610095	0.840133	0.291093	0.404716	0.959764	0.750482	0.370462	0.116925	0.321861	0.859328	0.0247023	0.174102	0.362371	0.586957	0.541476	0.757047	0.21087	0.119725	0.590543	0.726992	0.593453	0.694714	0.58335	0.221222	0.891894	0.639704	0.49269	0.384088	0.666618	0.30127	0.0110701	0.117665	0.961391	0.182678	0.973893	0.688566	0.457825	0.306979	0.464398	0.252774	0.811386	0.314503	0.474022	0.764648	0.0123804	
0.901836	0.768569	0.969921	0.753615	0.0778796	0.939171	0.951911	0.0445714	0.726145	0.385865	0.0135217	0.269531	0.379028	0.864163	0.912343	0.271495	0.769472	0.754432	0.337645	0.546862	0.415551	0.592735	0.0518875	0.901896	0.203743	0.762138	0.507632	0.237953	0.879534	0.626147	0.779151	0.593167	0.853982	0.581018	0.814018	0.568165	0.0725538	0.231046	0.517535	0.1158	0.935912	0.142107	0.478483	0.804084	0.274613	0.641825	0.195838	0.412251	0.254909	0.153618	0.464237	0.0482081	0.047928	0.416924	0.929996	0.311607	0.202928	0.358091	0.117802	0.179718	
0.0369856	0.186126	0.710453	0.767548	0.782301	0.413061	0.990712	0.92809	0.922974	0.887463	0.681585	0.695722	0.951916	0.585494	0.968728	0.361556	0.363891	0.283462	0.607921	0.970277	0.188936	0.706184	0.669947	0.0912933	0.618339	0.931014	0.292777	0.719009	0.828048	0.98601	0.0570568	0.403426	0.299997	0.842519	0.107435	0.981822	0.650328	0.0837357	0.875287	0.57268	0.180291	0.2782	0.788656	0.0818606	0.851028	0.302707	0.960945	0.954951	0.0293554	0.381946	0.727323	0.331822	0.55015	0.964629	0.0521533	0.37832	0.630626	0.652126	0.28643	0.791785	
0.174438	0.643191	0.863387	0.182245	0.103129	0.673784	0.922267	0.0723919	0.523927	0.991485	0.926937	0.617764	0.669034	0.75683	0.824546	0.332219	0.559168	0.780184	0.0383751	0.578156	0.599912	0.00943862	0.486821	0.97342	0.583312	0.809438	0.12916	0.781809	0.623064	0.678714	0.0144322	0.821736	0.350775	0.213403	0.647409	0.0566081	0.699983	0.931628	0.484503	0.63044	0.896537	0.634483	0.676096	0.335686	0.6605	0.169009	0.323387	0.58908	0.18132	0.15318	0.677568	0.319121	0.16432	0.813782	0.682115	0.233194	0.65925	0.383837	0.734676	0.51679	
0.164692	0.775579	0.107257	0.453879	0.753596	0.491222	0.159893	0.507281	0.525686	0.290123	0.738555	0.374897	0.758246	0.937829	0.344847	0.902532	0.544117	0.0235709	0.227111	0.39485	0.786791	0.14023	0.12894	0.741662	0.524728	0.0720423	0.256374	0.451127	0.287822	0.301885	0.22231	0.250381	0.262158	0.514377	0.258407	0.849524	0.656904	0.0951365	0.629559	0.75907	0.573762	0.367302	0.361718	0.628785	0.857878	0.895063	0.00812828	0.51711	0.509529	0.787086	0.339848	0.502607	0.0573593	0.901851	0.513898	0.0961461	0.647482	0.275798	0.627097	0.429179	
0.539909	0.854161	0.396918	0.22807	0.452974	0.236602	0.360867	0.436683	0.18862	0.00264189	0.799815	0.521083	0.0356379	0.37482	0.0450206	0.963508	0.516119	0.679578	0.738389	0.772536	0.940342	0.72033	0.427009	0.50672	0.54905	0.762732	0.257825	0.470096	0.735763	0.175925	0.473498	0.955157	0.417243	0.762408	0.180415	0.922902	0.670561	0.829388	0.0946616	0.495653	0.491895	0.875003	0.857351	0.909707	0.131928	0.552175	0.133068	0.11738	0.26532	0.136106	0.448803	0.154341	0.814599	0.721266	0.0649626	0.0907774	0.169483	0.0213541	0.410708	0.487859	
0.0486133	0.637912	0.495238	0.0629925	0.32429	0.951238	0.960952	0.932952	0.787809	0.12789	0.182443	0.846765	0.318967	0.0498659	0.987176	0.818386	0.0344967	0.479973	0.719224	0.844696	0.0775121	0.354014	0.644214	0.22158	0.127759	0.485375	0.904505	0.297196	0.921336	0.837299	0.527079	0.691918	0.0932892	0.244462	0.814919	0.172233	0.21203	0.874265	0.576697	0.469417	0.0996826	0.505608	0.798431	0.775028	0.477788	0.865488	0.943331	0.586194	0.124932	0.462338	0.768296	0.115208	0.347472	0.0532545	0.694716	0.791616	0.749255	0.242883	0.274317	0.0909919	
0.532363	0.0207325	0.343612	0.505915	0.374958	0.563369	0.39842	0.0160307	0.0240457	0.445182	0.183607	0.807361	0.300611	0.733719	0.844899	0.733989	0.784845	0.0945948	0.78309	0.458612	0.656885	0.666757	0.195905	0.484041	0.981521	0.935759	0.594785	0.33033	0.798489	0.0194154	0.36175	0.512946	0.248123	0.0856579	0.272755	0.459022	0.232196	0.471768	0.469838	0.698834	0.268564	0.95477	0.590228	0.46549	0.200947	0.23447	0.877601	0.595828	0.114925	0.827359	0.910126	0.880137	0.281676	0.916367	0.834102	0.946817	0.142224	0.910503	0.020702	0.524493	
0.443362	0.888174	0.265139	0.499107	0.775575	0.0010374	0.683861	0.576989	0.0208799	0.131037	0.553936	0.496144	0.848091	0.464237	0.260518	0.5462	0.301515	0.952039	0.470266	0.723615	0.194436	0.508454	0.925762	0.548516	0.394358	0.649326	0.756267	0.721199	0.407383	0.0927573	0.0661433	0.269966	0.191694	0.831433	0.299403	0.524331	0.38531	0.66096	0.40714	0.494756	0.769234	0.351574	0.720528	0.666116	0.932006	0.157998	0.567735	0.752588	0.523971	0.827371	0.834197	0.213987	0.318016	0.940761	0.664706	0.63888	0.100302	0.851994	0.517351	0.860495	
0.900338	0.61917	0.979599	0.542455	0.200557	0.125755	0.452024	0.309375	0.501721	0.348315	0.312584	0.623084	0.457016	0.143079	0.829888	0.266181	0.799476	0.654957	0.551308	0.492932	0.968755	0.82589	0.919653	0.850901	0.966862	0.317718	0.264711	0.793932	0.0100915	0.300024	0.327697	0.686957	0.609898	0.107149	0.549155	0.803454	0.475698	0.806731	0.168845	0.804654	0.70101	0.0835939	0.252642	0.156653	0.430117	0.143367	0.0539216	0.0211291	0.953519	0.266278	0.936385	0.260055	0.680497	0.293018	0.318532	0.499624	0.603317	0.997983	0.702576	0.248505	
0.870763	0.306981	0.124304	0.0996505	0.587575	0.302384	0.700546	0.374118	0.317209	0.101295	0.715936	0.0656266	0.744866	0.986229	0.780363	0.125817	0.287987	0.362475	0.0149079	0.273388	0.552145	0.232375	0.39804	0.877631	0.825209	0.0104121	0.783681	0.608712	0.0502855	0.676985	0.396225	0.00543665	0.854709	0.109605	0.107252	0.691628	0.89162	0.871495	0.901602	0.0192848	0.785228	0.638191	0.188167	0.789155	0.446677	0.239892	0.673288	0.686265	0.00738598	0.0631953	0.338929	0.923202	0.514502	0.843214	0.557542	0.765258	0.425306	0.265641	0.270935	0.565248	
0.476867	0.793896	0.806414	0.0274821	0.598203	0.622142	0.529772	0.569813	0.315185	0.463948	0.420799	0.379584	0.798129	0.320508	0.577151	0.428257	0.784007	0.341836	0.38128	0.781252	0.64435	0.354561	0.382983	0.972713	0.0189928	0.000719304	0.760399	0.913839	0.356662	0.0278671	0.0825323	0.586022	0.188609	0.225914	0.592042	0.260861	0.365049	0.553789	0.581869	0.58325	0.179656	0.271678	0.165427	0.635668	0.0516149	0.318562	0.739358	0.0712069	0.145296	0.231743	0.739159	0.865789	0.594755	0.12901	0.152661	0.192223	0.500614	0.044634	0.866371	0.905341	
0.612233	0.136051	0.0654514	0.416052	0.0299482	0.812523	0.866479	0.99214	0.228146	0.883132	0.164	0.952074	0.515649	0.135931	0.583973	0.769947	0.728507	0.728096	0.625789	0.989023	0.430276	0.87256	0.910071	0.115974	0.228615	0.420002	0.274689	0.710187	0.137349	0.46981	0.708238	0.549056	0.207282	0.666932	0.185667	0.419609	0.892748	0.812085	0.156651	0.31322	0.962281	0.496313	0.39494	0.835068	0.470404	0.0448395	0.791657	0.300894	0.136466	0.729994	0.953421	0.159733	0.241014	0.829925	0.24965	0.595417	0.498573	0.143607	0.0900561	0.285998	
0.259494	0.370088	0.600999	0.581177	0.660568	0.217121	0.34106	0.577484	0.252987	0.00707251	0.966763	0.202837	0.404471	0.479693	0.0520895	0.850773	0.706616	0.890323	0.0800699	0.598548	0.399114	0.918918	0.220831	0.119628	0.922137	0.902945	0.441319	0.671976	0.866216	0.88359	0.504911	0.387272	0.0608956	0.344215	0.00402233	0.753481	0.832075	0.539946	0.600698	0.682937	0.112876	0.436794	0.870215	0.484732	0.840893	0.587568	0.373086	0.850227	0.237698	0.349134	0.207354	0.994532	0.880573	0.498268	0.222358	0.645428	0.349595	0.0311701	0.310334	0.765661	
0.794964	0.892992	0.620866	0.000931487	0.80007	0.14748	0.722281	0.842773	0.60276	0.914362	0.193365	0.312838	0.966592	0.819269	0.396603	0.783921	0.206303	0.980016	0.493763	0.671777	0.807975	0.806672	0.844526	0.552741	0.46197	0.0705427	0.759746	0.789139	0.456042	0.214754	0.988996	0.999611	0.236504	0.594447	0.805248	0.0385527	0.834397	0.577664	0.908275	0.999068	0.496694	0.923381	0.977658	0.51448	0.450093	0.293723	0.0955669	0.86212	0.637273	0.85046	0.645445	0.299404	0.845896	0.606425	0.0287363	0.145636	0.442613	0.543892	0.153064	0.787725	
0.24749	0.339264	0.0800632	0.767111	0.00743709	0.0854215	0.919781	0.899255	0.400584	0.771613	0.245155	0.255131	0.213447	0.263772	0.616104	0.974202	0.818776	0.24493	0.292757	0.603547	0.430026	0.83947	0.277663	0.322457	0.0415445	0.264769	0.621299	0.118792	0.741443	0.714523	0.365626	0.186255	0.510325	0.684627	0.0658024	0.848808	0.371452	0.703255	0.499487	0.593125	0.809141	0.185506	0.619195	0.409398	0.495447	0.727801	0.99744	0.453794	0.419552	0.752455	0.985676	0.819683	0.117282	0.0834676	0.610457	0.33841	0.720733	0.56285	0.475841	0.0886734	
0.831162	0.0978484	0.145095	0.939855	0.372456	0.52632	0.473226	0.630466	0.0445396	0.109977	0.452639	0.819743	0.877519	0.415945	0.827987	0.0933679	0.22645	0.328181	0.197698	0.468284	0.417357	0.754051	0.0133039	0.70966	0.566427	0.735567	0.201248	0.596385	0.403983	0.140727	0.577407	0.219248	0.358106	0.0826204	0.359521	0.287865	0.479242	0.911924	0.94423	0.366531	0.419405	0.166273	0.675358	0.782794	0.642192	0.578023	0.203376	0.922542	0.524365	0.48991	0.869405	0.0222499	0.0727384	0.804644	0.588964	0.377945	0.272451	0.11973	0.967189	0.0586751	
0.665137	0.362102	0.100545	0.706618	0.504011	0.677412	0.472528	0.269028	0.546163	0.738204	0.719993	0.0565741	0.108558	0.250405	0.113361	0.464654	0.593158	0.885142	0.446429	0.079014	0.0543983	0.571294	0.598998	0.421785	0.764692	0.112993	0.81455	0.362438	0.718466	0.440551	0.691492	0.45803	0.657352	0.711621	0.58829	0.576257	0.631904	0.16118	0.308603	0.855862	0.709726	0.327889	0.0773795	0.600658	0.732185	0.880673	0.257594	0.339066	0.400134	0.538069	0.796076	0.0260438	0.45619	0.889146	0.256643	0.28653	0.465348	0.272148	0.273928	0.132827	
0.20123	0.843662	0.0109758	0.782353	0.766329	0.704027	0.830026	0.441884	0.978336	0.919984	0.43427	0.166474	0.681988	0.943908	0.0669187	0.18226	0.735298	0.190339	0.184026	0.764166	0.25297	0.407445	0.824733	0.547285	0.161811	0.0490124	0.342027	0.697082	0.401199	0.269103	0.234412	0.733627	0.760174	0.634438	0.449029	0.346165	0.014156	0.651214	0.733117	0.561531	0.678452	0.0878945	0.242843	0.865437	0.785899	0.56382	0.719299	0.658446	0.952837	0.0735586	0.351669	0.367782	0.526217	0.728331	0.750403	0.244749	0.294219	0.33575	0.343966	0.806644	
0.177452	0.250959	0.501703	0.117198	0.564986	0.594287	0.802611	0.135149	0.0532315	0.414672	0.279846	0.814314	0.763762	0.780538	0.59806	0.686544	0.853573	0.0891297	0.474104	0.609622	0.772461	0.84532	0.852663	0.657394	0.904841	0.792552	0.240272	0.0279928	0.889951	0.812003	0.199503	0.179488	0.693499	0.160513	0.743957	0.608802	0.563894	0.7546	0.734503	0.117751	0.431598	0.449195	0.0470732	0.204647	0.479091	0.456512	0.104575	0.568727	0.76209	0.965054	0.820588	0.580744	0.49143	0.739263	0.633723	0.875947	0.596376	0.7943	0.313432	0.489421	
0.776023	0.259327	0.815551	0.200608	0.778366	0.85372	0.041606	0.874081	0.79905	0.00992249	0.119905	0.228567	0.884594	0.542678	0.170997	0.87124	0.976841	0.80767	0.42222	0.537216	0.40776	0.32431	0.414178	0.798529	0.884018	0.218241	0.673247	0.384376	0.375661	0.0413111	0.06633	0.341918	0.127734	0.398607	0.162714	0.812633	0.0786924	0.174211	0.491548	0.157442	0.561412	0.822325	0.127105	0.880362	0.562496	0.0815656	0.0294243	0.250335	0.775456	0.186364	0.908642	0.327797	0.53315	0.0209536	0.168072	0.0355971	0.983387	0.188518	0.0444845	0.709687	
0.41507	0.184066	0.81933	0.264079	0.000206668	0.10027	0.643985	0.216492	0.975181	0.573117	0.680884	0.895654	0.511697	0.997033	0.696414	0.379089	0.291787	0.609832	0.345514	0.991496	0.669301	0.442348	0.9045	0.277126	0.793146	0.889926	0.33797	0.893336	0.304905	0.896562	0.155658	0.771182	0.835047	0.944397	0.649406	0.996022	0.575845	0.655658	0.391359	0.0255858	0.978576	0.966927	0.047655	0.557715	0.0472696	0.217216	0.799334	0.682103	0.206356	0.977366	0.0947177	0.29815	0.257301	0.140103	0.0988576	0.074548	0.471502	0.363023	0.0709903	0.140831	
0.15439	0.950339	0.786856	0.648759	0.597775	0.666643	0.998559	0.794326	0.175458	0.0916517	0.96501	0.741132	0.861721	0.532343	0.889948	0.380802	0.181288	0.164974	0.999432	0.713318	0.213093	0.476259	0.856489	0.0878673	0.512756	0.735588	0.709697	0.856147	0.722478	0.654236	0.254913	0.603543	0.758421	0.964943	0.866518	0.781711	0.590077	0.168482	0.146372	0.118508	0.759727	0.469664	0.785086	0.241803	0.356966	0.937507	0.29024	0.550123	0.0649838	0.678647	0.369465	0.643378	0.883876	0.274343	0.543088	0.179128	0.666364	0.33928	0.506079	0.595455	
