25	30
105.406	0.146983
100.8	0.116287
109.574	0.38072
110.856	0.97809
103.414	0.867106
113.34	0.903973
110.921	0.0642035
117.541	0.859601
111.86	0.142862
106.346	0.573427
104.91	0.172534
120.22	0.500924
111.836	0.199403
107.412	0.281815
112.047	0.315357
111.592	0.681491
105.89	0.837382
98.6123	0.850722
109.384	0.33415
104.557	0.936726
112.172	0.0863102
117.182	0.208142
115.719	0.939602
104.28	0.536071
120.088	0.948139
23.5418
6.4763
28.4689
27.9375
27.2965
49.7714
40.6145
32.4966
32.4503
25.2041
29.2312
7.55541
21.5315
24.9494
14.0982
25.8604
35.8773
15.8228
4.05741
42.5438
41.736
36.4796
46.5919
10.3868
9.44703
26.8245
28.4849
16.4757
43.4322
16.4767
0.0466893	0.470291	0.60812	0.598725	0.0677107	0.360269	0.776586	0.408722	0.300268	0.681046	0.394692	0.421601	0.827531	0.171771	0.0303299	0.932115	0.478786	0.853339	0.538007	0.925164	0.154681	0.219057	0.128837	0.165971	0.0966471	0.0736288	0.549735	0.132114	0.427438	0.661207	
0.247772	0.802804	0.106038	0.542953	0.506565	0.0105726	0.0632932	0.428253	0.912044	0.996946	0.410695	0.42085	0.752987	0.894141	0.665923	0.285579	0.52878	0.0390223	0.928001	0.843979	0.0706901	0.82772	0.256517	0.668081	0.263981	0.552907	0.174743	0.620373	0.609007	0.270178	
0.895445	0.991461	0.655972	0.552183	0.0256724	0.744768	0.231541	0.0746366	0.166954	0.219768	0.64742	0.82171	0.576561	0.304924	0.217965	0.051276	0.184096	0.962604	0.712756	0.102558	0.0187921	0.165685	0.554992	0.940154	0.353392	0.879634	0.0338819	0.842716	0.186211	0.466782	
0.18331	0.289406	0.448668	0.86028	0.218466	0.856474	0.959787	0.438941	0.419805	0.0390938	0.38912	0.601203	0.968825	0.42891	0.395906	0.757218	0.601925	0.227546	0.948439	0.665676	0.912709	0.29658	0.0780194	0.452814	0.954769	0.0504419	0.938776	0.662388	0.0518907	0.650723	
0.795172	0.821851	0.386401	0.807837	0.184666	0.652231	0.364149	0.734296	0.907322	0.813163	0.263286	0.110899	0.109485	0.22005	0.429916	0.0243643	0.0542389	0.506724	0.954167	0.849785	0.273254	0.983763	0.33764	0.611155	0.965388	0.182811	0.627443	0.286519	0.682011	0.60273	
0.158559	0.687718	0.339984	0.882313	0.828682	0.818822	0.696072	0.427291	0.0862351	0.555827	0.011526	0.497916	0.227711	0.165524	0.80692	0.123608	0.455703	0.587879	0.571165	0.0531524	0.0069038	0.590198	0.729462	0.0970055	0.131126	0.928448	0.0284396	0.910697	0.67291	0.108928	
0.676507	0.534484	0.968149	0.926503	0.999822	0.345535	0.00988156	0.895874	0.700827	0.141666	0.00525318	0.996789	0.693259	0.623212	0.0749344	0.907835	0.719549	0.243063	0.9751	0.348482	0.236747	0.665412	0.554583	0.3033	0.452615	0.841432	0.713538	0.22314	0.849266	0.396256	
0.992669	0.142089	0.599453	0.0108846	0.567779	0.840286	0.334109	0.154088	0.523741	0.516315	0.923067	0.903232	0.155785	0.424301	0.735814	0.813573	0.97546	0.686016	0.256887	0.96887	0.111896	0.643767	0.339649	0.500594	0.522828	0.704031	0.387675	0.218126	0.793749	0.682474	
0.897449	0.0672157	0.686172	0.700496	0.291941	0.682473	0.872232	0.657592	0.294338	0.232562	0.193046	0.584745	0.782314	0.818166	0.341051	0.653549	0.709415	0.101294	0.504867	0.659833	0.507484	0.429084	0.0958077	0.309798	0.201877	0.306482	0.505488	0.0635598	0.652248	0.0595335	
0.245342	0.1454	0.837506	0.596925	0.393311	0.653179	0.255136	0.283009	0.287438	0.267505	0.0534637	0.449832	0.391303	0.968883	0.321163	0.295785	0.944635	0.837511	0.992115	0.440202	0.341506	0.314429	0.111847	0.718344	0.0743341	0.930836	0.834149	0.540009	0.630722	0.722721	
0.854921	0.57537	0.0136529	0.224773	0.435878	0.279166	0.976569	0.0479075	0.403878	0.277028	0.244017	0.262783	0.0431515	0.712335	0.976597	0.553921	0.561011	0.574391	0.0347841	0.181311	0.336538	0.659188	0.947494	0.273331	0.0280483	0.225919	0.786587	0.530752	0.528004	0.15992	
0.570856	0.911033	0.511007	0.963368	0.127012	0.268873	0.258027	0.308039	0.750229	0.70336	0.914573	0.035124	0.0271571	0.773429	0.162591	0.357508	0.789291	0.299429	0.48097	0.917075	0.675378	0.790995	0.998702	0.955784	0.00179259	0.694426	0.798885	0.397997	0.894244	0.490165	
0.992089	0.557734	0.624145	0.467182	0.705585	0.168074	0.0468651	0.216498	0.10274	0.0877531	0.0157957	0.193974	0.0586745	0.43176	0.251875	0.946573	0.423533	0.754047	0.0772331	0.259749	0.417331	0.734426	0.996275	0.463625	0.334557	0.92279	0.27909	0.234351	0.611756	0.756612	
0.863247	0.606881	0.895304	0.863835	0.655057	0.560509	0.16468	0.682347	0.252527	0.383168	0.411056	0.496186	0.421289	0.52662	0.16561	0.439498	0.151325	0.688719	0.93096	0.220306	0.406053	0.499873	0.679543	0.567103	0.767865	0.346575	0.177376	0.795805	0.66579	0.495465	
0.53084	0.439527	0.275653	0.541404	0.838439	0.30496	0.880336	0.492861	0.250698	0.671432	0.640893	0.148749	0.262601	0.807309	0.95658	0.697752	0.0392984	0.308639	0.0209068	0.750417	0.0366398	0.227387	0.00130341	0.602653	0.435298	0.544838	0.345659	0.850658	0.77666	0.0309038	
0.806058	0.531745	0.736259	0.339028	0.514847	0.627046	0.734553	0.74063	0.0317782	0.511732	0.451247	0.853215	0.588278	0.858373	0.892265	0.501857	0.224918	0.951239	0.911275	0.0686573	0.659135	0.746941	0.303433	0.633516	0.0365032	0.808645	0.0244372	0.282296	0.515702	0.264652	
0.715192	0.34209	0.918509	0.0180167	0.227484	0.386865	0.266612	0.413843	0.826572	0.757422	0.985118	0.945156	0.866409	0.377896	0.130481	0.230238	0.749353	0.538323	0.547479	0.0387209	0.812759	0.187938	0.932814	0.245531	0.764813	0.374173	0.380417	0.394294	0.474634	0.260741	
0.118992	0.783731	0.925897	0.236835	0.159477	0.702405	0.218773	0.494133	0.544712	0.467004	0.209601	0.221028	0.250865	0.931528	0.0790429	0.110438	0.529232	0.342034	0.199483	0.607933	0.107297	0.155992	0.0374665	0.828738	0.231978	0.35216	0.774478	0.398793	0.86243	0.859489	
0.703636	0.373428	0.253749	0.310229	0.590989	0.797573	0.446834	0.787026	0.106923	0.865752	0.237439	0.91729	0.360677	0.940415	0.362674	0.278766	0.360879	0.0867613	0.768665	0.637096	0.761832	0.992972	0.732393	0.387026	0.90269	0.127058	0.853298	0.406953	0.28331	0.412879	
0.983409	0.0823407	0.0916511	0.932341	0.110978	0.571227	0.0643432	0.770989	0.478445	0.956309	0.469872	0.167407	0.258446	0.756999	0.620385	0.0923558	0.808543	0.955958	0.146794	0.193768	0.397132	0.349648	0.121829	0.77997	0.0977786	0.420187	0.137467	0.516199	0.385454	0.679493	
0.953687	0.387022	0.389168	0.40475	0.292809	0.104049	0.520454	0.211235	0.548585	0.372528	0.238199	0.952693	0.0240947	0.42488	0.26818	0.13026	0.371783	0.584428	0.21239	0.434855	0.00173575	0.0542647	0.363964	0.029764	0.241588	0.588048	0.124143	0.65902	0.764557	0.144539	
0.0118659	0.31536	0.39534	0.838558	0.809229	0.00264	0.340941	0.681826	0.280184	0.579844	0.456635	0.520813	0.356587	0.177633	0.338789	0.926509	0.885582	0.300198	0.305005	0.530728	0.172979	0.171557	0.345317	0.101058	0.251864	0.960576	0.333376	0.789621	0.226663	0.993691	
0.884493	0.91166	0.853796	0.573941	0.438168	0.852753	0.621412	0.862571	0.801228	0.538163	0.701541	0.550107	0.178047	0.177242	0.433644	0.747314	0.330418	0.817491	0.455475	0.0111981	0.0718365	0.923595	0.547193	0.0162338	0.313404	0.498382	0.303156	0.382556	0.459606	0.128576	
0.277561	0.498566	0.67428	0.399397	0.0298862	0.168052	0.757809	0.531855	0.705185	0.175158	0.999567	0.600196	0.555869	0.58749	0.484764	0.619562	0.713786	0.877814	0.949722	0.727199	0.200957	0.119191	0.563872	0.998566	0.737063	0.658166	0.975986	0.542135	0.237925	0.851387	
0.925289	0.051772	0.88345	0.877362	0.0160864	0.246053	0.801714	0.511827	0.68789	0.778757	0.858563	0.226701	0.199382	0.0503427	0.293111	0.597357	0.766836	0.470813	0.231645	0.543395	0.645246	0.285958	0.352864	0.69127	0.399456	0.122775	0.345479	0.168497	0.912792	0.283422	
