30	40
124.944	0.197601
144.952	0.876462
131.056	0.754572
131.859	0.054072
138.767	0.825897
123.421	0.224621
127.393	0.214123
124.662	0.352279
129.569	0.939702
121.136	0.575754
148.844	0.666265
147.986	0.258073
120.907	0.515087
145.525	0.935935
140.579	0.229477
143.877	0.45456
147.767	0.0341086
121.338	0.474477
133.313	0.776461
129.851	0.684518
135.994	0.542901
144.482	0.0908535
143.362	0.593253
128.165	0.0376883
121.88	0.500064
148.391	0.0203548
125.727	0.843708
138.195	0.0874349
134.112	0.708416
126.298	0.848612
46.9992
16.0249
13.168
28.7178
9.5
11.8546
6.55561
33.528
5.24277
26.2416
5.00624
26.5533
25.9511
12.3072
38.3567
13.8679
7.16577
8.33397
13.4286
10.3692
26.4213
40.487
30.5609
16.3442
31.6971
44.6922
7.92035
16.8122
7.34217
39.3203
46.9503
10.7564
10.9371
27.0966
29.7086
46.2476
42.248
3.73541
14.8328
41.1273
0.758215	0.232072	0.499233	0.181697	0.105458	0.618653	0.984497	0.30902	0.260783	0.775415	0.896254	0.0500067	0.0351439	0.569435	0.152302	0.400989	0.474961	0.0980272	0.714667	0.574277	0.400823	0.481803	0.597669	0.29205	0.516539	0.437143	0.52392	0.709486	0.461216	0.192519	0.825388	0.301991	0.0195853	0.105499	0.922537	0.0851848	0.129277	0.0784506	0.669959	0.125953	
0.511637	0.369944	0.797233	0.793392	0.803172	0.519599	0.946178	0.335924	0.628667	0.413701	0.384742	0.421655	0.658786	0.85261	0.997142	0.728546	0.629799	0.219766	0.290071	0.900042	0.647765	0.97796	0.0720812	0.0995132	0.759845	0.966561	0.705687	0.668072	0.877079	0.976384	0.846958	0.962899	0.901344	0.734107	0.289321	0.0684351	0.723237	0.0973094	0.255668	0.0457651	
0.507477	0.224129	0.850222	0.767233	0.447769	0.625022	0.323885	0.908016	0.441607	0.882231	0.442461	0.89751	0.916818	0.766361	0.508063	0.718626	0.930646	0.339521	0.877438	0.825199	0.275779	0.282702	0.0763702	0.355492	0.130506	0.704765	0.452561	0.324543	0.594772	0.127031	0.68417	0.0828898	0.0274303	0.417218	0.150866	0.996125	0.338978	0.0536824	0.774085	0.113701	
0.492992	0.784175	0.72926	0.770031	0.599691	0.0327685	0.821061	0.218831	0.507921	0.824745	0.586361	0.119889	0.546974	0.649981	0.246838	0.032434	0.896597	0.432175	0.261893	0.0207973	0.77788	0.885996	0.301098	0.347142	0.825906	0.571652	0.158958	0.78116	0.711879	0.0199071	0.280453	0.585092	0.571283	0.891572	0.886713	0.563534	0.176167	0.507281	0.279396	0.628484	
0.915168	0.635598	0.937472	0.684301	0.524362	0.243395	0.13052	0.347073	0.802141	0.548885	0.02159	0.881001	0.165085	0.319744	0.516378	0.141253	0.812087	0.145631	0.253671	0.0282699	0.999728	0.624339	0.584999	0.694045	0.403283	0.925421	0.631944	0.672189	0.0840009	0.0512702	0.938999	0.0107496	0.681253	0.975013	0.967169	0.80362	0.0876171	0.406003	0.605116	0.807976	
0.132382	0.337741	0.373329	0.100181	0.565123	0.225304	0.554664	0.897787	0.381366	0.92151	0.9816	0.69526	0.43104	0.697407	0.119966	0.792145	0.70828	0.957129	0.196821	0.861622	0.60893	0.995492	0.767952	0.993934	0.273069	0.814731	0.632443	0.955259	0.339616	0.0464676	0.799042	0.708153	0.740253	0.604193	0.403953	0.852958	0.580133	0.919974	0.88957	0.51867	
0.591707	0.430384	0.114528	0.742126	0.39602	0.52513	0.67159	0.0471878	0.151125	0.107113	0.996939	0.926696	0.62736	0.0230549	0.195146	0.791324	0.200366	0.894129	0.810288	0.709363	0.0789976	0.0168712	0.255334	0.675409	0.896382	0.0603488	0.678475	0.289062	0.704227	0.212749	0.874786	0.552954	0.800391	0.104446	0.841847	0.725085	0.345352	0.648088	0.676237	0.670734	
0.629245	0.0561604	0.7556	0.882805	0.359574	0.216776	0.0106552	0.721155	0.924754	0.814354	0.972846	0.522159	0.566456	0.431258	0.240417	0.881891	0.292908	0.619313	0.795066	0.777024	0.239593	0.251037	0.497839	0.553549	0.586369	0.79686	0.72427	0.432285	0.399022	0.765239	0.320928	0.760363	0.924837	0.648835	0.434924	0.409742	0.353672	0.480976	0.149638	0.126234	
0.65525	0.281865	0.793852	0.806356	0.674965	0.538395	0.861786	0.779156	0.447942	0.0401842	0.812065	0.169664	0.964832	0.35609	0.418457	0.477957	0.149262	0.0908065	0.297173	0.335524	0.839359	0.434932	0.729211	0.869987	0.978556	0.213419	0.978085	0.762221	0.526492	0.431584	0.554454	0.55099	0.357284	0.921471	0.828195	0.323804	0.140994	0.0235126	0.580428	0.0746218	
0.262554	0.394799	0.091801	0.00449932	0.74813	0.841554	0.627083	0.785493	0.0950631	0.603322	0.35612	0.0565426	0.834404	0.37267	0.00537794	0.98176	0.694751	0.330264	0.599896	0.704225	0.877122	0.176253	0.743945	0.343715	0.779631	0.364695	0.906729	0.379314	0.981071	0.188885	0.495629	0.710904	0.04925	0.906871	0.207642	0.107412	0.895199	0.659738	0.0874454	0.68671	
0.310657	0.983251	0.384988	0.682001	0.129846	0.379862	0.987153	0.115441	0.434202	0.746319	0.812739	0.339313	0.544298	0.991743	0.934455	0.275553	0.811971	0.326868	0.0209863	0.0501137	0.432017	0.921104	0.017903	0.205025	0.668859	0.218428	0.875615	0.0130123	0.884703	0.712013	0.425035	0.497566	0.280759	0.129827	0.57752	0.997247	0.845787	0.254994	0.147661	0.139373	
0.294686	0.613705	0.0287856	0.92899	0.178475	0.388907	0.313888	0.931987	0.678093	0.86889	0.220317	0.785802	0.794969	0.0491215	0.417238	0.56454	0.933946	0.748561	0.979716	0.290649	0.256287	0.207962	0.352666	0.529865	0.0919071	0.0483424	0.302796	0.706871	0.110295	0.55228	0.492304	0.141782	0.255402	0.162491	0.112651	0.0769443	0.161614	0.347551	0.0867525	0.84702	
0.16191	0.529172	0.570215	0.0167377	0.199648	0.817651	0.980247	0.994693	0.920304	0.268351	0.857039	0.375906	0.480938	0.700033	0.99362	0.634679	0.0840044	0.740457	0.272738	0.0134611	0.998516	0.725785	0.0668822	0.0329571	0.7897	0.544249	0.0564199	0.583779	0.938575	0.485002	0.362881	0.879471	0.936042	0.921441	0.189218	0.769621	0.239474	0.559133	0.911222	0.561638	
0.516577	0.274589	0.861647	0.266216	0.743339	0.652019	0.311524	0.549302	0.6177	0.202823	0.372169	0.888496	0.132183	0.746989	0.825276	0.0854734	0.423588	0.866228	0.327455	0.663132	0.162838	0.114129	0.563845	0.749101	0.0574551	0.332839	0.491413	0.415959	0.881008	0.795689	0.614934	0.44067	0.786531	0.24283	0.221887	0.025584	0.925296	0.529502	0.893617	0.694426	
0.637168	0.835746	0.248932	0.596801	0.641768	0.816697	0.158798	0.652353	0.0311791	0.615835	0.39416	0.853571	0.742478	0.0120206	0.686668	0.189097	0.385684	0.917643	0.516648	0.0656001	0.109071	0.135094	0.483218	0.313523	0.215081	0.640976	0.625965	0.749574	0.3287	0.909353	0.725549	0.413866	0.492708	0.657865	0.888396	0.760386	0.15195	0.808718	0.970846	0.144266	
0.207298	0.658862	0.197808	0.736935	0.215898	0.806053	0.208289	0.293835	0.0921159	0.765817	0.133866	0.199995	0.895181	0.743309	0.473783	0.206723	0.369201	0.811017	0.263268	0.0529295	0.605536	0.910292	0.972154	0.173201	0.165808	0.423449	0.451753	0.528124	0.254534	0.435626	0.116011	0.827031	0.261714	0.532882	0.441282	0.764064	0.721419	0.343155	0.583081	0.853716	
0.60068	0.402181	0.269135	0.267508	0.59819	0.974756	0.0622782	0.187448	0.119052	0.63553	0.809377	0.180836	0.857982	0.762393	0.0853432	0.32318	0.205145	0.344533	0.675464	0.257374	0.487795	0.0190877	0.514294	0.174483	0.88966	0.0226938	0.184327	0.0495789	0.9784	0.423754	0.294754	0.559591	0.523331	0.198867	0.931394	0.440357	0.58736	0.633975	0.257998	0.140302	
0.863386	0.317905	0.317749	0.503332	0.602952	0.0595926	0.18165	0.396284	0.026411	0.960691	0.977645	0.47766	0.410479	0.112832	0.0727875	0.340263	0.924709	0.767345	0.42765	0.902144	0.974879	0.754998	0.86243	0.544249	0.00419232	0.790662	0.662484	0.226296	0.644171	0.402163	0.894858	0.661987	0.837135	0.638045	0.495407	0.500777	0.303337	0.166207	0.566607	0.232634	
0.617815	0.091691	0.103134	0.749954	0.0339007	0.0454376	0.522285	0.578521	0.0129333	0.518639	0.092269	0.790283	0.392385	0.358515	0.565263	0.115046	0.600549	0.463579	0.237895	0.639606	0.988297	0.0533184	0.010759	0.373937	0.425308	0.219651	0.0935875	0.463346	0.222595	0.821861	0.191372	0.0849353	0.0802227	0.682313	0.426196	0.375452	0.728123	0.519668	0.761625	0.153832	
0.344369	0.975923	0.35729	0.511854	0.103415	0.00224303	0.708775	0.916148	0.479491	0.787086	0.0628732	0.706416	0.88798	0.241941	0.429129	0.722055	0.243231	0.0851264	0.115036	0.807805	0.170625	0.3891	0.225334	0.159483	0.631169	0.492717	0.291527	0.860899	0.194867	0.000790893	0.662786	0.921721	0.435644	0.175302	0.887042	0.966819	0.506612	0.434435	0.183065	0.913913	
0.374474	0.0853177	0.997379	0.39757	0.557852	0.898052	0.333337	0.846947	0.23385	0.113985	0.843164	0.634517	0.607537	0.798626	0.71327	0.0513958	0.36371	0.0750494	0.465452	0.969338	0.537913	0.2774	0.747459	0.0908094	0.435789	0.978133	0.895717	0.880797	0.954131	0.473493	0.674664	0.972247	0.801881	0.825738	0.00473272	0.011728	0.145381	0.179013	0.0588082	0.991308	
0.301161	0.215545	0.895534	0.851729	0.815826	0.450352	0.213983	0.640092	0.739848	0.80484	0.36932	0.408023	0.218887	0.249929	0.622901	0.982507	0.937959	0.689387	0.367378	0.0145426	0.641769	0.837468	0.909893	0.0504358	0.243448	0.38672	0.126571	0.143658	0.584764	0.260179	0.728222	0.518783	0.430303	0.299823	0.364944	0.917679	0.0745217	0.704438	0.204376	0.432103	
0.10939	0.342241	0.568592	0.879102	0.114722	0.2839	0.0170692	0.430947	0.00892461	0.139639	0.392088	0.781778	0.361488	0.867611	0.808549	0.87186	0.835526	0.560971	0.539797	0.514537	0.617261	0.12766	0.227042	0.415035	0.90141	0.727921	0.592179	0.325071	0.543033	0.827933	0.259849	0.228058	0.660273	0.0536045	0.494187	0.703815	0.673357	0.0773261	0.131368	0.680158	
0.563278	0.722504	0.147303	0.688748	0.683125	0.369871	0.561694	0.958034	0.404364	0.301645	0.52832	0.0830562	0.987883	0.867055	0.956526	0.491439	0.260955	0.457208	0.188833	0.905395	0.417245	0.399364	0.0585047	0.83957	0.0233627	0.826326	0.98732	0.0739459	0.0707409	0.603659	0.24256	0.466491	0.786179	0.278253	0.129448	0.749228	0.667288	0.992643	0.823425	0.705631	
0.490414	0.732045	0.967815	0.374995	0.476099	0.673175	0.130219	0.77106	0.689007	0.783826	0.686318	0.86481	0.162694	0.974755	0.944123	0.177626	0.716084	0.217767	0.0313474	0.688332	0.0141148	0.855872	0.786698	0.73897	0.510579	0.296955	0.437446	0.894156	0.616143	0.197205	0.799636	0.788553	0.288749	0.572123	0.636587	0.852444	0.155882	0.296443	0.470081	0.332054	
0.359986	0.902434	0.1528	0.348578	0.320258	0.493304	0.334245	0.779592	0.624531	0.390643	0.972753	0.89653	0.804584	0.723417	0.233213	0.76474	0.668878	0.107684	0.961635	0.745961	0.755882	0.898869	0.22725	0.127723	0.103091	0.772313	0.619782	0.972341	0.756546	0.584753	0.0660603	0.184563	0.652177	0.10765	0.741522	0.478398	0.873003	0.233348	0.0561513	0.278191	
0.853856	0.710401	0.807712	0.683821	0.563585	0.162579	0.859195	0.185064	0.997741	0.574053	0.150207	0.625221	0.347971	0.948047	0.00928175	0.279907	0.424065	0.604435	0.0147551	0.668196	0.019611	0.270649	0.555798	0.44462	0.611226	0.60123	0.366601	0.926858	0.291145	0.00942453	0.121943	0.565061	0.107901	0.0271974	0.123194	0.889945	0.822688	0.585951	0.489519	0.0144	
0.961739	0.293631	0.0795021	0.886221	0.712098	0.634145	0.731154	0.64714	0.907613	0.737051	0.997454	0.44945	0.352807	0.401757	0.336893	0.369647	0.770252	0.126762	0.428503	0.0274771	0.780248	0.724136	0.656843	0.725533	0.131161	0.615801	0.398124	0.962079	0.577528	0.126931	0.221275	0.231063	0.404642	0.168469	0.356491	0.40619	0.406595	0.174258	0.649537	0.110373	
0.777165	0.939579	0.922164	0.982017	0.570737	0.979469	0.203444	0.0833636	0.617646	0.127637	0.136943	0.890942	0.397274	0.223196	0.986136	0.738642	0.560385	0.270391	0.409305	0.992008	0.494049	0.402931	0.643254	0.12732	0.666829	0.501107	0.50403	0.0274286	0.396349	0.241888	0.317871	0.471757	0.90904	0.0637449	0.555835	0.299805	0.332506	0.666613	0.556536	0.941474	
0.167353	0.758269	0.883024	0.706363	0.555944	0.288589	0.512548	0.588112	0.557327	0.186064	0.951627	0.493476	0.306017	0.562985	0.282378	0.13749	0.0575528	0.177316	0.470067	0.23828	0.783919	0.191361	0.313574	0.842081	0.915939	0.703938	0.534086	0.157097	0.607588	0.274364	0.0120066	0.975148	0.688003	0.431999	0.0585501	0.078539	0.110966	0.840238	0.722475	0.398027	
