25	40
110.815	0.746978
120.702	0.702744
110.39	0.0833532
107.877	0.300325
119.885	0.262397
101.322	0.25206
115.446	0.526003
104.704	0.136792
101.79	0.944384
114.798	0.0883701
108.697	0.904088
115.514	0.473847
110.525	0.808877
112.192	0.194458
118.433	0.430514
113.644	0.415924
111.256	0.0408215
112.25	0.105986
110.565	0.990427
106.089	0.784894
103.035	0.151434
114.751	0.143035
113.273	0.253506
113.358	0.613472
111.833	0.735775
17.3166
36.9774
34.7507
17.2404
41.0219
15.2927
2.41805
16.6685
41.2719
27.8153
37.4823
8.23409
15.9643
34.8059
10.4825
37.9723
23.0113
4.32135
23.6572
16.7172
12.9159
9.52341
1.79431
14.3879
13.3823
45.4826
26.7706
22.8125
1.12812
48.1881
14.2235
37.286
38.5781
40.5024
3.66668
31.3154
29.2619
45.7243
49.0267
12.4903
0.408265	0.593984	0.925115	0.831158	0.868065	0.537206	0.852315	0.37783	0.832646	0.474457	0.598323	0.178987	0.0812178	0.529035	0.170972	0.545961	0.140194	0.945717	0.164464	0.704635	0.456213	0.800772	0.67578	0.21577	0.539145	0.648733	0.391161	0.031445	0.202143	0.0264512	0.466259	0.263099	0.188551	0.433694	0.538064	0.530046	0.59819	0.156514	0.510838	0.266162	
0.744565	0.865011	0.0605644	0.130066	0.233241	0.89075	0.23266	0.999654	0.566058	0.93954	0.0477095	0.0507009	0.354855	0.00951573	0.646146	0.488205	0.117696	0.76809	0.327629	0.287209	0.568273	0.191688	0.919463	0.960978	0.532952	0.610916	0.00883348	0.15799	0.0411429	0.207237	0.997156	0.490074	0.285737	0.0771567	0.382805	0.913182	0.220334	0.000997035	0.378203	0.350131	
0.815807	0.600001	0.00537256	0.0692492	0.522239	0.527803	0.511468	0.598221	0.28884	0.403294	0.607935	0.951272	0.803467	0.611627	0.304145	0.443165	0.465602	0.324146	0.562203	0.315322	0.207472	0.925187	0.652661	0.42848	0.682181	0.302575	0.708798	0.587178	0.497113	0.561863	0.703963	0.246359	0.705961	0.854104	0.402558	0.156833	0.867082	0.625751	0.646381	0.880143	
0.953256	0.876466	0.566576	0.538446	0.562575	0.503741	0.939253	0.655147	0.558398	0.985987	0.124543	0.776748	0.104416	0.0637605	0.73185	0.104896	0.929726	0.909054	0.892164	0.593238	0.321087	0.914628	0.214516	0.11891	0.899811	0.791924	0.247119	0.863804	0.970676	0.185692	0.195888	0.14265	0.503701	0.431564	0.68005	0.854065	0.872199	0.27593	0.891896	0.472786	
0.289315	0.0569815	0.847796	0.206233	0.565074	0.00801027	0.886363	0.250276	0.348799	0.877499	0.0870042	0.0244666	0.0771292	0.218852	0.739671	0.710197	0.720232	0.366141	0.577555	0.3207	0.450903	0.563421	0.60542	0.681028	0.667831	0.944744	0.800964	0.539315	0.730805	0.765714	0.96973	0.362961	0.740467	0.764885	0.563759	0.285149	0.69566	0.566176	0.43804	0.697974	
0.85137	0.630201	0.788896	0.335206	0.591139	0.558664	0.595238	0.549733	0.790707	0.0533263	0.287043	0.595239	0.133896	0.891761	0.444325	0.0736782	0.494027	0.466673	0.301205	0.0125796	0.228373	0.977881	0.336257	0.257784	0.00603507	0.825053	0.415414	0.691669	0.508203	0.999058	0.495976	0.532449	0.112577	0.459226	0.485966	0.24585	0.725863	0.00333419	0.245688	0.658705	
0.00344303	0.0391572	0.803349	0.027374	0.138861	0.378073	0.748498	0.871529	0.702711	0.528899	0.17507	0.850682	0.96636	0.518699	0.760298	0.801462	0.877138	0.204365	0.290839	0.228419	0.801279	0.237664	0.733864	0.0622003	0.352156	0.099986	0.435088	0.654528	0.32388	0.992859	0.222356	0.851564	0.314837	0.951903	0.875444	0.0500529	0.00202944	0.867879	0.933937	0.960264	
0.536143	0.91274	0.222694	0.574387	0.480975	0.0348569	0.303566	0.434929	0.62768	0.336054	0.482276	0.177431	0.520513	0.584975	0.886748	0.296478	0.427415	0.379548	0.52509	0.146754	0.875542	0.434107	0.196501	0.220232	0.757946	0.624122	0.0616242	0.730855	0.106323	0.414252	0.358353	0.0485998	0.432562	0.396226	0.873168	0.603001	0.5155	0.815027	0.617825	0.252407	
0.858373	0.235537	0.604182	0.625682	0.631366	0.48484	0.818345	0.87636	0.593713	0.441772	0.694499	0.701154	0.44872	0.7758	0.516779	0.614528	0.661487	0.638975	0.742218	0.0486895	0.773163	0.991226	0.157783	0.546791	0.760539	0.0490543	0.484039	0.314456	0.0408626	0.168226	0.55373	0.338295	0.474332	0.564557	0.114818	0.8657	0.541998	0.634151	0.0842174	0.923353	
0.4097	0.929792	0.734897	0.0794704	0.701022	0.0521671	0.591857	0.632649	0.684996	0.343692	0.0400046	0.742358	0.227592	0.82388	0.127858	0.507843	0.862832	0.92763	0.096916	0.377383	0.222085	0.0265032	0.417221	0.50871	0.232436	0.0302848	0.543363	0.369491	0.944339	0.540483	0.496901	0.0690021	0.277236	0.190136	0.937582	0.025513	0.832621	0.286562	0.492046	0.980172	
0.439896	0.451167	0.0209376	0.252761	0.596531	0.911052	0.0540535	0.882174	0.290889	0.635843	0.693987	0.788835	0.563896	0.243052	0.588158	0.35472	0.495141	0.509233	0.0546606	0.947144	0.0912007	0.408063	0.687564	0.330478	0.978963	0.708127	0.381239	0.808354	0.134817	0.777639	0.653291	0.728281	0.709735	0.305823	0.145316	0.0375416	0.187957	0.760389	0.0542881	0.148518	
0.633559	0.69172	0.465568	0.611062	0.604898	0.597985	0.0557034	0.442025	0.290014	0.194807	0.142148	0.399491	0.958268	0.0559334	0.48345	0.282717	0.576165	0.913927	0.935411	0.289757	0.451148	0.57734	0.820863	0.528643	0.438161	0.762705	0.601691	0.268484	0.413366	0.212975	0.90111	0.972001	0.829419	0.34092	0.607805	0.13913	0.433381	0.855143	0.629733	0.936404	
0.0421029	0.180133	0.422966	0.0105904	0.657124	0.318366	0.937933	0.902716	0.601959	0.402181	0.837746	0.203128	0.323252	0.992391	0.439092	0.90749	0.267917	0.406823	0.0774313	0.510298	0.562229	0.462565	0.751759	0.175855	0.613694	0.223513	0.922528	0.48628	0.422174	0.809322	0.470272	0.344372	0.165331	0.997414	0.993515	0.0750994	0.803263	0.811765	0.842236	0.151216	
0.749253	0.227624	0.0855973	0.847256	0.182053	0.437425	0.250126	0.561338	0.807115	0.648453	0.294768	0.47628	0.381828	0.474762	0.725921	0.558144	0.81075	0.625444	0.422974	0.798461	0.309358	0.158695	0.619438	0.0851164	0.0531459	0.309851	0.51433	0.990777	0.883807	0.364664	0.622384	0.416853	0.777753	0.950712	0.226721	0.137961	0.642355	0.329408	0.819892	0.735793	
0.179323	0.00462041	0.671664	0.39892	0.993514	0.523006	0.560582	0.62186	0.195354	0.505147	0.858447	0.747205	0.610613	0.585479	0.00752681	0.0515389	0.77785	0.71339	0.715388	0.757817	0.540167	0.660431	0.892588	0.579093	0.0412824	0.364176	0.0871105	0.9755	0.539494	0.732014	0.741135	0.123133	0.496865	0.402566	0.418172	0.675592	0.544158	0.5275	0.395912	0.282162	
0.626034	0.628068	0.738584	0.250591	0.434352	0.0139283	0.892613	0.0640406	0.387963	0.761549	0.443587	0.973257	0.665922	0.332621	0.0135194	0.157821	0.952924	0.775623	0.220297	0.497929	0.0851991	0.348447	0.288703	0.239956	0.00196051	0.232605	0.0110598	0.168039	0.0213691	0.525341	0.845635	0.610195	0.617809	0.747905	0.382977	0.39311	0.437624	0.301922	0.635483	0.124824	
0.876363	0.949445	0.993468	0.217377	0.487865	0.26835	0.338963	0.301456	0.435747	0.887176	0.342214	0.00334309	0.644148	0.925585	0.989678	0.564842	0.160055	0.221826	0.710939	0.076959	0.843461	0.0234014	0.967899	0.701225	0.511723	0.22717	0.149709	0.477454	0.210162	0.363027	0.338936	0.100357	0.580364	0.758778	0.221145	0.996511	0.791162	0.612902	0.90645	0.92838	
0.355867	0.573673	0.0915631	0.876786	0.789582	0.871627	0.199793	0.393864	0.800744	0.574831	0.157216	0.113656	0.115238	0.921308	0.752117	0.123846	0.0490976	0.695287	0.598219	0.419426	0.0554218	0.392008	0.619143	0.0226046	0.221352	0.897711	0.915953	0.629294	0.850519	0.221336	0.139046	0.777969	0.435619	0.746608	0.688683	0.738182	0.547048	0.198504	0.97324	0.316874	
0.0696669	0.963457	0.119008	0.338944	0.157114	0.00930605	0.536638	0.0246124	0.504444	0.00948734	0.0165259	0.489453	0.504437	0.104741	0.776202	0.59589	0.0730291	0.722463	0.908015	0.807484	0.879674	0.342565	0.0433764	0.749399	0.538037	0.49224	0.758146	0.0926443	0.572116	0.570713	0.221997	0.493467	0.55045	0.460644	0.397572	0.680638	0.0359502	0.18229	0.180812	0.901379	
0.334104	0.53185	0.269969	0.496229	0.833699	0.254948	0.642357	0.640617	0.0200058	0.510595	0.271232	0.712659	0.743824	0.267911	0.920325	0.0349751	0.827548	0.00222182	0.600351	0.496231	0.664997	0.163864	0.32626	0.305408	0.705839	0.821925	0.00470303	0.574202	0.891755	0.258235	0.931703	0.0486061	0.146745	0.0401739	0.47408	0.688688	0.283662	0.105279	0.496352	0.669992	
0.70381	0.8686	0.668787	0.660694	0.129884	0.780949	0.858595	0.907204	0.360446	0.0954963	0.321596	0.42874	0.835466	0.195203	0.568921	0.158809	0.878345	0.182603	0.551272	0.892846	0.518198	0.0694587	0.978529	0.491452	0.800372	0.99758	0.700729	0.418938	0.245026	0.0695281	0.173317	0.831608	0.22581	0.755057	0.523548	0.475969	0.46155	0.785195	0.593865	0.7612	
0.951941	0.988869	0.277275	0.47798	0.727691	0.974735	0.571982	0.0860055	0.906686	0.216545	0.102475	0.298314	0.377673	0.785133	0.185782	0.509566	0.261385	0.0986395	0.0602676	0.209179	0.457099	0.383672	0.786786	0.485171	0.952572	0.526514	0.120979	0.641813	0.395359	0.660742	0.395612	0.416368	0.781785	0.367383	0.805818	0.397054	0.221753	0.826524	0.956438	0.273859	
0.38457	0.21953	0.224911	0.16828	0.695505	0.751341	0.78961	0.705683	0.912703	0.335886	0.793059	0.549636	0.83258	0.293229	0.454188	0.191535	0.439976	0.897383	0.0793031	0.766879	0.807667	0.308638	0.396783	0.755813	0.579747	0.125491	0.176417	0.593562	0.569243	0.160712	0.0767346	0.314165	0.297939	0.341151	0.635337	0.641152	0.360145	0.546396	0.753012	0.528948	
0.375904	0.873466	0.159226	0.114323	0.131901	0.503996	0.915226	0.96441	0.364911	0.983976	0.621122	0.841105	0.996501	0.506355	0.124624	0.307257	0.812264	0.0286382	0.466922	0.745826	0.65931	0.0679932	0.938718	0.814426	0.291449	0.662794	0.804141	0.944982	0.268549	0.61367	0.687129	0.964563	0.45355	0.1286	0.15326	0.301991	0.649935	0.54212	0.397742	0.657342	
0.838662	0.0791414	0.904193	0.0781003	0.509715	0.242342	0.669682	0.551432	0.85309	0.964191	0.993103	0.149114	0.630472	0.275752	0.303415	0.949918	0.332946	0.342372	0.53895	0.682198	0.307779	0.973406	0.94382	0.623659	0.399161	0.78035	0.234626	0.182645	0.98989	0.378843	0.58747	0.662131	0.267219	0.0258762	0.835986	0.590017	0.946714	0.81717	0.558797	0.347339	
