30	30
149.149	0.0454325
136.372	0.633624
122.488	0.363031
133.143	0.0168682
129.205	0.694837
133.471	0.655557
123.842	0.0309198
143.314	0.330947
134.63	0.456348
144.068	0.703467
139.143	0.229424
142.715	0.682527
137.429	0.778263
151.345	0.479631
151.133	0.198325
136.477	0.998398
148.426	0.852846
129.134	0.196342
142.201	0.598247
140.667	0.562997
148.622	0.7449
142.211	0.52743
138.288	0.901855
148.012	0.776098
150.866	0.373234
138.753	0.247107
135.456	0.353582
133.057	0.219651
138.434	0.158551
150.7	0.851107
29.9938
9.17171
31.8939
26.114
2.9094
34.08
12.2688
10.6978
20.4446
37.0132
38.9141
28.0615
49.7632
34.823
49.0054
45.7974
35.4947
22.7869
10.4413
40.1756
16.5528
30.3434
10.6946
14.1673
42.4267
17.7515
10.2817
20.8977
31.4585
9.31511
0.174131	0.317101	0.9354	0.449225	0.686386	0.633234	0.611767	0.812744	0.288564	0.354447	0.724551	0.220175	0.0520839	0.840211	0.302766	0.418042	0.0704277	0.743165	0.587602	0.521142	0.342773	0.342513	0.17545	0.58509	0.46108	0.54554	0.161456	0.647328	0.817019	0.16531	
0.0236098	0.839675	0.0850362	0.490434	0.818702	0.194941	0.692047	0.220677	0.0755661	0.516707	0.0700294	0.816222	0.51776	0.720567	0.8449	0.185352	0.0327146	0.691779	0.529222	0.119483	0.859663	0.0115619	0.803372	0.836835	0.687857	0.741672	0.29268	0.529673	0.773967	0.564676	
0.939936	0.105982	0.531041	0.0420601	0.64953	0.180278	0.000624124	0.155499	0.25682	0.490266	0.0263592	0.787258	0.708112	0.312427	0.124964	0.844751	0.902612	0.543987	0.364815	0.162879	0.0221876	0.993558	0.717308	0.62642	0.384161	0.875366	0.734328	0.927942	0.90454	0.905651	
0.923984	0.257002	0.683396	0.0756983	0.273616	0.153168	0.566282	0.261432	0.39889	0.610576	0.0286799	0.795486	0.718529	0.636836	0.387496	0.370992	0.460344	0.977131	0.172938	0.844952	0.94787	0.656172	0.88264	0.635126	0.0815098	0.554226	0.904225	0.321092	0.858041	0.274394	
0.0352755	0.660317	0.663642	0.732364	0.480003	0.670077	0.797977	0.250579	0.513525	0.140566	0.918885	0.900378	0.48305	0.984845	0.934615	0.236772	0.341351	0.00557997	0.0443618	0.749013	0.214326	0.927623	0.902104	0.888775	0.308313	0.971981	0.119542	0.0520862	0.000628033	0.909008	
0.0299494	0.593145	0.275146	0.254447	0.415084	0.904744	0.79579	0.991087	0.106216	0.956097	0.247637	0.234317	0.510918	0.55516	0.728892	0.0527291	0.984693	0.686679	0.0269125	0.498421	0.738799	0.514627	0.37255	0.678502	0.0653375	0.799229	0.0949741	0.880154	0.601313	0.62156	
0.534007	0.447874	0.522483	0.528224	0.475629	0.538008	0.0669937	0.627391	0.551998	0.150485	0.448898	0.858244	0.0980369	0.545755	0.861042	0.280673	0.653612	0.654673	0.916448	0.209158	0.975981	0.175578	0.658059	0.319615	0.286669	0.100062	0.564339	0.0721393	0.766996	0.311119	
0.445308	0.57834	0.148588	0.177264	0.4067	0.598377	0.652947	0.746544	0.998231	0.203375	0.58495	0.278737	0.350319	0.687233	0.62339	0.387826	0.559344	0.299164	0.745215	0.0626704	0.75399	0.633873	0.555489	0.385404	0.321722	0.529629	0.251141	0.54175	0.856321	0.553908	
0.406023	0.401427	0.568552	0.0973843	0.897702	0.705235	0.844081	0.144735	0.581848	0.692727	0.188093	0.89634	0.498544	0.137337	0.762014	0.386969	0.8081	0.445125	0.234908	0.994761	0.558879	0.861991	0.782988	0.665191	0.810676	0.183476	0.792706	0.148083	0.967494	0.958934	
0.633863	0.607247	0.511665	0.839036	0.670491	0.603972	0.177916	0.0650918	0.701482	0.451409	0.051019	0.36093	0.961928	0.572776	0.605586	0.274647	0.867648	0.209027	0.92164	0.734284	0.273194	0.252945	0.159925	0.335606	0.0946262	0.962398	0.884075	0.754871	0.228031	0.709966	
0.843477	0.069181	0.118653	0.377866	0.988309	0.605615	0.813682	0.879474	0.533058	0.549712	0.20703	0.924986	0.704745	0.711287	0.18397	0.244438	0.974428	0.457499	0.154956	0.638705	0.620143	0.802678	0.277469	0.189259	0.970977	0.0690248	0.398225	0.798692	0.256461	0.337492	
0.625884	0.765064	0.652305	0.844999	0.46176	0.0321205	0.415384	0.290216	0.919004	0.50277	0.512641	0.404983	0.361784	0.271849	0.241323	0.695874	0.410656	0.419091	0.459426	0.122633	0.62996	0.8735	0.622677	0.843348	0.323408	0.755729	0.309136	0.201734	0.983851	0.0345578	
0.985261	0.411177	0.289745	0.532471	0.35814	0.18224	0.584954	0.945699	0.489414	0.382533	0.20451	0.604293	0.240659	0.156348	0.174412	0.775695	0.484735	0.171823	0.287485	0.52603	0.926554	0.945223	0.727958	0.547328	0.511217	0.0826492	0.48762	0.225375	0.36179	0.575376	
0.957997	0.119986	0.984054	0.183321	0.675196	0.311519	0.369577	0.816124	0.0856891	0.529476	0.542667	0.356379	0.797419	0.576046	0.167064	0.523921	0.0401887	0.459219	0.796269	0.226211	0.356154	0.187284	0.893316	0.830489	0.821946	0.593024	0.228395	0.186292	0.907964	0.0982358	
0.994341	0.537617	0.994774	0.0267766	0.886478	0.875112	0.197494	0.892158	0.687239	0.216396	0.0318456	0.934009	0.881731	0.263121	0.500863	0.639424	0.557707	0.232736	0.00284305	0.70999	0.0378687	0.300445	0.112675	0.28942	0.839615	0.735662	0.365596	0.558535	0.142769	0.0180524	
0.847619	0.122096	0.607692	0.988027	0.454999	0.019749	0.740193	0.353892	0.410208	0.240025	0.0444841	0.887688	0.857049	0.104394	0.438548	0.695145	0.0495201	0.699095	0.906579	0.371874	0.179183	0.130833	0.900583	0.777858	0.60858	0.622083	0.327766	0.843616	0.903767	0.337619	
0.914711	0.550239	0.129172	0.925798	0.755811	0.678073	0.461392	0.6799	0.456382	0.263727	0.0567486	0.469673	0.61225	0.12582	0.327234	0.199295	0.289744	0.993206	0.0608719	0.0144243	0.716835	0.146786	0.606934	0.983232	0.531441	0.214485	0.987676	0.8113	0.868386	0.11262	
0.971817	0.74585	0.349774	0.267441	0.630486	0.91979	0.666426	0.505717	0.755531	0.656434	0.990569	0.230898	0.809645	0.359414	0.969327	0.43505	0.459161	0.420131	0.640881	0.844671	0.00326211	0.0872495	0.72921	0.0469733	0.985257	0.420639	0.613051	0.583266	0.287931	0.471269	
0.712455	0.338995	0.0925713	0.847259	0.904436	0.525138	0.552223	0.363138	0.301415	0.138925	0.920963	0.522004	0.103666	0.718734	0.831735	0.266967	0.139152	0.895817	0.915427	0.616099	0.706699	0.374888	0.201864	0.473949	0.449714	0.041125	0.916167	0.802781	0.996706	0.166427	
0.127369	0.578811	0.147923	0.854303	0.142754	0.367852	0.636629	0.163227	0.68615	0.790443	0.210637	0.349143	0.25991	0.846564	0.536384	0.76676	0.830877	0.484853	0.0987712	0.626264	0.348014	0.698933	0.124462	0.101717	0.0451348	0.356125	0.115101	0.750907	0.619739	0.27896	
0.295418	0.748085	0.432873	0.129659	0.204954	0.19914	0.655768	0.229843	0.591101	0.116968	0.20623	0.479135	0.462589	0.836526	0.228115	0.526345	0.0816791	0.424468	0.917566	0.151335	0.883709	0.948152	0.643158	0.907879	0.765257	0.162658	0.718704	0.547743	0.987826	0.442767	
0.46317	0.925817	0.483399	0.646643	0.755136	0.429171	0.402679	0.27027	0.910795	0.108632	0.0186428	0.799108	0.413164	0.290518	0.432059	0.569184	0.107985	0.343319	0.572174	0.666504	0.790999	0.510088	0.640555	0.775983	0.693878	0.264018	0.461281	0.859061	0.812046	0.877619	
0.119955	0.656182	0.660868	0.432741	0.171795	0.543027	0.486974	0.171345	0.423789	0.73474	0.43716	0.852094	0.00216265	0.50098	0.688523	0.47554	0.621125	0.410808	0.277995	0.103807	0.919464	0.0134315	0.625691	0.833403	0.181493	0.8919	0.665378	0.696042	0.15913	0.756271	
0.918201	0.777582	0.916902	0.108006	0.554385	0.917162	0.472031	0.520125	0.773342	0.848876	0.254031	0.518349	0.758943	0.381556	0.00735074	0.288395	0.0213345	0.486138	0.633145	0.867465	0.89502	0.879118	0.0592304	0.1418	0.446261	0.350959	0.47842	0.714761	0.58871	0.310965	
0.163164	0.534864	0.0904597	0.98397	0.977669	0.206428	0.567609	0.956844	0.994845	0.615387	0.985052	0.982722	0.754947	0.00820958	0.996813	0.0245445	0.220358	0.185721	0.939964	0.307961	0.212662	0.470554	0.748829	0.529508	0.567406	0.889019	0.758904	0.792488	0.701032	0.799877	
0.468749	0.413638	0.785222	0.201566	0.833134	0.3805	0.038278	0.0506121	0.663545	0.288097	0.679832	0.731924	0.0224695	0.256813	0.835621	0.992808	0.220973	0.526425	0.047369	0.859946	0.529637	0.169702	0.15406	0.0260026	0.980456	0.579063	0.836352	0.0866466	0.355511	0.159852	
0.969575	0.403047	0.898982	0.226352	0.500523	0.146599	0.190924	0.982931	0.0515598	0.985041	0.105033	0.739539	0.871439	0.467947	0.30338	0.222374	0.484035	0.642341	0.757526	0.618269	0.768057	0.224521	0.278711	0.564415	0.878074	0.517472	0.910494	0.0577228	0.27533	0.463557	
0.379207	0.89454	0.472325	0.260914	0.315982	0.873272	0.300507	0.436011	0.198906	0.632146	0.523626	0.0995139	0.0845046	0.772385	0.87814	0.587503	0.0331182	0.218874	0.591648	0.877533	0.325633	0.438364	0.647274	0.151195	0.108745	0.124778	0.147885	0.86151	0.997241	0.933257	
0.937117	0.659005	0.415858	0.246882	0.554845	0.965654	0.627612	0.518967	0.358785	0.892724	0.476758	0.408849	0.943227	0.256273	0.53223	0.616764	0.790416	0.289715	0.952411	0.670453	0.828819	0.74034	0.228794	0.207735	0.818457	0.156483	0.732101	0.363505	0.190376	0.221879	
0.50926	0.558537	0.916365	0.445844	0.942346	0.608676	0.136107	0.0603422	0.28856	0.546113	0.937046	0.453016	0.644183	0.0736445	0.368829	0.542056	0.128748	0.737554	0.492465	0.863363	0.871862	0.053349	0.489182	0.649118	0.594628	0.0404128	0.372979	0.730386	0.679411	0.183297	
