25	40
120.804	0.0789555
109.828	0.709812
107.904	0.491399
112.163	0.597058
115.679	0.425713
118.064	0.358576
114.634	0.5443
118.35	0.76612
103.436	0.935121
100.954	0.39402
100.393	0.49502
98.9319	0.264745
100.373	0.388663
101.13	0.0570871
111.23	0.281162
104.897	0.417387
104.435	0.389281
98.9369	0.203439
109.38	0.444292
121.716	0.92407
107.056	0.711345
117.062	0.342534
115.446	0.761208
103.496	0.32421
121.503	0.361529
6.70396
8.72822
46.2223
36.1318
1.76291
41.9024
46.0515
15.4364
33.8551
41.1083
28.7373
17.4498
26.4961
40.0565
47.7127
27.4282
34.138
9.7006
32.8738
6.02115
39.5902
22.0094
5.44402
44.5159
26.9869
24.2752
31.1358
29.5863
42.4916
25.6435
41.9642
29.1063
5.54339
23.9508
41.0157
5.72362
15.5693
14.7398
12.2011
5.93694
0.243479	0.746111	0.135568	0.090219	0.831259	0.908577	0.47564	0.941594	0.0223575	0.250938	0.606276	0.757041	0.11331	0.27772	0.976363	0.173803	0.479144	0.185895	0.690998	0.50844	0.536535	0.094067	0.544332	0.356248	0.577627	0.0810435	0.744667	0.938532	0.67526	0.520472	0.363412	0.661444	0.707834	0.257605	0.0647522	0.770094	0.235714	0.961286	0.197183	0.436016	
0.0785727	0.0365604	0.208931	0.137	0.918882	0.958687	0.963464	0.889925	0.748749	0.364469	0.364187	0.310736	0.366457	0.053022	0.175172	0.873817	0.656318	0.472944	0.362609	0.131073	0.853455	0.336221	0.647701	0.104686	0.536307	0.241201	0.0227312	0.563969	0.559882	0.741659	0.882946	0.104243	0.0563669	0.622185	0.746255	0.47252	0.865198	0.40388	0.994709	0.0661219	
0.452932	0.844568	0.774965	0.580792	0.113097	0.366008	0.223177	0.510938	0.00708649	0.638147	0.0916479	0.394825	0.272289	0.0728475	0.743613	0.152225	0.63403	0.0476685	0.241483	0.620305	0.54504	0.603913	0.397051	0.382227	0.351586	0.824264	0.233914	0.485533	0.0797608	0.773859	0.709275	0.960422	0.897648	0.197948	0.82323	0.725004	0.35974	0.611113	0.281989	0.335816	
0.495945	0.788203	0.546393	0.296946	0.684667	0.73147	0.122603	0.70848	0.106062	0.512279	0.0809104	0.337335	0.00979287	0.490265	0.455489	0.0397934	0.241938	0.293848	0.165632	0.673348	0.0037179	0.989858	0.063443	0.167547	0.705511	0.630351	0.596202	0.480364	0.864407	0.87161	0.324971	0.601267	0.229679	0.344821	0.0495537	0.465088	0.546134	0.626996	0.0147607	0.272695	
0.535519	0.751511	0.0311093	0.176293	0.370941	0.832555	0.221116	0.676348	0.24506	0.944119	0.541918	0.26599	0.477826	0.896966	0.136449	0.153429	0.443801	0.624685	0.242342	0.0681677	0.490316	0.53107	0.908141	0.783644	0.465276	0.526142	0.172582	0.433503	0.11401	0.736001	0.282977	0.64012	0.687052	0.0643173	0.0451431	0.0285827	0.339287	0.747144	0.387325	0.792825	
0.0121976	0.561941	0.481583	0.107194	0.0803539	0.379571	0.255758	0.964281	0.246939	0.709989	0.779793	0.612596	0.0827158	0.606276	0.837269	0.220096	0.384805	0.072849	0.435102	0.659186	0.936377	0.963941	0.823555	0.632476	0.696001	0.592327	0.713804	0.504594	0.0544297	0.915044	0.627002	0.605752	0.933777	0.392726	0.0269478	0.10041	0.616727	0.771072	0.278482	0.20409	
0.992906	0.801079	0.247846	0.509242	0.108737	0.853778	0.71071	0.19217	0.271697	0.336234	0.0217761	0.237352	0.0169462	0.612192	0.388711	0.309775	0.987515	0.691959	0.0787381	0.0872165	0.104348	0.342078	0.00253142	0.45178	0.0525583	0.646252	0.0766789	0.766627	0.658931	0.386425	0.0518161	0.374795	0.511386	0.10258	0.8832	0.792401	0.322377	0.602117	0.511731	0.947621	
0.982495	0.707818	0.195743	0.0408074	0.903148	0.83774	0.13332	0.645825	0.739911	0.388812	0.755929	0.801238	0.690213	0.588414	0.848414	0.354331	0.38593	0.598969	0.701679	0.860872	0.256639	0.356971	0.510568	0.967153	0.948212	0.0431906	0.538333	0.374221	0.0820125	0.718193	0.969638	0.48318	0.624598	0.0134529	0.851149	0.408778	0.465065	0.871697	0.571015	0.923108	
0.477685	0.819209	0.764131	0.484784	0.459652	0.00542559	0.641229	0.0166681	0.527576	0.269633	0.709546	0.776599	0.436274	0.979977	0.331743	0.679527	0.701814	0.320403	0.232592	0.175207	0.858128	0.881348	0.0696626	0.733221	0.394002	0.114822	0.602208	0.00841736	0.119494	0.44683	0.293251	0.912993	0.531213	0.443454	0.127105	0.882271	0.53802	0.107108	0.256452	0.386808	
0.0850448	0.862146	0.864928	0.0177963	0.336322	0.121599	0.982451	0.338967	0.00785287	0.861042	0.59352	0.760212	0.837644	0.660178	0.833967	0.909092	0.385049	0.0272723	0.116886	0.72671	0.963471	0.705609	0.878652	0.319683	0.482089	0.680411	0.754554	0.310683	0.988495	0.145855	0.0262346	0.207769	0.794019	0.565834	0.857233	0.578638	0.531932	0.318487	0.270363	0.414818	
0.470382	0.0387295	0.0424781	0.107613	0.296036	0.716114	0.515036	0.134381	0.724456	0.225911	0.86743	0.611646	0.457652	0.173503	0.979063	0.517715	0.195602	0.338648	0.272774	0.863113	0.344078	0.133146	0.885355	0.895402	0.926972	0.579783	0.541932	0.612696	0.977046	0.668167	0.616778	0.444645	0.419866	0.551884	0.828533	0.120846	0.0425618	0.546804	0.138655	0.0529989	
0.433378	0.444098	0.894967	0.0477098	0.301256	0.398143	0.195719	0.361602	0.0768734	0.995698	0.937687	0.736915	0.155358	0.517388	0.441574	0.0223296	0.85792	0.140179	0.053689	0.538911	0.817581	0.750105	0.309701	0.217	0.661501	0.729357	0.0590572	0.622931	0.897455	0.889506	0.580401	0.859303	0.395336	0.787887	0.46185	0.573922	0.783444	0.560051	0.799502	0.540156	
0.121117	0.258145	0.779217	0.21758	0.891928	0.650513	0.702459	0.270578	0.0700906	0.330147	0.0159581	0.927666	0.00320985	0.406167	0.777907	0.276477	0.972897	0.437817	0.206007	0.585059	0.379413	0.965823	0.350619	0.822962	0.537681	0.568522	0.800073	0.425135	0.853406	0.513921	0.797991	0.835105	0.202748	0.421191	0.420204	0.00920067	0.738802	0.433383	0.971321	0.697002	
0.668687	0.59491	0.923745	0.100247	0.0491857	0.732427	0.00250603	0.490295	0.897	0.795285	0.535618	0.106648	0.130509	0.145103	0.457222	0.974753	0.788271	0.869858	0.690166	0.943586	0.719961	0.746382	0.800257	0.014459	0.64433	0.900038	0.106665	0.425366	0.0917876	0.334983	0.708562	0.416731	0.718286	0.949397	0.894486	0.244622	0.0918729	0.69779	0.986449	0.638998	
0.0532285	0.203262	0.621708	0.913024	0.557414	0.101958	0.0048569	0.452209	0.488772	0.388299	0.493014	0.885458	0.408724	0.194341	0.653705	0.777101	0.80489	0.347694	0.261696	0.331717	0.853684	0.970566	0.302751	0.0306541	0.491592	0.469926	0.356727	0.0874507	0.584545	0.969413	0.732853	0.831199	0.851565	0.79301	0.948469	0.80867	0.602587	0.835034	0.566751	0.281522	
0.662459	0.896817	0.772069	0.279027	0.65289	0.629378	0.0152323	0.501541	0.398814	0.114172	0.594861	0.334082	0.111099	0.690447	0.214463	0.206692	0.247664	0.305495	0.544685	0.707834	0.969531	0.75536	0.209382	0.267603	0.746821	0.984166	0.750627	0.815187	0.136274	0.862488	0.280393	0.500414	0.368835	0.163169	0.195809	0.612592	0.82494	0.550633	0.155092	0.645916	
0.386948	0.515307	0.956103	0.614441	0.783905	0.74091	0.731765	0.678167	0.462167	0.712735	0.160134	0.328642	0.0694576	0.830774	0.901699	0.243717	0.607936	0.513046	0.711343	0.829056	0.393073	0.108742	0.28251	0.708823	0.70673	0.735182	0.756827	0.715175	0.894652	0.819995	0.566693	0.909405	0.123834	0.630254	0.849076	0.811887	0.118752	0.468646	0.48734	0.00041369	
0.928222	0.580141	0.963125	0.574209	0.900628	0.919935	0.754143	0.344038	0.32269	0.843884	0.157991	0.852848	0.253746	0.742814	0.285132	0.722767	0.519778	0.684922	0.117782	0.207446	0.52039	0.764377	0.129028	0.990209	0.478482	0.240864	0.248572	0.481029	0.692239	0.417275	0.182811	0.274823	0.196577	0.0622174	0.0834317	0.223263	0.0874247	0.76141	0.529264	0.890164	
0.724216	0.225261	0.363146	0.0543384	0.246694	0.932958	0.645444	0.727023	0.918736	0.357296	0.851629	0.0688325	0.849375	0.239454	0.75092	0.86741	0.530346	0.60557	0.0915901	0.6465	0.0365995	0.624951	0.513456	0.95757	0.457093	0.708751	0.313595	0.118968	0.930534	0.660483	0.00649538	0.174749	0.163586	0.0695505	0.590727	0.150128	0.656088	0.156063	0.745313	0.0415368	
0.45659	0.30294	0.554657	0.232136	0.262271	0.350379	0.309807	0.929196	0.795977	0.187676	0.172227	0.955073	0.197342	0.140917	0.906042	0.493015	0.0405035	0.502643	0.299268	0.659582	0.983888	0.153582	0.738119	0.0950975	0.161533	0.742799	0.49362	0.398864	0.129616	0.752979	0.411778	0.923461	0.462682	0.710415	0.499909	0.748378	0.519319	0.685224	0.453588	0.245503	
0.413332	0.188043	0.555727	0.677552	0.388583	0.718494	0.907596	0.791383	0.480354	0.866068	0.996434	0.582522	0.430083	0.11608	0.698509	0.100696	0.266015	0.953811	0.512935	0.189929	0.2774	0.406866	0.95701	0.0702615	0.751679	0.270155	0.949916	0.458218	0.773147	0.703615	0.00174045	0.39884	0.491573	0.756009	0.146647	0.757738	0.783539	0.754178	0.567307	0.232449	
0.916847	0.175907	0.398849	0.281669	0.745185	0.129915	0.27589	0.684259	0.363331	0.880948	0.852784	0.141874	0.78393	0.0716124	0.751712	0.171962	0.755562	0.0331007	0.312799	0.980071	0.0338295	0.800541	0.484416	0.256137	0.413872	0.300699	0.399342	0.60586	0.868052	0.52082	0.0631667	0.574202	0.750374	0.349415	0.59876	0.0607437	0.911333	0.352569	0.63871	0.644831	
0.29944	0.661853	0.270951	0.111442	0.747651	0.921928	0.0999718	0.699254	0.0407268	0.134382	0.145862	0.421616	0.239749	0.922552	0.234528	0.221475	0.453756	0.724423	0.0572178	0.710569	0.146843	0.65383	0.889	0.702202	0.887805	0.350438	0.270432	0.211753	0.196006	0.247111	0.246365	0.435278	0.0612861	0.698484	0.452305	0.394201	0.46931	0.363188	0.86998	0.60789	
0.90942	0.356136	0.95408	0.596365	0.25057	0.587824	0.666776	0.24119	0.0946141	0.228504	0.270124	0.213619	0.554013	0.0264388	0.960971	0.974249	0.0598597	0.371175	0.490684	0.717975	0.154706	0.389923	0.485618	0.970805	0.998474	0.451014	0.989402	0.965841	0.130155	0.249642	0.0859273	0.390524	0.0132388	0.948783	0.684889	0.597221	0.153732	0.302448	0.932603	0.226291	
0.407815	0.356926	0.551194	0.571941	0.058561	0.964798	0.974152	0.837734	0.119585	0.25429	0.563685	0.129579	0.552654	0.342501	0.0587709	0.721142	0.991825	0.835364	0.232169	0.940801	0.0645869	0.388152	0.623746	0.97076	0.096343	0.749598	0.0711578	0.4	0.20597	0.483636	0.091209	0.921859	0.147211	0.324642	0.0206972	0.79604	0.0881507	0.655492	0.0710276	0.605694	
