30	30
143.829	0.174341
122.462	0.375133
141.704	0.148955
125.856	0.0096224
132.337	0.242754
132.591	0.637089
128.038	0.263993
120.16	0.74079
124.904	0.104005
137.653	0.735486
123.794	0.0508937
127.392	0.112692
129.704	0.14865
137.474	0.399006
122.324	0.144318
127.17	0.813582
127.535	0.348904
147.71	0.539985
120.721	0.952194
121.393	0.887332
140.925	0.28301
118.573	0.534909
122.823	0.544816
137.21	0.90839
141.777	0.458975
143.929	0.699194
129.84	0.872613
136.649	0.344707
129.228	0.730441
132.682	0.610943
37.0313
47.192
5.8005
18.0322
9.50199
32.719
21.8504
6.53663
26.0345
27.6974
9.74754
37.5529
30.236
25.9303
4.68728
38.5477
24.4259
10.6888
5.45122
20.5409
33.3547
49.7504
17.4885
36.113
11.167
10.6749
37.0654
32.9669
5.05578
25.0117
0.197012	0.284157	0.811843	0.0962181	0.052437	0.891401	0.237749	0.785045	0.216442	0.112849	0.750603	0.525657	0.519702	0.193398	0.6067	0.0471434	0.228128	0.425487	0.0768632	0.291097	0.899897	0.103877	0.612942	0.680083	0.453659	0.928252	0.0186422	0.540337	0.878548	0.414549	
0.738145	0.266803	0.780011	0.523913	0.371936	0.953354	0.453085	0.922665	0.891874	0.867892	0.183713	0.706356	0.650219	0.185104	0.275658	0.0995653	0.460091	0.368593	0.133545	0.13947	0.124259	0.627821	0.326171	0.132678	0.42957	0.294376	0.0537417	0.571434	0.555095	0.914427	
0.426053	0.597927	0.615969	0.587546	0.599879	0.337031	0.764743	0.466703	0.533774	0.928701	0.345509	0.934075	0.344011	0.547915	0.414211	0.108476	0.893899	0.197848	0.661114	0.444215	0.722661	0.685731	0.587964	0.12481	0.206453	0.374996	0.579102	0.770368	0.0177174	0.839728	
0.590783	0.0151712	0.825883	0.421248	0.343387	0.0241868	0.456892	0.919404	0.651274	0.494302	0.0763735	0.568464	0.870814	0.640163	0.347569	0.157398	0.514075	0.317609	0.687366	0.737192	0.79567	0.00528514	0.208275	0.986555	0.35605	0.175261	0.830716	0.468673	0.915517	0.123629	
0.151144	0.691702	0.762952	0.237234	0.884101	0.255679	0.00334711	0.974535	0.660934	0.622212	0.786377	0.406557	0.607668	0.419547	0.757415	0.363079	0.508263	0.468889	0.96397	0.217252	0.759797	0.485991	0.691045	0.0691459	0.574433	0.127924	0.116057	0.719742	0.811063	0.0641501	
0.286417	0.100446	0.792335	0.00917222	0.673317	0.983859	0.467102	0.557154	0.411533	0.363819	0.432972	0.871699	0.377496	0.455126	0.791228	0.468833	0.23636	0.44885	0.206299	0.960809	0.232248	0.0277584	0.972612	0.212309	0.732744	0.0635486	0.393321	0.57136	0.0776514	0.429002	
0.579564	0.445036	0.822551	0.81521	0.420721	0.529849	0.168481	0.757663	0.980764	0.444148	0.413686	0.309143	0.243874	0.102584	0.496256	0.0602637	0.519627	0.243636	0.571554	0.307573	0.780308	0.817379	0.946715	0.979283	0.836458	0.580531	0.699304	0.740965	0.621817	0.136236	
0.567372	0.00718233	0.743457	0.44824	0.842932	0.798511	0.536829	0.0659936	0.341776	0.346871	0.855376	0.815319	0.188568	0.241866	0.505002	0.606825	0.756045	0.488726	0.840524	0.186404	0.966512	0.978548	0.512373	0.392478	0.106753	0.95884	0.218656	0.822102	0.766537	0.724409	
0.180333	0.886855	0.27238	0.887523	0.0917281	0.00145286	0.590331	0.244931	0.17009	0.639824	0.453339	0.848895	0.804512	0.943792	0.151565	0.377251	0.334405	0.377698	0.941139	0.479611	0.943239	0.859451	0.486953	0.261013	0.750634	0.959752	0.665671	0.110085	0.38058	0.586607	
0.308156	0.364338	0.819021	0.724975	0.223671	0.571853	0.66009	0.212192	0.530606	0.54659	0.993721	0.865057	0.404455	0.308708	0.25484	0.0248989	0.786708	0.564797	0.112186	0.0960813	0.199308	0.460087	0.120795	0.829146	0.317272	0.598871	0.326885	0.419095	0.780168	0.889895	
0.868741	0.261592	0.166837	0.268311	0.120098	0.64856	0.224762	0.267831	0.0676749	0.0334698	0.273308	0.214561	0.628919	0.147055	0.22118	0.9458	0.743698	0.750331	0.748246	0.962995	0.284639	0.172047	0.567636	0.197076	0.884473	0.452737	0.903057	0.972591	0.893996	0.295382	
0.769926	0.0384344	0.393163	0.67632	0.0807395	0.628007	0.431267	0.612352	0.240372	0.395987	0.868562	0.835685	0.629357	0.795471	0.917756	0.882115	0.528764	0.0522745	0.624665	0.268953	0.0689182	0.694204	0.408278	0.699418	0.057583	0.799499	0.0319859	0.753586	0.953457	0.716412	
0.642715	0.395451	0.541264	0.123908	0.618989	0.456266	0.245817	0.831248	0.908314	0.377283	0.662428	0.526288	0.547347	0.21507	0.789899	0.36636	0.843404	0.628478	0.396648	0.942903	0.681037	0.316007	0.144486	0.983343	0.020665	0.865965	0.302207	0.431805	0.370396	0.456522	
0.885098	0.0649501	0.407934	0.67363	0.591652	0.225483	0.760639	0.747205	0.0252614	0.188656	0.107145	0.604673	0.275471	0.365089	0.0441019	0.966671	0.89019	0.63004	0.756752	0.451911	0.751093	0.121447	0.855811	0.228957	0.118218	0.640024	0.0560022	0.0588201	0.309056	0.411574	
0.974623	0.343824	0.76536	0.535725	0.594546	0.303803	0.399148	0.487336	0.195306	0.861741	0.0482141	0.231737	0.177989	0.42302	0.987409	0.0700548	0.62158	0.245633	0.356537	0.471614	0.926665	0.68517	0.0808222	0.240319	0.897014	0.100221	0.687735	0.162011	0.0959572	0.417835	
0.702835	0.668512	0.161374	0.686143	0.639923	0.550219	0.395765	0.722767	0.989265	0.933892	0.418983	0.318755	0.979779	0.58763	0.0953511	0.21116	0.566481	0.37915	0.0995819	0.944511	0.407404	0.222221	0.747925	0.663273	0.797883	0.817629	0.132678	0.84447	0.00905655	0.989692	
0.230453	0.353131	0.50447	0.0953396	0.432079	0.21278	0.385443	0.940714	0.0508162	0.78395	0.903783	0.950739	0.955145	0.560113	0.359119	0.775728	0.575211	0.277998	0.730194	0.443427	0.0371359	0.160971	0.697839	0.179538	0.487873	0.284183	0.227531	0.501151	0.794416	0.787263	
0.722874	0.528628	0.407376	0.842119	0.632859	0.837925	0.895959	0.83526	0.00588712	0.265634	0.858828	0.752873	0.973481	0.661054	0.930881	0.00625212	0.718084	0.432127	0.115424	0.963827	0.319014	0.343375	0.974277	0.0571595	0.464241	0.788442	0.731716	0.418604	0.782936	0.27659	
0.0656872	0.634781	0.167654	0.0181121	0.311458	0.614935	0.767108	0.781378	0.761288	0.461516	0.44226	0.538271	0.286264	0.423739	0.49819	0.238005	0.232551	0.0882615	0.660354	0.253075	0.577547	0.284599	0.606433	0.42012	0.589606	0.195839	0.519042	0.492632	0.426466	0.346783	
0.330942	0.839716	0.265807	0.336402	0.828874	0.145996	0.116597	0.216101	0.382056	0.30332	0.263774	0.914397	0.0718837	0.94081	0.889335	0.758537	0.622052	0.223865	0.958329	0.808574	0.22101	0.676759	0.577741	0.116651	0.491235	0.0735082	0.247032	0.843328	0.985826	0.867914	
0.77914	0.92697	0.229138	0.353358	0.0748464	0.946971	0.853015	0.258356	0.130727	0.258741	0.995081	0.91565	0.70496	0.453098	0.706013	0.70505	0.246872	0.595039	0.042499	0.00142447	0.982182	0.963427	0.829529	0.947001	0.00828555	0.427408	0.574879	0.523424	0.547748	0.965644	
0.152922	0.596571	0.148707	0.0656546	0.711545	0.475785	0.804106	0.0690279	0.291474	0.732663	0.032415	0.975704	0.397808	0.255326	0.68232	0.218497	0.957847	0.772955	0.0143036	0.379089	0.992795	0.254645	0.648668	0.878718	0.846732	0.85166	0.86757	0.161932	0.752323	0.282444	
0.606343	0.114549	0.142221	0.232613	0.145149	0.300687	0.920124	0.364051	0.369239	0.727411	0.426022	0.304913	0.727878	0.180508	0.190848	0.61621	0.0628424	0.0813377	0.92109	0.996185	0.64154	0.38754	0.794153	0.683053	0.886498	0.248226	0.935318	0.90119	0.956321	0.783574	
0.851136	0.153278	0.44233	0.129914	0.485563	0.13692	0.588919	0.881073	0.0611235	0.346398	0.724414	0.754127	0.407624	0.0290183	0.106724	0.197112	0.394195	0.309096	0.00437124	0.828791	0.317258	0.349915	0.394006	0.784461	0.111447	0.658278	0.932771	0.261699	0.598589	0.655711	
0.0265075	0.579256	0.559371	0.45367	0.0777366	0.672905	0.196062	0.534733	0.252791	0.895669	0.806929	0.0688824	0.755542	0.299277	0.465424	0.271905	0.955153	0.691716	0.800623	0.0690947	0.958637	0.0327635	0.198912	0.759302	0.135795	0.373828	0.286245	0.583286	0.264633	0.164004	
0.388537	0.0684771	0.096732	0.521826	0.35451	0.98049	0.455747	0.792896	0.965991	0.641409	0.312627	0.472039	0.282261	0.944934	0.200361	0.948485	0.352027	0.0819886	0.91423	0.0711548	0.98605	0.231409	0.919033	0.529827	0.471357	0.122509	0.183517	0.013673	0.248804	0.621009	
0.696464	0.727517	0.327439	0.824788	0.0737265	0.267761	0.58979	0.742374	0.299002	0.701114	0.323961	0.288909	0.266856	0.564981	0.789007	0.548145	0.609338	0.143583	0.167174	0.641451	0.00516262	0.66717	0.600877	0.141629	0.973895	0.642673	0.405264	0.649293	0.803203	0.690399	
0.458855	0.898769	0.141986	0.194297	0.283734	0.99298	0.751954	0.478217	0.204506	0.976479	0.806696	0.643443	0.0760569	0.106318	0.00803456	0.133706	0.362297	0.104992	0.85853	0.367144	0.274247	0.68551	0.574482	0.748821	0.0951074	0.589075	0.424621	0.432454	0.585332	0.78977	
0.0287213	0.993888	0.26953	0.35345	0.110294	0.264234	0.596673	0.985286	0.470698	0.24138	0.202561	0.406165	0.573937	0.439866	0.224411	0.183497	0.254059	0.853405	0.0532913	0.413011	0.875149	0.413454	0.898114	0.0276837	0.525872	0.817101	0.523464	0.44706	0.395986	0.88948	
0.250686	0.189944	0.0633363	0.597457	0.979443	0.364543	0.07265	0.467958	0.800112	0.234189	0.0908912	0.918875	0.484685	0.932812	0.11711	0.912988	0.96825	0.456258	0.671886	0.488522	0.905698	0.526232	0.99836	0.174047	0.134781	0.678243	0.0633042	0.742603	0.061259	0.682157	
