25	50
110.235	0.43052
127.705	0.00188322
112.078	0.132276
112.125	0.189869
120.764	0.600395
126.696	0.0401748
118.075	0.50686
103.003	0.444398
122.143	0.716094
104.592	0.9005
123.089	0.322779
126.97	0.823154
121.19	0.448267
120.721	0.583304
104.919	0.0943223
111.11	0.314776
112.878	0.38405
125.809	0.774106
120.778	0.440525
106.95	0.589595
128.705	0.433243
118.031	0.183077
126.662	0.204297
118.808	0.041156
114.452	0.858538
39.875
35.7928
30.8321
5.78842
32.5697
44.9143
29.6167
9.6362
34.2122
43.0731
18.5634
32.8525
42.067
30.0581
5.38564
2.71203
18.9915
29.5795
19.7162
35.1444
11.1862
31.0266
6.06245
47.5346
32.9221
14.2612
39.3987
30.6785
3.48873
18.5546
38.5821
40.2212
12.5294
6.66563
29.9342
46.0716
18.3573
38.0674
20.7823
20.4576
23.7427
23.1755
46.5796
8.67158
32.4167
43.7643
26.2542
38.9973
8.6374
21.1339
0.902534	0.642578	0.304556	0.0949375	0.99696	0.509963	0.00351926	0.737944	0.344715	0.866751	0.21008	0.817962	0.309144	0.280137	0.754224	0.501284	0.0391042	0.923446	0.263597	0.0570908	0.416522	0.378518	0.872954	0.00254615	0.483497	0.188472	0.675101	0.834808	0.024383	0.803918	0.769692	0.610202	0.176117	0.978918	0.554948	0.95607	0.781005	0.742594	0.945857	0.743618	0.230083	0.761176	0.652013	0.646435	0.815394	0.423712	0.547754	0.581862	0.0572338	0.0881437	
0.934024	0.637018	0.364225	0.382339	0.180693	0.380784	0.165873	0.403042	0.0982535	0.277221	0.0358278	0.811714	0.942977	0.823727	0.83007	0.605679	0.620403	0.864528	0.00791307	0.985597	0.496434	0.0581758	0.552099	0.401674	0.236194	0.451708	0.966249	0.553853	0.716362	0.780678	0.104217	0.633098	0.155838	0.156591	0.215206	0.881593	0.176693	0.311583	0.853317	0.923952	0.168754	0.500055	0.958245	0.923785	0.0816272	0.739356	0.511791	0.447645	0.800559	0.552145	
0.933926	0.897855	0.128723	0.322371	0.0526056	0.822326	0.777731	0.392163	0.417549	0.583831	0.224291	0.247786	0.563881	0.0618143	0.515455	0.684499	0.185108	0.694305	0.63537	0.21143	0.565064	0.518724	0.523333	0.732576	0.995477	0.669072	0.0719484	0.578869	0.405203	0.0278592	0.776316	0.0235464	0.0863528	0.178417	0.221542	0.507688	0.837926	0.0257859	0.70486	0.387429	0.508616	0.854726	0.37008	0.714304	0.53392	0.0127124	0.174184	0.495692	0.966857	0.795764	
0.931508	0.312947	0.350209	0.37909	0.152169	0.444593	0.789288	0.108815	0.234575	0.548311	0.310577	0.42808	0.568372	0.26561	0.931988	0.284359	0.920944	0.0952651	0.886456	0.436365	0.246174	0.425447	0.590895	0.0546128	0.253774	0.484283	0.37105	0.0746326	0.665943	0.222863	0.943215	0.942698	0.790145	0.276235	0.241426	0.0741694	0.161099	0.592456	0.775724	0.163087	0.748497	0.329685	0.142589	0.33984	0.692161	0.493034	0.677542	0.0124324	0.341181	0.418942	
0.920682	0.995752	0.355885	0.445696	0.0425729	0.43041	0.223551	0.854688	0.0526656	0.148803	0.409711	0.742639	0.935258	0.307151	0.984561	0.0811228	0.472707	0.676601	0.729823	0.0312742	0.981535	0.528112	0.348713	0.330655	0.180528	0.938436	0.561984	0.817509	0.50143	0.895413	0.933716	0.0700551	0.0235554	0.870004	0.244719	0.893169	0.1561	0.853009	0.993985	0.90731	0.595764	0.831352	0.566921	0.573569	0.446612	0.731066	0.845736	0.929032	0.997526	0.345214	
0.755557	0.411729	0.264193	0.0992291	0.138079	0.489217	0.382277	0.48633	0.0454675	0.633191	0.413911	0.325073	0.523294	0.969799	0.467631	0.152259	0.81173	0.515982	0.810157	0.793875	0.377282	0.626967	0.243376	0.709383	0.957995	0.475342	0.190417	0.417463	0.221998	0.572926	0.987026	0.407844	0.589638	0.864642	0.965439	0.297683	0.0755886	0.473681	0.72865	0.766814	0.948588	0.150542	0.92248	0.415734	0.950633	0.0858889	0.534643	0.958114	0.920625	0.671761	
0.000575106	0.397372	0.843673	0.589166	0.454037	0.210577	0.321134	0.414324	0.441045	0.0128229	0.36637	0.411283	0.946959	0.395524	0.441832	0.303474	0.425597	0.450899	0.018026	0.556809	0.73704	0.765956	0.899132	0.599159	0.962372	0.320861	0.949836	0.73348	0.994764	0.649466	0.131242	0.339975	0.360907	0.864666	0.91385	0.308672	0.016694	0.569943	0.441644	0.0313398	0.82192	0.512782	0.998179	0.192247	0.429768	0.513827	0.972476	0.710259	0.636305	0.819458	
0.807617	0.118952	0.912289	0.26299	0.662115	0.265481	0.609916	0.872466	0.509332	0.292981	0.113146	0.107781	0.495953	0.53769	0.618766	0.520607	0.761449	0.721395	0.303542	0.29823	0.260554	0.0977443	0.0410738	0.973814	0.0989743	0.280455	0.569077	0.214717	0.900509	0.921175	0.463259	0.0425062	0.240741	0.285906	0.772641	0.0573832	0.625795	0.193578	0.804375	0.139827	0.795878	0.898656	0.0639329	0.875802	0.490123	0.398012	0.541142	0.467549	0.958924	0.3774	
0.407863	0.0138673	0.549667	0.801795	0.511072	0.921435	0.871338	0.558028	0.207814	0.351432	0.840127	0.486948	0.820729	0.563931	0.158792	0.256185	0.409089	0.777184	0.974003	0.686705	0.870875	0.51873	0.850908	0.614516	0.190715	0.0724389	0.817675	0.132917	0.629686	0.00384614	0.587608	0.672966	0.858577	0.496196	0.23667	0.211243	0.845035	0.104908	0.607422	0.0980132	0.28685	0.769535	0.027464	0.799557	0.307548	0.983901	0.26546	0.55107	0.275974	0.118169	
0.866624	0.428316	0.299733	0.0631102	0.922687	0.315659	0.441031	0.447839	0.0864381	0.626847	0.0942376	0.405662	0.712794	0.625839	0.422818	0.905678	0.863069	0.667769	0.234791	0.242218	0.882428	0.447993	0.689205	0.409277	0.604537	0.935552	0.896435	0.155811	0.784919	0.22417	0.369778	0.0128225	0.996925	0.540327	0.882683	0.856019	0.684159	0.992483	0.415841	0.64122	0.141969	0.95984	0.810247	0.265626	0.52668	0.842679	0.297944	0.237435	0.317269	0.67556	
0.0197822	0.323286	0.467429	0.933927	0.085051	0.971172	0.219594	0.417699	0.736531	0.17517	0.356303	0.0949951	0.181401	0.883773	0.384258	0.729227	0.595684	0.66551	0.0675035	0.532464	0.787371	0.529341	0.938695	0.990627	0.211569	0.854731	0.166575	0.508794	0.737336	0.652998	0.31109	0.868013	0.0601505	0.876223	0.267111	0.883986	0.600842	0.0426965	0.394187	0.57654	0.0967892	0.114976	0.902186	0.645812	0.146839	0.441973	0.706937	0.520397	0.154504	0.937123	
0.586656	0.658828	0.41409	0.112947	0.745402	0.512264	0.171417	0.445806	0.617542	0.668079	0.494011	0.398396	0.318771	0.851805	0.239915	0.816665	0.105643	0.00469909	0.233016	0.00601206	0.144072	0.217773	0.666167	0.250428	0.821039	0.567065	0.831906	0.03578	0.963488	0.853015	0.268067	0.689098	0.911066	0.556514	0.91907	0.575952	0.330895	0.0364102	0.542067	0.766411	0.949516	0.172386	0.601605	0.273085	0.63317	0.493463	0.0357842	0.155063	0.474358	0.0260776	
0.493532	0.718426	0.214659	0.152078	0.37129	0.741475	0.327078	0.807465	0.868582	0.940764	0.933666	0.843951	0.768571	0.758432	0.170695	0.121327	0.967659	0.630441	0.56319	0.883471	0.53526	0.381562	0.933773	0.258433	0.304474	0.781036	0.826017	0.227296	0.258914	0.935986	0.770578	0.240386	0.637629	0.749228	0.235641	0.334828	0.789979	0.834388	0.959233	0.680778	0.935455	0.916736	0.920556	0.568721	0.696319	0.686937	0.230659	0.786276	0.601788	0.975606	
0.630968	0.858992	0.460956	0.676797	0.501186	0.85528	0.59957	0.544864	0.000196209	0.758095	0.0865868	0.552289	0.274116	0.552381	0.100959	0.452587	0.231042	0.821247	0.43477	0.978492	0.724363	0.931404	0.855512	0.617649	0.723786	0.47441	0.498782	0.80519	0.228307	0.632183	0.313836	0.445813	0.260005	0.183918	0.955721	0.22373	0.250733	0.144672	0.286664	0.396431	0.118399	0.769743	0.00935424	0.623101	0.262308	0.80011	0.759858	0.455326	0.591286	0.154088	
0.655637	0.760865	0.612917	0.632164	0.911322	0.738772	0.270695	0.321371	0.364281	0.157927	0.141168	0.69671	0.567078	0.961995	0.860661	0.312187	0.738514	0.0161079	0.982376	0.168019	0.757679	0.190318	0.933701	0.792801	0.483864	0.0244621	0.891165	0.996676	0.580228	0.615025	0.562964	0.0692533	0.0918769	0.166028	0.252551	0.739975	0.956162	0.916988	0.14546	0.573073	0.24106	0.836985	0.227986	0.522193	0.247981	0.631425	0.70669	0.235037	0.242689	0.737767	
0.983167	0.325181	0.153315	0.273819	0.501969	0.784723	0.90739	0.380076	0.807579	0.29218	0.442161	0.304777	0.693312	0.492086	0.274837	0.142246	0.180493	0.976776	0.468857	0.595507	0.294754	0.262335	0.912039	0.62991	0.704589	0.965842	0.625058	0.121712	0.581162	0.909364	0.970412	0.387109	0.126521	0.441861	0.748604	0.520736	0.750943	0.691774	0.330506	0.936328	0.358456	0.313018	0.2756	0.576799	0.801198	0.673023	0.430916	0.137245	0.840415	0.0454988	
0.406861	0.377367	0.187915	0.977878	0.716033	0.548169	0.330744	0.893362	0.0482245	0.662218	0.59093	0.942162	0.417934	0.576839	0.489223	0.693922	0.637456	0.107343	0.287375	0.506841	0.850985	0.704098	0.967248	0.120496	0.559382	0.95993	0.117776	0.989524	0.876889	0.602458	0.862202	0.476204	0.248773	0.399492	0.689712	0.197239	0.941849	0.449452	0.497255	0.760575	0.196066	0.561046	0.795052	0.723074	0.684567	0.564689	0.156565	0.297164	0.657351	0.866305	
0.0175889	0.232409	0.493576	0.0826955	0.812614	0.746977	0.848977	0.379345	0.377087	0.301087	0.786755	0.0859342	0.473942	0.428197	0.989906	0.33632	0.555182	0.918131	0.713016	0.653589	0.125718	0.983479	0.465538	0.53027	0.295216	0.472282	0.559715	0.122622	0.0670667	0.876289	0.254996	0.287062	0.970826	0.804805	0.615542	0.177161	0.97066	0.144302	0.416434	0.957106	0.677267	0.495106	0.990455	0.827772	0.0423681	0.340076	0.849841	0.974916	0.525163	0.604776	
0.545138	0.0181217	0.028475	0.302271	0.989597	0.696379	0.291023	0.551559	0.620576	0.0734558	0.310747	0.112796	0.0155305	0.184916	0.304914	0.78891	0.802211	0.216543	0.509859	0.585144	0.895587	0.902151	0.397825	0.480279	0.353504	0.124627	0.342716	0.588982	0.497786	0.277254	0.683577	0.956123	0.402806	0.828183	0.96933	0.48171	0.625652	0.0858221	0.213191	0.715754	0.087322	0.927229	0.184779	0.543769	0.590223	0.209889	0.517021	0.0540572	0.708942	0.673791	
0.0552817	0.0632557	0.137691	0.171087	0.608026	0.487713	0.336026	0.0304378	0.218243	0.694387	0.805703	0.090256	0.877739	0.388846	0.269709	0.557375	0.473962	0.00321139	0.801258	0.277597	0.0062781	0.164736	0.454257	0.715382	0.503325	0.977015	0.64908	0.108058	0.650171	0.772458	0.483574	0.071413	0.310292	0.492216	0.0244233	0.783441	0.92147	0.257712	0.874095	0.662279	0.0987337	0.715281	0.942418	0.708059	0.333965	0.487795	0.41513	0.213541	0.384403	0.885008	
0.573695	0.276568	0.485414	0.344859	0.838674	0.548901	0.0257259	0.641969	0.492214	0.850728	0.18197	0.161267	0.650296	0.871169	0.750037	0.149871	0.849812	0.888868	0.0391337	0.306564	0.867864	0.645005	0.32132	0.334307	0.555599	0.820498	0.383237	0.633641	0.122519	0.868848	0.935936	0.871619	0.394214	0.722063	0.279457	0.572858	0.996264	0.548494	0.952905	0.84073	0.0556517	0.890884	0.439832	0.102654	0.145168	0.256945	0.278477	0.482169	0.68527	0.39733	
0.307258	0.785316	0.0731737	0.415192	0.866938	0.854601	0.856014	0.742913	0.573263	0.832985	0.544425	0.527211	0.00036198	0.181662	0.952811	0.738412	0.768854	0.230049	0.6201	0.31884	0.485649	0.89375	0.437666	0.0463629	0.773209	0.00916829	0.46881	0.491904	0.299167	0.968554	0.526716	0.666943	0.225186	0.519179	0.787978	0.965173	0.371269	0.630877	0.696399	0.930163	0.903302	0.194386	0.262852	0.478984	0.282126	0.239352	0.246455	0.632524	0.378661	0.796022	
0.439676	0.433424	0.071497	0.280164	0.381209	0.74126	0.524297	0.894003	0.578664	0.597531	0.538985	0.557213	0.868268	0.200159	0.057094	0.561483	0.16823	0.723814	0.937697	0.565333	0.111512	0.276548	0.482499	0.58237	0.681048	0.808556	0.626831	0.605211	0.403174	0.39386	0.5886	0.617783	0.131695	0.448624	0.987223	0.759263	0.309596	0.25406	0.415021	0.181198	0.966201	0.28335	0.894191	0.701861	0.708696	0.0430605	0.815862	0.832808	0.811133	0.219554	
0.190477	0.299403	0.455696	0.324986	0.688159	0.41329	0.237244	0.357697	0.700544	0.558785	0.964437	0.0964873	0.0635066	0.554196	0.479567	0.0841753	0.974481	0.805921	0.567644	0.039316	0.852372	0.796735	0.887325	0.959288	0.562205	0.612557	0.747045	0.94683	0.46374	0.419775	0.199414	0.929848	0.833478	0.959723	0.266065	0.690766	0.145638	0.408691	0.517907	0.0357824	0.217484	0.0296227	0.655797	0.420546	0.977946	0.955423	0.351197	0.227196	0.344785	0.516299	
0.0236365	0.742045	0.830145	0.824407	0.808367	0.202198	0.452447	0.571793	0.552713	0.398688	0.174886	0.0321872	0.24876	0.0361037	0.705796	0.883142	0.299435	0.202705	0.919907	0.681104	0.225218	0.947372	0.482547	0.716862	0.0431562	0.0451235	0.414169	0.45294	0.612305	0.656158	0.904205	0.988995	0.965071	0.292282	0.760649	0.370776	0.136502	0.0150435	0.238331	0.784068	0.981912	0.985297	0.432457	0.437978	0.75585	0.951335	0.495041	0.0972245	0.93842	0.662027	
