25	50
118.907	0.0347822
104.864	0.159313
120.523	0.92413
112.669	0.992014
105.776	0.953771
101.544	0.893294
100.672	0.97775
109.17	0.214524
101.048	0.286646
105.264	0.788333
104.283	0.188408
106.636	0.608684
106.097	0.357118
101.961	0.357374
100.305	0.532642
115.377	0.355742
99.0091	0.0084021
103.387	0.919511
114.874	0.966282
122.349	0.940807
112.844	0.367159
108.52	0.472897
107.154	0.705298
105.259	0.936428
99.8864	0.379728
22.1094
32.0791
16.8459
27.2493
42.9093
2.29919
25.2993
48.5425
26.5947
3.27326
8.50134
9.30004
2.37479
22.2723
1.19908
2.36166
3.67519
9.34202
11.2302
37.3995
41.5547
18.5576
46.5489
17.0613
22.3331
22.6489
29.0992
7.27183
39.2172
7.81369
19.1286
11.4679
25.041
26.7548
22.0852
30.477
10.3061
23.0319
31.6549
15.2093
40.0614
47.7014
21.2241
2.74634
1.22906
30.6052
42.352
48.8022
49.7568
38.7886
0.638305	0.148478	0.0496938	0.704132	0.319603	0.438834	0.610662	0.839247	0.988404	0.80081	0.203357	0.114522	0.307271	0.694745	0.204874	0.0968275	0.155747	0.695594	0.797076	0.748256	0.686615	0.805081	0.0377385	0.722934	0.770586	0.199015	0.333482	0.348489	0.939419	0.977075	0.607658	0.874189	0.652953	0.618003	0.401634	0.744609	0.9201	0.76282	0.727758	0.268929	0.626178	0.449944	0.597856	0.990601	0.242934	0.172791	0.806265	0.326869	0.737878	0.0631907	
0.825706	0.015885	0.28888	0.210804	0.849412	0.71475	0.984356	0.255535	0.0282191	0.0812754	0.918131	0.783763	0.645002	0.265121	0.261957	0.35435	0.559373	0.294016	0.865145	0.057082	0.853083	0.419888	0.410724	0.193427	0.90882	0.0457679	0.639887	0.819063	0.529406	0.43746	0.323968	0.125003	0.362333	0.487331	0.0757037	0.993806	0.963682	0.488859	0.875559	0.996685	0.253372	0.0463357	0.304458	0.855959	0.635993	0.348812	0.364514	0.674443	0.0161874	0.335721	
0.700485	0.64443	0.305488	0.932689	0.324234	0.138691	0.113943	0.0617717	0.476985	0.316517	0.419485	0.144021	0.00435761	0.322108	0.778348	0.0717351	0.0393903	0.847984	0.527379	0.782579	0.535813	0.175266	0.36932	0.478662	0.030273	0.476087	0.725167	0.717369	0.137965	0.909399	0.175679	0.129239	0.299768	0.93544	0.361212	0.538399	0.00173989	0.427716	0.384494	0.819134	0.707749	0.823889	0.824215	0.444338	0.0274714	0.245273	0.777837	0.291096	0.229159	0.00844199	
0.0459321	0.791434	0.596077	0.0250691	0.87462	0.296434	0.894004	0.472942	0.212462	0.254434	0.563809	0.589594	0.0323437	0.524439	0.631941	0.82995	0.895901	0.114421	0.0889757	0.67584	0.13133	0.347854	0.542617	0.899383	0.958266	0.950718	0.628856	0.228529	0.134362	0.704615	0.810956	0.289798	0.993559	0.596407	0.176153	0.645578	0.180689	0.381209	0.707213	0.108276	0.580278	0.997944	0.516982	0.122416	0.885916	0.855965	0.935738	0.769307	0.209787	0.221175	
0.371364	0.42798	0.265376	0.978789	0.860118	0.33467	0.78803	0.579073	0.807233	0.650863	0.922373	0.678582	0.173261	0.310141	0.998085	0.632091	0.0160815	0.639994	0.0385124	0.653987	0.388932	0.527792	0.108389	0.563261	0.760603	0.151564	0.185053	0.187426	0.203715	0.50775	0.996721	0.0284166	0.765698	0.10454	0.703453	0.456885	0.118879	0.154086	0.506333	0.897801	0.485062	0.697227	0.54763	0.871435	0.42587	0.998666	0.807287	0.0650338	0.455454	0.608756	
0.345119	0.539961	0.0533326	0.0602592	0.897315	0.77815	0.86714	0.841999	0.232471	0.169886	0.73741	0.598457	0.177851	0.677254	0.871948	0.532879	0.647727	0.167437	0.974653	0.131133	0.0680933	0.74553	0.138209	0.615282	0.0270299	0.486308	0.87112	0.646691	0.660747	0.185212	0.803862	0.699727	0.593376	0.740156	0.104309	0.53543	0.54152	0.687978	0.268399	0.821368	0.890443	0.0139703	0.39322	0.399626	0.186914	0.996339	0.592348	0.573881	0.115932	0.651686	
0.301046	0.971626	0.670386	0.530242	0.117743	0.815819	0.52672	0.984505	0.884911	0.287218	0.472904	0.406134	0.343258	0.951127	0.793569	0.375419	0.466341	0.802533	0.986287	0.754763	0.743455	0.573433	0.0817505	0.0555286	0.202653	0.683732	0.708383	0.0832982	0.99967	0.0722	0.996662	0.649902	0.0500155	0.0102663	0.248637	0.848526	0.886315	0.768658	0.818803	0.339438	0.772398	0.897925	0.281701	0.752319	0.692578	0.0108684	0.0615933	0.720311	0.466788	0.369792	
0.585173	0.790923	0.339478	0.807793	0.732394	0.986636	0.76027	0.191504	0.660151	0.146666	0.454668	0.878198	0.159487	0.0600959	0.659855	0.994295	0.705903	0.123816	0.718976	0.330596	0.959012	0.854144	0.915521	0.322702	0.584578	0.27108	0.567174	0.548372	0.662631	0.96205	0.433458	0.61534	0.737079	0.447627	0.769393	0.424944	0.0991883	0.101815	0.779087	0.478625	0.543898	0.576998	0.535202	0.743183	0.721145	0.494102	0.418455	0.782207	0.270146	0.823387	
0.64512	0.978883	0.463953	0.151864	0.24053	0.135242	0.709367	0.713788	0.0814884	0.183811	0.372015	0.457989	0.0907454	0.813918	0.15285	0.806207	0.709489	0.0392096	0.379933	0.992759	0.313799	0.377841	0.237864	0.515754	0.422802	0.265712	0.82981	0.853692	0.786704	0.283475	0.940212	0.653556	0.799018	0.701224	0.158815	0.278622	0.244443	0.761978	0.496049	0.180134	0.486521	0.160778	0.633438	0.589578	0.861481	0.198598	0.876673	0.2858	0.753503	0.400108	
0.000974104	0.584433	0.286249	0.812856	0.104117	0.0703277	0.520999	0.268781	0.268632	0.0649483	0.856361	0.856703	0.0640261	0.655063	0.565836	0.551214	0.29335	0.265145	0.102964	0.557844	0.0391975	0.347988	0.391792	0.886811	0.250945	0.158972	0.491526	0.204331	0.80708	0.624376	0.00949546	0.699542	0.691673	0.0275593	0.0907034	0.486527	0.0230013	0.134551	0.552144	0.324443	0.906434	0.871631	0.626389	0.312783	0.0162778	0.635871	0.521361	0.972229	0.0386595	0.434691	
0.164826	0.995161	0.117384	0.965456	0.658408	0.421759	0.555112	0.543376	0.768207	0.374748	0.741719	0.272889	0.579973	0.378849	0.115506	0.598387	0.684657	0.146823	0.434326	0.532634	0.123131	0.0304275	0.694869	0.403375	0.530982	0.728446	0.990919	0.615171	0.422473	0.811226	0.374763	0.129362	0.398768	0.296174	0.33541	0.279252	0.936951	0.513994	0.973303	0.909381	0.234676	0.259899	0.702473	0.719588	0.0735385	0.560358	0.822672	0.679314	0.49356	0.18722	
0.370546	0.946914	0.519608	0.54594	0.651014	0.192001	0.415463	0.426684	0.959788	0.363522	0.584895	0.710232	0.922395	0.55733	0.466102	0.244199	0.990965	0.595409	0.198167	0.517635	0.483491	0.342686	0.884523	0.585077	0.698137	0.366934	0.206093	0.935826	0.0454767	0.545167	0.934289	0.267319	0.409404	0.321112	0.0960437	0.0109785	0.962023	0.657449	0.445838	0.461891	0.891422	0.418958	0.102386	0.441666	0.7409	0.0896354	0.124353	0.412624	0.364525	0.417576	
0.311819	0.000988105	0.137107	0.481039	0.881645	0.303706	0.880743	0.944734	0.378742	0.0953338	0.643257	0.235109	0.446675	0.273527	0.0123188	0.308118	0.472159	0.715594	0.558406	0.368999	0.776623	0.944327	0.775029	0.884641	0.459896	0.519704	0.296096	0.662454	0.518407	0.382937	0.585488	0.961211	0.234383	0.674699	0.482596	0.434122	0.413395	0.429443	0.488848	0.847481	0.692553	0.107196	0.447408	0.205848	0.211896	0.847159	0.650028	0.597887	0.088078	0.863316	
0.989705	0.0707211	0.409845	0.630469	0.762987	0.0920357	0.0168349	0.368625	0.211242	0.580644	0.819023	0.166449	0.367715	0.0200053	0.94778	0.448934	0.792059	0.83459	0.503921	0.682071	0.017793	0.475902	0.407865	0.459481	0.681706	0.445392	0.0407352	0.674048	0.844086	2.51938e-05	0.0952319	0.252895	0.572308	0.0591502	0.449421	0.177836	0.579832	0.685999	0.915449	0.589915	0.468821	0.649384	0.593387	0.606913	0.645479	0.205864	0.571827	0.589474	0.456189	0.259689	
0.439638	0.955815	0.31766	0.41533	0.392431	0.990707	0.878791	0.694399	0.980246	0.594582	0.720217	0.423266	0.272597	0.802043	0.222257	0.0187154	0.348949	0.519773	0.200973	0.0862394	0.526587	0.433074	0.937444	0.767302	0.116579	0.479691	0.0147562	0.298624	0.75543	0.168041	0.0737961	0.756967	0.520227	0.452899	0.0334306	0.393657	0.379295	0.170164	0.264488	0.781445	0.311694	0.355939	0.0256353	0.99872	0.189503	0.251602	0.635042	0.0760102	0.304718	0.884721	
0.382811	0.428255	0.183224	0.360229	0.0202653	0.459355	0.334503	0.516797	0.105666	0.767953	0.381165	0.679611	0.486006	0.0647469	0.00730079	0.776788	0.715086	0.427981	0.717674	0.626912	0.974043	0.097067	0.950267	0.385711	0.486889	0.0521917	0.10307	0.509838	0.377073	0.605207	0.7681	0.466557	0.995582	0.397055	0.20411	0.985925	0.415237	0.593308	0.388466	0.0118193	0.643987	0.714296	0.171298	0.935464	0.156348	0.58146	0.717236	0.585461	0.0171908	0.496953	
0.74288	0.385861	0.597587	0.827374	0.667962	0.43759	0.604288	0.906644	0.392364	0.774627	0.0924231	0.51059	0.309056	0.604366	0.78888	0.137865	0.866801	0.581553	0.556225	0.576979	0.743786	0.501697	0.0288148	0.410449	0.691963	0.81051	0.446042	0.893272	0.0356099	0.391513	0.471737	0.253319	0.210717	0.43211	0.221574	0.362251	0.914138	0.529632	0.194201	0.309626	0.289183	0.805475	0.976514	0.452075	0.429402	0.851832	0.194435	0.875297	0.0850967	0.814784	
0.53494	0.54381	0.745471	0.652837	0.215346	0.488988	0.209509	0.376242	0.158548	0.0888059	0.242415	0.471308	0.900891	0.101224	0.675541	0.792119	0.483392	0.478224	0.689887	0.664318	0.144301	0.0969271	0.882338	0.794224	0.408419	0.158022	0.714651	0.903108	0.21871	0.778202	0.230337	0.291958	0.244282	0.423507	0.668353	0.804119	0.885158	0.988043	0.077154	0.906695	0.368455	0.200099	0.210383	0.0454479	0.811194	0.478217	0.278958	0.197976	0.301351	0.566789	
0.529114	0.614672	0.232501	0.581788	0.891158	0.291929	0.274828	0.338136	0.376447	0.849957	0.883312	0.300285	0.300929	0.799369	0.984335	0.103628	0.810121	0.823382	0.376186	0.1194	0.0575484	0.936079	0.549287	0.342474	0.532249	0.173497	0.823132	0.46963	0.439321	0.535371	0.969385	0.357376	0.510849	0.848949	0.62208	0.771145	0.885133	0.854056	0.292624	0.441353	0.163566	0.682598	0.870369	0.202128	0.253995	0.629349	0.0621051	0.400791	0.357944	0.9491	
0.557417	0.0818787	0.230609	0.759082	0.740458	0.500136	0.384722	0.587877	0.986679	0.763592	0.823164	0.374129	0.612199	0.22087	0.92018	0.240237	0.887584	0.0481427	0.711027	0.535886	0.289029	0.487929	0.0930103	0.0312963	0.592585	0.215162	0.363027	0.585468	0.469565	0.335835	0.86041	0.617944	0.127665	0.893436	0.789203	0.178027	0.029189	0.350441	0.673441	0.395636	0.833304	0.339405	0.839655	0.729055	0.929128	0.588922	0.320202	0.827237	0.40206	0.826254	
0.687233	0.0370796	0.729612	0.882998	0.735619	0.386131	0.123989	0.536053	0.383938	0.0486545	0.612216	0.320905	0.427711	0.446119	0.526539	0.712356	0.464333	0.720177	0.470092	0.840689	0.112207	0.2339	0.212681	0.642638	0.118885	0.627903	0.292644	0.18052	0.0077796	0.876803	0.996593	0.442049	0.927403	0.280021	0.544586	0.937778	0.0224711	0.283849	0.0991747	0.227738	0.281641	0.486083	0.135576	0.969963	0.396383	0.330253	0.818263	0.451237	0.0998939	0.628045	
0.669306	0.014821	0.43499	0.388544	0.254682	0.502552	0.246043	0.757923	0.242204	0.248382	0.870086	0.844424	0.782718	0.70036	0.227446	0.915367	0.0553603	0.351307	0.993249	0.917208	0.211367	0.474204	0.19863	0.460135	0.797473	0.192609	0.276811	0.848432	0.661125	0.350064	0.954809	0.640808	0.216253	0.663563	0.483046	0.339471	0.208572	0.324635	0.93718	0.976066	0.652173	0.298756	0.0921524	0.0675387	0.155675	0.0807666	0.5601	0.113476	0.137183	0.640516	
0.426906	0.506217	0.966827	0.616311	0.235828	0.585564	0.391577	0.423277	0.629164	0.0779737	0.378132	0.987098	0.817383	0.942481	0.816475	0.122204	0.156642	0.271098	0.0984708	0.789302	0.768779	0.532354	0.238264	0.300431	0.282382	0.951981	0.790337	0.260859	0.694141	0.150697	0.546882	0.877952	0.978416	0.238125	0.228081	0.506758	0.501764	0.19489	0.295714	0.314617	0.88433	0.0592971	0.852658	0.754213	0.546768	0.00284735	0.71034	0.34944	0.123818	0.275692	
0.547798	0.625693	0.831973	0.606004	0.0600717	0.48622	0.225791	0.0765398	0.676247	0.533859	0.239633	0.691553	0.849774	0.0821775	0.442291	0.954186	0.711566	0.663358	0.670395	0.0152116	0.418346	0.047512	0.252936	0.326459	0.510846	0.730165	0.344771	0.556259	0.59034	0.769756	0.755606	0.951249	0.283175	0.512557	0.222044	0.920619	0.173578	0.17759	0.695934	0.640967	0.246183	0.72922	0.689391	0.546267	0.134999	0.218743	0.40891	0.749216	0.857057	0.97128	
0.440602	0.832477	0.473357	0.741056	0.768273	0.694148	0.3187	0.859498	0.790285	0.24816	0.480857	0.53002	0.11137	0.653473	0.693804	0.953005	0.333899	0.647572	0.81948	0.387033	0.82233	0.555553	0.680341	0.359535	0.179036	0.321105	0.643553	0.612072	0.577744	0.69297	0.162335	0.41674	0.783829	0.0136118	0.316783	0.968814	0.146118	0.72314	0.459979	0.975167	0.107412	0.286888	0.788667	0.27438	0.204096	0.250063	0.689096	0.263137	0.491438	0.577081	
