25	30
104.806	0.514534
110.574	0.0690645
116.398	0.271538
107.432	0.186458
115.343	0.768182
116.478	0.899965
121.46	0.901613
122.318	0.797758
122.556	0.265768
103.39	0.21537
103.506	0.474661
111.408	0.379676
116.95	0.931985
124.674	0.645727
113.719	0.905633
109.294	0.0774338
119.93	0.425083
118.663	0.826564
118.565	0.789604
104.921	0.368048
112.352	0.716322
117.545	0.83382
119.967	0.767728
119.103	0.604283
102.047	0.583757
3.77115
48.2259
4.91307
19.5253
12.6222
10.3692
46.4594
18.545
13.0674
5.27412
32.3452
19.5507
33.3782
24.6749
11.3791
6.17235
22.8628
4.6925
49.28
5.75117
18.0311
44.5658
23.8327
22.6026
4.33165
31.7494
22.5127
10.7513
41.673
8.47009
0.954924	0.941734	0.311868	0.815555	0.798451	0.353099	0.618691	0.346053	0.919629	0.166521	0.73396	0.531964	0.188256	0.219641	0.148196	0.385202	0.972236	0.513138	0.439862	0.990393	0.667236	0.0291781	0.367987	0.00320883	0.246281	0.816956	0.443708	0.0530341	0.174132	0.816807	
0.405726	0.508834	0.0925243	0.971455	0.461836	0.875554	0.770911	0.808589	0.25885	0.500923	0.366702	0.270535	0.729462	0.950261	0.952207	0.610451	0.301143	0.870544	0.657552	0.663819	0.0925412	0.853516	0.518434	0.382715	0.718014	0.0854277	0.51824	0.860652	0.516643	0.130627	
0.614251	0.62796	0.287494	0.410231	0.265486	0.599876	0.427628	0.0655635	0.672829	0.387862	0.384705	0.493805	0.842778	0.465468	0.294086	0.308483	0.727199	0.8716	0.755331	0.152355	0.398268	0.828637	0.135813	0.851536	0.320873	0.42863	0.758261	0.797908	0.160578	0.478671	
0.751673	0.533389	0.0318163	0.717637	0.182859	0.298523	0.774731	0.549852	0.550463	0.983007	0.966818	0.486674	0.0548155	0.273523	0.0215674	0.327551	0.495109	0.229897	0.611075	0.48077	0.107087	0.22327	0.55348	0.146192	0.723145	0.41865	0.082395	0.0483847	0.0465781	0.950723	
0.243885	0.494111	0.860509	0.855833	0.583356	0.260265	0.724183	0.217131	0.0452076	0.763693	0.602395	0.268463	0.611267	0.791733	0.456745	0.953015	0.941016	0.707974	0.992212	0.346642	0.264137	0.978885	0.34548	0.812783	0.136065	0.296866	0.450808	0.429388	0.12808	0.635752	
0.312069	0.571316	0.403946	0.537322	0.247235	0.87184	0.961042	0.621092	0.145872	0.579172	0.976914	0.518462	0.533871	0.0549797	0.898425	0.00305931	0.137693	0.759081	0.0110032	0.891044	0.661123	0.84974	0.904822	0.466168	0.945056	0.980527	0.808661	0.893832	0.832279	0.302297	
0.805524	0.721236	0.189714	0.769069	0.0740071	0.845602	0.276446	0.717804	0.660557	0.743742	0.534791	0.272387	0.866948	0.401967	0.711055	0.100898	0.960975	0.179259	0.349274	0.108443	0.667984	0.526247	0.422111	0.456365	0.61153	0.901208	0.36077	0.841335	0.640834	0.0793639	
0.0584899	0.268031	0.568962	0.0698288	0.659573	0.528517	0.507988	0.0189635	0.940953	0.0208211	0.934615	0.423794	0.0234715	0.117217	0.160366	0.333191	0.201916	0.211328	0.256047	0.62398	0.402706	0.326118	0.135289	0.52225	0.179908	0.563446	0.295594	0.569903	0.798846	0.309229	
0.930428	0.625215	0.765497	0.228391	0.133742	0.938636	0.394057	0.353525	0.852772	0.791057	0.355356	0.0449984	0.0471374	0.736555	0.95125	0.453575	0.266574	0.560185	0.187936	0.575492	0.672664	0.32243	0.394462	0.452252	0.408719	0.583927	0.203289	0.55004	0.806962	0.645599	
0.0575779	0.26742	0.993598	0.694411	0.863422	0.160071	0.118336	0.368471	0.225499	0.480519	0.771769	0.385879	0.256203	0.980445	0.752153	0.905816	0.474777	0.929881	0.0491108	0.0777613	0.684579	0.88177	0.0226072	0.6397	0.0510184	0.897006	0.692541	0.930208	0.823594	0.121081	
0.213762	0.854445	0.687216	0.821066	0.518732	0.355006	0.68002	0.0384592	0.0674134	0.357821	0.521005	0.830302	0.832415	0.29498	0.542363	0.896357	0.944483	0.136286	0.439115	0.933461	0.720331	0.0591681	0.226359	0.0235457	0.887458	0.599161	0.0666926	0.956625	0.166797	0.161337	
0.342676	0.469027	0.233084	0.0287353	0.434812	0.261478	0.495755	0.611332	0.675164	0.885958	0.327229	0.120741	0.240153	0.322709	0.406981	0.316187	0.673387	0.193574	0.362835	0.79839	0.648832	0.084903	0.262724	0.883388	0.889263	0.236429	0.297367	0.73641	0.668341	0.776265	
0.813986	0.964523	0.394713	0.718388	0.996206	0.483516	0.426447	0.515176	0.579946	0.768338	0.479297	0.199072	0.639201	0.347411	0.994887	0.612429	0.162985	0.781458	0.251867	0.561898	0.417928	0.0661656	0.295214	0.186824	0.711286	0.244929	0.514668	0.941546	0.109632	0.790287	
0.640918	0.948277	0.537523	0.0458343	0.0324466	0.011601	0.750356	0.95256	0.686175	0.421694	0.40202	0.243798	0.532481	0.417134	0.977632	0.835372	0.744502	0.613321	0.774238	0.239215	0.982259	0.00844862	0.0880249	0.156604	0.743679	0.543242	0.290158	0.671837	0.00129355	0.488895	
0.504573	0.218986	0.380568	0.191689	0.272804	0.686777	0.932684	0.898021	0.495357	0.0744794	0.0779221	0.0205202	0.677328	0.745039	0.97238	0.414153	0.431136	0.129895	0.923724	0.195799	0.36546	0.0213577	0.864665	0.341221	0.629238	0.647785	0.624328	0.396696	0.793259	0.947746	
0.0881443	0.129274	0.553144	0.724583	0.996352	0.536368	0.832543	0.899199	0.380949	0.00863028	0.302393	0.068397	0.980913	0.711031	0.616647	0.602335	0.414952	0.215963	0.903848	0.645463	0.128402	0.793605	0.925605	0.266281	0.996037	0.898213	0.764761	0.874691	0.382715	0.628606	
0.138407	0.912391	0.233118	0.103231	0.323404	0.844601	0.976657	0.107164	0.850978	0.809246	0.679674	0.955345	0.264145	0.0276569	0.201927	0.771057	0.361338	0.630081	0.571698	0.0992001	0.876775	0.168541	0.212556	0.0759157	0.534111	0.523894	0.445369	0.807956	0.215946	0.690761	
0.517984	0.675717	0.167849	0.818394	0.479333	0.226164	0.887193	0.386658	0.907997	0.588802	0.803776	0.219444	0.49382	0.935535	0.310731	0.0356206	0.599918	0.345832	0.400054	0.85517	0.4187	0.704909	0.381786	0.0947847	0.692829	0.878593	0.995213	0.16511	0.127575	0.713041	
0.544143	0.532591	0.905235	0.489041	0.897653	0.0552872	0.155564	0.348755	0.264408	0.100323	0.605597	0.650595	0.661902	0.521094	0.771019	0.950484	0.337385	0.897355	0.0672856	0.727056	0.459094	0.804754	0.140482	0.177851	0.69978	0.415573	0.523661	0.271388	0.0808748	0.174114	
0.884553	0.981093	0.0643192	0.953104	0.92094	0.0644457	0.41252	0.0503894	0.0625307	0.806723	0.401715	0.843126	0.81486	0.233019	0.148334	0.806507	0.930447	0.190715	0.0920884	0.91304	0.369846	0.223987	0.367882	0.081431	0.173925	0.84745	0.321855	0.929188	0.383181	0.713172	
0.249235	0.907608	0.914542	0.98039	0.941383	0.208905	0.227699	0.316852	0.73865	0.1996	0.424867	0.600643	0.54758	0.291963	0.99522	0.718658	0.878851	0.705466	0.514343	0.100063	0.878981	0.7102	0.178165	0.378632	0.911488	0.342205	0.228416	0.428636	0.186754	0.877069	
0.893041	0.473931	0.939135	0.105708	0.7213	0.678486	0.826455	0.928455	0.907889	0.716185	0.704343	0.150435	0.382775	0.818922	0.228332	0.229555	0.965322	0.455361	0.767018	0.587389	0.479998	0.0118914	0.743939	0.760415	0.894127	0.56473	0.0462463	0.627036	0.875464	0.224143	
0.707709	0.870195	0.989859	0.704122	0.823865	0.587277	0.298236	0.535001	0.0682902	0.0861726	0.409707	0.536613	0.611156	0.00404196	0.263246	0.235758	0.476432	0.188003	0.269791	0.404018	0.448485	0.396641	0.807545	0.36712	0.848518	0.630095	0.00839108	0.0721331	0.725491	0.417515	
0.299158	0.777152	0.62916	0.194638	0.819813	0.364153	0.706591	0.723844	0.192855	0.139084	0.988626	0.25214	0.364667	0.644465	0.155111	0.542944	0.504506	0.280893	0.233642	0.892078	0.801835	0.6279	0.927321	0.84688	0.848382	0.206074	0.544206	0.143433	0.467749	0.253189	
0.919586	0.492916	0.909817	0.494116	0.225801	0.71034	0.540268	0.861333	0.331461	0.75714	0.480058	0.375538	0.15436	0.717295	0.263642	0.952647	0.368106	0.00199506	0.358448	0.844092	0.589487	0.516629	0.677525	0.191596	0.280787	0.852897	0.0925825	0.782718	0.9748	0.210029	
