30	40
125.819	0.365324
147.13	0.783365
136.583	0.584118
137.459	0.962574
125.597	0.340915
128.948	0.19459
125.835	0.902492
140.835	0.301939
140.312	0.647387
126.522	0.845065
149.61	0.555731
130.612	0.182492
138.756	0.188394
132.218	0.123082
126.452	0.315483
126.787	0.786166
144.778	0.90196
134.87	0.647182
132.511	0.891817
134.996	0.31739
135.213	0.948288
134.979	0.919472
138.563	0.997111
136.068	0.338627
133.405	0.383249
151.893	0.75323
135.443	0.759093
147.244	0.853459
125.627	0.583989
133.157	0.483786
43.4501
32.3493
31.3362
22.9233
40.838
33.2905
11.3581
4.23974
32.8755
16.9126
30.9107
6.82958
4.66535
27.8598
33.6587
10.7954
6.0133
11.7224
22.9537
36.2999
2.67772
11.0862
34.0986
28.2509
29.8581
30.7064
17.3695
22.4722
8.63748
13.4172
14.6371
21.4223
40.6051
21.1735
38.8724
45.2432
20.5858
17.5863
14.0267
1.75103
0.807331	0.214659	0.53436	0.179603	0.695011	0.237341	0.343539	0.993418	0.00282178	0.713545	0.265933	0.890263	0.418789	0.424446	0.379279	0.955017	0.211998	0.00783137	0.553675	0.230382	0.2329	0.0962855	0.0962216	0.302975	0.877606	0.609657	0.495388	0.522315	0.737723	0.362641	0.213262	0.811868	0.0633744	0.380376	0.325123	0.545107	0.367375	0.145914	0.868879	0.874306	
0.270619	0.0477724	0.813034	0.637229	0.912169	0.909905	0.140904	0.408817	0.0436514	0.813877	0.0959193	0.00420934	0.000447303	0.996672	0.776136	0.847234	0.638128	0.867307	0.263004	0.584028	0.159661	0.745093	0.480895	0.994476	0.0477486	0.356962	0.435247	0.626544	0.462537	0.242392	0.911149	0.728985	0.844031	0.849847	0.351039	0.382707	0.544324	0.866533	0.0835673	0.244549	
0.460945	0.228195	0.912101	0.0676688	0.139605	0.451715	0.511837	0.94123	0.962103	0.890467	0.197694	0.811259	0.752396	0.707565	0.722453	0.482234	0.559086	0.603784	0.936658	0.112941	0.203565	0.395524	0.106183	0.298515	0.976571	0.75389	0.529856	0.183196	0.384021	0.69775	0.482546	0.410023	0.27606	0.722584	0.509074	0.744462	0.894886	0.745265	0.874667	0.494346	
0.174358	0.9732	0.172157	0.0334355	0.170501	0.380368	0.789245	0.915731	0.162045	0.234506	0.307084	0.959543	0.367832	0.679703	0.660275	0.636181	0.359925	0.821666	0.418486	0.885346	0.900322	0.744774	0.321111	0.968313	0.786095	0.50018	0.959731	0.0936644	0.797352	0.0783388	0.422072	0.90869	0.197819	0.276247	0.529937	0.913492	0.884586	0.354876	0.326101	0.654223	
0.866837	0.157261	0.0759289	0.722444	0.846955	0.920713	0.542711	0.434035	0.556324	0.617241	0.429625	0.935809	0.266109	0.200491	0.715362	0.75946	0.916755	0.467361	0.10275	0.424472	0.75287	0.53329	0.912793	0.526958	0.575741	0.233882	0.0748769	0.732583	0.223089	0.368949	0.095407	0.561661	0.315612	0.399006	0.677705	0.456384	0.71128	0.512215	0.801156	0.0538658	
0.730658	0.637154	0.390296	0.171042	0.459563	0.52908	0.778336	0.372636	0.120869	0.52685	0.578662	0.300941	0.558815	0.264136	0.571832	0.0311289	0.808528	0.549094	0.968142	0.112312	0.818763	0.480502	0.873756	0.43401	0.748266	0.907602	0.726012	0.797686	0.651249	0.121961	0.770017	0.913486	0.88218	0.983344	0.463615	0.164712	0.326584	0.237743	0.178817	0.207902	
0.832801	0.857812	0.996164	0.203493	0.559462	0.762165	0.474604	0.0421183	0.103587	0.60672	0.661517	0.565208	0.889746	0.899627	0.923354	0.967954	0.563009	0.576944	0.599622	0.168481	0.422312	0.476949	0.05563	0.773082	0.288585	0.634013	0.924045	0.590121	0.166158	0.243896	0.937376	0.594833	0.1605	0.920696	0.54948	0.100488	0.699213	0.814059	0.295103	0.021892	
0.682513	0.864152	0.34105	0.0206107	0.557264	0.0342359	0.648386	0.867277	0.148697	0.344696	0.172162	0.7408	0.495202	0.47898	0.080207	0.360527	0.923875	0.897017	0.697127	0.461764	0.968285	0.163849	0.0273783	0.10507	0.0883746	0.702333	0.825287	0.596994	0.56006	0.013166	0.902498	0.111489	0.151405	0.564356	0.418899	0.32558	0.0285672	0.45312	0.636444	0.742649	
0.202806	0.106099	0.172994	0.559323	0.512475	0.275756	0.591029	0.831691	0.961039	0.240808	0.358209	0.0398084	0.748867	0.693835	0.623981	0.69137	0.866904	0.655261	0.397968	0.603498	0.697569	0.833942	0.852281	0.0453077	0.42136	0.0178995	0.475029	0.020342	0.594198	0.649263	0.740803	0.682134	0.908554	0.357271	0.824158	0.964529	0.929602	0.147296	0.636776	0.703837	
0.742487	0.784052	0.619537	0.73477	0.953261	0.587288	0.264441	0.993684	0.865959	0.112718	0.32864	0.109269	0.328468	0.405947	0.751503	0.0326584	0.120129	0.89797	0.271678	0.1348	0.274885	0.0432544	0.545001	0.854153	0.135337	0.505794	0.726342	0.365944	0.608918	0.851009	0.51064	0.277978	0.908367	0.486996	0.964178	0.508764	0.496904	0.790345	0.657207	0.601343	
0.650214	0.62758	0.205697	0.612125	0.767695	0.419834	0.332889	0.193445	0.421842	0.101638	0.310426	0.385137	0.183464	0.875927	0.25792	0.606714	0.453031	0.8297	0.135522	0.587819	0.244526	0.856547	0.32949	0.332112	0.749316	0.175845	0.252674	0.362036	0.179648	0.820456	0.497516	0.275363	0.218209	0.245993	0.962556	0.111089	0.517153	0.428027	0.466744	0.57592	
0.25031	0.361797	0.669997	0.063467	0.612335	0.954193	0.0607974	0.831424	0.903495	0.115504	0.42605	0.681186	0.36517	0.100097	0.598653	0.727912	0.358275	0.974685	0.946496	0.934595	0.193567	0.37822	0.594648	0.0393566	0.597305	0.412003	0.53263	0.934974	0.763853	0.125938	0.708934	0.351489	0.0610108	0.36345	0.922459	0.114637	0.278839	0.0384432	0.436183	0.0939569	
0.85724	0.92634	0.593802	0.481585	0.294095	0.450525	0.0122902	0.624712	0.445185	0.32153	0.520027	0.398373	0.367983	0.175095	0.869418	0.715655	0.196063	0.547963	0.560827	0.362433	0.701682	0.279164	0.0349284	0.276677	0.166474	0.382061	0.769187	0.738584	0.825598	0.803742	0.954485	0.671333	0.644258	0.823075	0.774081	0.443414	0.33449	0.408015	0.201781	0.492386	
0.0356065	0.287889	0.431295	0.905647	0.623116	0.160746	0.253649	0.43159	0.888133	0.53583	0.530454	0.316009	0.973007	0.865882	0.263466	0.575295	0.298392	0.807963	0.811207	0.459014	0.471578	0.0145604	0.485239	0.383389	0.615616	0.78753	0.286418	0.90504	0.726299	0.61903	0.583406	0.547714	0.568509	0.985528	0.94113	0.768801	0.0947977	0.790518	0.657563	0.0157031	
0.885699	0.967001	0.61164	0.149214	0.673308	0.728352	0.07693	0.16106	0.50783	0.048896	0.524116	0.385066	0.73861	0.723791	0.430929	0.528831	0.317667	0.336183	0.441424	0.317945	0.759051	0.791535	0.215713	0.643738	0.908837	0.0227196	0.85651	0.81901	0.76694	0.494066	0.701726	0.647262	0.64493	0.615992	0.0170117	0.38938	0.455566	0.819043	0.691663	0.802382	
0.258857	0.0744333	0.714613	0.100703	0.230125	0.958566	0.445671	0.53471	0.0182452	0.811326	0.133862	0.127456	0.299509	0.918668	0.440229	0.659527	0.546917	0.860478	0.199636	0.33984	0.0707247	0.176696	0.153552	0.720179	0.146271	0.145087	0.423027	0.608698	0.379833	0.662379	0.773221	0.495368	0.692652	0.669579	0.328023	0.748777	0.694444	0.126462	0.804179	0.939913	
0.270424	0.735189	0.771767	0.448839	0.487648	0.719389	0.746184	0.184721	0.167188	0.752501	0.577731	0.476648	0.531083	0.788727	0.899356	0.162017	0.691776	0.621442	0.797935	0.319296	0.356987	0.053002	0.949715	0.112092	0.0603499	0.539629	0.459261	0.921677	0.101268	0.869941	0.793384	0.591634	0.981795	0.21109	0.434298	0.410993	0.452092	0.21496	0.587215	0.709434	
0.294312	0.12113	0.940507	0.38363	0.959132	0.109533	0.646104	0.49689	0.103579	0.084345	0.0286805	0.845166	0.535728	0.806319	0.259739	0.557987	0.0204207	0.46036	0.657444	0.0693941	0.595297	0.997139	0.268859	0.614306	0.920945	0.13589	0.146906	0.782341	0.163011	0.951046	0.180656	0.410626	0.724525	0.254839	0.532911	0.0953132	0.0847933	0.417056	0.759367	0.131885	
0.512209	0.620159	0.457027	0.997946	0.0390273	0.523639	0.425818	0.0896797	0.426897	0.785508	0.5632	0.312925	0.783333	0.952422	0.0445809	0.398416	0.282672	0.813362	0.0780945	0.886177	0.444561	0.684905	0.88507	0.526203	0.72612	0.484456	0.0968097	0.88062	0.29932	0.420111	0.256947	0.48031	0.112187	0.313616	0.938842	0.239449	0.244512	0.694229	0.0156226	0.330591	
0.861058	0.846955	0.767835	0.814055	0.341555	0.0906622	0.201164	0.66728	0.926825	0.805395	0.572841	0.0245881	0.408068	0.544112	0.772171	0.167363	0.128029	0.6724	0.406054	0.344256	0.277152	0.426667	0.921169	0.228755	0.564911	0.167797	0.21708	0.0696111	0.30482	0.303215	0.85002	0.513198	0.948345	0.00783233	0.848307	0.918817	0.657063	0.824476	0.443624	0.341171	
0.801674	0.739704	0.47908	0.302357	0.560185	0.320585	0.338542	0.670503	0.753611	0.351169	0.301849	0.246944	0.687047	0.613458	0.775096	0.0159413	0.968528	0.422415	0.784573	0.64769	0.678087	0.996784	0.686371	0.457224	0.901851	0.811318	0.367075	0.972686	0.340061	0.725267	0.725751	0.863926	0.154313	0.656467	0.588256	0.155955	0.574937	0.9921	0.584131	0.73546	
0.844319	0.507418	0.295704	0.276855	0.778019	0.69229	0.313668	0.659583	0.873721	0.480222	0.908529	0.274998	0.351842	0.89252	0.214818	0.912994	0.782298	0.913528	0.750849	0.537266	0.353947	0.568909	0.445494	0.216987	0.0939628	0.229122	0.0870952	0.28141	0.28256	0.663848	0.775458	0.812315	0.67833	0.574847	0.776631	0.37766	0.240966	0.896261	0.574254	0.69431	
0.227593	0.92014	0.043026	0.0588781	0.535817	0.439759	0.190241	0.543208	0.623724	0.655126	0.451226	0.50242	0.764746	0.289037	0.182114	0.760753	0.905721	0.549226	0.349183	0.0165937	0.799153	0.763514	0.436858	0.244573	0.12716	0.168558	0.545926	0.369059	0.390535	0.267941	0.624708	0.272325	0.646836	0.606037	0.0716966	0.692611	0.0180914	0.844744	0.558392	0.726324	
0.471953	0.12856	0.127908	0.301543	0.736788	0.938929	0.805115	0.225734	0.846978	0.0725728	0.275821	0.716126	0.184994	0.0595236	0.889579	0.837162	0.356481	0.0198874	0.626979	0.813121	0.478306	0.479769	0.898652	0.384862	0.580072	0.382185	0.929069	0.056486	0.140503	0.0868843	0.567063	0.252427	0.542154	0.098279	0.0533762	0.320459	0.721796	0.868162	0.348903	0.630131	
0.149048	0.362716	0.383067	0.0869115	0.962745	0.333868	0.941667	0.0727276	0.818111	0.715383	0.177774	0.468096	0.383505	0.576702	0.816529	0.394272	0.849614	0.15334	0.998084	0.581824	0.570755	0.420798	0.0512601	0.779186	0.872311	0.654187	0.477193	0.659149	0.619882	0.845308	0.0937899	0.381248	0.31979	0.419179	0.874485	0.989878	0.345696	0.463478	0.347061	0.814975	
0.621378	0.940619	0.861053	0.601518	0.493235	0.706357	0.357595	0.935911	0.901388	0.511705	0.996303	0.487354	0.54441	0.768402	0.325522	0.0933159	0.331892	0.0352823	0.416345	0.127903	0.634517	0.394263	0.890791	0.48657	0.354784	0.290443	0.603672	0.699399	0.0977213	0.404665	0.0239372	0.969024	0.866365	0.544901	0.0483392	0.637988	0.614726	0.795041	0.38789	0.590961	
0.736057	0.773297	0.104498	0.173151	0.32398	0.861752	0.48223	0.132606	0.212536	0.102466	0.593293	0.361184	0.653012	0.922529	0.319741	0.800868	0.084568	0.174213	0.791151	0.169702	0.210088	0.784104	0.993949	0.296741	0.267603	0.641958	0.883694	0.446694	0.687253	0.910437	0.135524	0.823102	0.83928	0.967591	0.997703	0.518883	0.511216	0.882048	0.688358	0.0578648	
0.882981	0.183569	0.427914	0.377013	0.856623	0.914551	0.112335	0.683492	0.485388	0.886894	0.404708	0.881244	0.27268	0.436134	0.523397	0.562681	0.49587	0.206998	0.109148	0.44956	0.790367	0.754065	0.380547	0.483482	0.335591	0.490065	0.468356	0.93604	0.9281	0.836352	0.931035	0.584068	0.514505	0.0779794	0.121882	0.174052	0.848447	0.953266	0.321999	0.730548	
0.293329	0.123822	0.0374303	0.761781	0.557957	0.708347	0.275389	0.407867	0.927086	0.597585	0.391425	0.398122	0.918998	0.154385	0.701441	0.396143	0.751842	0.154094	0.657006	0.508244	0.582148	0.0269934	0.409353	0.463086	0.383127	0.154075	0.320223	0.883311	0.572259	0.426824	0.236402	0.604058	0.999178	0.687308	0.0721479	0.505128	0.98451	0.25815	0.933134	0.306489	
0.973532	0.673889	0.168342	0.547687	0.88169	0.607912	0.281305	0.734156	0.0579657	0.17912	0.0213079	0.694063	0.307619	0.821512	0.65011	0.548525	0.617959	0.78141	0.677932	0.513048	0.0338366	0.201214	0.182447	0.956257	0.687066	0.403933	0.507827	0.879286	0.949517	0.815917	0.277898	0.824642	0.301412	0.916603	0.975362	0.577421	0.949045	0.565013	0.60163	0.968289	
