20	50
7.60956	5.98979	6.4653	8.18897	8.7063	6.27961	9.48629	8.12314	8.35312	6.21857	4.12719	7.11868	8.81356	6.43353	8.78379	3.84255	7.80559	5.2326	8.92986	6.53199	
0.233991	0.833197	0.978597	0.819003	0.118103	0.192297	0.615157	0.181925	0.617513	0.376528	0.811694	0.402798	0.191048	0.33251	0.536503	0.401617	0.639694	0.335602	0.695012	0.727226	
42.8582	5.65861	25.3503	41.2196	40.8485	3.95338	43.0418	2.91329	14.7391	44.8082	46.2852	42.3889	10.3699	46.8027	28.9729	16.464	45.1983	3.40555	30.5839	39.2567	20.0464	46.0363	31.9291	12.4866	34.9752	4.9375	25.7452	32.0015	41.2711	49.871	26.1614	1.24188	20.6004	20.797	5.85662	27.3365	18.6507	42.6266	18.6511	21.8644	11.4322	39.1387	7.16706	46.1709	40.9312	48.0963	22.295	41.6807	28.7163	18.4767	
0.0616865	0.732581	0.274605	0.750876	0.212402	0.83544	0.304767	0.533836	0.630337	0.503195	0.816431	0.510805	0.890805	0.637273	0.689365	0.639422	0.839205	0.224889	0.66998	0.920335	0.705114	0.188207	0.471369	0.26722	0.530546	0.626603	0.339844	0.795868	0.79588	0.505342	0.481085	0.753053	0.612149	0.948878	0.88944	0.785088	0.457608	0.954356	0.17829	0.757871	0.0717853	0.762611	0.831296	0.403767	0.0329791	0.0423876	0.78547	0.523526	0.755616	0.941932	
0.121155	0.520921	0.960391	0.0454015	0.0791018	0.218727	0.237242	0.199619	0.711643	0.427835	0.0298478	0.960233	0.573905	0.922223	0.0360045	0.136554	0.0143273	0.2913	0.251288	0.644798	0.804348	0.101788	0.665885	0.152363	0.0158921	0.754021	0.436126	0.733816	0.645246	0.490339	0.497473	0.583566	0.916966	0.855629	0.145996	0.189678	0.12697	0.851134	0.640545	0.693923	0.721409	0.373693	0.303621	0.0362799	0.568618	0.824154	0.93356	0.460605	0.570682	0.0663519	
0.913403	0.593379	0.122378	0.884364	0.755156	0.354129	0.990867	0.195038	0.286803	0.542588	0.867213	0.385986	0.365531	0.204775	0.204348	0.687013	0.661106	0.539745	0.600044	0.635512	0.316367	0.971079	0.972348	0.00606854	0.0386611	0.240011	0.602052	0.42386	0.87153	0.23128	0.786029	0.919526	0.262163	0.870047	0.820547	0.764766	0.163972	0.592339	0.0966695	0.0508414	0.913715	0.467293	0.372287	0.95009	0.568614	0.0248273	0.80926	0.0031183	0.897542	0.664404	
0.214003	0.658344	0.912043	0.415361	0.153702	0.363714	0.731822	0.00744993	0.0140068	0.926858	0.891713	0.597992	0.765921	0.510103	0.622646	0.808206	0.0307663	0.644596	0.858222	0.431737	0.511986	0.177946	0.847612	0.428545	0.0705172	0.214467	0.741253	0.457371	0.847893	0.984565	0.35837	0.774521	0.635916	0.909523	0.692526	0.658437	0.133606	0.44703	0.996533	0.262186	0.819724	0.802346	0.110483	0.507965	0.00819091	0.612487	0.512926	0.652159	0.552807	0.607522	
0.611495	0.624778	0.223475	0.353793	0.920356	0.6647	0.609445	0.0339988	0.936938	0.126237	0.743429	0.830364	0.631297	0.299158	0.963503	0.186718	0.514505	0.641166	0.260004	0.0919404	0.483402	0.179342	0.595567	0.441489	0.619887	0.543756	0.789757	0.099067	0.140695	0.132695	0.49571	0.0604577	0.610709	0.284081	0.920126	0.779886	0.447012	0.706877	0.257065	0.954025	0.192813	0.505407	0.444735	0.933143	0.055009	0.0145958	0.672667	0.840574	0.322706	0.368257	
0.762723	0.181837	0.28693	0.433631	0.183573	0.379379	0.167883	0.892204	0.0467794	0.684467	0.396567	0.938854	0.378107	0.23156	0.0153517	0.14071	0.692509	0.421611	0.344949	0.981232	0.452567	0.985864	0.993955	0.222748	0.11937	0.0792716	0.511752	0.418095	0.664484	0.584813	0.640602	0.887081	0.224215	0.261385	0.504485	0.0853457	0.58902	0.375341	0.331626	0.389232	0.549665	0.494278	0.343195	0.205789	0.234596	0.700715	0.107764	0.0957002	0.47409	0.166754	
0.65563	0.929651	0.204336	0.733437	0.297066	0.785595	0.317442	0.434911	0.398374	0.474185	0.583212	0.75573	0.725008	0.863253	0.137196	0.341745	0.925682	0.139785	0.8017	0.699635	0.428058	0.48259	0.572459	0.801084	0.41366	0.485805	0.626551	0.635368	0.0158774	0.678243	0.555195	0.972448	0.231125	0.0140843	0.212201	0.224366	0.368494	0.434124	0.675984	0.431289	0.814228	0.487984	0.428745	0.545408	0.944989	0.250499	0.25895	0.196153	0.672683	0.372789	
0.893601	0.833084	0.375347	0.566423	0.830454	0.208612	0.978228	0.80442	0.786023	0.369115	0.540618	0.323761	0.693958	0.926154	0.757413	0.094796	0.383181	0.951533	0.511537	0.524338	0.71181	0.100984	0.616282	0.47833	0.388253	0.371929	0.746482	0.624358	0.125352	0.463075	0.614505	0.485297	0.847943	0.240538	0.642646	0.659225	0.753731	0.52149	0.954723	0.128127	0.7583	0.921716	0.284434	0.663958	0.142541	0.165828	0.0755793	0.902473	0.625034	0.684397	
0.855984	0.471749	0.237783	0.733756	0.577292	0.966594	0.25858	0.0437579	0.945715	0.294548	0.118454	0.689033	0.952654	0.471498	0.105531	0.776328	0.804445	0.489205	0.452018	0.767209	0.569263	0.032937	0.669626	0.605462	0.45309	0.0776173	0.305676	0.716049	0.199489	0.731573	0.123656	0.82101	0.666291	0.78798	0.397375	0.922878	0.92482	0.223287	0.470315	0.0803852	0.370632	0.898502	0.285253	0.940071	0.462438	0.0857362	0.812341	0.110995	0.0962693	0.699865	
0.356398	0.283063	0.769204	0.670459	0.407003	0.83708	0.315393	0.646765	0.839102	0.319206	0.364073	0.525592	0.418925	0.981549	0.530335	0.0757552	0.100104	0.941543	0.482014	0.947737	0.716075	0.162824	0.101766	0.635416	0.219045	0.100226	0.893715	0.68367	0.615062	0.451888	0.142855	0.688409	0.331372	0.335788	0.648172	0.3848	0.776816	0.108928	0.533548	0.461155	0.607123	0.490693	0.367039	0.00682836	0.769283	0.488412	0.57796	0.928019	0.0151382	0.933137	
0.0410008	0.743484	0.320973	0.520689	0.708144	0.283923	0.185889	0.251659	0.722781	0.695774	0.902057	0.923758	0.667966	0.614758	0.0569859	0.165696	0.143794	0.627387	0.201288	0.872539	0.741019	0.883195	0.664125	0.800199	0.29823	0.678162	0.0162889	0.775787	0.19782	0.336506	0.810422	0.994415	0.606187	0.456801	0.779632	0.888336	0.193393	0.241671	0.540086	0.096896	0.804128	0.903459	0.476688	0.156567	0.947211	0.174509	0.128573	0.375047	0.645163	0.816974	
0.152263	0.470202	0.658457	0.448206	0.429745	0.0596737	0.615242	0.877994	0.865321	0.297296	0.632144	0.976377	0.678371	0.354679	0.427397	0.361206	0.228865	0.887753	0.676719	0.230506	0.827971	0.618683	0.438075	0.103083	0.105597	0.0972198	0.785356	0.558994	0.812122	0.783002	0.830787	0.488958	0.680432	0.898815	0.533825	0.532406	0.938362	0.712298	0.36063	0.157177	0.940361	0.75997	0.0376732	0.559975	0.570839	0.482287	0.356144	0.876266	0.166047	0.739274	
0.802837	0.687483	0.509499	0.995734	0.733905	0.545634	0.712597	0.079196	0.726876	0.542593	0.862691	0.866544	0.742687	0.945214	0.849992	0.992978	0.479926	0.289079	0.866316	0.167218	0.701304	0.416324	0.746811	0.312107	0.0693296	0.767777	0.912407	0.45423	0.479721	0.159508	0.522074	0.61625	0.277642	0.281058	0.680046	0.907599	0.610597	0.928717	0.749556	0.630527	0.68619	0.592907	0.902949	0.94954	0.329957	0.55511	0.534511	0.589833	0.589495	0.817261	
0.559425	0.917178	0.0490672	0.857765	0.881454	0.694171	0.46347	0.394149	0.342403	0.933807	0.138963	0.815608	0.560166	0.504389	0.767364	0.828004	0.102517	0.947563	0.0757899	0.975244	0.865706	0.0880661	0.914019	0.0791682	0.822228	0.884025	0.655398	0.895025	0.45503	0.180685	0.414999	0.574687	0.618204	0.465146	0.738259	0.890184	0.807556	0.849937	0.198128	0.66592	0.489445	0.735346	0.380205	0.0232325	0.891752	0.102456	0.0284236	0.973766	0.0567721	0.984215	
0.146256	0.82168	0.225052	0.52911	0.031941	0.503307	0.538016	0.166892	0.793846	0.308507	0.908778	0.995658	0.487343	0.866951	0.0490531	0.588524	0.692116	0.344322	0.633459	0.338858	0.703331	0.761379	0.494744	0.730355	0.537508	0.866058	0.882903	0.364092	0.830694	0.252876	0.315423	0.57966	0.498111	0.235787	0.948236	0.565879	0.654785	0.150713	0.79795	0.0616528	0.683317	0.806604	0.798329	0.8032	0.128478	0.179248	0.414454	0.0758845	0.732755	0.494293	
0.291129	0.576309	0.348794	0.419713	0.147668	0.630408	0.276944	0.624886	0.854391	0.534632	0.158749	0.609577	0.725384	0.928873	0.312187	0.0799856	0.26768	0.960574	0.0254997	0.404562	0.539953	0.604316	0.449928	0.773776	0.0823189	0.465782	0.553443	0.756417	0.674577	0.0838312	0.772922	0.363972	0.294856	0.695513	0.190945	0.41713	0.596133	0.814316	0.034546	0.955889	0.324938	0.793658	0.46427	0.376687	0.136193	0.478814	0.0148031	0.0358815	0.437323	0.270337	
0.812386	0.19478	0.164488	0.324957	0.360242	0.62387	0.553302	0.431814	0.659536	0.693771	0.34802	0.326233	0.208387	0.729601	0.718098	0.274994	0.53643	0.280609	0.625524	0.910665	0.232476	0.771497	0.895644	0.514098	0.969816	0.0949803	0.0537447	0.510836	0.153176	0.776508	0.388494	0.480343	0.350956	0.205529	0.0241636	0.320734	0.806654	0.642518	0.684623	0.0987654	0.00638398	0.29683	0.674203	0.202915	0.226914	0.232088	0.948905	0.940052	0.304056	0.951475	
0.436052	0.491042	0.430733	0.20149	0.518239	0.807788	0.703129	0.104532	0.198061	0.448292	0.19018	0.187313	0.46813	0.483112	0.0587738	0.906722	0.874683	0.801868	0.665384	0.535279	0.967571	0.259176	0.405004	0.995492	0.739662	0.544922	0.633809	0.34208	0.55837	0.269728	0.287625	0.731831	0.678023	0.44129	0.820772	0.144467	0.959523	0.368683	0.265938	0.978296	0.177707	0.856961	0.220618	0.833342	0.868622	0.801902	0.750196	0.0659879	0.473513	0.578707	
0.207929	0.682026	0.522101	0.584311	0.49139	0.450383	0.59532	0.206157	0.713344	0.630739	0.97011	0.729352	0.784889	0.0275838	0.0363377	0.335277	0.696279	0.0423486	0.164625	0.821268	0.211363	0.800914	0.267575	0.911642	0.93338	0.848133	0.445713	0.0140525	0.251885	0.804066	0.680447	0.507455	0.899134	0.917858	0.774066	0.210855	0.561911	0.611152	0.00533589	0.510898	0.226103	0.691819	0.494246	0.716583	0.180538	0.943508	0.28616	0.460308	0.288093	0.904427	
0.952001	0.868015	0.43607	0.19392	0.239405	0.282373	0.924006	0.0909495	0.477611	0.1218	0.836332	0.55315	0.0763992	0.789483	0.629582	0.582641	0.430237	0.00109336	0.489117	0.829794	0.887479	0.617859	0.698216	0.407393	0.75267	0.0750782	0.877389	0.151196	0.408402	0.456746	0.814685	0.334117	0.942909	0.586485	0.869391	0.874573	0.200034	0.933666	0.730668	0.889111	0.447508	0.687771	0.621247	0.497562	0.375718	0.242512	0.94545	0.538707	0.966326	0.925305	
