20	40
5.71322	6.69109	4.28177	5.5175	9.14792	6.36849	6.82566	6.25668	7.53998	6.74117	4.28993	4.97808	8.74248	7.10506	9.47333	8.63209	6.02515	7.73902	6.33359	5.52606	
0.483528	0.77213	0.22049	0.000797852	0.460717	0.861779	0.293466	0.349701	0.688076	0.0786455	0.157816	0.123466	0.918917	0.265602	0.411732	0.651224	0.056113	0.792355	0.212029	0.681913	
18.2487	22.123	11.0312	34.4702	12.2681	44.5818	2.23952	31.124	41.0443	30.2421	12.9795	6.15763	24.1896	7.72163	43.6098	21.6723	33.9986	28.0372	49.7451	40.9424	8.60796	24.2281	23.434	18.8109	17.7346	24.1143	21.117	24.9803	29.5867	21.62	23.454	6.58039	37.6775	36.646	35.1724	33.0497	49.7799	6.12016	21.6177	1.44314	
0.749991	0.69628	0.808202	0.256612	0.911043	0.464589	0.738705	0.292326	0.770301	0.667391	0.437269	0.103216	0.104283	0.89036	0.580331	0.838234	0.902751	0.897887	0.726016	0.585587	0.823838	0.592944	0.258149	0.882089	0.519802	0.719591	0.978465	0.519235	0.0745256	0.532932	0.902389	0.180867	0.64721	0.813541	0.563744	0.160291	0.408789	0.940853	0.863783	0.462297	
0.241702	0.396314	0.474349	0.477834	0.500399	0.345854	0.559487	0.969655	0.245355	0.673365	0.206887	0.462028	0.374873	0.497207	0.12305	0.156219	0.132157	0.168668	0.84246	0.70484	0.978533	0.890675	0.326348	0.547598	0.0277761	0.276715	0.586017	0.964741	0.17119	0.787305	0.383617	0.805136	0.362725	0.723916	0.70843	0.5156	0.321471	0.992943	0.467069	0.791069	
0.871715	0.113917	0.31167	0.216035	0.223287	0.559736	0.638941	0.842864	0.809351	0.305793	0.0541771	0.23616	0.592285	0.447286	0.330633	0.186145	0.319665	0.183371	0.0281752	0.531908	0.636424	0.780344	0.137742	0.849504	0.0336867	0.330386	0.123857	0.169488	0.550565	0.185006	0.41822	0.275367	0.615083	0.590414	0.498719	0.75786	0.902863	0.916174	0.907972	0.629748	
0.554161	0.91374	0.50252	0.230994	0.236117	0.111992	0.90777	0.0865391	0.938559	0.976443	0.440633	0.363039	0.416913	0.442867	0.535685	0.810895	0.61674	0.862414	0.026311	0.781887	0.537001	0.21466	0.882534	0.503659	0.263774	0.465805	0.33918	0.807905	0.655272	0.0235573	0.58059	0.814128	0.725023	0.775776	0.218696	0.641049	0.632438	0.963641	0.764436	0.535398	
0.628638	0.845522	0.500239	0.879301	0.423461	0.376342	0.692156	0.765796	0.900359	0.789232	0.367627	0.342519	0.548781	0.479343	0.584665	0.175771	0.882281	0.924454	0.771003	0.0517608	0.214197	0.952001	0.16937	0.879935	0.0941912	0.940894	0.91605	0.356899	0.418506	0.116807	0.286542	0.708973	0.753889	0.785126	0.790022	0.782469	0.0507758	0.367908	0.999724	0.188434	
0.843115	0.415941	0.880999	0.548074	0.531948	0.652651	0.285811	0.364361	0.744397	0.967339	0.817244	0.797472	0.562512	0.13865	0.716281	0.386995	0.610709	0.515401	0.617736	0.0612604	0.057762	0.0427529	0.103558	0.458558	0.370695	0.519081	0.178311	0.975684	0.170771	0.51498	0.0740759	0.263235	0.310683	0.921773	0.150226	0.984932	0.798252	0.947882	0.501369	0.0792141	
0.759772	0.954553	0.581255	0.736613	0.182751	0.633558	0.428397	0.00821017	0.343025	0.948252	0.970515	0.351693	0.853779	0.483058	0.242316	0.427161	0.35934	0.0762022	0.279669	0.836521	0.484425	0.917136	0.672663	0.933624	0.403222	0.36523	0.161214	0.722653	0.202513	0.549353	0.384173	0.819825	0.268227	0.30656	0.787186	0.375168	0.713967	0.59923	0.0164024	0.281089	
0.0100741	0.0364151	0.835948	0.493995	0.596441	0.564849	0.946538	0.250428	0.470976	0.380309	0.358588	0.257334	0.018195	0.210033	0.759201	0.240945	0.120746	0.413997	0.298415	0.831073	0.757209	0.83629	0.0226087	0.341493	0.056427	0.68195	0.254994	0.546519	0.952477	0.0557894	0.736455	0.817498	0.482889	0.709972	0.94811	0.18155	0.696648	0.355265	0.516075	0.747431	
0.211791	0.700629	0.371774	0.476111	0.981191	0.338195	0.512019	0.425344	0.702347	0.930856	0.0301666	0.574953	0.485879	0.430817	0.633678	0.711928	0.59364	0.980488	0.214218	0.92731	0.598103	0.209327	0.992295	0.855874	0.668897	0.507028	0.79519	0.288721	0.385997	0.54877	0.787234	0.0354998	0.654359	0.926018	0.199794	0.509815	0.928521	0.710775	0.586032	0.921357	
0.930895	0.227011	0.329736	0.724522	0.686047	0.563724	0.183877	0.0325559	0.484418	0.495181	0.0675891	0.831272	0.617163	0.435406	0.32745	0.756194	0.805581	0.00107073	0.68539	0.254517	0.106291	0.819409	0.648426	0.351686	0.728459	0.268764	0.781685	0.188726	0.910623	0.868888	0.526932	0.756086	0.802524	0.548697	0.269727	0.761002	0.748882	0.425165	0.779167	0.781033	
0.531975	0.224521	0.79504	0.792236	0.93349	0.164192	0.996826	0.129428	0.191663	0.581754	0.632797	0.630129	0.205591	0.922528	0.830031	0.0562431	0.866626	0.164621	0.492394	0.403344	0.704204	0.842886	0.727839	0.492926	0.875742	0.972265	0.74378	0.41119	0.0898913	0.9758	0.00568197	0.633741	0.282858	0.897068	0.251409	0.559619	0.977315	0.7763	0.175054	0.371145	
0.442367	0.662634	0.510642	0.520978	0.213763	0.0091601	0.756826	0.0411725	0.841541	0.274721	0.581714	0.54464	0.868028	0.277668	0.649706	0.024337	0.492758	0.692245	0.325476	0.633769	0.832432	0.138149	0.652209	0.579212	0.912705	0.931185	0.0361244	0.361834	0.359904	0.354536	0.0988027	0.209252	0.198336	0.288083	0.162549	0.36591	0.0995794	0.983033	0.762274	0.369879	
0.605796	0.321368	0.138495	0.126901	0.15632	0.261174	0.820994	0.0378519	0.682545	0.98648	0.96733	0.887905	0.0506471	0.477529	0.0611932	0.83359	0.556223	0.307852	0.322215	0.690513	0.705139	0.358341	0.651762	0.739031	0.270616	0.0880462	0.020179	0.120762	0.118237	0.961491	0.164755	0.97982	0.336849	0.972898	0.1685	0.136119	0.878188	0.74843	0.0939501	0.136604	
0.324941	0.703078	0.0658972	0.572307	0.972722	0.711092	0.327302	0.303544	0.309854	0.373212	0.389859	0.629045	0.0503352	0.491348	0.698911	0.735441	0.090155	0.736333	0.338662	0.208015	0.601347	0.908398	0.4277	0.696562	0.996173	0.488239	0.636451	0.0345417	0.154889	0.339227	0.4044	0.0229572	0.598166	0.905047	0.723794	0.0136012	0.0635253	0.529088	0.435646	0.877341	
0.481845	0.241372	0.624005	0.655045	0.898967	0.76581	0.867285	0.145522	0.90353	0.429195	0.962108	0.476118	0.987617	0.427773	0.555823	0.380869	0.0537788	0.698739	0.765559	0.233022	0.851353	0.200799	0.256501	0.72453	0.813489	0.439655	0.616539	0.800399	0.584147	0.0766228	0.24581	0.468664	0.241448	0.218551	0.300862	0.106603	0.572074	0.32523	0.231574	0.259155	
0.416678	0.784247	0.244456	0.159249	0.00192399	0.475749	0.11882	0.330965	0.0470164	0.628307	0.170413	0.0203036	0.0142812	0.968436	0.944444	0.96059	0.433591	0.282134	0.517394	0.911589	0.272938	0.20397	0.978436	0.303943	0.62068	0.141966	0.904575	0.119067	0.909322	0.878147	0.631866	0.624408	0.478008	0.978386	0.328354	0.987994	0.422555	0.430689	0.408835	0.166249	
0.109674	0.707531	0.44031	0.971144	0.85324	0.419569	0.813321	0.300247	0.133218	0.656182	0.145181	0.688831	0.668181	0.372543	0.12759	0.762688	0.879682	0.209232	0.72012	0.154846	0.762534	0.72276	0.322404	0.326046	0.329599	0.344406	0.893577	0.785249	0.935764	0.392982	0.749498	0.0486389	0.315058	0.83649	0.127464	0.297327	0.530427	0.973068	0.315183	0.889012	
0.0053787	0.347279	0.521168	0.42415	0.116082	0.776161	0.572638	0.456842	0.983031	0.173921	0.943308	0.478423	0.868702	0.260164	0.540273	0.561149	0.153072	0.216939	0.343868	0.0990529	0.179785	0.00864355	0.195608	0.932966	0.635135	0.211142	0.612818	0.739951	0.430082	0.414914	0.102768	0.119857	0.441706	0.0940397	0.104112	0.707578	0.985601	0.802149	0.971809	0.747477	
0.20154	0.275217	0.155027	0.465534	0.921889	0.0221583	0.111173	0.275505	0.80657	0.0799504	0.562979	0.100536	0.467675	0.767395	0.167626	0.615818	0.398539	0.882066	0.432505	0.100522	0.35485	0.50697	0.552617	0.520487	0.634209	0.0896312	0.828792	0.72185	0.609992	0.751483	0.715916	0.746038	0.475328	0.277256	0.679686	0.776837	0.0171758	0.993437	0.0395249	0.551938	
0.459438	0.440021	0.14692	0.625964	0.546215	0.406004	0.815074	0.84144	0.331257	0.109184	0.769337	0.51779	0.427691	0.927559	0.894716	0.685748	0.860366	0.732118	0.416556	0.382813	0.0476276	0.819093	0.335372	0.594944	0.947113	0.447157	0.774041	0.778773	0.315031	0.564309	0.544671	0.938814	0.226412	0.433345	0.392588	0.770631	0.19577	0.86068	0.728866	0.674995	
