20	40
3.95554	9.11489	9.71847	7.73491	8.86261	7.83156	6.18446	6.75838	7.24612	8.58779	9.37002	8.82686	7.88308	8.20174	8.89672	8.01184	4.29808	7.55501	8.6214	8.56512	
0.175863	0.15833	0.0737995	0.184871	0.280967	0.989921	0.895406	0.86593	0.0184397	0.740907	0.352246	0.707329	0.322685	0.349643	0.801523	0.516018	0.0922439	0.306277	0.083426	0.0451125	
28.9746	3.63988	6.60322	42.4609	47.8833	41.1432	6.44579	39.5817	43.6763	44.0847	5.43493	36.9579	31.5552	42.0855	32.7032	42.6656	9.88527	48.9289	9.46677	30.3996	3.77425	13.4211	43.3553	44.1151	19.2244	41.8105	4.63561	4.54879	1.83669	28.2136	33.2773	30.3611	10.3933	25.7693	6.16442	26.453	36.9022	38.3694	23.7656	4.40242	
0.811242	0.974871	0.308368	0.848563	0.542043	0.857353	0.0689212	0.258955	0.765436	0.701966	0.0635301	0.351341	0.832005	0.116507	0.203017	0.282286	0.503068	0.68486	0.0837816	0.46417	0.0189722	0.938727	0.220489	0.706393	0.372293	0.818037	0.187292	0.503978	0.221195	0.0227957	0.959734	0.0470611	0.598231	0.0352387	0.53386	0.136853	0.563717	0.713691	0.47133	0.321832	
0.226619	0.498867	0.643406	0.956254	0.885302	0.570854	0.0548069	0.490957	0.868701	0.300707	0.664472	0.318818	0.814939	0.481977	0.948274	0.958881	0.989848	0.21407	0.160506	0.311594	0.228057	0.323023	0.224276	0.887129	0.058422	0.242673	0.047141	0.735978	0.128626	0.802616	0.662106	0.865523	0.135459	0.0443903	0.285688	0.689802	0.624982	0.0630888	0.451975	0.972526	
0.233951	0.164691	0.947774	0.450375	0.0058537	0.617939	0.357219	0.346366	0.0492089	0.614787	0.179391	0.345666	0.524313	0.640797	0.480711	0.861578	0.237623	0.297388	0.577172	0.247164	0.0228204	0.723156	0.393976	0.02948	0.356475	0.690617	0.675754	0.275178	0.21412	0.619198	0.83051	0.0274784	0.950791	0.906227	0.996308	0.268272	0.00926905	0.33405	0.691878	0.375158	
0.737323	0.0393694	0.546414	0.338391	0.0503166	0.312122	0.32546	0.0891154	0.0354238	0.492703	0.563306	0.678916	0.0634682	0.732896	0.8086	0.712724	0.783611	0.553744	0.617329	0.825581	0.440094	0.472154	0.0407232	0.839761	0.411698	0.162462	0.642312	0.17861	0.0734816	0.0705043	0.206512	0.232146	0.139351	0.290898	0.143897	0.824998	0.876618	0.184752	0.710564	0.290283	
0.908768	0.179195	0.166499	0.345996	0.168665	0.59619	0.916034	0.959767	0.777974	0.342104	0.217112	0.565079	0.347012	0.623861	0.40745	0.962374	0.818444	0.68588	0.0596411	0.779974	0.106743	0.313535	0.669526	0.710238	0.474196	0.425649	0.00975191	0.813717	0.618842	0.113515	0.0725238	0.456219	0.59471	0.653563	0.584177	0.888693	0.614585	0.403758	0.268494	0.726696	
0.392715	0.058551	0.442221	0.397659	0.880484	0.863994	0.760095	0.150278	0.384511	0.768695	0.478715	0.831627	0.972944	0.00978471	0.738676	0.779939	0.770223	0.038575	0.789108	0.0178474	0.418448	0.554686	0.0954627	0.413907	0.406986	0.0621309	0.941758	0.887079	0.142738	0.480765	0.71351	0.604791	0.915051	0.23851	0.00237031	0.358758	0.475496	0.431788	0.671787	0.130914	
0.302106	0.129552	0.0786992	0.529687	0.577795	0.429191	0.654138	0.661778	0.314629	0.624112	0.918084	0.79887	0.314552	0.853945	0.183584	0.981328	0.329497	0.749642	0.266588	0.529917	0.685057	0.535716	0.745842	0.783657	0.0772804	0.013919	0.530569	0.0951485	0.353155	0.805766	0.47012	0.43454	0.734182	0.203222	0.269934	0.91698	0.0698178	0.832869	0.405147	0.00828223	
0.272447	0.696912	0.5219	0.446685	0.630542	0.205881	0.345634	0.34246	0.358458	0.859977	0.672832	0.409462	0.204393	0.676553	0.284685	0.683502	0.524297	0.992252	0.450816	0.918559	0.273324	0.585727	0.386465	0.463147	0.578523	0.583347	0.0365392	0.222041	0.683351	0.882933	0.666797	0.249819	0.943564	0.462406	0.873853	0.879584	0.87375	0.774782	0.492136	0.475657	
0.424575	0.343403	0.712226	0.278363	0.232162	0.409168	0.199145	0.904736	0.403003	0.107714	0.662778	0.725927	0.795391	0.892395	0.0740963	0.856216	0.658911	0.459597	0.0632506	0.803758	0.294468	0.0342785	0.271157	0.613556	0.646831	0.636426	0.232772	0.915159	0.702428	0.580567	0.94141	0.343712	0.00554989	0.266441	0.263286	0.480815	0.169999	0.0391326	0.493367	0.171836	
0.127164	0.287773	0.937123	0.709464	0.58078	0.87995	0.663445	0.18641	0.835024	0.504785	0.774136	0.527002	0.269966	0.177213	0.347061	0.672158	0.17995	0.577621	0.381848	0.650559	0.323662	0.370893	0.374998	0.353436	0.544406	0.00700043	0.529867	0.338435	0.81526	0.692608	0.472745	0.302274	0.68917	0.806954	0.77687	0.820751	0.21711	0.245428	0.202344	0.845402	
0.90958	0.746429	0.865172	0.620131	0.353903	0.553586	0.478194	0.629167	0.902385	0.538475	0.670264	0.203006	0.0372731	0.686069	0.146517	0.622151	0.297795	0.837642	0.605369	0.426536	0.567012	0.495757	0.721336	0.748017	0.920054	0.245059	0.484478	0.602914	0.517986	0.932356	0.768063	0.704373	0.360079	0.0296732	0.931527	0.974529	0.896604	0.912565	0.878431	0.83718	
0.425775	0.121097	0.769196	0.663834	0.233777	0.391106	0.850908	0.643559	0.519211	0.292657	0.00185075	0.709669	0.940891	0.210131	0.416132	0.120704	0.983405	0.196296	0.745045	0.378806	0.502359	0.343874	0.675119	0.11916	0.603926	0.167464	0.476289	0.21561	0.0679508	0.285499	0.270665	0.387023	0.954381	0.38417	0.115221	0.763427	0.826053	0.383471	0.417037	0.474056	
0.369115	0.452263	0.237124	0.0684591	0.451255	0.557681	0.416044	0.326772	0.102592	0.0602933	0.281284	0.365056	0.907673	0.217366	0.563585	0.250279	0.988472	0.91829	0.71829	0.9211	0.275644	0.83539	0.864918	0.0954376	0.749199	0.147577	0.948114	0.6739	0.969681	0.416498	0.955018	0.00556955	0.32757	0.137339	0.907492	0.463094	0.334939	0.810725	0.609087	0.0189063	
0.219857	0.709045	0.615663	0.867587	0.50656	0.873378	0.998219	0.758513	0.447088	0.731377	0.0892355	0.238173	0.205427	0.295732	0.214353	0.738894	0.0148149	0.0795141	0.452996	0.670844	0.791954	0.934768	0.659531	0.238688	0.358037	0.989284	0.0679561	0.755047	0.671826	0.231342	0.555722	0.290921	0.775387	0.467844	0.962162	0.892618	0.402009	0.343803	0.733029	0.974906	
0.897143	0.864802	0.346946	0.522005	0.280246	0.797084	0.553459	0.67613	0.639108	0.0873558	0.523984	0.942956	0.750747	0.967816	0.383879	0.669918	0.702065	0.7591	0.3108	0.956242	0.149478	0.285845	0.779052	0.699428	0.399087	0.164324	0.238675	0.170352	0.698811	0.428319	0.640411	0.378225	0.666322	0.00554878	0.844281	0.422428	0.94559	0.494623	0.0168356	0.4655	
0.363158	0.518349	0.612491	0.242998	0.603493	0.638554	0.554124	0.203232	0.552242	0.566352	0.0922863	0.567189	0.373149	0.676589	0.791157	0.833354	0.17455	0.290171	0.59477	0.991932	0.264471	0.325431	0.603928	0.101221	0.309269	0.587432	0.978121	0.964485	0.463583	0.661382	0.0962321	0.887303	0.607456	0.974849	0.23549	0.0104527	0.527861	0.817316	0.77573	0.221744	
0.000495681	0.938655	0.0864269	0.328671	0.618304	0.551306	0.23448	0.328749	0.439236	0.769577	0.126618	0.955135	0.499997	0.55263	0.261416	0.0223378	0.832771	0.449977	0.414418	0.779552	0.856851	0.986481	0.780905	0.286678	0.467066	0.543617	0.703265	0.476174	0.133243	0.389265	0.566315	0.43057	0.690772	0.746251	0.412086	0.0481441	0.181605	0.971614	0.534365	0.306922	
0.902311	0.835121	0.882675	0.741501	0.300069	0.792553	0.629982	0.723792	0.998864	0.215347	0.368491	0.181281	0.0545603	0.904493	0.7078	0.677418	0.469142	0.45042	0.410409	0.880706	0.781019	0.842257	0.289735	0.78548	0.0430558	0.967286	0.998633	0.0758856	0.00756763	0.400412	0.994914	0.189966	0.174926	0.00019872	0.260859	0.310581	0.18051	0.368158	0.452341	0.821173	
0.375083	0.0315442	0.0708591	0.493389	0.159704	0.787664	0.150711	0.717739	0.654787	0.445894	0.517878	0.933539	0.738252	0.281326	0.800816	0.947182	0.519479	0.924157	0.744093	0.653085	0.496985	0.765068	0.308781	0.522189	0.782928	0.540528	0.497741	0.746724	0.358297	0.936859	0.479286	0.617607	0.377864	0.0731165	0.388432	0.66799	0.394034	0.80573	0.720711	0.590733	
0.701866	0.817728	0.959262	0.827539	0.82482	0.227061	0.210647	0.151731	0.204171	0.426002	0.342285	0.590104	0.600132	0.685719	0.944309	0.338341	0.177492	0.333709	0.853945	0.585023	0.179693	0.704593	0.286042	0.0494034	0.788851	0.140264	0.567959	0.377703	0.656071	0.0711361	0.469891	0.624254	0.386979	0.440613	0.929159	0.912722	0.476714	0.527129	0.581047	0.279647	
