20	40
4.33776	5.05952	4.62485	5.28354	3.87721	3.95086	4.84477	4.91821	5.07663	4.09643	3.58605	3.77157	5.32365	4.13577	4.05176	4.82643	5.49019	4.85093	4.93698	3.75277	
0.390321	0.945654	0.160207	0.321169	0.937626	0.17518	0.312021	0.795778	0.973187	0.43804	0.949256	0.465044	0.572898	0.384474	0.698204	0.708813	0.187529	0.0341939	0.135978	0.916214	
11.8898	19.9926	26.3081	24.6227	42.2239	23.6808	32.7582	12.0838	9.85422	14.8078	13.1877	13.9705	42.823	36.5155	2.6946	26.5567	16.495	19.2956	42.6243	4.64644	2.65735	46.5191	24.2318	28.8921	32.644	32.3679	35.9805	21.0581	32.2908	27.1104	14.7995	11.0082	30.5726	30.4354	21.5133	13.3332	35.5019	36.1254	14.9394	18.7758	
0.552153	0.80546	0.478323	0.411816	0.139144	0.217052	0.279063	0.720681	0.297814	0.983525	0.215896	0.671083	0.293001	0.528669	0.438242	0.210808	0.381539	0.105969	0.595936	0.765678	0.0550852	0.815369	0.360315	0.931911	0.848473	0.902952	0.591768	0.267198	0.60389	0.904291	0.790318	0.156146	0.227101	0.818524	0.106439	0.329869	0.375406	0.0699126	0.354561	0.891589	
0.0488633	0.851714	0.621636	0.740944	0.240646	0.853883	0.729762	0.919733	0.824914	0.953378	0.639087	0.870218	0.855936	0.0590717	0.946585	0.113398	0.703736	0.772183	0.808319	0.6018	0.239985	0.713008	0.812561	0.0351162	0.803285	0.497054	0.797687	0.553661	0.544732	0.228419	0.842451	0.68426	0.936797	0.0910062	0.385522	0.0578643	0.704778	0.0147915	0.0987095	0.987399	
0.182103	0.52364	0.871212	0.185087	0.83165	0.37006	0.504124	0.345379	0.837437	0.486633	0.085194	0.0229085	0.883862	0.822154	0.641032	0.754817	0.070573	0.807347	0.749515	0.42127	0.388246	0.825184	0.845984	0.542742	0.484592	0.906352	0.695404	0.967998	0.147438	0.811198	0.193455	0.711233	0.423481	0.492078	0.224353	0.95964	0.155487	0.231826	0.370144	0.234832	
0.304731	0.606054	0.999691	0.554525	0.947465	0.245405	0.889251	0.194896	0.790367	0.826105	0.725914	0.737276	0.454197	0.623822	0.818887	0.530722	0.459923	0.348601	0.403604	0.641818	0.419339	0.207508	0.455246	0.49307	0.899425	0.666692	0.497308	0.158624	0.66628	0.0878148	0.855476	0.11028	0.734928	0.13641	0.967255	0.0340317	0.0655817	0.755328	0.95792	0.675846	
0.774293	0.42116	0.181799	0.0750696	0.506	0.887386	0.349966	0.988937	0.489283	0.883582	0.452168	0.297641	0.102185	0.461755	0.775771	0.942344	0.327229	0.491744	0.690963	0.220088	0.0796679	0.487486	0.916087	0.622136	0.69493	0.958941	0.438215	0.129813	0.0326263	0.73418	0.197877	0.0376952	0.490338	0.840655	0.765119	0.169953	0.20511	0.157826	0.212369	0.853998	
0.179405	0.205039	0.252672	0.575469	0.908707	0.0187114	0.20003	0.0346219	0.8969	0.0635345	0.538348	0.261266	0.786022	0.765994	0.112248	0.667003	0.200231	0.721384	0.270385	0.578502	0.147007	0.283606	0.453609	0.518227	0.0870446	0.689927	0.322295	0.104195	0.807691	0.371268	0.717966	0.96984	0.230676	0.192667	0.558711	0.212247	0.358701	0.426971	0.00986546	0.25787	
0.576553	0.65101	0.54393	0.00546346	0.0390716	0.966894	0.806425	0.252154	0.686022	0.829367	0.148794	0.632331	0.692005	0.324543	0.524613	0.904006	0.468744	0.0369201	0.800334	0.21817	0.113896	0.726485	0.301358	0.775456	0.113951	0.79364	0.576144	0.830205	0.149443	0.736522	0.906087	0.226004	0.379158	0.372624	0.759592	0.61218	0.621767	0.420258	0.0998097	0.80124	
0.973545	0.660752	0.97259	0.457577	0.863632	0.946087	0.755077	0.49194	0.792856	0.450126	0.236496	0.160967	0.755089	0.891026	0.476741	0.668392	0.123522	0.876363	0.640461	0.898888	0.273555	0.138358	0.703383	0.221828	0.795723	0.504548	0.0243673	0.670295	0.217183	0.286139	0.352774	0.413446	0.883058	0.234561	0.997904	0.636498	0.107938	0.321904	0.903961	0.504621	
0.120546	0.990933	0.990832	0.497014	0.701275	0.586891	0.757866	0.929173	0.336631	0.684773	0.188081	0.190711	0.500182	0.0625859	0.0427454	0.874238	0.189077	0.670131	0.922248	0.950628	0.755257	0.136258	0.506473	0.728608	0.536815	0.845264	0.591712	0.121234	0.673632	0.0423454	0.625989	0.378637	0.362741	0.0503541	0.674385	0.883131	0.154226	0.70979	0.0248867	0.757605	
0.516858	0.10813	0.539391	0.735531	0.892604	0.794566	0.932306	0.736798	0.578227	0.89525	0.307663	0.23355	0.293965	0.119317	0.342427	0.482338	0.607919	0.681796	0.226919	0.0978993	0.192235	0.761997	0.477813	0.164616	0.504655	0.48956	0.869112	0.621855	0.547127	0.0201242	0.322149	0.193103	0.10807	0.521582	0.120892	0.52658	0.042605	0.120551	0.172306	0.0333927	
0.0830203	0.297262	0.280016	0.119259	0.199025	0.140571	0.866297	0.0678443	0.297659	0.149207	0.227251	0.512064	0.631672	0.0119727	0.744979	0.193175	0.284955	0.680261	0.929861	0.471206	0.221979	0.288472	0.457671	0.952847	0.16332	0.868132	0.408628	0.641891	0.500206	0.346349	0.534355	0.742716	0.151895	0.15712	0.271664	0.156737	0.270565	0.365876	0.348527	0.9349	
0.00912497	0.438682	0.511822	0.0232483	0.506347	0.417528	0.336667	0.69435	0.559804	0.839231	0.717428	0.133839	0.0248367	0.0569368	0.419254	0.415506	0.80969	0.0154639	0.561074	0.68854	0.0696598	0.108585	0.0220343	0.349774	0.361613	0.248079	0.530423	0.616898	0.755796	0.823402	0.579306	0.0234543	0.105455	0.495827	0.654622	0.731338	0.548168	0.11234	0.669275	0.751058	
0.286548	0.386403	0.142248	0.022255	0.889858	0.544871	0.439869	0.981119	0.681734	0.953709	0.531254	0.942091	0.985634	0.892042	0.497805	0.962541	0.175065	0.994787	0.380723	0.463036	0.690447	0.0835429	0.944591	0.277309	0.722194	0.502444	0.0686306	0.948705	0.813787	0.573095	0.103009	0.768849	0.322314	0.288808	0.936554	0.535458	0.93494	0.311563	0.186937	0.293601	
0.0445881	0.392554	0.0868215	0.231741	0.601289	0.521754	0.280273	0.51804	0.39049	0.0919319	0.650312	0.781324	0.315042	0.32549	0.118083	0.33732	0.736597	0.50742	0.882598	0.0570953	0.296719	0.522475	0.507726	0.497566	0.82544	0.957215	0.524806	0.537997	0.294987	0.674448	0.783774	0.477447	0.415669	0.349794	0.189456	0.622636	0.250979	0.746651	0.0918547	0.465211	
0.108928	0.927007	0.693945	0.103158	0.273496	0.367703	0.466019	0.0226234	0.31098	0.899452	0.803719	0.361399	0.190303	0.534947	0.869976	0.378905	0.120562	0.395257	0.587974	0.679394	0.795179	0.0490064	0.0981037	0.411739	0.0502191	0.851563	0.779722	0.205674	0.292269	0.460018	0.935134	0.828839	0.37899	0.103733	0.455659	0.51756	0.446482	0.406916	0.645599	0.426944	
0.112318	0.924978	0.919608	0.77218	0.431226	0.479342	0.305987	0.395373	0.828411	0.730798	0.17694	0.0218477	0.300141	0.48707	0.319273	0.446763	0.374946	0.653685	0.38305	0.692413	0.23261	0.520527	0.260702	0.637626	0.324765	0.732584	0.0700618	0.745287	0.941793	0.282492	0.889233	0.975144	0.459095	0.277501	0.676068	0.48823	0.338857	0.947792	0.162919	0.405453	
0.856665	0.668938	0.236992	0.550701	0.762135	0.805875	0.28201	0.823271	0.310077	0.715429	0.878087	0.123766	0.833295	0.179128	0.830207	0.691261	0.647752	0.430788	0.770335	0.45095	0.834058	0.725945	0.747746	0.137917	0.601136	0.849118	0.296582	0.157192	0.589075	0.725597	0.695389	0.845704	0.935867	0.501754	0.548752	0.829443	0.129671	0.151134	0.689534	0.311389	
0.127984	0.567479	0.955131	0.47585	0.788345	0.840774	0.866565	0.781472	0.675163	0.374833	0.817716	0.157156	0.193076	0.0239992	0.0589491	0.0236527	0.667968	0.816282	0.0929532	0.979121	0.654561	0.626271	0.330068	0.8973	0.403589	0.909919	0.363793	0.280958	0.114137	0.861641	0.266501	0.756977	0.296017	0.542679	0.587362	0.876194	0.223969	0.356779	0.0210755	0.541353	
0.298949	0.163721	0.133136	0.0470888	0.726721	0.513057	0.639326	0.0774894	0.761204	0.626183	0.497321	0.582039	0.977429	0.478338	0.276867	0.720949	0.438683	0.330548	0.279022	0.939416	0.460476	0.00670711	0.782764	0.410409	0.714691	0.484579	0.800047	0.625991	0.71403	0.660445	0.596221	0.571558	0.268341	0.566735	0.617563	0.974869	0.332687	0.0901469	0.712857	0.58236	
0.853669	0.12264	0.106808	0.204446	0.238949	0.451245	0.2611	0.0353834	0.800438	0.180608	0.125984	0.0778717	0.288036	0.836871	0.0925224	0.102803	0.618138	0.856712	0.982736	0.100197	0.204476	0.791684	0.55306	0.243086	0.536576	0.134148	0.384227	0.136973	0.865436	0.956287	0.452859	0.437961	0.315492	0.632596	0.561382	0.92039	0.655725	0.217061	0.940461	0.192298	
