20	50
4.77982	8.22787	3.94026	7.61033	6.32087	9.34405	8.13223	4.66652	3.9954	8.04235	4.15572	7.831	7.45399	5.77243	5.14435	7.44948	5.13684	4.43959	5.68274	9.79149	
0.423578	0.959468	0.707373	0.629341	0.844267	0.00893219	0.0958612	0.794731	0.447994	0.813578	0.112015	0.71939	0.000393473	0.36973	0.998428	0.30568	0.512261	0.165503	0.135151	0.521815	
38.4859	40.6169	10.0235	10.4591	33.2175	16.6602	6.32645	47.7433	43.807	20.7233	17.5959	13.6429	44.6635	48.1993	5.06534	44.0742	28.672	11.144	42.219	13.8585	32.8223	23.4099	33.8584	18.5109	6.67885	16.619	9.81984	48.0593	14.1104	36.6185	20.1708	48.3536	32.8777	26.7012	32.8542	22.8429	32.1204	4.43699	1.0117	27.9956	24.2159	21.2142	49.3629	48.1292	42.0989	34.9683	37.2733	3.07883	31.8254	18.342	
0.344639	0.244832	0.509471	0.99136	0.155203	0.292149	0.871423	0.675807	0.865497	0.522555	0.646725	0.0552555	0.319429	0.435843	0.992822	0.28157	0.709548	0.174441	0.631269	0.156254	0.167565	0.690046	0.187836	0.118256	0.625014	0.699473	0.0198162	0.17838	0.0981104	0.966277	0.405188	0.376852	0.347176	0.784632	0.952461	0.925145	0.78759	0.650253	0.788	0.00964991	0.0607321	0.524013	0.413956	0.931338	0.830217	0.0832763	0.100969	0.968669	0.740429	0.797622	
0.348531	0.823142	0.35352	0.16746	0.366341	0.864147	0.624107	0.932722	0.502816	0.725901	0.293736	0.126973	0.0695609	0.239369	0.472553	0.422316	0.984363	0.164888	0.930781	0.74466	0.433099	0.743515	0.389941	0.832405	0.445367	0.111277	0.670284	0.674776	0.882337	0.397564	0.167498	0.217723	0.146482	0.160525	0.606796	0.718927	0.382701	0.871372	0.398432	0.804611	0.416499	0.849912	0.900559	0.72741	0.156687	0.58876	0.939571	0.80737	0.0664939	0.867959	
0.187061	0.475425	0.42766	0.0901549	0.364639	0.122855	0.64818	0.12133	0.886829	0.507028	0.984102	0.03835	0.520019	0.429067	0.498005	0.167785	0.45912	0.615631	0.0273772	0.598957	0.57336	0.209441	0.719199	0.52103	0.219656	0.330135	0.858565	0.917788	0.570171	0.370432	0.521547	0.181069	0.406681	0.967837	0.825848	0.708276	0.850242	0.289454	0.246305	0.271729	0.958597	0.595555	0.757903	0.251317	0.106343	0.869151	0.737519	0.447002	0.432846	0.954241	
0.0861324	0.901747	0.590389	0.820189	0.45692	0.686971	0.319288	0.0133604	0.52504	0.648811	0.343837	0.546284	0.489495	0.273221	0.0907978	0.325013	0.878679	0.159943	0.884805	0.633694	0.0478995	0.398677	0.927749	0.819346	0.960785	0.634968	0.821201	0.484262	0.170762	0.881301	0.578394	0.900824	0.722595	0.0040059	0.213395	0.275218	0.574081	0.256348	0.389386	0.675448	0.0299501	0.00818151	0.808267	0.122485	0.997349	0.0977193	0.349347	0.608575	0.634432	0.962914	
0.0525476	0.254154	0.479591	0.307744	0.0882734	0.22369	0.135394	0.737621	0.604605	0.837225	0.257331	0.196493	0.596104	0.670332	0.341934	0.936453	0.338277	0.0657742	0.507381	0.21104	0.425081	0.823624	0.457232	0.398363	0.191008	0.623285	0.474016	0.560993	0.409438	0.832255	0.0691997	0.658808	0.856812	0.525598	0.668844	0.410569	0.25737	0.852711	0.636781	0.590958	0.69723	0.575078	0.461085	0.934481	0.100373	0.0684193	0.101032	0.946607	0.0153324	0.000379589	
0.274972	0.0611094	0.973403	0.904181	0.327823	0.965336	0.737955	0.484593	0.543893	0.32167	0.535576	0.877817	0.0146281	0.350763	0.155262	0.778849	0.25871	0.0246946	0.669347	0.630105	0.480405	0.885089	0.0287436	0.602958	0.252071	0.728285	0.521702	0.835461	0.360032	0.312948	0.102018	0.940938	0.724524	0.379981	0.729512	0.878966	0.840168	0.517786	0.199589	0.809852	0.382314	0.230842	0.318215	0.523299	0.101097	0.109001	0.833962	0.583584	0.636487	0.817519	
0.307202	0.819273	0.888312	0.242886	0.686794	0.326022	0.287611	0.0798924	0.427045	0.0602828	0.473031	0.74171	0.505857	0.818828	0.265354	0.177061	0.232854	0.56739	0.414102	0.394603	0.342294	0.391668	0.138487	0.234434	0.633296	0.299808	0.695413	0.877295	0.414438	0.170904	0.0756056	0.247062	0.882125	0.842936	0.616322	0.55067	0.530715	0.526091	0.925548	0.813834	0.138481	0.401417	0.343847	0.756105	0.33515	0.494165	0.353695	0.681825	0.765392	0.481544	
0.712695	0.374218	0.967654	0.307915	0.242165	0.403082	0.957714	0.795517	0.206612	0.603518	0.198515	0.919511	0.683112	0.612511	0.893041	0.990256	0.421629	0.122408	0.388011	0.447634	0.548732	0.772028	0.399482	0.0162233	0.713558	0.108855	0.242406	0.858754	0.148259	0.297788	0.413412	0.153545	0.71776	0.455883	0.775316	0.27473	0.721976	0.960939	0.987439	0.647146	0.0455035	0.123264	0.118781	0.0359366	0.265232	0.41994	0.561483	0.439471	0.763575	0.54651	
0.390063	0.918535	0.844289	0.495042	0.23537	0.286417	0.516206	0.800765	0.62036	0.274497	0.976516	0.503592	0.285436	0.972372	0.240222	0.556897	0.863238	0.651007	0.707993	0.794741	0.520437	0.616875	0.190153	0.621442	0.81195	0.223842	0.16591	0.120791	0.48765	0.418068	0.663845	0.7083	0.309559	0.57464	0.865794	0.67242	0.110976	0.146656	0.168661	0.50231	0.594673	0.841526	0.216413	0.882683	0.155358	0.472387	0.560675	0.915208	0.917524	0.393912	
0.569485	0.199462	0.957892	0.728472	0.687071	0.575635	0.287409	0.743043	0.922723	0.318627	0.552058	0.160267	0.641406	0.679256	0.711571	0.141277	0.391674	0.380218	0.564521	0.413866	0.773452	0.922806	0.698369	0.177825	0.508955	0.655817	0.409539	0.856385	0.492734	0.0278216	0.170233	0.682721	0.106998	0.331454	0.127979	0.600725	0.709904	0.788337	0.838939	0.417088	0.879956	0.210581	0.289907	0.252589	0.776914	0.321341	0.165436	0.983776	0.132756	0.470733	
0.17625	0.743574	0.65155	0.632365	0.30009	0.959799	0.90081	0.258544	0.302167	0.981686	0.111099	0.447798	0.122643	0.45427	0.993921	0.83289	0.249483	0.0669975	0.592457	0.981949	0.197888	0.971002	0.329418	0.296727	0.0162782	0.79309	0.100675	0.405044	0.0486375	0.756604	0.656754	0.863027	0.768891	0.858663	0.198313	0.964591	0.332428	0.331406	0.842744	0.694592	0.49841	0.0549016	0.0785987	0.962908	0.959195	0.976559	0.494855	0.591462	0.604409	0.317401	
0.675806	0.45981	0.498245	0.28809	0.848586	0.171263	0.0525791	0.790329	0.854818	0.66941	0.229362	0.57513	0.0593449	0.501969	0.395691	0.112095	0.883919	0.187009	0.552026	0.612686	0.116765	0.913805	0.749385	0.263395	0.594242	0.90991	0.631743	0.207672	0.199405	0.211026	0.209896	0.773309	0.768424	0.262207	0.637404	0.0627301	0.00978425	0.87231	0.781024	0.962931	0.991399	0.641668	0.838436	0.286721	0.793159	0.311362	0.609005	0.342718	0.624162	0.96113	
0.358807	0.153265	0.912012	0.72927	0.944971	0.110127	0.387155	0.171899	0.771729	0.878236	0.159909	0.876304	0.128732	0.370956	0.495883	0.294465	0.385391	0.0993492	0.0240684	0.583403	0.308456	0.453745	0.770954	0.132849	0.436207	0.327423	0.459523	0.279475	0.264067	0.430269	0.293598	0.620713	0.223898	0.458375	0.147966	0.457968	0.177763	0.90328	0.182933	0.822712	0.243009	0.271302	0.356596	0.473162	0.405557	0.548279	0.87996	0.746856	0.880385	0.340472	
0.334461	0.214934	0.747008	0.14731	0.0270833	0.482683	0.368406	0.0410858	0.977438	0.992502	0.80939	0.604091	0.47221	0.332893	0.237127	0.665304	0.55986	0.869533	0.910573	0.0961356	0.257465	0.615308	0.817693	0.352157	0.344401	0.937898	0.472021	0.189161	0.875208	0.919563	0.843881	0.346348	0.320371	0.0284468	0.910855	0.138231	0.501009	0.700102	0.481307	0.203626	0.992457	0.56821	0.273432	0.414672	0.258979	0.175535	0.137348	0.433321	0.297123	0.718779	
0.24995	0.808123	0.782467	0.636046	0.526671	0.684366	0.0988854	0.78836	0.838591	0.399433	0.350253	0.102595	0.0930827	0.465511	0.216826	0.156446	0.886434	0.757156	0.831543	0.273704	0.153341	0.256954	0.404325	0.566371	0.274862	0.724951	0.576433	0.396669	0.157544	0.568155	0.797615	0.722802	0.865904	0.923596	0.617176	0.378093	0.53698	0.110431	0.0634378	0.329741	0.802534	0.826225	0.712807	0.661388	0.423356	0.967059	0.572191	0.972381	0.347927	0.971336	
0.559605	0.165848	0.698582	0.752364	0.922839	0.35259	0.521501	0.412305	0.0671354	0.217566	0.0810829	0.958364	0.612727	0.580084	0.237024	0.924357	0.78344	0.717819	0.369288	0.284071	0.832394	0.360986	0.13813	0.77142	0.545123	0.994464	0.868151	0.912557	0.977946	0.477688	0.171407	0.455151	0.11586	0.07445	0.00200319	0.568791	0.0688971	0.760921	0.36379	0.457767	0.0765377	0.811274	0.850279	0.114203	0.095222	0.650726	0.448818	0.628116	0.38093	0.848544	
0.562764	0.985598	0.650955	0.0735535	0.776783	0.945743	0.247325	0.666967	0.191659	0.312056	0.100262	0.815427	0.122266	0.637825	0.656195	0.706377	0.309918	0.307449	0.360771	0.485189	0.406456	0.903971	0.131178	0.951116	0.344323	0.398989	0.319892	0.308427	0.895187	0.320586	0.32027	0.0595314	0.88346	0.77288	0.52114	0.124149	0.190458	0.780558	0.804057	0.382662	0.797308	0.714549	0.500184	0.468122	0.391369	0.556342	0.282014	0.0759355	0.242634	0.260284	
0.99114	0.798739	0.129247	0.400491	0.000374172	0.635717	0.748678	0.993505	0.469553	0.739559	0.598816	0.797108	0.997614	0.239709	0.298449	0.89743	0.419196	0.285485	0.422474	0.820219	0.559054	0.249732	0.767252	0.64411	0.332737	0.668691	0.278762	0.968179	0.2824	0.948694	0.749998	0.818039	0.333645	0.772327	0.881421	0.0157308	0.0865559	0.947668	0.254267	0.903184	0.200621	0.406764	0.634689	0.839182	0.700172	0.848621	0.353955	0.744449	0.47411	0.603185	
0.328988	0.635675	0.439354	0.896001	0.954524	0.515434	0.801055	0.322444	0.512256	0.210614	0.51531	0.276499	0.499014	0.739825	0.224473	0.437547	0.668324	0.44253	0.923376	0.574608	0.148423	0.123739	0.274402	0.567005	0.927784	0.968837	0.766721	0.308683	0.506152	0.634143	0.716619	0.87291	0.31859	0.37979	0.859894	0.457649	0.896219	0.716642	0.687736	0.662975	0.125605	0.843673	0.433958	0.486814	0.869506	0.0780611	0.335092	0.37693	0.640346	0.587269	
0.940031	0.647081	0.729545	0.343607	0.772754	0.342234	0.995358	0.716856	0.288652	0.893832	0.616173	0.971865	0.302096	0.480133	0.60384	0.286719	0.806005	0.745522	0.558658	0.0902643	0.129666	0.77516	0.604746	0.120522	0.949612	0.412763	0.573147	0.1113	0.985967	0.792431	0.0971989	0.926368	0.568317	0.983085	0.592318	0.0597741	0.974765	0.663286	0.901533	0.256613	0.48572	0.0493007	0.513854	0.485571	0.63546	0.549275	0.0191553	0.624278	0.856672	0.921868	
