15	40
783.877	904.342	1277.32	1230.22	1063.83	1171.77	606.264	1188.57	1229.87	1298.19	609.997	1056.29	1290.88	916.806	986.505	
50.153	73.3675	154.326	139.117	93.2254	132.783	32.7422	119.661	129.375	130.763	28.6804	93.468	152.414	73.4784	90.8585	
45.2876	58.515	35.8442	55.5547	41.643	26.8322	0.927801	36.9806	19.2481	31.9998	57.3942	38.5747	49.731	47.0948	15.3486	44.4854	4.11596	42.8081	39.0032	5.60545	6.45305	13.0365	57.3158	6.25404	28.6449	19.6349	19.1104	21.34	36.8081	4.21492	54.3158	28.7881	53.9284	39.523	2.28033	54.1524	33.4107	16.1796	47.33	5.628	
6.06436	7.94149	6.71913	3.82604	6.82154	7.56303	2.97284	6.3188	2.18225	6.04551	3.74143	9.16319	6.31124	2.83625	4.6857	4.46868	2.94209	4.77274	3.0697	1.06773	2.64408	1.63663	7.61954	2.64209	7.87239	7.58855	4.50758	9.21422	4.79353	7.99294	2.32814	5.34504	8.5703	9.12026	4.78644	10.63	6.8345	3.47766	7.29927	8.16555	
4.26853	7.78869	5.86239	2.27039	6.33707	7.57787	2.39586	5.29316	3.5245	5.48773	1.90212	7.90239	5.61565	1.95941	2.78862	2.90736	1.0304	3.06651	3.11148	2.9348	1.44076	1.968	5.99854	4.2157	6.41112	6.32365	5.23647	8.32655	5.63034	6.68021	0.870254	4.00666	6.82984	7.97927	4.78324	9.07022	5.86399	3.6952	7.57131	8.0776	
8.28563	1.18696	4.18008	7.49488	2.95677	1.42231	6.53681	4.92872	7.29412	3.7377	10.074	5.83053	3.90139	6.99677	10.3048	7.30285	9.39456	7.76175	5.97587	8.67063	7.56058	7.42593	7.49937	7.57951	6.64435	5.64116	4.92068	3.93949	4.93635	5.89086	9.79072	6.3269	8.61188	5.18901	4.2221	8.23712	4.53918	5.5068	2.04054	0.858066	
4.73654	2.40306	0.778179	4.11868	0.610025	2.67418	3.66372	1.41222	5.58037	0.54636	6.741	3.54582	0.355961	3.99642	6.85108	3.82356	6.17249	4.24304	3.58364	6.64035	4.49256	4.93288	4.19655	6.18501	3.52101	2.55594	4.10425	2.74759	4.43924	2.94865	6.7312	2.77786	5.41103	3.15445	2.32914	5.85469	1.19913	3.42228	3.39959	2.77232	
4.29678	3.46466	1.04149	4.54897	2.02996	3.96594	4.70279	1.39053	7.00465	2.11712	7.06379	1.89521	1.65135	4.89741	6.94212	4.05378	6.6766	4.29318	4.9021	7.91695	5.28308	6.09218	3.11472	7.66786	2.22731	1.23041	5.73605	1.67326	6.08324	1.48673	7.38374	2.83204	4.19468	1.55097	3.92207	4.23545	0.841028	4.86889	4.84164	3.81759	
3.377	4.66521	1.84273	4.19923	3.10962	5.13077	4.81004	1.60819	7.38617	2.94408	6.50644	1.45666	2.4689	4.87839	6.23586	3.6061	6.26036	3.6946	5.2449	8.11335	5.15116	6.22897	1.92754	8.11057	1.00973	0.127706	6.4805	2.49108	6.86916	0.351657	7.05344	2.44457	2.97701	1.59913	4.63191	3.33573	1.43386	5.34654	5.96212	5.02294	
8.14516	1.27863	4.01719	7.50655	2.89142	1.74101	6.66383	4.7826	7.60776	3.71923	10.1101	5.4347	3.81736	7.1041	10.2903	7.26966	9.46384	7.70427	6.1738	8.9578	7.65846	7.63116	7.24287	7.93459	6.35615	5.36446	5.29012	3.49988	5.3396	5.58332	9.90447	6.23837	8.31973	4.7825	4.42974	7.81786	4.3475	5.73805	2.50032	1.06699	
2.68962	6.91727	3.98461	4.63933	5.30948	7.3631	5.89698	3.48731	8.67789	4.99429	6.22013	2.5738	4.5522	5.76848	5.63503	3.99387	6.29145	3.75123	6.61314	9.09427	5.82592	7.22771	0.848576	9.46054	1.25556	2.26339	8.2804	4.43713	8.70636	1.99713	7.1859	3.32079	0.761486	3.17038	6.47182	2.31163	3.5642	6.8792	8.15754	7.2763	
2.35894	4.93715	1.86296	2.93803	3.17687	5.24896	3.70751	1.17106	6.40481	2.67737	5.26119	2.70563	2.29168	3.70829	5.04539	2.33984	4.99473	2.44856	4.28599	7.00553	3.93205	5.112	1.70591	7.16395	1.41199	1.14094	5.85204	3.55039	6.27757	1.48287	5.78821	1.20207	2.9569	2.85085	4.04551	4.20431	1.50364	4.4937	5.93201	5.30828	
5.40275	3.22488	2.88849	3.73049	2.32388	2.90293	2.33974	3.02016	3.33782	1.80996	6.07225	5.78053	2.26365	2.84344	6.50874	3.82099	5.29359	4.37617	1.67775	4.55271	3.41734	3.13206	5.68431	3.87973	5.30949	4.51318	1.87872	5.05263	2.28608	4.95549	5.56749	3.41473	6.93118	5.45803	0.0877892	7.94029	3.22497	1.25865	2.90333	3.46319	
5.73547	1.45081	1.63133	5.13326	0.522134	1.89121	4.52327	2.37594	6.10293	1.37527	7.75306	3.83419	1.39094	4.90349	7.88308	4.85634	7.15829	5.27818	4.27189	7.28478	5.42635	5.69276	5.01839	6.62151	4.23325	3.22608	4.26217	2.47646	4.51326	3.54745	7.6782	3.80789	6.18442	3.30336	2.72725	6.25385	2.00773	3.99028	2.78392	1.82031	
1.39347	6.68532	3.61431	3.34978	4.94197	7.01718	4.73154	2.94099	7.52788	4.43646	4.91922	3.2901	4.06148	4.54768	4.39106	2.71497	4.96347	2.43127	5.53259	7.84832	4.55405	6.00701	0.601086	8.32263	1.50995	2.2713	7.39088	4.8141	7.83507	2.26014	5.85678	2.25403	1.4411	3.73961	5.65878	3.62913	3.22832	5.86714	7.69819	7.05566	
2.6794	4.64565	1.99062	1.86735	2.88494	4.74828	2.19932	1.33926	4.88717	2.09518	4.46901	4.0695	1.96596	2.25905	4.53036	1.50268	3.98883	1.93519	2.78038	5.50479	2.57918	3.61405	3.03466	5.65171	2.93044	2.49851	4.53344	4.38049	4.97973	2.91434	4.66385	0.639032	4.24784	4.05624	2.84287	5.72478	1.91904	3.03882	5.21529	5.00245	
3.35701	8.81846	6.34344	2.52824	7.16044	8.75116	3.73859	5.63346	5.48666	6.31422	0.181952	7.71738	6.29382	3.22109	0.833619	2.89303	0.959107	2.6687	4.68011	4.89067	2.66716	3.84522	5.33082	6.19612	6.00855	6.2387	6.95408	8.60294	7.37997	6.49592	1.61279	4.10495	5.84525	7.95674	6.1236	8.35538	6.21199	5.27824	8.93091	9.1479	
1.26745	7.63857	4.56381	3.59094	5.87842	7.94549	5.18011	3.8625	7.95025	5.32595	4.61121	4.15133	4.97707	4.91035	3.92814	3.0265	4.83094	2.59153	6.07041	8.10348	4.80314	6.33751	1.43615	8.75329	2.42353	3.24833	8.07292	5.77251	8.52596	3.20742	5.73825	2.93382	1.42107	4.65074	6.41243	4.02037	4.18843	6.46839	8.59132	8.00953	
0.75	0.75