15	30
113.621	43.9043
146.815	67.1835
25.2621	125.32
84.4739	64.9888
111.975	104.873
145.21	58.7125
170.593	87.8347
6.87323	114.815
65.1718	73.0828
152.329	41.6283
97.9087	155.938
55.6825	83.286
34.3881	99.7582
98.6228	67.1319
92.0618	123.663
23.6396
43.4564
41.4519
29.5439
35.1368
34.348
0.601436
15.69
47.8751
43.6713
21.525
21.8229
32.0766
14.3598
52.2719
16.7391
41.4236
3.78229
13.9737
36.0981
30.6632
21.6668
15.0261
36.0519
48.9768
31.5989
3.38934
40.3416
29.3462
48.1984
0.658659	0.193979	0.51971	0.258926	0.138315	0.576651	0.474436	0.27391	0.960043	0.212943	0.0309626	0.698736	0.092433	0.910114	0.697257	0.719247	0.340572	0.724645	0.549604	0.547007	0.238562	0.442337	0.691946	0.761898	0.728541	0.841507	0.359531	0.941236	0.61167	0.184468	
0.328271	0.511327	0.188701	0.64837	0.658862	0.115698	0.940839	0.268995	0.955932	0.498394	0.554832	0.685804	0.564814	0.837376	0.280168	0.326542	0.786102	0.831449	0.541476	0.821819	0.595217	0.689337	0.420251	0.516909	0.426478	0.472491	0.54534	0.92033	0.275642	0.534234	
0.51377	0.517459	0.450299	0.157255	0.412695	0.55355	0.427996	0.330324	0.628092	0.531286	0.345769	0.380825	0.26094	0.59234	0.596937	0.595214	0.284114	0.390173	0.25836	0.260751	0.122527	0.129636	0.499117	0.534955	0.543194	0.67247	0.0449989	0.611833	0.490197	0.151052	
0.0862426	0.803762	0.229367	0.738874	0.874831	0.245725	1.02689	0.474721	0.703379	0.798088	0.768517	0.486952	0.736337	0.562066	0.0859713	0.0360913	0.878457	0.673737	0.413632	0.78222	0.687275	0.671799	0.137086	0.204957	0.10637	0.113522	0.557067	0.662898	0.127556	0.654374	
0.453069	1.02575	0.575571	0.728079	0.981743	0.662604	0.932056	0.710982	0.238241	1.03118	0.898503	0.202613	0.825244	0.0899325	0.549549	0.504913	0.826022	0.342685	0.329537	0.583667	0.698673	0.548718	0.355713	0.269974	0.370473	0.434091	0.536943	0.19681	0.494849	0.713429	
0.226235	0.511997	0.100212	0.464076	0.569539	0.201139	0.760892	0.175363	0.733753	0.509911	0.463012	0.456305	0.434819	0.628454	0.269884	0.286567	0.606628	0.59209	0.304288	0.591513	0.409908	0.461471	0.276373	0.363318	0.305764	0.409577	0.320721	0.700846	0.178061	0.364284	
0.499286	0.361581	0.387769	0.189781	0.309956	0.472428	0.483544	0.19391	0.77036	0.373211	0.217075	0.503799	0.156986	0.714438	0.55839	0.570435	0.328274	0.546888	0.35296	0.416511	0.137424	0.290755	0.516152	0.577291	0.556104	0.677227	0.174536	0.749505	0.460233	0.0770437	
0.888352	0.575452	0.802174	0.238205	0.345235	0.892482	0.0677568	0.607719	0.881345	0.598725	0.386634	0.703804	0.328664	0.896918	0.963896	0.967532	0.0961556	0.618437	0.622964	0.352442	0.292144	0.358193	0.877813	0.910433	0.921862	1.05099	0.423167	0.880124	0.859503	0.343859	
0.195684	0.928926	0.358527	0.814078	0.980464	0.384734	1.08979	0.594419	0.634171	0.924868	0.876414	0.465	0.83468	0.486389	0.222821	0.174274	0.948202	0.656582	0.439331	0.809768	0.76573	0.714576	0.165651	0.157165	0.122987	0.0398388	0.61968	0.592745	0.250473	0.742843	
0.390507	0.386401	0.226932	0.546818	0.532824	0.213666	0.832546	0.164903	0.955133	0.374859	0.430113	0.676165	0.447003	0.850512	0.372818	0.412714	0.679575	0.798765	0.519451	0.75036	0.49575	0.617362	0.469429	0.564265	0.486672	0.557729	0.474442	0.922741	0.334007	0.430305	
0.346583	0.716905	0.376557	0.42425	0.665885	0.486467	0.667061	0.423151	0.427583	0.724317	0.582176	0.146964	0.509184	0.350233	0.451849	0.429554	0.539454	0.278978	0.0154234	0.370116	0.388688	0.280011	0.289393	0.291084	0.332398	0.458725	0.225272	0.399603	0.352262	0.39779	
0.458879	0.279326	0.296821	0.443298	0.408914	0.31997	0.719738	0.0955362	0.945676	0.272338	0.306311	0.66481	0.328132	0.856574	0.46526	0.49845	0.569348	0.761024	0.502676	0.674355	0.395627	0.543907	0.52217	0.610895	0.547898	0.637618	0.40776	0.916981	0.40386	0.326903	
0.70993	0.785344	0.699204	0.338131	0.622668	0.809741	0.400504	0.623626	0.489745	0.802603	0.592731	0.370265	0.502627	0.527915	0.810853	0.79418	0.348136	0.231515	0.373331	0.0483563	0.354262	0.16545	0.658704	0.651751	0.701639	0.826865	0.306019	0.493173	0.705754	0.417206	
0.444661	1.01434	0.56568	0.717358	0.970522	0.653421	0.922731	0.699775	0.241932	1.01979	0.887158	0.192689	0.814	0.0948649	0.541922	0.497663	0.815923	0.336698	0.31819	0.575279	0.687722	0.538791	0.34744	0.262974	0.363173	0.429539	0.525877	0.200499	0.485838	0.702215	
0.419446	0.556821	0.373671	0.255388	0.488453	0.482001	0.525959	0.308148	0.574211	0.567069	0.407787	0.307921	0.331981	0.51954	0.507718	0.502257	0.384033	0.362155	0.166295	0.309334	0.214214	0.180187	0.399898	0.435124	0.444147	0.573732	0.0551528	0.552797	0.400345	0.22017	
