15	40
37.347	125.882
20.0889	80.8792
7.18572	121.616
8.8131	135.062
77.2074	143.166
66.8891	107.034
20.9579	103.213
45.8628	128.846
74.6275	52.4727
62.8865	108.007
82.0636	117.631
37.5361	70.2026
79.9751	107.728
60.2859	72.4983
59.1041	68.7221
40.5098
9.8286
23.2482
7.77064
47.7536
41.6911
27.1791
15.2768
8.7318
37.3953
2.26137
47.1963
51.5594
12.6012
0.939238
29.0144
2.00233
23.8906
34.9134
24.5889
28.326
29.2633
9.77099
7.28586
22.3037
7.86817
50.1013
19.5455
14.9759
53.4021
51.5138
13.3129
29.5159
44.2424
46.3009
53.766
41.5711
4.99064
6.95385
5.27743
0.299009	0.366919	0.150735	0.129256	0.160337	0.387553	0.784083	0.312402	0.389148	0.0976263	0.358337	0.313975	0.499583	0.208378	0.257603	0.180899	0.291317	0.359662	0.265821	0.366757	0.224709	0.728245	0.357938	0.350884	0.450278	0.0837275	0.41195	0.431451	0.299889	0.284843	0.407773	0.165365	0.528396	0.362126	0.362507	0.121472	0.645167	0.607748	0.3266	0.289833	
0.872269	0.382046	0.699118	0.598857	0.691035	0.566403	0.969764	0.887382	0.377596	0.572804	0.922566	0.36859	1.00414	0.78307	0.516539	0.539802	0.790685	0.737917	0.827075	0.554406	0.437151	0.850236	0.346522	0.562993	0.396061	0.600405	0.240075	0.368492	0.641611	0.492704	0.906031	0.470271	1.10093	0.327553	0.933618	0.620619	0.276941	0.520797	0.898984	0.285264	
0.68392	0.718511	0.627828	0.379981	0.646713	0.830896	1.26262	0.672893	0.254486	0.585349	0.765923	0.301437	0.962615	0.584038	0.242105	0.314628	0.775721	0.853524	0.547369	0.80937	0.621193	1.18788	0.685706	0.800076	0.79589	0.578873	0.39321	0.257915	0.783619	0.225354	0.882246	0.585151	0.871421	0.316006	0.653174	0.616828	0.857371	0.972507	0.637115	0.486883	
0.681538	0.421885	0.540018	0.36277	0.543449	0.577363	1.02021	0.687958	0.0950321	0.435509	0.74787	0.0951276	0.883563	0.580504	0.243152	0.287398	0.667648	0.676729	0.600379	0.558063	0.376459	0.923168	0.383244	0.55614	0.485431	0.450412	0.0455853	0.102238	0.585905	0.214096	0.787725	0.371195	0.907921	0.0440583	0.714164	0.482981	0.508997	0.656152	0.683566	0.186066	
0.464311	0.661927	0.445291	0.216024	0.46955	0.726367	1.12816	0.449382	0.342634	0.442828	0.547261	0.331859	0.755881	0.370782	0.186138	0.199449	0.589267	0.696515	0.320682	0.704955	0.534691	1.07298	0.638598	0.690939	0.746562	0.425031	0.464146	0.372798	0.644621	0.207751	0.684156	0.483487	0.640838	0.376341	0.422494	0.459856	0.875653	0.918972	0.408614	0.473126	
0.679797	0.433395	0.553565	0.749603	0.524299	0.266117	0.17744	0.713836	0.90066	0.522766	0.648447	0.822478	0.520517	0.68828	0.849823	0.786749	0.461178	0.298612	0.782447	0.286391	0.475675	0.115588	0.47341	0.292132	0.405063	0.542248	0.828241	0.932442	0.322252	0.864973	0.472658	0.505244	0.801714	0.843113	0.80395	0.510237	0.620095	0.337638	0.77318	0.656734	
0.519358	0.397886	0.389631	0.198349	0.397548	0.511751	0.949689	0.524427	0.15081	0.302183	0.588347	0.0760645	0.738155	0.41719	0.111949	0.12697	0.526802	0.56395	0.435947	0.490464	0.300812	0.868662	0.367033	0.482756	0.47773	0.309111	0.197262	0.192766	0.482348	0.104453	0.64516	0.27137	0.744347	0.127741	0.549526	0.345252	0.579941	0.654423	0.518895	0.179812	
0.857669	0.265242	0.674466	0.730298	0.651028	0.339388	0.595042	0.885532	0.695216	0.563791	0.870791	0.639903	0.850187	0.807838	0.743085	0.717566	0.683307	0.551234	0.88764	0.34555	0.407475	0.463716	0.279946	0.365635	0.182693	0.597685	0.571929	0.709193	0.480857	0.73858	0.765435	0.466958	1.0558	0.630505	0.962018	0.591225	0.178607	0.118247	0.925007	0.456831	
0.686566	0.0801647	0.500207	0.529065	0.480504	0.243428	0.63769	0.711483	0.509848	0.379599	0.711918	0.447314	0.733389	0.624929	0.541808	0.514669	0.539643	0.44159	0.698847	0.23636	0.216251	0.522364	0.0793973	0.250118	0.0636623	0.413714	0.400204	0.529571	0.352181	0.539076	0.639822	0.274849	0.898687	0.445265	0.781745	0.414336	0.227213	0.227881	0.744573	0.261108	
0.682718	0.690375	0.617349	0.370251	0.63503	0.807161	1.24139	0.673363	0.220621	0.56847	0.764014	0.270651	0.956152	0.581281	0.224397	0.300267	0.765035	0.836975	0.550023	0.785726	0.596731	1.16425	0.65691	0.777044	0.766769	0.563811	0.358935	0.223138	0.764649	0.203695	0.873739	0.562788	0.875977	0.282823	0.65827	0.601873	0.823805	0.943177	0.640443	0.45681	
0.187626	0.734245	0.330008	0.341964	0.357747	0.700772	0.988904	0.154244	0.65694	0.432021	0.249502	0.608317	0.47235	0.189434	0.474001	0.415386	0.403132	0.563996	0.112158	0.684138	0.593027	0.978067	0.730994	0.664114	0.813267	0.398042	0.736579	0.696655	0.566824	0.509608	0.439092	0.534449	0.27172	0.661836	0.0704252	0.406889	1.02248	0.952516	0.0908659	0.656231	
0.398759	0.290686	0.23498	0.176854	0.235007	0.354915	0.781289	0.413484	0.326251	0.126533	0.453655	0.245895	0.573931	0.310011	0.240471	0.18263	0.357902	0.385164	0.364066	0.333246	0.15706	0.709713	0.274261	0.321766	0.375932	0.141109	0.323498	0.366398	0.305611	0.25688	0.477953	0.107452	0.627918	0.287022	0.463728	0.173264	0.55107	0.543806	0.428023	0.188769	
0.712598	0.369143	0.566904	0.737618	0.537575	0.228393	0.248499	0.746042	0.853746	0.513995	0.691708	0.778238	0.589234	0.706833	0.821867	0.764996	0.497207	0.331819	0.800294	0.250065	0.437083	0.134654	0.409083	0.262183	0.32707	0.538325	0.769862	0.882646	0.326409	0.833291	0.529574	0.476124	0.856174	0.793477	0.835004	0.510718	0.526729	0.240471	0.802014	0.603428	
0.280983	0.399215	0.151084	0.106459	0.166168	0.417534	0.807736	0.291578	0.392517	0.12476	0.34523	0.320426	0.499282	0.185391	0.248577	0.169499	0.297032	0.378727	0.236416	0.396936	0.257074	0.755097	0.389785	0.380627	0.482657	0.104612	0.42586	0.43515	0.324431	0.278404	0.410228	0.197758	0.509818	0.370549	0.336439	0.140189	0.675646	0.639962	0.301168	0.313324	
0.736381	0.461742	0.59635	0.414539	0.599826	0.623794	1.06536	0.742124	0.112761	0.491584	0.803462	0.144284	0.939883	0.634788	0.28541	0.336869	0.723854	0.730328	0.651779	0.605049	0.427	0.965097	0.42224	0.604211	0.519926	0.506749	0.0608082	0.0965444	0.638597	0.253374	0.843962	0.424885	0.962074	0.0907203	0.766084	0.539185	0.517221	0.686467	0.736116	0.23277	
