15	40
4.21924	64.9899
74.1087	58.3235
61.8101	50.9601
19.1947	65.2381
71.8537	29.714
72.5238	92.4272
70.2093	39.0373
13.0418	14.4588
83.1473	26.2823
66.1961	134.731
25.9317	36.7112
16.3735	112.017
75.2467	81.9499
60.7382	43.1791
21.932	113.479
0.408897
6.25542
7.17231
8.22577
7.80367
3.85946
7.38455
7.30077
6.34147
5.6575
7.78467
2.66998
2.22278
6.56844
0.758758
3.17057
3.99549
5.56592
3.25339
5.67014
5.00332
7.9774
1.09016
8.55208
7.82229
8.12946
4.03182
6.81659
3.84537
5.6241
2.23707
0.107493
5.73522
2.54864
2.28483
6.44826
6.58978
2.54398
2.09988
1.14187
0.557509	0.699665	0.401585	0.517657	0.422038	0.229767	0.0636746	0.355806	0.490646	0.1929	0.580348	0.809414	0.636805	0.46318	0.325899	0.384837	0.581492	0.243712	0.306053	0.65023	0.366674	0.512674	0.295868	0.305335	0.561048	0.719632	0.0699326	0.636388	0.743557	0.524606	0.520645	0.567963	0.780142	0.753649	0.363065	0.524835	0.820861	0.155365	0.425877	0.756082	
0.138978	0.294843	0.658106	0.511616	0.167542	0.598676	0.39361	0.751163	0.722316	0.25073	0.480435	0.391475	0.294741	0.655695	0.692817	0.409785	0.644212	0.203299	0.700761	0.301089	0.233637	0.280391	0.562392	0.626644	0.42449	0.717213	0.380116	0.221926	0.502411	0.699227	0.102152	0.252823	0.430034	0.33503	0.720803	0.574326	0.428919	0.319672	0.81959	0.338261	
0.206043	0.266729	0.589024	0.380043	0.320019	0.582121	0.449005	0.739757	0.639049	0.260201	0.332761	0.401225	0.185347	0.565242	0.667062	0.545936	0.518439	0.302487	0.691521	0.197936	0.377065	0.127246	0.508581	0.585716	0.274523	0.575056	0.395803	0.230937	0.356184	0.599593	0.174927	0.12157	0.329659	0.360658	0.688297	0.715432	0.372111	0.402265	0.803885	0.377297	
0.616327	0.722711	0.219655	0.378491	0.543402	0.127087	0.246215	0.284401	0.307265	0.235239	0.466835	0.851526	0.621913	0.278772	0.211784	0.562365	0.413888	0.368265	0.237878	0.637601	0.510877	0.468977	0.111814	0.145846	0.465546	0.56008	0.146012	0.676152	0.667324	0.340455	0.577698	0.54988	0.755768	0.803587	0.237308	0.708752	0.824095	0.320679	0.34741	0.8134	
0.719238	0.876224	0.517482	0.70502	0.540216	0.300611	0.19479	0.341346	0.606213	0.38758	0.776292	0.97332	0.828522	0.601148	0.365547	0.394113	0.750651	0.385305	0.306408	0.841117	0.461084	0.711331	0.429362	0.398497	0.759816	0.896174	0.268979	0.806223	0.943598	0.662539	0.685191	0.761541	0.972701	0.914113	0.404598	0.475545	1.00382	0.26826	0.400554	0.911646	
0.302512	0.385835	0.476733	0.318671	0.339264	0.463304	0.355671	0.620989	0.532938	0.158319	0.309912	0.518433	0.292187	0.462646	0.547877	0.516354	0.447251	0.254487	0.573031	0.30679	0.368638	0.167864	0.391693	0.467238	0.264544	0.531003	0.286595	0.345295	0.408825	0.50308	0.26579	0.221307	0.433352	0.474861	0.569345	0.688861	0.488635	0.329297	0.684809	0.488845	
0.270066	0.167196	1.01069	0.759045	0.474607	0.993734	0.800871	1.14978	1.05633	0.650124	0.66925	0.0226324	0.324308	0.980101	1.0833	0.732686	0.898209	0.603298	1.10008	0.309777	0.567063	0.475865	0.930673	1.0061	0.60932	0.90754	0.784807	0.195381	0.528949	1.00782	0.306124	0.375418	0.313547	0.0746227	1.10697	0.859352	0.191501	0.720685	1.21644	0.0864882	
0.563265	0.742032	0.858226	0.892873	0.332398	0.678531	0.394416	0.768027	0.946252	0.494645	0.909031	0.777327	0.779585	0.911045	0.767372	0.0851771	0.993261	0.347976	0.725541	0.784698	0.252172	0.745793	0.750797	0.762137	0.865247	1.10974	0.4962	0.658417	0.98243	0.970667	0.548066	0.737543	0.909098	0.714928	0.806736	0.0892055	0.880592	0.324599	0.832511	0.697295	
0.678764	0.682792	0.316623	0.0935442	0.744588	0.488872	0.613829	0.602811	0.293222	0.471092	0.190666	0.827107	0.527397	0.222498	0.508818	0.880903	0.0487023	0.625589	0.576622	0.543029	0.76151	0.377587	0.338048	0.413132	0.243967	0.153967	0.501509	0.683362	0.414513	0.205593	0.64817	0.475486	0.603225	0.804577	0.500601	1.04808	0.719357	0.648036	0.636069	0.828513	
0.498283	0.440909	0.564387	0.224559	0.645661	0.67244	0.67553	0.815844	0.567473	0.483431	0.105371	0.57843	0.281379	0.489425	0.724669	0.854876	0.336138	0.595089	0.778132	0.293693	0.696177	0.198861	0.539527	0.626389	0.0911056	0.308749	0.581344	0.467721	0.127051	0.489046	0.479599	0.258126	0.32132	0.570134	0.728653	1.02711	0.445746	0.666578	0.863927	0.599039	
0.453305	0.617852	0.556962	0.598755	0.273171	0.399116	0.1103	0.520087	0.643315	0.202348	0.632263	0.706533	0.593078	0.604796	0.49523	0.226525	0.690118	0.119768	0.471472	0.603466	0.203596	0.506934	0.448473	0.470745	0.597632	0.81337	0.191945	0.543615	0.749738	0.664007	0.421065	0.532952	0.736351	0.6464	0.532469	0.384818	0.750613	0.0175942	0.589649	0.642724	
0.245928	0.245749	0.607009	0.35312	0.397295	0.628146	0.522651	0.785389	0.64664	0.328289	0.283016	0.389346	0.120938	0.569471	0.707142	0.629082	0.493572	0.385241	0.738813	0.136512	0.458826	0.0693336	0.537834	0.619842	0.221503	0.529509	0.459464	0.23732	0.273807	0.596101	0.224092	0.0489641	0.260399	0.360305	0.724685	0.798099	0.324824	0.482057	0.846735	0.382945	
0.671706	0.613159	0.552572	0.232146	0.80541	0.709497	0.777944	0.834231	0.527661	0.600552	0.171591	0.747484	0.45488	0.459056	0.740153	0.995638	0.266557	0.732683	0.804606	0.466377	0.847324	0.364444	0.561912	0.642553	0.218811	0.167623	0.672562	0.642632	0.251811	0.436581	0.651356	0.432711	0.473954	0.742731	0.73466	1.16796	0.603652	0.787319	0.870819	0.772266	
0.82494	0.870253	0.133056	0.303162	0.826485	0.352363	0.581377	0.415012	0.0585531	0.512976	0.421117	1.01376	0.726761	0.0637555	0.328495	0.892364	0.208341	0.67001	0.404548	0.743279	0.815902	0.563315	0.225729	0.255346	0.462574	0.343705	0.475265	0.852857	0.652335	0.0383466	0.789165	0.664094	0.823911	0.981068	0.306082	1.0435	0.929764	0.648442	0.429898	1.00024	
0.357816	0.481302	0.445763	0.390061	0.302996	0.376484	0.226854	0.530942	0.518116	0.032313	0.412792	0.600565	0.412014	0.459852	0.469709	0.417918	0.498095	0.159467	0.480952	0.425362	0.299403	0.296798	0.34451	0.404222	0.377191	0.607159	0.169351	0.42496	0.536501	0.511247	0.319266	0.343698	0.555604	0.549122	0.497455	0.588381	0.597835	0.206063	0.598487	0.556561	
