15	30
96.2669	121.049
99.1673	97.4946
8.54316	84.1163
92.7982	121.239
72.3306	53.1502
139.858	107.132
153.926	151.347
94.0636	23.3542
28.3035	136.886
133.427	48.4769
102.813	109.108
38.5668	67.5516
102.642	99.0193
137.264	82.445
178.346	29.6132
10.2101
17.1404
8.28308
12.8007
10.9399
10.1068
12.7751
1.27783
13.5849
2.36426
10.9786
10.2373
2.69976
14.338
15.1226
4.88332
7.19759
13.7886
0.408879
4.91
1.36446
16.4917
3.03455
9.34216
8.41477
12.1339
6.48484
7.15889
10.3233
7.60027
0.591602	1.02858	0.629853	0.383624	0.563009	0.664457	0.828256	0.760041	0.953418	0.746952	0.49899	0.226375	0.105629	0.473878	0.698254	0.974689	0.527867	0.808844	0.942144	0.703832	0.321917	0.536126	0.734715	0.748258	0.446407	0.289199	0.613071	0.561868	0.562944	0.85719	
0.744519	1.17843	0.818731	0.562065	0.567222	0.914869	0.700023	0.960558	0.949183	0.880249	0.318528	0.46181	0.212554	0.789302	0.53048	1.08275	0.804506	1.02143	1.0224	0.555099	0.58386	0.593362	0.694093	0.678794	0.644284	0.604724	0.853831	0.744444	0.427674	1.02083	
0.667594	1.10781	0.731244	0.472201	0.539502	0.809183	0.73228	0.870899	0.933617	0.812334	0.363618	0.352764	0.0891582	0.665912	0.577252	1.02624	0.690613	0.928345	0.975425	0.593523	0.471649	0.546044	0.688611	0.685049	0.550877	0.481287	0.750582	0.657814	0.455351	0.944091	
0.273472	0.571847	0.2025	0.264697	0.544128	0.125809	0.888923	0.264706	0.770871	0.382751	0.76703	0.331485	0.607511	0.345778	0.862701	0.592785	0.0908433	0.290342	0.615368	0.838494	0.217341	0.451156	0.690355	0.744496	0.190259	0.36162	0.0799627	0.199668	0.742197	0.404648	
0.363221	0.353587	0.420704	0.53969	0.394245	0.619636	0.529179	0.44429	0.190317	0.243538	0.716609	0.700223	0.894571	0.955967	0.637238	0.18557	0.712448	0.497273	0.0840312	0.592568	0.690839	0.373686	0.337772	0.39735	0.519756	0.902613	0.57929	0.432331	0.611932	0.3291	
0.0615652	0.380931	0.109155	0.269539	0.343518	0.322329	0.652006	0.205812	0.470263	0.0966979	0.655242	0.431267	0.677556	0.637186	0.677028	0.328373	0.394065	0.276597	0.32373	0.642046	0.390001	0.256299	0.436595	0.499432	0.21972	0.597564	0.270469	0.115144	0.587924	0.219556	
0.45071	0.888549	0.5234	0.268279	0.335842	0.632054	0.595048	0.665416	0.731363	0.591848	0.300171	0.205599	0.195897	0.597727	0.476969	0.804563	0.541994	0.727125	0.755141	0.476868	0.325593	0.328013	0.502001	0.512925	0.351683	0.430071	0.56826	0.449085	0.338617	0.72755	
0.377385	0.809784	0.409463	0.17183	0.427285	0.459038	0.747936	0.540168	0.78942	0.534095	0.504039	0.00840192	0.274662	0.394937	0.659487	0.764608	0.344411	0.590835	0.741352	0.650597	0.123417	0.371182	0.605683	0.636112	0.226489	0.244223	0.402165	0.342344	0.522153	0.637663	
0.442632	0.052137	0.39368	0.643682	0.685018	0.466352	0.912534	0.28319	0.580143	0.310015	1.01677	0.796177	1.05691	0.880106	0.992359	0.217425	0.621534	0.272595	0.318687	0.950685	0.72445	0.616245	0.703485	0.768522	0.576023	0.90636	0.471486	0.460646	0.932431	0.166361	
0.56204	0.921893	0.667473	0.485371	0.260254	0.843545	0.287564	0.799586	0.565089	0.640972	0.10259	0.51605	0.481231	0.916204	0.142179	0.786757	0.804442	0.870027	0.703206	0.148971	0.616154	0.341737	0.306643	0.27447	0.557745	0.75964	0.776353	0.603043	0.0144523	0.799039	
0.525302	0.930339	0.526572	0.338347	0.613376	0.500488	0.929671	0.635225	0.970092	0.679434	0.655073	0.194173	0.314337	0.26259	0.829888	0.910665	0.345742	0.670761	0.900538	0.825249	0.193966	0.55517	0.791778	0.821612	0.363527	0.0788189	0.461917	0.47303	0.691259	0.756936	
0.378521	0.192274	0.392732	0.582232	0.517397	0.556626	0.691436	0.362212	0.342973	0.223216	0.850191	0.746159	0.973562	0.936654	0.791246	0.0223825	0.679438	0.397553	0.0819038	0.747379	0.709466	0.472473	0.493349	0.555519	0.539389	0.915137	0.532104	0.43144	0.75253	0.218515	
0.662304	1.05333	0.760468	0.541308	0.391116	0.913518	0.4247	0.899402	0.721953	0.762956	0.0578799	0.523127	0.403252	0.915643	0.249831	0.927606	0.847685	0.968084	0.849132	0.278401	0.639137	0.456252	0.463057	0.431265	0.622362	0.743423	0.846661	0.69019	0.171502	0.918558	
0.852828	1.28026	0.932314	0.678486	0.646537	1.03654	0.722401	1.07469	1.01121	0.982044	0.350652	0.585407	0.334826	0.910997	0.543796	1.17542	0.928716	1.13717	1.10859	0.576316	0.707903	0.685621	0.75221	0.726982	0.761685	0.72628	0.974661	0.857997	0.467122	1.12729	
0.804949	1.22812	0.887939	0.637561	0.588409	1.00125	0.661087	1.03046	0.949839	0.930349	0.288518	0.556067	0.324064	0.899557	0.483057	1.11983	0.900423	1.09426	1.05119	0.51489	0.679519	0.63097	0.690705	0.664943	0.721391	0.715401	0.938096	0.813804	0.405011	1.07771	
