15	40
42.2451	103.465
38.8491	87.383
27.3063	39.1605
71.9136	23.6277
25.6808	37.1824
63.1499	85.3185
1.98756	69.5142
58.3998	151.132
1.86145	100.52
7.757	130.14
56.789	46.7071
22.3663	112.647
15.2608	30.2486
9.80355	148.183
65.5134	139.686
1.38909
3.88028
3.17826
8.04555
0.672558
9.14934
3.67119
4.95308
10.407
9.91116
9.78955
0.435899
7.00807
5.2432
10.1421
3.93124
6.33835
3.87101
7.25237
13.166
12.0598
5.72492
2.188
9.53042
9.7722
8.9356
9.0474
10.4433
12.7528
8.25002
8.66461
5.94784
0.0628475
6.05848
0.781873
2.42687
2.93489
9.62694
6.75187
6.58694
0.45892	0.734746	0.815092	0.589258	0.621183	0.634627	0.0880164	0.634243	0.659273	0.782025	0.781841	0.334205	0.669272	0.570251	0.662522	0.755346	0.333865	0.859137	0.275439	0.709565	0.558733	0.481941	0.190458	0.890988	0.723523	0.671389	0.47199	0.690085	0.570568	0.351332	0.429908	0.714308	0.911409	0.625416	0.905193	0.691271	0.955116	1.13823	0.218379	0.41482	
0.125376	0.431745	0.463861	0.26578	0.427048	0.301907	0.287613	0.425421	0.328293	0.468223	0.428005	0.277861	0.450776	0.366259	0.506048	0.476316	0.140421	0.508932	0.22121	0.598301	0.263449	0.168186	0.260369	0.546839	0.497858	0.31494	0.257625	0.428017	0.29872	0.245692	0.246197	0.362641	0.635272	0.381149	0.565126	0.573652	0.602497	0.812466	0.156861	0.350518	
0.104321	0.410669	0.434868	0.243287	0.420178	0.276626	0.316875	0.416758	0.303094	0.444717	0.398647	0.292594	0.441147	0.360529	0.502712	0.457611	0.153104	0.48005	0.241461	0.598156	0.245918	0.151201	0.285986	0.51904	0.486543	0.285233	0.254976	0.41226	0.284983	0.257681	0.248067	0.333884	0.616298	0.369499	0.537575	0.573246	0.573392	0.78671	0.184944	0.361255	
0.383737	0.187358	0.51738	0.158482	0.714192	0.473623	0.541597	0.704824	0.494709	0.6327	0.471736	0.60491	0.123991	0.0680896	0.206209	0.689471	0.4678	0.558244	0.300185	0.315116	0.508972	0.172875	0.560659	0.403418	0.170605	0.34825	0.100411	0.667541	0.0496152	0.573099	0.562877	0.311116	0.339366	0.0557793	0.647129	0.290136	0.499116	0.589515	0.367692	0.241753	
0.314505	0.290976	0.533483	0.186803	0.644384	0.443447	0.420603	0.638799	0.467856	0.612758	0.488744	0.500121	0.232938	0.139811	0.276667	0.652101	0.367863	0.577865	0.183271	0.370986	0.452903	0.122539	0.4438	0.483892	0.284862	0.357813	0.02837	0.618808	0.122783	0.472081	0.474541	0.349802	0.460012	0.176122	0.658316	0.346016	0.569962	0.698215	0.246933	0.178354	
0.579454	0.146163	0.507833	0.314444	0.871091	0.578431	0.831055	0.854103	0.588195	0.687166	0.471779	0.845948	0.250486	0.328451	0.350718	0.776403	0.706918	0.530756	0.601335	0.435664	0.65939	0.410517	0.83332	0.242093	0.212614	0.40886	0.401693	0.782257	0.299207	0.807411	0.771382	0.32439	0.0745621	0.255103	0.62488	0.420851	0.340264	0.298487	0.657764	0.528538	
0.260865	0.55683	0.231798	0.432623	0.230831	0.110334	0.605039	0.206251	0.0922034	0.0920212	0.2383	0.412723	0.692696	0.647634	0.790007	0.105834	0.357233	0.253404	0.606059	0.898356	0.132455	0.429328	0.520869	0.502217	0.719171	0.270257	0.571013	0.10812	0.535446	0.373851	0.287008	0.353426	0.751915	0.616954	0.245611	0.873192	0.485814	0.781799	0.535214	0.713404	
0.257279	0.202964	0.258471	0.103288	0.535878	0.249013	0.585417	0.519535	0.263296	0.38651	0.212797	0.534831	0.34843	0.327272	0.457012	0.459494	0.40217	0.300275	0.432379	0.567906	0.323806	0.180617	0.555868	0.247766	0.367915	0.0922097	0.292558	0.454421	0.210334	0.4932	0.444844	0.0688798	0.407077	0.276974	0.387989	0.543708	0.308029	0.521329	0.431947	0.461697	
0.398466	0.338047	0.621884	0.267538	0.724373	0.533941	0.436753	0.720388	0.558518	0.703583	0.576813	0.556179	0.22081	0.123333	0.22329	0.741201	0.432035	0.665816	0.176023	0.301655	0.539105	0.213499	0.479595	0.549132	0.274971	0.44633	0.0764816	0.705838	0.178977	0.532896	0.546076	0.431662	0.475162	0.191987	0.747764	0.27788	0.640956	0.739015	0.272518	0.0948398	
0.396953	0.377195	0.642429	0.295067	0.716936	0.542563	0.401198	0.714475	0.567808	0.713517	0.597886	0.534187	0.262351	0.165407	0.256275	0.745326	0.415406	0.687014	0.138967	0.325269	0.539182	0.228081	0.449741	0.584433	0.316388	0.466842	0.104967	0.706415	0.214565	0.513488	0.532963	0.458806	0.517344	0.233746	0.766333	0.302646	0.674235	0.77984	0.242079	0.0698721	
0.67599	0.369716	0.423692	0.482647	0.87881	0.587323	1.01294	0.855737	0.583124	0.618194	0.41326	0.953004	0.546878	0.604325	0.656289	0.72416	0.82694	0.418439	0.828829	0.745382	0.693801	0.589158	0.985199	0.181852	0.517802	0.442995	0.643555	0.757762	0.531498	0.909963	0.848264	0.37088	0.347949	0.526454	0.490321	0.729962	0.166082	0.143116	0.85229	0.798316	
0.409174	0.242472	0.571631	0.210519	0.741089	0.515471	0.521329	0.733535	0.537793	0.678626	0.525958	0.609159	0.127225	0.0305201	0.172844	0.729927	0.475794	0.61329	0.26819	0.275507	0.541323	0.200398	0.551211	0.461844	0.180974	0.400032	0.0813895	0.70365	0.103575	0.580457	0.579056	0.367967	0.374146	0.0904697	0.700852	0.250193	0.55811	0.638615	0.349972	0.186834	
0.210718	0.22907	0.29096	0.0838884	0.509514	0.23886	0.528233	0.495334	0.257768	0.392948	0.246062	0.485193	0.343876	0.306752	0.444601	0.454641	0.350147	0.33517	0.37958	0.55456	0.296502	0.129599	0.500312	0.304295	0.371197	0.115361	0.254847	0.440717	0.190408	0.444399	0.401752	0.124548	0.438811	0.268503	0.417207	0.529733	0.364918	0.574157	0.375056	0.421065	
0.300319	0.140244	0.31777	0.0652243	0.596375	0.314787	0.595699	0.581127	0.330019	0.453773	0.272446	0.572243	0.282696	0.269665	0.393591	0.526613	0.435323	0.357237	0.415427	0.504466	0.383371	0.169584	0.577799	0.242085	0.300623	0.158984	0.252362	0.519861	0.155812	0.532164	0.491801	0.108916	0.348953	0.21329	0.447946	0.480625	0.320943	0.495161	0.432667	0.42163	
0.0336313	0.401736	0.341906	0.237234	0.359733	0.17715	0.397217	0.351157	0.203628	0.346208	0.308863	0.31018	0.475949	0.409508	0.554805	0.366287	0.180873	0.3863	0.339246	0.657349	0.161288	0.18283	0.346	0.465798	0.514624	0.209532	0.316472	0.32784	0.312625	0.268447	0.225657	0.275567	0.612162	0.400002	0.439524	0.632064	0.50597	0.74529	0.282545	0.446456	
