15	40
50.5978	93.915
55.6324	45.4317
37.429	11.4827
39.4683	29.3931
62.8449	53.1209
41.2857	80.1237
82.2778	80.9122
65.7669	18.8287
12.9185	110.473
22.4926	122.85
83.648	32.8175
63.642	69.6301
27.1106	39.6677
80.7743	133.55
82.6141	43.0671
2.35946
16.7275
1.72376
16.4209
4.95715
11.5497
2.93927
8.34827
24.2355
13.0316
9.5206
15.8036
5.63041
23.2952
24.0782
23.73
11.0428
5.17694
10.8471
19.4426
12.0999
25.491
15.68
2.70986
5.1564
13.7219
18.0507
19.5852
14.8782
8.98198
3.15308
3.72697
4.28283
17.0281
7.51128
16.3804
22.3031
2.41698
7.17259
11.4407
0.169269	0.494455	0.387458	0.129109	0.20311	0.329395	0.211494	0.363075	0.230286	0.508785	0.626596	0.660132	0.665749	0.427602	0.502025	0.216611	0.223901	0.30548	0.518274	0.33096	0.712444	0.425321	0.610853	0.255255	0.0254153	0.613088	0.493202	0.48806	0.0521502	0.738934	0.572094	0.303896	0.178405	0.543468	0.448669	0.452844	0.537111	0.220998	0.311716	0.288703	
0.557888	0.205198	0.87798	0.369065	0.295501	0.323966	0.595036	0.85521	0.369128	0.186415	0.258314	0.167301	0.771151	0.846141	0.338236	0.6491	0.665083	0.510157	0.0250318	0.718044	0.909322	0.757018	0.5863	0.749165	0.480163	0.864365	0.0511953	0.441824	0.548989	0.292028	0.408063	0.193709	0.600461	0.0698151	0.457155	0.574996	0.240723	0.706737	0.688721	0.730352	
0.185611	0.317411	0.530135	0.246837	0.260158	0.461887	0.201605	0.584004	0.0801178	0.538947	0.651935	0.59256	0.895052	0.696195	0.26416	0.271041	0.289551	0.532913	0.455847	0.301039	0.967042	0.694968	0.791975	0.481922	0.247665	0.875607	0.455105	0.219852	0.294571	0.720377	0.690603	0.292617	0.231437	0.49747	0.62267	0.671528	0.586782	0.467591	0.583314	0.341653	
0.356117	0.844398	0.0655996	0.547653	0.619605	0.74365	0.331797	0.245118	0.556445	0.931798	1.04962	1.06992	0.953672	0.48893	0.794468	0.264192	0.246104	0.656009	0.926091	0.265629	0.926241	0.612013	0.971964	0.255812	0.433128	0.806533	0.906911	0.721087	0.372342	1.16011	0.977525	0.714608	0.309722	0.95663	0.831	0.787465	0.959516	0.308633	0.514955	0.192856	
0.678088	0.385937	0.966033	0.453567	0.383377	0.302777	0.719876	0.910912	0.51091	0.0795296	0.0772199	0.165674	0.666567	0.851902	0.519297	0.763768	0.77759	0.4871	0.161971	0.848986	0.823282	0.733974	0.461561	0.811312	0.567858	0.800762	0.136657	0.620951	0.630577	0.161343	0.267117	0.299999	0.715427	0.118266	0.373414	0.504243	0.098825	0.761768	0.691755	0.844996	
0.501085	0.825781	0.441996	0.441882	0.496088	0.461205	0.528239	0.274605	0.593288	0.683881	0.777472	0.896686	0.458355	0.0887606	0.858651	0.488421	0.481333	0.280011	0.774677	0.599494	0.420184	0.105974	0.532038	0.260787	0.391587	0.301538	0.735781	0.854202	0.349436	0.917097	0.615732	0.587034	0.481221	0.781568	0.44532	0.345773	0.682549	0.223519	0.0728076	0.512863	
0.55499	0.159658	0.883984	0.384043	0.312418	0.365978	0.589659	0.871523	0.359815	0.237752	0.304275	0.178674	0.819698	0.875506	0.295043	0.647318	0.663984	0.548707	0.065528	0.708749	0.955289	0.793159	0.636941	0.764438	0.491034	0.907172	0.102587	0.40322	0.560631	0.321839	0.459499	0.211147	0.59914	0.110344	0.504992	0.620366	0.29182	0.724515	0.719932	0.727777	
0.44354	0.275236	0.769334	0.486565	0.468281	0.653129	0.444542	0.846681	0.31547	0.643446	0.732814	0.593601	1.11856	0.965579	0.139185	0.514462	0.532322	0.769254	0.496389	0.49644	1.21058	0.955972	0.982865	0.747846	0.514395	1.12764	0.519902	0.0523844	0.564314	0.750625	0.842543	0.443288	0.484901	0.542699	0.820144	0.895164	0.698557	0.736567	0.847638	0.568269	
0.745791	0.579095	0.97397	0.504721	0.453226	0.278074	0.790901	0.880256	0.621692	0.193606	0.166899	0.380597	0.470742	0.764333	0.70372	0.818123	0.828166	0.4027	0.366821	0.921518	0.638929	0.620572	0.256769	0.794657	0.605309	0.638918	0.328183	0.791055	0.653386	0.297674	0.0675519	0.411035	0.77342	0.330305	0.233795	0.356898	0.138526	0.739829	0.612594	0.894646	
0.637809	0.586106	0.830772	0.402327	0.369598	0.168479	0.683156	0.725733	0.54976	0.244947	0.291084	0.473985	0.361263	0.601796	0.692828	0.699845	0.707533	0.243238	0.410086	0.810656	0.513155	0.458915	0.177989	0.645387	0.486783	0.494286	0.3648	0.760485	0.524612	0.43426	0.10219	0.364472	0.658675	0.388356	0.0720835	0.201349	0.21176	0.589772	0.451071	0.771757	
0.576086	0.80158	0.59241	0.444303	0.477455	0.376684	0.611775	0.434957	0.616014	0.586917	0.664944	0.813021	0.29869	0.237595	0.859736	0.587672	0.584953	0.1884	0.707128	0.705572	0.299226	0.0777876	0.371601	0.400704	0.43637	0.198847	0.664119	0.877971	0.418679	0.808118	0.47869	0.549862	0.568382	0.704709	0.310824	0.192615	0.574252	0.352198	0.140826	0.629036	
0.687064	0.868135	0.708149	0.534456	0.556333	0.41943	0.724343	0.546002	0.709511	0.606442	0.666377	0.837637	0.186995	0.328094	0.939121	0.703307	0.701227	0.252834	0.747126	0.821736	0.191868	0.167434	0.309586	0.517845	0.54188	0.122593	0.702237	0.967882	0.53066	0.809562	0.457621	0.615483	0.68205	0.737557	0.3069	0.175347	0.583289	0.470076	0.258373	0.746552	
0.0858589	0.544708	0.293061	0.235299	0.304964	0.452783	0.110401	0.323282	0.256062	0.621872	0.740743	0.753513	0.773188	0.458857	0.520764	0.0933541	0.0994835	0.420967	0.609728	0.211167	0.802415	0.497322	0.732155	0.222385	0.124981	0.695204	0.590526	0.477914	0.0901731	0.845828	0.696208	0.398222	0.0650732	0.640175	0.571976	0.567668	0.654018	0.216045	0.379824	0.164691	
0.15138	0.420592	0.462262	0.318572	0.350365	0.548879	0.140179	0.546951	0.182312	0.645709	0.760328	0.704	0.955688	0.69543	0.345421	0.208317	0.225796	0.591253	0.567536	0.201902	1.01075	0.720092	0.87172	0.454358	0.27831	0.911199	0.56623	0.267173	0.301678	0.83177	0.785534	0.398019	0.184717	0.609023	0.702513	0.735757	0.69183	0.453116	0.603875	0.262255	
0.781815	0.687434	0.967935	0.545168	0.508079	0.309861	0.827186	0.853396	0.686449	0.309705	0.298262	0.511291	0.3479	0.705455	0.804956	0.843934	0.851459	0.369991	0.485964	0.954852	0.520669	0.550147	0.133346	0.779157	0.630978	0.534974	0.444198	0.882685	0.667845	0.425058	0.0874043	0.489597	0.80288	0.453341	0.189896	0.27987	0.258538	0.723243	0.56568	0.915392	
