10	20
119.683	82.5576
149.099	69.5268
132.544	18.832
88.5111	14.0683
139.587	50.9862
40.35	150.313
54.2617	54.8819
167.895	85.9571
152.261	53.8737
65.7249	111.587
37.1032
37.2828
5.48446
33.6612
26.8543
28.9143
33.2332
20.5235
20.4254
0.379726
6.25786
0.210619
0.116607
19.4077
0.819755
14.1455
22.0896
14.6382
1.14426
23.5996
0.502414	0.784105	0.112982	0.540347	0.41262	0.409136	0.140354	0.476535	0.263334	0.244432	0.141147	0.822505	0.657006	0.310379	0.553334	0.513447	0.174815	0.310725	0.627856	0.227755	
0.284124	0.252676	0.555191	1.00556	0.458491	0.411891	0.71944	0.166463	0.813823	0.785672	0.669485	0.265674	0.341909	0.462606	0.453194	0.146426	0.425044	0.287641	0.641211	0.427077	
0.558391	0.834243	0.157013	0.524693	0.460938	0.460462	0.109303	0.533695	0.21274	0.197005	0.111559	0.873885	0.712329	0.337861	0.603311	0.570609	0.227452	0.364691	0.667891	0.282591	
0.301408	0.818666	0.309043	0.487268	0.109295	0.155485	0.430242	0.401319	0.670357	0.657575	0.563113	0.832171	0.387299	0.621676	0.205964	0.422427	0.416035	0.433227	0.206672	0.254881	
0.412222	0.606665	0.205603	0.697461	0.396836	0.373404	0.319114	0.344273	0.380979	0.353671	0.235939	0.646873	0.568208	0.173668	0.515054	0.379778	0.03507	0.147845	0.638674	0.197231	
0.643591	1.16387	0.524373	0.274535	0.454918	0.501256	0.537193	0.746748	0.78773	0.788045	0.735445	1.17794	0.700583	0.89293	0.511922	0.768186	0.690775	0.749965	0.371891	0.552269	
0.043559	0.494778	0.415831	0.799843	0.224629	0.17996	0.588088	0.0943305	0.751003	0.727328	0.609509	0.502691	0.179044	0.504886	0.215059	0.0973251	0.364516	0.269171	0.40109	0.274914	
0.693136	0.825071	0.355275	0.722469	0.642149	0.630362	0.31267	0.627943	0.151003	0.122645	0.108443	0.87319	0.850036	0.262452	0.776113	0.662847	0.310236	0.425845	0.867879	0.442237	
0.428332	0.957945	0.422751	0.430029	0.249465	0.295902	0.505985	0.541503	0.759485	0.751339	0.670081	0.968134	0.479022	0.761399	0.290277	0.559126	0.554394	0.58088	0.171081	0.396718	
0.47183	0.35981	0.485162	0.979847	0.565371	0.524793	0.604719	0.340497	0.605955	0.575943	0.476252	0.409752	0.593194	0.203983	0.631451	0.356928	0.304431	0.222226	0.800297	0.418737	
