25	25
9.13219	46.4118
26.2202	104.126
37.4861	144.201
27.7507	61.5436
41.6076	130.846
79.6987	42.8988
3.69393	123.796
75.0945	139.445
46.7783	145.729
74.4757	101.516
11.1246	42.1565
83.6902	102.02
3.42679	88.4517
52.9191	109.851
73.8557	134.53
17.7866	85.3353
30.5799	137.771
2.08799	36.4077
19.0202	111.081
12.1794	92.4759
77.577	92.082
85.2302	45.131
22.1355	83.9666
56.2582	97.9674
66.7581	24.9114
52.0289
94.6229
83.7415
102.343
37.1793
33.4375
58.5533
92.6416
7.83727
126.859
90.8342
28.0709
14.3953
53.5737
40.7038
8.60825
13.4216
35.4247
49.6291
122.387
110.696
127.805
40.2637
74.469
50.2413
0.730346	0.791856	0.17579	0.643169	0.878492	0.772193	0.462921	0.338252	0.352854	0.416665	0.217601	0.402002	0.632273	0.146594	0.28473	0.596199	0.689871	0.426869	0.792524	0.302107	0.377052	0.520051	0.57647	0.707021	0.536811	
1.0974	0.571037	0.759995	1.02319	0.533643	0.450507	0.163596	0.858827	0.723779	0.216909	0.375548	0.246737	1.01629	0.732787	0.352251	0.171768	0.111507	0.908662	0.485788	0.847653	0.227031	0.560144	0.220484	0.546792	0.960088	
0.678055	0.171029	0.837081	0.648647	0.334422	0.306773	0.750183	1.10255	0.541978	0.546217	0.649412	0.787927	0.649713	0.830172	0.554713	0.844151	0.669268	0.72489	0.283149	0.794885	0.722199	0.250582	0.880236	0.13858	0.670137	
0.783793	0.259827	0.669167	0.722403	0.330646	0.225514	0.431056	0.884775	0.476651	0.230236	0.373302	0.472527	0.71818	0.652225	0.278567	0.527919	0.384989	0.683822	0.244027	0.687181	0.408097	0.207848	0.561838	0.197092	0.689791	
0.266876	0.590792	0.520629	0.207937	0.748998	0.676459	0.810017	0.816605	0.199692	0.623659	0.574938	0.800332	0.205538	0.529042	0.522512	0.945144	0.882824	0.294638	0.671049	0.414157	0.740109	0.313776	0.956329	0.505774	0.215312	
0.93256	0.522324	0.596459	0.856014	0.53758	0.436152	0.156794	0.728425	0.552048	0.0537274	0.213342	0.199071	0.848647	0.570593	0.178365	0.274405	0.261849	0.734788	0.467448	0.676011	0.138867	0.424517	0.296833	0.471953	0.788722	
0.643239	0.87388	0.0204823	0.557654	0.979843	0.876011	0.618569	0.301532	0.321815	0.554977	0.364375	0.558118	0.546073	0.0161365	0.414091	0.752386	0.837363	0.315998	0.891994	0.165903	0.532409	0.57492	0.732232	0.783912	0.442808	
0.489392	0.377515	0.570467	0.434479	0.528798	0.451232	0.649051	0.847905	0.267821	0.445537	0.463022	0.658742	0.431814	0.566596	0.383559	0.773479	0.675747	0.457549	0.447852	0.52061	0.593306	0.0897345	0.794188	0.287634	0.423696	
0.315528	0.552581	0.50529	0.253843	0.708434	0.633092	0.763391	0.799994	0.177025	0.575453	0.532394	0.755547	0.250541	0.51108	0.476794	0.897826	0.833882	0.307474	0.628969	0.411326	0.694622	0.267363	0.909835	0.465635	0.246929	
0.627989	0.88764	0.0121684	0.543111	0.996653	0.893425	0.645415	0.306162	0.320736	0.578713	0.389844	0.585321	0.531461	0.0404422	0.436971	0.779502	0.862377	0.298182	0.908645	0.144053	0.559184	0.585434	0.759508	0.797069	0.427341	
0.270408	0.562236	0.604875	0.236484	0.725255	0.662446	0.856509	0.90071	0.280752	0.661652	0.634824	0.8537	0.238272	0.612662	0.573743	0.987839	0.905328	0.373622	0.652696	0.498483	0.791297	0.320046	1.00306	0.48379	0.278423	
1.15274	0.790506	0.677292	1.07007	0.777454	0.686054	0.12294	0.690735	0.754617	0.329516	0.346654	0.112716	1.06112	0.647209	0.389584	0.123988	0.353414	0.901992	0.720206	0.801123	0.171776	0.695566	0.079959	0.747765	0.984623	
0.823983	0.00936234	0.887786	0.786033	0.174426	0.152963	0.673344	1.12893	0.62889	0.486018	0.632246	0.725082	0.785679	0.875702	0.536295	0.746698	0.544156	0.827273	0.124495	0.872462	0.663014	0.310447	0.789213	0.0884264	0.792036	
0.5223	0.323468	0.632793	0.475015	0.480117	0.40997	0.668706	0.907741	0.330963	0.461285	0.502994	0.685716	0.473585	0.628222	0.417698	0.786927	0.669368	0.517391	0.402762	0.584043	0.619413	0.0905313	0.811625	0.236926	0.47544	
0.776203	0.473197	0.491496	0.699737	0.536433	0.429551	0.294644	0.677826	0.39832	0.108697	0.158666	0.303696	0.692447	0.469747	0.0653385	0.425999	0.397034	0.587818	0.453163	0.545941	0.237605	0.292483	0.440973	0.401382	0.634499	
0.639951	0.825175	0.0717875	0.553248	0.929087	0.824976	0.574264	0.333132	0.294151	0.50405	0.315752	0.516876	0.541892	0.0530825	0.362608	0.709932	0.787843	0.321765	0.841342	0.186336	0.487794	0.529519	0.692072	0.735752	0.441377	
0.157386	0.684191	0.661962	0.164884	0.849019	0.791799	0.982881	0.955821	0.363486	0.792185	0.750146	0.975116	0.172837	0.675155	0.696579	1.1165	1.04031	0.384108	0.780018	0.532863	0.914393	0.455463	1.12939	0.610607	0.258322	
1.07673	0.642609	0.679627	0.998072	0.62669	0.535378	0.0507773	0.754548	0.688226	0.205746	0.303811	0.134203	0.990174	0.65109	0.308602	0.122833	0.224238	0.858941	0.569661	0.781379	0.128532	0.57605	0.147322	0.604523	0.924311	
1.1945	0.790948	0.733338	1.11288	0.765634	0.67893	0.141562	0.748792	0.798213	0.348827	0.392775	0.160652	1.10421	0.703346	0.42635	0.0759246	0.322528	0.951521	0.713771	0.854587	0.210499	0.719264	0.0226189	0.754561	1.0304	
1.01594	0.688876	0.570071	0.933828	0.699206	0.60009	0.0720847	0.63347	0.618828	0.209324	0.213385	0.0330821	0.925053	0.540789	0.251674	0.20278	0.340614	0.773226	0.632212	0.682054	0.0346666	0.56393	0.192135	0.636378	0.850737	
1.36324	0.84254	0.938907	1.285	0.775848	0.710218	0.31208	0.954393	0.975103	0.484339	0.582129	0.361607	1.27716	0.90913	0.595585	0.170831	0.308157	1.14195	0.745558	1.05457	0.39679	0.844801	0.188874	0.828257	1.21093	
0.920163	0.663166	0.475843	0.837176	0.69725	0.593131	0.163426	0.568708	0.521631	0.185637	0.1138	0.120343	0.828167	0.447176	0.169012	0.301735	0.401644	0.672844	0.622356	0.582877	0.0768664	0.496933	0.292425	0.599977	0.751897	
0.943129	0.675727	0.492683	0.860094	0.704919	0.601662	0.145807	0.575006	0.544524	0.194877	0.136428	0.0976056	0.851068	0.463703	0.190564	0.281984	0.393701	0.694579	0.631568	0.602614	0.0604971	0.516834	0.270783	0.61454	0.77451	
0.839875	0.185864	0.764026	0.784661	0.235554	0.130399	0.483381	0.978663	0.55927	0.299005	0.46224	0.535724	0.781499	0.747309	0.369347	0.561361	0.379191	0.766502	0.149579	0.778144	0.474509	0.263616	0.601807	0.152913	0.762365	
0.327727	0.803965	0.312168	0.243359	0.947019	0.857967	0.81081	0.596347	0.179473	0.671452	0.542223	0.774151	0.231658	0.332036	0.534994	0.952249	0.960791	0.0290195	0.861634	0.167584	0.727606	0.491863	0.947587	0.712248	0.12708	
