10	20
103.796	63.8217
47.8021	140.916
6.6351	15.1129
71.6995	20.6397
37.2657	123.09
159.903	116.573
84.4587	119.686
153.43	133.782
7.31306	29.8283
111.97	152.739
13.6887
24.3832
27.7088
25.4614
47.2026
48.177
46.9153
46.0992
12.6578
6.96419
3.7632
19.4519
30.2897
50.2715
46.4996
13.481
52.2313
50.639
36.0478
8.85946
0.568336	0.119992	0.689023	0.13311	0.25657	0.447976	0.235005	0.0633458	0.405752	0.239057	0.515685	0.178308	0.343034	0.602655	0.241494	0.241245	0.609173	0.625543	0.417505	0.170047	
0.0535794	0.670414	0.204645	0.628798	0.697145	0.582195	0.317391	0.603743	0.521327	0.694464	0.0955631	0.720341	0.691898	0.185528	0.685355	0.775645	0.622864	0.421507	0.903563	0.393331	
0.224878	0.751875	0.0588479	0.732423	0.819467	0.747479	0.411648	0.69121	0.684736	0.813039	0.13094	0.780418	0.832798	0.0385983	0.707338	0.870114	0.7992	0.598663	0.921579	0.497876	
0.543627	0.142792	0.667418	0.141068	0.261152	0.433672	0.210844	0.0807923	0.389196	0.245031	0.493107	0.20337	0.340556	0.581948	0.258318	0.260287	0.592749	0.602828	0.440134	0.144858	
0.310253	0.59663	0.552368	0.509238	0.513319	0.273128	0.355026	0.53079	0.228683	0.521551	0.414382	0.685086	0.453951	0.528394	0.733096	0.652348	0.27431	0.118353	0.9283	0.357749	
0.805515	0.433997	1.01441	0.347732	0.224533	0.283214	0.583098	0.426334	0.322944	0.245504	0.837888	0.526916	0.142368	0.952433	0.679864	0.359903	0.401737	0.601117	0.762943	0.500919	
0.351139	0.843559	0.115419	0.835396	0.929982	0.874875	0.519234	0.787154	0.811744	0.921916	0.254986	0.860015	0.951216	0.137166	0.76649	0.966599	0.928569	0.725142	0.972768	0.606306	
0.594045	0.272853	0.638551	0.335304	0.46006	0.638655	0.291784	0.257129	0.588559	0.440912	0.493062	0.238629	0.550719	0.543682	0.127738	0.398586	0.790233	0.758674	0.344887	0.288041	
0.739346	0.272177	0.925062	0.191588	0.0670988	0.309972	0.469517	0.269528	0.318722	0.0858104	0.745156	0.365199	0.0924545	0.853478	0.518241	0.205311	0.468453	0.613059	0.605765	0.382876	
0.651162	0.386584	0.863488	0.283212	0.191466	0.145853	0.447574	0.35521	0.172117	0.211682	0.688754	0.489093	0.0775653	0.804831	0.619479	0.35974	0.299311	0.461309	0.74357	0.37147	
