15	30
92.2542	43.4466
107.324	85.977
151.125	133.918
127.832	67.7541
152.937	82.0063
5.13084	96.5351
20.6478	79.8512
46.863	34.9016
4.92744	159.524
117.753	55.457
37.6699	17.9002
83.1401	64.3761
141.189	26.5962
84.2302	143.905
94.4152	138.811
5.21745
1.75676
8.39788
7.27724
5.83047
12.1222
0.897864
9.53476
3.94894
12.6414
11.9761
3.3144
6.98268
10.2277
9.82998
0.578244
15.9133
9.42677
2.62925
9.58376
15.9899
10.362
16.2112
9.18505
1.1469
8.60076
10.8937
6.01191
11.7512
7.95229
0.637575	0.660753	0.854933	0.466721	0.456977	0.80395	0.479787	0.550446	0.643494	0.945922	0.862298	0.777599	0.242318	0.35554	0.873572	0.373668	0.65393	0.822703	0.879956	0.069237	0.700649	0.94541	0.811944	0.831779	0.186286	0.562475	0.232462	0.197421	0.905913	0.547765	
0.214125	0.107973	0.369126	0.150169	0.445681	0.309877	0.419187	0.411291	0.449044	0.426518	0.437574	0.330482	0.62649	0.402538	0.511724	0.278587	0.147675	0.512845	0.335516	0.516795	0.323737	0.416387	0.492478	0.524957	0.400019	0.0986091	0.602713	0.421343	0.525881	0.429974	
0.0855935	0.286045	0.147915	0.433126	0.728962	0.117815	0.34998	0.699988	0.263089	0.548193	0.653324	0.552977	0.856217	0.671962	0.74991	0.346451	0.150134	0.770245	0.265699	0.703401	0.0637873	0.273494	0.748925	0.249657	0.532289	0.201647	0.833261	0.532413	0.23734	0.718644	
0.134766	0.110555	0.283969	0.237052	0.53314	0.225063	0.391108	0.497813	0.390222	0.432941	0.483849	0.377842	0.70029	0.486821	0.569266	0.284895	0.0606464	0.579691	0.273971	0.57582	0.243133	0.344152	0.558729	0.444739	0.437634	0.053771	0.676613	0.452335	0.439393	0.516783	
0.543537	0.585952	0.325811	0.808582	1.08778	0.37528	0.807104	1.02008	0.673939	0.586027	0.790227	0.734694	1.28883	1.06308	0.902944	0.815269	0.532486	0.960575	0.343222	1.15762	0.507695	0.249731	0.940909	0.516145	0.997859	0.622575	1.26513	1.00123	0.396066	1.04132	
0.429868	0.240297	0.560163	0.120139	0.271953	0.501972	0.595968	0.205906	0.655368	0.402813	0.306039	0.218442	0.542091	0.276083	0.341753	0.424222	0.353759	0.319981	0.475359	0.50192	0.539483	0.571377	0.301922	0.740842	0.464068	0.313457	0.519578	0.497999	0.737135	0.226458	
0.364583	0.55695	0.540542	0.532814	0.752084	0.515221	0.0573764	0.783824	0.18464	0.880859	0.913383	0.806461	0.71008	0.655106	0.980844	0.230707	0.449766	0.969323	0.654374	0.516159	0.345175	0.67112	0.950602	0.382203	0.332413	0.397674	0.6927	0.30314	0.485715	0.794727	
0.415623	0.375814	0.618613	0.173363	0.294137	0.561821	0.415617	0.337119	0.534667	0.652356	0.581334	0.489965	0.358877	0.200104	0.609138	0.235893	0.399031	0.572015	0.609389	0.246558	0.50721	0.686209	0.557456	0.683641	0.194063	0.311348	0.335376	0.231207	0.724997	0.344585	
0.584378	0.389472	0.710701	0.25103	0.187278	0.653274	0.728147	0.0780389	0.802187	0.4687	0.302053	0.262314	0.511801	0.250969	0.282312	0.548969	0.508393	0.227092	0.612101	0.529764	0.693993	0.710507	0.216546	0.895106	0.545715	0.466895	0.492505	0.583597	0.891856	0.0979506	
0.357728	0.348726	0.566223	0.179239	0.356562	0.510852	0.352555	0.389391	0.468281	0.646049	0.597135	0.499682	0.413426	0.265773	0.636131	0.171144	0.351503	0.606307	0.571012	0.277337	0.445141	0.642314	0.590268	0.61831	0.172663	0.261057	0.390411	0.203922	0.662622	0.398974	
0.402445	0.20596	0.377349	0.390567	0.608072	0.339706	0.695869	0.519803	0.669203	0.130464	0.27314	0.2081	0.877144	0.61598	0.384915	0.583801	0.306187	0.435654	0.217017	0.805343	0.481591	0.310375	0.415495	0.657463	0.708998	0.359297	0.853989	0.731877	0.598721	0.541001	
0.455523	0.270337	0.403636	0.454408	0.660923	0.373584	0.754679	0.567722	0.719712	0.0902701	0.280925	0.239179	0.937879	0.674529	0.393569	0.647503	0.36212	0.453639	0.233741	0.869897	0.527338	0.316108	0.434741	0.693929	0.774525	0.420943	0.914882	0.797252	0.626061	0.588642	
0.542462	0.338831	0.659721	0.225742	0.233868	0.60289	0.705692	0.131734	0.769707	0.416034	0.261646	0.210236	0.549156	0.282144	0.26089	0.530083	0.462338	0.220391	0.557097	0.549443	0.651943	0.655765	0.205451	0.853557	0.546007	0.427349	0.528785	0.582591	0.845456	0.152526	
0.325629	0.227779	0.233409	0.452883	0.71365	0.209227	0.636313	0.639499	0.575216	0.261372	0.43	0.358622	0.946885	0.701398	0.541547	0.5627	0.25003	0.589638	0.0627005	0.845351	0.376323	0.153696	0.569064	0.528193	0.718085	0.33212	0.923167	0.733491	0.455483	0.660823	
0.486191	0.552305	0.703832	0.399241	0.499143	0.656502	0.309711	0.566597	0.472691	0.862908	0.81643	0.720102	0.387233	0.392644	0.849458	0.214621	0.518078	0.812621	0.749087	0.19201	0.538628	0.804861	0.798227	0.661658	0.0480435	0.428989	0.371093	0.028654	0.738865	0.5704	
