15	40
82.2775	72.4089
89.9967	38.7713
27.1127	13.1291
19.5695	67.1304
76.4354	90.0097
85.2798	47.142
61.6841	50.9972
11.1365	65.1999
73.8398	60.4946
23.3476	32.8317
19.7729	62.3327
71.0116	41.5585
17.0494	100.694
50.4915	42.6635
74.7727	31.623
4.9644
3.84778
0.963962
1.81814
1.59301
2.08771
7.17199
0.990579
4.82115
4.96869
6.48073
2.14829
6.58992
6.12373
1.11221
0.766964
3.10483
7.05855
6.23352
6.62823
3.70247
2.42936
4.14621
6.41673
7.8529
3.59702
0.644391
2.34639
1.276
2.25964
6.35284
8.03025
4.97328
2.63245
5.44324
1.9171
7.72162
5.82705
0.720061
5.6339
0.238084	0.624473	0.360273	0.373002	0.341862	0.0860487	0.180178	0.508908	0.571969	0.629963	0.321308	0.100924	0.248475	0.518882	0.223451	0.0910817	0.598744	0.305399	0.635306	0.346315	0.100737	0.112706	0.374984	0.431308	0.407989	0.627374	0.271617	0.328981	0.276795	0.430012	0.151729	0.495129	0.457929	0.177893	0.723849	0.0517055	0.198387	0.665705	0.53552	0.525353	
0.80837	0.32824	0.686497	0.935476	0.415676	0.703332	0.723571	0.963616	0.130482	0.263859	0.643107	0.697581	0.827516	0.431124	0.817903	0.641812	0.0629781	0.491101	0.251806	0.502858	0.561542	0.702257	0.661916	0.785543	0.972336	0.234524	0.390809	0.928791	0.344103	0.763395	0.765061	0.956592	0.851548	0.76455	0.435519	0.583453	0.706714	0.209653	0.544273	0.0998705	
0.920647	0.515123	0.674764	1.05382	0.420436	0.785876	0.770934	1.11017	0.135587	0.449538	0.639857	0.796316	0.937286	0.614758	0.921055	0.705248	0.250493	0.644948	0.436788	0.663999	0.670845	0.803722	0.820918	0.765217	1.09075	0.419921	0.440934	0.984948	0.431757	0.922221	0.839506	1.10159	0.834839	0.823288	0.618533	0.680996	0.82971	0.388517	0.726703	0.211443	
0.149368	0.805004	0.704884	0.0460086	0.726956	0.339428	0.471143	0.176039	0.916818	0.840726	0.678149	0.286178	0.144932	0.647765	0.181727	0.444827	0.890306	0.457541	0.851535	0.467958	0.384506	0.273718	0.346415	0.744221	0.0621533	0.851034	0.647607	0.411447	0.624817	0.294701	0.341063	0.160584	0.741434	0.411099	0.86018	0.386931	0.222776	0.901524	0.590954	0.851285	
0.476047	0.372292	0.475546	0.605894	0.261857	0.3757	0.425238	0.661594	0.316749	0.360011	0.425984	0.36417	0.494602	0.326774	0.484115	0.332059	0.309682	0.21963	0.362299	0.253638	0.227793	0.368525	0.392294	0.574469	0.642887	0.351442	0.165927	0.613606	0.0758096	0.489382	0.440838	0.652216	0.627831	0.452505	0.488349	0.25126	0.379012	0.383296	0.400031	0.250206	
0.644533	0.324465	0.970977	0.696899	0.786504	0.707246	0.834347	0.572577	0.721441	0.392463	0.922693	0.643914	0.666723	0.214358	0.689453	0.741031	0.573451	0.354536	0.40731	0.311151	0.554512	0.635275	0.32634	1.06138	0.72224	0.420369	0.688649	0.939108	0.600279	0.367387	0.769359	0.576179	1.10113	0.822528	0.284215	0.603919	0.544385	0.468938	0.126123	0.632639	
0.273021	0.521927	0.426722	0.406576	0.33676	0.181762	0.27933	0.498571	0.512486	0.530064	0.381962	0.157785	0.290166	0.415489	0.277511	0.183344	0.515006	0.205509	0.536107	0.247916	0.0240016	0.161658	0.303924	0.509162	0.443424	0.529059	0.245503	0.429928	0.216988	0.376635	0.250299	0.486652	0.544039	0.281715	0.620103	0.0531128	0.189636	0.569652	0.437242	0.454554	
0.161838	0.588121	0.48413	0.293339	0.441441	0.147204	0.288504	0.393964	0.625075	0.606876	0.445216	0.0827298	0.180824	0.458239	0.175234	0.21204	0.616504	0.237333	0.614839	0.270359	0.0900963	0.0764346	0.2604	0.552653	0.330281	0.610161	0.355694	0.380959	0.330708	0.307081	0.207458	0.381078	0.574906	0.263617	0.673029	0.100047	0.0799175	0.655106	0.451563	0.564151	
0.706614	0.297082	1.00626	0.76343	0.808174	0.759329	0.88144	0.641836	0.715583	0.365531	0.957366	0.698469	0.729061	0.223076	0.750315	0.786445	0.557512	0.397623	0.379926	0.355596	0.601242	0.690565	0.389757	1.0991	0.78942	0.394718	0.713192	0.995487	0.623179	0.435649	0.823049	0.645407	1.14179	0.87346	0.234376	0.650717	0.603743	0.439247	0.166251	0.628073	
0.519104	0.256015	0.793098	0.59854	0.609091	0.548718	0.666693	0.52862	0.574151	0.310724	0.744564	0.491682	0.542125	0.0909226	0.557752	0.571199	0.449902	0.182438	0.324751	0.141523	0.386843	0.48511	0.224868	0.884711	0.62936	0.331647	0.510356	0.789991	0.422846	0.30754	0.614148	0.527299	0.926456	0.661259	0.290933	0.436212	0.409195	0.385658	0.0530126	0.485274	
0.115884	0.66075	0.464142	0.251693	0.464014	0.0984246	0.247593	0.391504	0.675671	0.678286	0.430473	0.0261592	0.128729	0.531072	0.111699	0.191437	0.679619	0.310278	0.685931	0.342524	0.145202	0.0119094	0.316378	0.521946	0.287431	0.680787	0.388487	0.311251	0.378429	0.346153	0.145013	0.377155	0.536242	0.209534	0.746059	0.129739	0.0990418	0.724793	0.521122	0.620176	
0.492647	0.60988	0.23519	0.627115	0.0905418	0.317436	0.271946	0.754727	0.382373	0.587293	0.186388	0.355351	0.502337	0.569034	0.474657	0.218965	0.476481	0.417598	0.586579	0.459967	0.284177	0.367301	0.558318	0.336001	0.661624	0.572946	0.0867589	0.486633	0.172757	0.638222	0.35658	0.74182	0.394956	0.327978	0.729142	0.260789	0.440652	0.593159	0.631784	0.370288	
0.241277	0.72599	0.319212	0.362542	0.379452	0.0532477	0.0962712	0.5349	0.644248	0.729973	0.290958	0.126168	0.242287	0.62024	0.20645	0.070007	0.688252	0.404701	0.734884	0.444458	0.200831	0.139952	0.454915	0.371034	0.393167	0.726417	0.331681	0.230866	0.35804	0.495329	0.0678888	0.519932	0.385056	0.076075	0.825832	0.153135	0.249299	0.763229	0.63271	0.606614	
0.20225	0.611238	0.405981	0.338188	0.378917	0.0926472	0.216814	0.46473	0.591947	0.621624	0.367283	0.0704568	0.215316	0.49631	0.195375	0.134562	0.605455	0.278163	0.627957	0.316996	0.0791539	0.0785548	0.332897	0.475429	0.374044	0.62119	0.301842	0.341128	0.294628	0.384821	0.16104	0.451163	0.499802	0.202836	0.705689	0.0454066	0.152823	0.662136	0.50472	0.539647	
0.11159	0.650643	0.477848	0.247408	0.470583	0.114073	0.263167	0.379438	0.675615	0.669496	0.443438	0.0408524	0.126855	0.518912	0.114815	0.204401	0.675279	0.298475	0.6774	0.329719	0.142032	0.0270754	0.300345	0.536913	0.283649	0.672605	0.392642	0.325972	0.37881	0.330007	0.161179	0.365282	0.551903	0.225788	0.734402	0.132247	0.0829302	0.717245	0.506904	0.618384	
