25	25
52.2279	146.179
6.32127	56.6636
24.3263	40.5793
47.8253	60.1307
81.7872	143.349
63.112	114.88
57.1767	78.1535
57.1192	147.041
42.367	25.6245
43.1892	147.693
26.9329	123.599
77.4712	92.7874
72.8577	36.8094
66.0336	104.453
31.3485	12.8616
72.5744	85.4124
9.82133	47.6523
37.3065	33.0078
49.161	38.4721
82.9723	138.772
22.4194	85.823
81.1026	47.4741
14.2314	51.4961
42.5635	97.2022
24.2753	91.5984
80.0306
14.6999
85.9098
6.03971
67.3299
4.57758
9.994
27.5468
102.2
9.30747
30.5555
80.2132
35.8568
93.2084
48.5177
95.8958
42.4321
24.712
30.6074
3.13125
10.2869
37.5696
28.0769
24.5308
30.6266
0.612088	0.31001	0.703665	0.755353	0.443157	0.288324	0.287532	0.578085	0.78977	0.137554	0.66183	0.908756	0.474201	0.124684	0.224766	0.846301	0.591823	0.654888	0.0930896	0.381811	0.578585	0.918819	0.213931	0.89279	0.634024	
0.470989	0.104835	0.823217	0.76467	0.400683	0.31325	0.17381	0.726038	0.62382	0.0731549	0.741966	0.862573	0.286275	0.332582	0.336206	0.753265	0.413485	0.784674	0.298824	0.431071	0.435058	0.928297	0.286759	0.837731	0.708142	
0.727663	0.420697	0.699958	0.817135	0.537719	0.371296	0.405099	0.555518	0.908497	0.25053	0.687302	0.991963	0.594681	0.0333453	0.272666	0.947229	0.712155	0.644846	0.0742272	0.442802	0.694879	0.976843	0.288103	0.979732	0.664433	
0.59009	0.858896	0.395842	0.0511588	0.413535	0.502023	0.64089	0.506514	0.732797	0.802936	0.238689	0.28352	0.750763	0.80821	0.565292	0.439427	0.730612	0.43381	0.763354	0.399285	0.598679	0.140485	0.567355	0.308906	0.228519	
0.713591	0.312425	0.866668	0.921303	0.591278	0.450208	0.396269	0.731855	0.870684	0.188111	0.831779	1.06153	0.531324	0.216783	0.395178	0.979024	0.659758	0.815148	0.226925	0.550312	0.678017	1.0855	0.381677	1.04233	0.80435	
0.161614	0.367384	0.955724	0.69352	0.387676	0.479719	0.325736	0.928606	0.211811	0.487363	0.813534	0.657215	0.134622	0.72005	0.593382	0.469043	0.013751	0.943048	0.67385	0.555041	0.145304	0.825622	0.531345	0.618311	0.775978	
0.228097	0.293308	0.713813	0.535335	0.167562	0.216109	0.103451	0.67045	0.416337	0.312597	0.588192	0.596814	0.193494	0.491208	0.331854	0.482435	0.25107	0.693984	0.440603	0.300651	0.19634	0.691987	0.271034	0.56951	0.550699	
0.557289	0.660514	0.282956	0.284157	0.285134	0.268029	0.452378	0.289864	0.746058	0.563203	0.161908	0.512903	0.627516	0.522998	0.288634	0.572336	0.659049	0.274665	0.481333	0.150063	0.547723	0.431506	0.307697	0.518391	0.127535	
0.692118	0.503868	0.517737	0.668083	0.450812	0.281936	0.401965	0.375934	0.886838	0.338135	0.512273	0.8675	0.617316	0.148917	0.153839	0.857618	0.71505	0.462914	0.129933	0.309295	0.664271	0.821575	0.204548	0.861543	0.492353	
0.486623	0.505037	0.413283	0.403963	0.20921	0.112974	0.306477	0.357513	0.684809	0.401636	0.321446	0.591412	0.502812	0.386263	0.140601	0.592127	0.558505	0.385624	0.33926	0.0334202	0.467842	0.56484	0.147164	0.585494	0.288625	
0.0207294	0.438276	0.820501	0.530911	0.262187	0.397162	0.30576	0.813715	0.218965	0.507575	0.669225	0.498182	0.225147	0.698986	0.523657	0.326668	0.15298	0.814838	0.648172	0.443729	0.023501	0.660824	0.467062	0.461057	0.632297	
0.501632	0.783395	0.440444	0.0382725	0.336081	0.44302	0.566454	0.527126	0.646481	0.738574	0.27265	0.246564	0.665687	0.767426	0.521548	0.367206	0.642536	0.468643	0.720017	0.351417	0.510425	0.196967	0.515002	0.261009	0.250923	
0.697065	0.700341	0.22516	0.443065	0.416211	0.326143	0.519448	0.137005	0.892595	0.567614	0.22664	0.682886	0.722621	0.447076	0.270324	0.744493	0.778198	0.179842	0.418633	0.236989	0.681643	0.572175	0.319713	0.69051	0.217414	
0.676518	0.778999	0.160082	0.305969	0.409571	0.385917	0.575099	0.216943	0.860744	0.670234	0.0664619	0.556961	0.753513	0.591749	0.380143	0.654991	0.783339	0.165382	0.556988	0.27015	0.669098	0.418117	0.412346	0.571583	0.0630298	
0.723406	0.715208	0.222032	0.467872	0.442521	0.346784	0.538886	0.114056	0.919345	0.578236	0.243582	0.709333	0.744364	0.445148	0.282452	0.772643	0.802437	0.171053	0.419647	0.262097	0.707488	0.593762	0.334867	0.717508	0.237735	
0.616443	0.864876	0.353838	0.0866196	0.423583	0.497963	0.646731	0.468914	0.765402	0.800568	0.199963	0.326432	0.767535	0.792188	0.552094	0.479593	0.753907	0.393293	0.748805	0.390146	0.623017	0.164348	0.558807	0.351806	0.193551	
0.527101	0.707798	0.321241	0.174124	0.284615	0.329367	0.491338	0.375189	0.702975	0.632295	0.158041	0.406463	0.637825	0.622522	0.380632	0.48724	0.647339	0.333588	0.578104	0.218596	0.524591	0.326282	0.387154	0.415106	0.122958	
0.92798	0.842064	0.318425	0.676824	0.649285	0.524783	0.701513	0.160231	1.1261	0.682065	0.428118	0.924257	0.917148	0.472962	0.422041	0.993527	0.991636	0.257291	0.47185	0.466261	0.908674	0.785828	0.484365	0.934807	0.435195	
0.709045	0.334029	0.815309	0.884999	0.56636	0.416906	0.386071	0.678438	0.874235	0.186659	0.785349	1.03479	0.540563	0.161902	0.350978	0.962501	0.666628	0.762987	0.174064	0.511271	0.674047	1.04845	0.343581	1.01744	0.758918	
0.459643	0.564757	0.387435	0.305526	0.182264	0.179369	0.352178	0.374159	0.6525	0.482048	0.261884	0.496254	0.522238	0.48527	0.239431	0.515269	0.555375	0.374676	0.438014	0.0701779	0.447592	0.467537	0.238256	0.492839	0.225149	
0.532679	0.499645	0.415378	0.458758	0.261619	0.127665	0.317577	0.334887	0.731435	0.37848	0.347678	0.652502	0.525627	0.331375	0.0914331	0.652821	0.592856	0.379268	0.286723	0.0952848	0.511337	0.617135	0.121551	0.647117	0.318555	
0.427575	0.842808	0.737874	0.31424	0.450036	0.613271	0.653466	0.819289	0.481486	0.858585	0.57037	0.0927832	0.654286	0.963804	0.726093	0.128663	0.575704	0.765969	0.912053	0.565742	0.455172	0.335042	0.697109	0.0504969	0.547532	
0.335862	0.553941	0.501617	0.264872	0.106881	0.23641	0.337024	0.514524	0.519568	0.515877	0.348636	0.386089	0.451367	0.584065	0.344185	0.372028	0.453713	0.500859	0.53296	0.18782	0.331401	0.42597	0.318259	0.373658	0.311609	
0.070575	0.519905	0.823693	0.497925	0.290844	0.444958	0.378543	0.833432	0.196498	0.584038	0.664927	0.432683	0.304832	0.763961	0.573658	0.248379	0.215736	0.824289	0.712321	0.473209	0.104135	0.614221	0.520802	0.393344	0.629258	
0.865807	0.934058	0.0314594	0.45615	0.595749	0.54821	0.74228	0.162832	1.05024	0.806169	0.200905	0.708192	0.93254	0.673883	0.508601	0.831763	0.969577	0.0624011	0.65104	0.440627	0.857694	0.522577	0.554892	0.729633	0.230634	
