10	30
121.495	93.0887
117.722	119.11
113.302	125.495
0.535982	33.4837
90.5643	113.501
109.945	111.707
136.154	105.942
75.3013	154.378
60.572	86.0637
28.4139	12.6176
3.77126
7.24356
11.2765
2.31371
2.21091
4.8535
10.1238
0.975993
4.52774
10.4906
5.87094
6.18974
9.53822
8.78624
8.29149
0.0780192
1.27505
10.4653
8.7974
8.47345
3.35475
11.275
3.27194
7.33227
1.29008
1.21423
2.32971
11.9875
11.5607
11.9078
0.639499	0.616531	0.587285	0.322556	0.414145	0.774738	0.331279	0.0719212	0.260045	0.336165	0.220692	0.510732	0.561254	0.402992	0.132235	0.345399	0.662621	0.166026	0.178451	0.753186	0.318631	0.400791	0.472533	0.141762	0.420912	0.588548	0.286152	0.631782	0.491828	0.121985	
0.360606	0.415036	0.831449	0.900855	0.932612	0.119095	0.833785	0.654632	0.464222	0.598589	0.86678	0.181025	0.481261	0.499008	0.55706	0.535823	0.8817	0.845985	0.825955	0.0848384	0.761118	0.690336	0.434027	0.550984	0.830711	0.101006	0.684691	0.454209	0.815357	0.765984	
0.565868	0.15848	0.870403	0.778979	0.846031	0.459285	0.746284	0.485253	0.225532	0.273332	0.700845	0.210558	0.611477	0.531956	0.377598	0.529023	0.938199	0.607841	0.566716	0.425545	0.692946	0.683459	0.0941614	0.350175	0.789222	0.280953	0.371413	0.190886	0.814024	0.51612	
0.480139	0.53974	0.530964	0.393635	0.457317	0.614767	0.357921	0.119115	0.178793	0.344859	0.334737	0.362909	0.418142	0.26701	0.050259	0.221652	0.605249	0.330599	0.334487	0.594974	0.309508	0.333744	0.407405	0.083547	0.410757	0.434538	0.34423	0.563742	0.453495	0.2729	
0.71609	0.362753	0.844748	0.624216	0.714886	0.713985	0.627455	0.342965	0.18016	0.03444	0.515312	0.432205	0.700595	0.567375	0.272079	0.532428	0.919604	0.364707	0.308076	0.683269	0.600777	0.647813	0.224174	0.234183	0.705307	0.51851	0.0856021	0.36553	0.761526	0.272818	
0.420975	0.389655	0.89147	0.949606	0.985059	0.146056	0.885504	0.694975	0.489073	0.606584	0.910042	0.214343	0.542479	0.556667	0.594058	0.591206	0.942378	0.878004	0.853757	0.112341	0.81401	0.747338	0.428881	0.584705	0.886258	0.147779	0.697693	0.427446	0.873438	0.795063	
0.777432	0.676775	0.687833	0.354417	0.459025	0.900131	0.398516	0.205224	0.353977	0.355426	0.227241	0.627317	0.697365	0.538572	0.261318	0.479256	0.761591	0.0425453	0.0507012	0.876636	0.410151	0.51412	0.532211	0.258412	0.503293	0.709117	0.271018	0.68464	0.586309	0.0508937	
0.36009	0.997198	0.235312	0.600687	0.541372	0.690017	0.50144	0.624613	0.72764	0.921481	0.679402	0.668764	0.240461	0.330258	0.637212	0.366311	0.230165	0.828825	0.868085	0.701316	0.44239	0.313009	0.910785	0.671219	0.403929	0.659994	0.932115	1.03338	0.314127	0.817512	
0.312892	0.64214	0.386854	0.42358	0.441855	0.536369	0.345428	0.271126	0.33412	0.526166	0.425136	0.362403	0.222484	0.0679718	0.249361	0.0470696	0.454586	0.497778	0.517534	0.526948	0.270144	0.208005	0.534438	0.280104	0.339736	0.400427	0.539969	0.674047	0.339504	0.458988	
0.754948	0.108089	1.03319	0.885869	0.966273	0.621154	0.870914	0.590614	0.340427	0.25662	0.788408	0.397721	0.796749	0.705602	0.492894	0.693963	1.10385	0.651281	0.594647	0.586228	0.828397	0.840088	0.116795	0.457705	0.929942	0.460706	0.355908	0.0891413	0.967128	0.558804	
