15	40
64.7303	20.0685
86.9363	32.2855
64.8828	134.279
23.3194	67.6342
50.6478	74.3092
45.0802	86.4798
36.0155	120.151
72.2019	139.795
22.4389	42.4739
64.3436	19.4016
89.4981	132.09
5.98682	139.558
61.783	147.565
26.4661	28.7546
15.5031	51.9341
8.76047
8.28458
1.81003
9.46683
0.978873
3.7144
9.85518
2.55449
5.12546
10.0566
7.42377
3.54814
2.22821
5.58975
6.88968
2.26329
6.61337
0.911294
2.73643
7.38262
5.14944
9.9568
8.23551
10.7767
4.68003
6.33069
8.13286
10.6119
0.0539379
0.1851
10.2104
8.9106
10.7542
8.02816
9.19309
9.93399
7.27299
2.219
8.07708
2.44977
0.253748	0.0969765	0.248329	0.226776	0.209842	0.444777	0.627536	0.359448	0.781884	0.599158	0.731678	0.500767	0.199452	0.545228	0.716325	0.65993	0.697679	0.577991	0.645164	0.116408	0.758674	0.0990335	0.46776	0.660406	0.698542	0.586221	0.413425	0.624129	0.518772	0.2877	0.46385	0.296322	0.764925	0.255377	0.203308	0.329776	0.66458	0.112797	0.62654	0.362276	
0.396892	0.237007	0.151253	0.179245	0.21253	0.61145	0.668012	0.534135	0.887666	0.531803	0.91186	0.576044	0.364554	0.520138	0.816702	0.679085	0.846309	0.724602	0.74796	0.24762	0.884007	0.279044	0.560355	0.692643	0.822471	0.462796	0.588476	0.802163	0.59238	0.33707	0.553669	0.336193	0.851851	0.348286	0.293398	0.413863	0.84417	0.159685	0.638628	0.361808	
0.95609	0.90031	0.834759	1.06094	1.04712	0.541609	0.357069	0.634062	0.0677514	0.729651	0.814464	0.364807	0.671253	0.599586	0.121278	0.420266	0.341983	0.36723	0.19251	0.917584	0.176045	0.802709	0.375969	0.37142	0.195112	0.917875	0.85606	0.667924	0.350789	1.10147	0.382306	1.11461	0.100361	0.591805	1.00619	1.10289	0.729616	0.950387	0.456016	0.62132	
0.0600152	0.1079	0.444501	0.256117	0.200606	0.46447	0.795355	0.359328	0.887932	0.80118	0.64129	0.650889	0.280879	0.74165	0.831278	0.838235	0.742057	0.63428	0.760899	0.0920278	0.840063	0.161546	0.605543	0.831905	0.784868	0.782456	0.288844	0.573585	0.669071	0.167102	0.604471	0.183803	0.891852	0.417687	0.0846504	0.153571	0.595219	0.180912	0.808942	0.557326	
0.235601	0.31049	0.605598	0.301059	0.25344	0.686096	1.02348	0.580119	1.12331	0.984436	0.781151	0.883944	0.517158	0.944969	1.06743	1.06089	0.9644	0.862178	0.997148	0.290455	1.07171	0.393177	0.840505	1.05843	1.01786	0.92657	0.439857	0.752543	0.902173	0.127498	0.839034	0.129502	1.12815	0.645249	0.199485	0.0831004	0.757946	0.320428	1.02863	0.763864	
0.286252	0.217351	0.402583	0.0744802	0.0583889	0.675203	0.884543	0.575126	1.04904	0.784112	0.878403	0.766692	0.449205	0.764927	0.984233	0.907837	0.944991	0.829312	0.913005	0.205731	1.02056	0.317025	0.735727	0.914364	0.961443	0.705221	0.524936	0.808205	0.784505	0.117093	0.731591	0.1065	1.03303	0.521587	0.153073	0.210398	0.832182	0.155904	0.870474	0.594357	
0.275263	0.40133	0.697277	0.583237	0.528078	0.335748	0.851646	0.260907	0.808411	0.98701	0.322558	0.688407	0.362992	0.890384	0.774479	0.917359	0.579354	0.510649	0.715041	0.396718	0.72348	0.362945	0.628086	0.893575	0.683865	1.02476	0.0457344	0.301525	0.703849	0.468094	0.632522	0.485453	0.850682	0.534045	0.409304	0.39939	0.297571	0.494258	0.902386	0.718775	
0.77366	0.623407	0.325583	0.65535	0.680214	0.685091	0.32128	0.679163	0.658599	0.085073	1.07158	0.363246	0.54061	0.0785745	0.58684	0.279603	0.776109	0.675525	0.543617	0.642598	0.718347	0.582198	0.404401	0.318678	0.665402	0.241781	0.860208	0.918683	0.366111	0.794229	0.3939	0.797666	0.575845	0.371663	0.724028	0.85247	0.981546	0.598796	0.235039	0.184809	
0.83234	0.678436	0.364808	0.694053	0.723371	0.756683	0.370819	0.749778	0.714828	0.0173044	1.14305	0.429673	0.608348	0.13133	0.644567	0.317382	0.843878	0.745139	0.605209	0.697164	0.780189	0.643359	0.473342	0.361519	0.72882	0.199476	0.927531	0.990282	0.431247	0.841195	0.462904	0.84348	0.627566	0.441202	0.775437	0.903806	1.0531	0.64676	0.275555	0.253489	
0.865843	0.734981	0.491928	0.809292	0.823853	0.662998	0.157501	0.688563	0.503399	0.230324	1.04757	0.280505	0.591083	0.128933	0.43881	0.0872332	0.678534	0.599943	0.414399	0.755049	0.584942	0.670711	0.339987	0.135545	0.541517	0.431774	0.90013	0.887505	0.272985	0.925537	0.331523	0.931967	0.40801	0.420667	0.844187	0.969656	0.954172	0.732939	0.0548239	0.28229	
0.7482	0.664498	0.565193	0.807272	0.799765	0.414312	0.153749	0.474762	0.235628	0.496829	0.776287	0.0958591	0.451609	0.360007	0.161291	0.23573	0.374295	0.306675	0.113965	0.683261	0.288918	0.573095	0.125304	0.19197	0.239456	0.668214	0.70452	0.615376	0.0808794	0.868503	0.127473	0.879931	0.180338	0.336465	0.774967	0.883873	0.682872	0.701999	0.250455	0.352198	
0.832099	0.713242	0.509055	0.809804	0.817772	0.589147	0.064642	0.624631	0.412068	0.310682	0.969175	0.201428	0.545731	0.186274	0.346224	0.0378487	0.58736	0.51303	0.321375	0.733293	0.491771	0.639518	0.263208	0.0543162	0.448471	0.504575	0.84382	0.808337	0.19075	0.91076	0.25603	0.918786	0.319427	0.383609	0.824649	0.946673	0.875497	0.723193	0.0385029	0.284458	
0.209898	0.243171	0.491128	0.445614	0.400758	0.241122	0.665215	0.135128	0.689745	0.773301	0.463536	0.505369	0.150209	0.680229	0.641044	0.724187	0.519608	0.417145	0.573811	0.248169	0.628917	0.169398	0.449318	0.705926	0.577394	0.812715	0.170128	0.364713	0.522358	0.392588	0.451563	0.409205	0.709592	0.323367	0.3048	0.364177	0.399128	0.336054	0.704656	0.505612	
0.521642	0.532337	0.657514	0.731036	0.695252	0.0735954	0.547909	0.177971	0.427487	0.800967	0.374284	0.394975	0.317085	0.674241	0.401566	0.626159	0.208347	0.128015	0.351133	0.543032	0.340153	0.436	0.335184	0.589543	0.301219	0.911073	0.368618	0.21325	0.404422	0.703826	0.343962	0.720057	0.48096	0.386992	0.61304	0.676249	0.280564	0.614104	0.62644	0.553252	
0.58796	0.69208	0.937683	0.886823	0.834533	0.386477	0.921469	0.400138	0.752546	1.15405	0.00645603	0.767396	0.569858	1.03473	0.747869	0.999648	0.474945	0.476992	0.710414	0.691997	0.641443	0.628074	0.70662	0.963035	0.627286	1.23684	0.348317	0.160696	0.777514	0.783692	0.714859	0.801127	0.828231	0.707988	0.719515	0.715513	0.0931856	0.786951	0.998847	0.892264	
