25	25
23.6017	111.296
12.3891	134.867
89.2275	150.526
51.0997	22.0781
8.83888	129.329
4.58996	10.2148
89.1961	151.628
52.901	38.3241
40.9186	10.0577
43.1904	44.5744
52.0617	153.67
38.9334	151.081
57.3417	71.0141
15.2309	21.9991
30.7982	67.9818
71.685	136.075
89.223	79.7801
85.8478	62.7127
38.9779	120.523
4.81846	14.6464
24.3403	148.736
8.13738	24.6586
69.2703	134.427
66.0102	117.139
89.3007	26.9291
0.777153
23.9774
11.4582
25.1055
26.9021
18.2095
25.9372
11.557
22.0944
29.519
20.2337
14.7049
30.2568
25.293
9.14622
13.2011
10.2357
11.7857
7.22543
25.1785
23.0251
1.29498
7.84415
29.3397
2.5512
0.526844	0.528262	0.359966	0.899681	0.529797	0.567585	0.265213	0.153124	1.01153	0.342531	0.488084	0.938022	0.59759	0.692846	0.532803	0.64923	0.955566	0.60546	0.508841	0.581349	0.724968	0.497034	0.203648	0.690418	0.634093	
0.199332	0.233028	0.201352	0.626963	0.545723	0.360648	0.0627927	0.38237	0.747381	0.028674	0.16609	0.679906	0.49517	0.485396	0.359515	0.35367	0.677341	0.281011	0.56634	0.262261	0.399944	0.519243	0.499228	0.788745	0.591199	
0.322438	0.457124	0.280949	0.756988	0.91886	0.108369	0.421912	0.740416	0.874078	0.354679	0.365833	0.828714	0.830811	0.743056	0.676062	0.512758	0.785831	0.36668	0.94569	0.394314	0.408935	0.894796	0.73303	1.16917	0.94419	
0.418589	0.284217	0.661041	0.308129	0.361969	0.770901	0.491301	0.586674	0.389159	0.482321	0.379784	0.314358	0.1684	0.0456569	0.122252	0.259892	0.365557	0.389742	0.427451	0.353622	0.428934	0.364692	0.858702	0.60525	0.290112	
0.213281	0.221125	0.239711	0.611842	0.503712	0.402649	0.0653658	0.355761	0.730742	0.0704488	0.171054	0.661543	0.455683	0.456041	0.323775	0.343706	0.663967	0.288559	0.524824	0.264489	0.408034	0.477319	0.498949	0.7475	0.549888	
0.686566	0.718195	0.431256	1.10378	0.742637	0.608363	0.434377	0.349115	1.21935	0.497645	0.659286	1.14729	0.820737	0.910474	0.752222	0.840861	1.15784	0.772036	0.713554	0.755532	0.889056	0.710098	0.0508973	0.871747	0.852869	
0.17332	0.175529	0.483349	0.333513	0.675276	0.492201	0.424575	0.700971	0.452894	0.35856	0.197507	0.404444	0.519378	0.362324	0.371653	0.117971	0.36698	0.0858072	0.726598	0.102729	0.0557277	0.663445	0.862567	0.93804	0.646841	
0.625236	0.58961	0.521901	0.918787	0.418886	0.730602	0.382478	0.0598492	1.01963	0.461402	0.577133	0.944314	0.538177	0.681002	0.521195	0.700608	0.977007	0.692077	0.380438	0.66062	0.808756	0.387696	0.298472	0.533026	0.539955	
0.516109	0.558345	0.261967	0.949745	0.677009	0.452509	0.272939	0.316419	1.06809	0.328868	0.492207	0.997984	0.716551	0.775746	0.624175	0.680377	1.00196	0.602475	0.663158	0.588316	0.718266	0.644462	0.195235	0.852225	0.77096	
0.506366	0.510446	0.338944	0.884543	0.531456	0.54686	0.244475	0.164196	0.99723	0.321373	0.468295	0.924022	0.592014	0.68135	0.522099	0.631841	0.940118	0.58555	0.51323	0.561987	0.705045	0.498712	0.215522	0.699266	0.632797	
0.387116	0.382832	0.286797	0.757925	0.472615	0.491419	0.131861	0.198303	0.871752	0.211421	0.345298	0.799096	0.495904	0.562712	0.40689	0.504016	0.813126	0.462824	0.470409	0.437201	0.582204	0.441041	0.340508	0.678567	0.556088	
0.699332	0.720079	0.462798	1.0995	0.704888	0.648835	0.441055	0.310386	1.21286	0.509778	0.668021	1.13979	0.79442	0.896158	0.736005	0.842448	1.15465	0.78307	0.67208	0.763797	0.901482	0.672658	0.00782988	0.8225	0.818946	
0.224474	0.33615	0.104985	0.706444	0.729759	0.176728	0.21442	0.531272	0.828918	0.15567	0.238537	0.77023	0.667737	0.622704	0.521642	0.432254	0.748035	0.305596	0.750201	0.312046	0.401348	0.70343	0.554228	0.972087	0.770599	
0.345865	0.480485	0.321837	0.763471	0.952032	0.141011	0.460699	0.780533	0.878613	0.39192	0.392281	0.836157	0.858614	0.763004	0.702931	0.527988	0.789593	0.382202	0.980379	0.412611	0.41292	0.928545	0.773077	1.20406	0.973841	
0.797363	0.688597	0.865704	0.826852	0.173534	1.05422	0.670616	0.460279	0.882175	0.724316	0.741909	0.814199	0.358154	0.567846	0.479815	0.741187	0.881145	0.819868	0.130197	0.779023	0.904437	0.187482	0.760514	0.0936199	0.249654	
0.229527	0.109543	0.439049	0.421042	0.407496	0.559426	0.275157	0.452934	0.533985	0.260318	0.178772	0.461527	0.287777	0.244011	0.132892	0.192395	0.477165	0.240798	0.453248	0.199974	0.333049	0.391794	0.678162	0.670688	0.405746	
0.400168	0.498188	0.0932507	0.880632	0.80669	0.200099	0.282412	0.522363	1.00321	0.27157	0.404921	0.942093	0.783653	0.773368	0.651959	0.604042	0.924132	0.483743	0.812781	0.487048	0.580463	0.776785	0.442737	1.02495	0.870737	
0.463735	0.436451	0.38287	0.788229	0.408343	0.588499	0.222901	0.104531	0.8962	0.300822	0.416634	0.821757	0.467277	0.569623	0.408321	0.552324	0.845341	0.532597	0.395524	0.502619	0.650368	0.375738	0.331242	0.593856	0.506764	
0.0724122	0.120655	0.384803	0.414739	0.63714	0.415499	0.326151	0.615865	0.536806	0.25784	0.100543	0.481153	0.503833	0.383123	0.347837	0.150136	0.454745	0.0170028	0.681809	0.0332956	0.136511	0.621059	0.763151	0.900287	0.627947	
0.247681	0.113365	0.49098	0.357869	0.42247	0.595883	0.336199	0.510959	0.470099	0.314289	0.205356	0.397572	0.275605	0.189345	0.120889	0.149486	0.414431	0.235595	0.474889	0.195517	0.308527	0.411274	0.741992	0.685236	0.400649	
0.383217	0.423223	0.177312	0.81556	0.603565	0.385869	0.138504	0.303655	0.934604	0.194437	0.357124	0.865253	0.612525	0.650756	0.505051	0.545032	0.867259	0.468763	0.602331	0.453341	0.585719	0.572255	0.314633	0.809191	0.682219	
0.343139	0.369111	0.198446	0.758963	0.549543	0.404021	0.0844404	0.281734	0.877047	0.154549	0.310833	0.806904	0.550906	0.588746	0.442312	0.491645	0.811586	0.425939	0.552483	0.406785	0.544671	0.518844	0.3543	0.764159	0.62356	
0.597179	0.471128	0.86858	0.255833	0.499168	0.956977	0.707778	0.793672	0.261132	0.692041	0.569383	0.207888	0.313409	0.189996	0.340489	0.3996	0.291667	0.545506	0.567543	0.517885	0.541388	0.514086	1.07546	0.691089	0.384642	
0.300634	0.434012	0.329428	0.705531	0.918333	0.178275	0.444858	0.769803	0.820218	0.371324	0.350273	0.778445	0.816251	0.712295	0.659709	0.474282	0.731092	0.329318	0.949877	0.361685	0.354664	0.89608	0.786086	1.17368	0.933939	
0.47283	0.442771	0.395201	0.791037	0.399685	0.60078	0.23418	0.094088	0.898163	0.311757	0.425156	0.823559	0.463144	0.569792	0.408265	0.557732	0.848339	0.540732	0.385509	0.510251	0.658166	0.367015	0.333961	0.582515	0.499858	
