10	20
26.4718	135.653
134.328	104.266
115.289	24.5266
56.0513	110.647
29.3879	159.513
81.6634	83.0372
162.604	140.794
153.118	143.03
112.312	43.9165
72.7978	21.4422
52.72
56.7094
66.7218
5.5247
58.8509
24.8364
61.42
39.0737
19.6685
20.6217
6.51393
59.0857
33.8968
27.8702
18.8748
5.60492
14.6348
30.1361
8.88419
32.9021
0.343566	0.569257	0.528811	0.214222	0.378768	0.430046	1.0576	0.427108	0.607535	0.497289	0.882844	0.775521	0.705003	1.08106	0.619895	0.423172	0.622955	0.0912385	0.466895	0.186336	
0.458908	0.274424	1.00306	0.641759	0.587405	0.664983	0.771877	0.309943	0.746043	0.620649	0.424929	1.07105	0.110444	0.739149	0.825746	0.309202	0.988758	0.818666	0.425608	0.872758	
0.347937	0.470316	0.297469	0.306097	0.190469	0.0995157	0.628085	0.584711	0.105501	0.124753	0.612125	0.340351	0.791665	0.675186	0.11611	0.55497	0.245993	0.571071	0.320079	0.457774	
0.489231	0.639091	0.14478	0.388371	0.333558	0.247104	0.746906	0.726383	0.229253	0.296525	0.77725	0.222752	0.952286	0.803493	0.160385	0.698934	0.0822774	0.591438	0.485073	0.442694	
0.354976	0.199146	0.905166	0.535633	0.490565	0.572156	0.764138	0.208005	0.668639	0.535639	0.435341	0.989627	0.138759	0.741592	0.745121	0.203674	0.898751	0.712733	0.335915	0.765129	
0.283817	0.401288	0.75724	0.344984	0.42688	0.515311	0.994628	0.161041	0.681555	0.53753	0.732203	0.942621	0.412824	0.996114	0.729367	0.177599	0.809357	0.381538	0.390626	0.486681	
0.608545	0.457173	0.846056	0.73579	0.573952	0.567692	0.157648	0.715842	0.47503	0.480716	0.202779	0.734216	0.71962	0.146669	0.547195	0.687089	0.746388	1.02448	0.480626	0.968478	
0.594416	0.509606	0.70922	0.680432	0.514752	0.481157	0.183607	0.754274	0.346126	0.400585	0.355784	0.565115	0.818665	0.240171	0.404116	0.722758	0.59547	0.971816	0.474978	0.889184	
0.649108	0.66483	0.519095	0.655975	0.513398	0.438214	0.430454	0.863286	0.258556	0.395552	0.618045	0.303172	1.00071	0.502236	0.250516	0.831001	0.381372	0.923767	0.564834	0.800317	
0.401885	0.620072	0.587406	0.285045	0.448567	0.501555	1.12511	0.453662	0.679144	0.567922	0.940037	0.841671	0.726215	1.14684	0.690911	0.454552	0.68784	0.0679366	0.527842	0.223794	
