10	30
109.554	80.4857
101.172	150.752
71.7935	152.626
171.126	136.116
99.792	45.3669
103.962	118.544
79.4589	56.6092
32.4514	42.8194
118.573	124.544
137.326	68.5389
5.59629
2.59762
22.3827
13.6397
18.8365
4.48781
20.6595
11.3111
29.8674
17.9109
10.3092
24.287
34.0998
19.6757
26.3789
27.7537
2.92028
23.4296
2.18259
31.4657
18.1907
6.29689
14.7632
6.00052
27.7589
33.4724
5.35178
10.997
7.01129
8.56687
0.642129	0.333867	0.368553	0.191398	0.0686872	0.488588	0.393167	0.589646	0.695213	0.361951	0.638181	0.139677	0.184828	0.275643	0.516536	0.605941	0.471795	0.514727	0.629088	0.463123	0.334653	0.490197	0.272007	0.523403	0.182924	0.369335	0.722648	0.746441	0.171389	0.446624	
0.63667	0.546536	0.362779	0.195663	0.314038	0.266934	0.15837	0.742076	0.580571	0.597394	0.761425	0.333215	0.370179	0.0411054	0.400024	0.545174	0.428532	0.356353	0.689831	0.333356	0.270495	0.610849	0.514279	0.44874	0.398058	0.199979	0.881495	0.660389	0.339091	0.231302	
0.445972	0.778812	1.00599	0.592191	0.625699	0.866852	0.843655	0.050519	0.723357	0.702948	0.0850451	0.729132	0.759068	0.784995	0.666375	0.569064	0.524083	0.746859	0.272823	0.680369	0.971435	0.184245	0.636052	0.585426	0.713253	0.727135	0.0991962	0.677816	0.769652	1.01815	
0.415632	0.529044	0.573986	0.107539	0.262672	0.425786	0.373736	0.440219	0.502623	0.52206	0.460025	0.363113	0.407173	0.301018	0.341166	0.391919	0.259126	0.373955	0.413075	0.307408	0.515071	0.308711	0.423576	0.321003	0.391381	0.2792	0.579765	0.53714	0.397458	0.53349	
0.7401	0.384809	0.727749	0.535737	0.380372	0.878293	0.803315	0.400326	0.934254	0.28687	0.498934	0.439244	0.446146	0.697197	0.796639	0.794249	0.682809	0.838929	0.620035	0.771151	0.736923	0.428414	0.257862	0.753818	0.389376	0.735936	0.471912	0.937345	0.472483	0.883415	
0.431844	0.498405	0.621645	0.208465	0.26208	0.534525	0.481082	0.3495	0.574241	0.470082	0.386489	0.370868	0.410331	0.400803	0.429017	0.445258	0.322279	0.473373	0.383131	0.404655	0.577633	0.236725	0.374175	0.391481	0.380286	0.387819	0.487787	0.591981	0.409862	0.62772	
0.319701	0.641424	0.652565	0.159307	0.372433	0.378269	0.355928	0.453111	0.391006	0.634676	0.447177	0.468457	0.513274	0.31919	0.238126	0.279819	0.146328	0.28735	0.355012	0.217471	0.581462	0.306281	0.536227	0.208559	0.501445	0.236618	0.589422	0.424388	0.500429	0.553315	
0.335737	0.678705	0.848653	0.409607	0.47985	0.682515	0.657503	0.148588	0.579201	0.622985	0.159528	0.587962	0.623651	0.601007	0.495387	0.425662	0.354736	0.570299	0.205438	0.502069	0.80438	0.0134036	0.539548	0.421665	0.585365	0.541544	0.284624	0.554492	0.628099	0.835314	
0.917274	0.233947	0.636323	0.611367	0.385374	0.939793	0.847021	0.615489	1.07368	0.127789	0.711846	0.387623	0.371682	0.729183	0.915693	0.947122	0.823062	0.939186	0.816892	0.877078	0.675298	0.62525	0.184696	0.89059	0.320984	0.810564	0.688674	1.09369	0.405754	0.869088	
0.83364	0.732517	0.399063	0.453397	0.552425	0.293631	0.229546	1.00079	0.692463	0.80654	1.0125	0.534591	0.558166	0.259675	0.541815	0.711928	0.623931	0.461892	0.919384	0.479128	0.300407	0.864418	0.737685	0.61826	0.602291	0.357613	1.14033	0.792086	0.523244	0.0566182	
