10	20
45.3432	106.9
40.1567	22.2032
137.252	56.2247
4.74614	75.5578
98.1043	43.7413
147.283	76.2108
18.7726	72.8902
5.81086	117.667
174.494	75.6501
104.423	118.017
0.596553
12.109
9.77681
3.25038
1.98081
10.7656
15.9231
11.5941
1.63023
7.37043
3.84976
6.03345
4.84841
10.3261
15.0713
6.14759
3.01562
9.0024
15.9561
3.76454
0.284963	0.119608	0.108624	0.300228	0.0579316	0.82488	0.613813	0.0818401	0.578922	0.622098	0.502755	0.243338	0.60928	0.472074	0.408368	0.564467	0.060107	0.0843672	0.664403	0.271724	
0.946486	1.01864	0.849033	0.725492	0.970428	0.159159	0.308669	0.964421	0.459587	0.951178	0.688451	0.703345	0.660007	0.510178	0.678985	0.735707	0.93918	0.893497	0.340627	0.672074	
0.767054	0.893909	0.774283	0.709219	0.87337	0.118602	0.263687	0.879021	0.537762	1.02677	0.749757	0.650026	0.41086	0.3486	0.703157	0.81675	0.81942	0.81528	0.448185	0.546099	
0.848076	0.66234	0.480866	0.374995	0.552992	0.980072	0.776481	0.511254	0.526124	0.07855	0.297275	0.475615	1.04403	0.801775	0.339988	0.253316	0.629039	0.486254	0.643748	0.669513	
0.635207	0.438745	0.276235	0.24817	0.33021	0.920938	0.701969	0.288283	0.514784	0.289416	0.315538	0.322261	0.883181	0.66733	0.284892	0.329862	0.410404	0.271872	0.632901	0.501447	
0.235751	0.010807	0.220224	0.412134	0.107369	0.902839	0.699607	0.149022	0.687314	0.718455	0.613962	0.352022	0.627186	0.534534	0.520232	0.674051	0.0695918	0.190166	0.768286	0.340864	
0.251003	0.14492	0.117892	0.296113	0.113866	0.77667	0.568867	0.135874	0.555414	0.644985	0.501824	0.222357	0.553573	0.418623	0.403487	0.568676	0.0656208	0.114663	0.633764	0.218901	
0.773363	0.949812	0.87992	0.858102	0.955006	0.34196	0.45512	0.96988	0.739543	1.21007	0.935203	0.780321	0.346265	0.438286	0.873963	1.00792	0.884593	0.915584	0.662554	0.631662	
0.300938	0.351873	0.25334	0.30219	0.330543	0.561952	0.364667	0.341526	0.434617	0.699421	0.477643	0.198633	0.377896	0.198895	0.379156	0.557183	0.275183	0.286717	0.479171	0.00437224	
1.01233	1.06558	0.882238	0.741822	1.00877	0.25537	0.365778	0.99889	0.453643	0.926762	0.67673	0.733448	0.750175	0.580845	0.6821	0.714402	0.98569	0.926892	0.334221	0.726728	
