15	30
91.24	137.501
16.5286	32.9109
106.869	48.5241
51.3231	91.6447
127.283	125.183
34.2089	112.03
0.726085	73.3598
34.9222	33.3119
26.7744	11.1876
173.654	13.8965
116.863	41.9562
41.3399	118.908
140.181	75.1927
110.814	26.6328
42.6	73.3149
25.7103
7.43212
14.0027
26.9309
28.1257
3.11186
10.4224
20.1991
1.24068
16.663
31.5837
7.45452
22.2336
21.3106
13.8424
15.8923
25.6503
14.519
9.99504
13.5215
3.5195
22.2734
27.6237
10.0727
21.7345
21.9886
31.98
12.7085
17.198
8.83596
0.981027	0.484108	0.214838	0.908907	0.581444	0.468442	0.824708	0.298382	0.990116	0.816371	0.823042	1.03892	0.199016	0.486391	0.87349	0.490577	0.688682	1.01818	0.71046	0.500549	0.802564	0.600899	0.821896	1.11813	0.43711	0.408885	0.178099	0.673407	1.1763	0.759088	
0.215402	0.704528	0.732131	0.731059	0.700021	0.316178	0.500141	0.695804	0.697366	0.0917794	0.0552416	0.461763	0.627144	0.742075	0.180716	0.281988	0.575603	0.477427	0.37117	0.666845	0.238913	0.403088	0.139611	0.641998	0.38423	0.510572	0.596498	0.203541	0.630703	0.0481906	
0.909715	0.322226	0.594783	0.210829	0.227092	0.79896	0.378459	0.508035	0.342573	0.779536	0.839318	0.652696	0.630645	0.324495	0.749063	0.701405	0.250782	0.606007	0.45873	0.309468	1.03918	0.434791	0.736824	0.573351	0.579109	0.472132	0.777563	0.931324	0.676188	0.779469	
0.657443	0.215259	0.41528	0.330075	0.172662	0.482875	0.248929	0.330751	0.398342	0.503812	0.55567	0.518979	0.394076	0.251302	0.498298	0.383768	0.10053	0.483822	0.205919	0.170864	0.729789	0.129135	0.470715	0.544193	0.266287	0.190408	0.510628	0.616433	0.619805	0.488871	
1.03154	0.465307	0.192621	0.903913	0.565719	0.529605	0.838464	0.281968	0.992937	0.864537	0.875377	1.06682	0.21929	0.461923	0.916983	0.541958	0.690744	1.04327	0.734116	0.487681	0.868298	0.622133	0.866536	1.13426	0.473642	0.424343	0.242663	0.737505	1.19778	0.809442	
0.348765	0.794805	0.756827	0.897295	0.811773	0.277556	0.672281	0.742232	0.875779	0.279104	0.22371	0.649408	0.640532	0.830016	0.366666	0.3109	0.718623	0.665944	0.530777	0.763297	0.0748265	0.53326	0.32814	0.830484	0.44481	0.583392	0.56313	0.0675358	0.817863	0.231197	
0.120812	0.735101	0.809693	0.672621	0.710838	0.442889	0.439737	0.760516	0.616478	0.0607047	0.0960618	0.335244	0.715007	0.773248	0.0580727	0.386904	0.557097	0.358499	0.344684	0.69353	0.354627	0.413887	0.0678211	0.525138	0.458719	0.565579	0.708351	0.343848	0.501263	0.124546	
0.74143	0.14798	0.388402	0.32597	0.0886358	0.541147	0.304839	0.299396	0.418068	0.587737	0.638977	0.587273	0.391957	0.179922	0.582001	0.447631	0.122909	0.549174	0.287329	0.106161	0.806153	0.212065	0.55482	0.591384	0.31997	0.212275	0.526808	0.68894	0.674724	0.571566	
0.14466	0.733784	0.785221	0.712079	0.718857	0.390105	0.478612	0.742453	0.665314	0.0459293	0.0281834	0.400589	0.684852	0.771808	0.117892	0.345847	0.577876	0.421338	0.366597	0.693883	0.289073	0.419323	0.0948816	0.587732	0.433858	0.551325	0.665066	0.276833	0.567732	0.0778064	
0.414636	0.507403	0.672714	0.362607	0.452547	0.513459	0.129138	0.598823	0.322998	0.304864	0.370125	0.23527	0.615063	0.543297	0.25641	0.411799	0.270854	0.209492	0.100082	0.463007	0.612377	0.213292	0.255433	0.327144	0.381807	0.412853	0.678954	0.541825	0.368914	0.327444	
0.411888	0.933977	1.10422	0.638743	0.866272	0.848317	0.488839	1.0322	0.518496	0.481047	0.522786	0.201545	1.03804	0.968117	0.394603	0.768951	0.674745	0.24083	0.532305	0.889883	0.766453	0.645052	0.4464	0.295021	0.788136	0.843169	1.07735	0.772016	0.195791	0.544472	
0.291205	0.919006	0.901115	0.966019	0.925369	0.425926	0.733754	0.881464	0.925308	0.303277	0.237401	0.649216	0.786184	0.955444	0.374651	0.447881	0.810833	0.675435	0.607749	0.884475	0.0996832	0.633712	0.3548	0.841937	0.57631	0.712821	0.712647	0.217069	0.810518	0.284359	
0.161914	0.88656	0.999453	0.71431	0.84285	0.657288	0.503103	0.941435	0.622906	0.274869	0.296908	0.267834	0.91302	0.923993	0.209181	0.597678	0.66486	0.311944	0.469173	0.842758	0.520571	0.566262	0.260801	0.456655	0.654561	0.744599	0.918701	0.543617	0.392596	0.338915	
0.224847	0.727729	0.743978	0.765329	0.726735	0.311243	0.534813	0.711368	0.73249	0.123607	0.0728516	0.49392	0.636352	0.765008	0.211444	0.28909	0.606799	0.510765	0.404184	0.690948	0.203801	0.431612	0.173214	0.67579	0.399803	0.529741	0.596838	0.176932	0.662484	0.0828548	
0.377698	0.492266	0.622327	0.433779	0.455137	0.421135	0.20507	0.555789	0.410266	0.240193	0.301936	0.298958	0.552496	0.529885	0.21655	0.320985	0.295192	0.28385	0.0828022	0.448698	0.529964	0.172186	0.197343	0.416901	0.305986	0.361536	0.601332	0.451947	0.449045	0.249243	
