15	30
15.8941	12.9343
40.9804	90.1415
135.412	82.0117
159.533	134.794
93.7267	58.2179
37.5988	47.857
159.528	128.313
44.3435	69.9539
24.589	21.1437
82.5233	10.6678
6.99823	147.869
4.73025	41.8587
105.273	111.341
73.9789	97.7101
124.75	56.2282
0.499274
0.424362
2.53911
5.99082
11.163
3.40036
12.088
1.35051
2.55879
12.2721
7.08788
1.46582
15.6876
13.4443
5.8823
4.66453
13.6949
11.0978
8.05498
14.7289
4.08565
4.35788
11.0777
9.66886
5.99301
6.25534
8.92922
5.32743
14.87
3.54828
0.825279	0.498713	1.03561	1.01895	0.287672	0.787957	0.373721	0.691837	0.388201	0.183662	0.873534	0.42409	1.02012	0.543563	0.427027	0.301553	0.584111	0.362706	0.376926	0.791167	0.633786	0.545346	0.748908	0.309666	0.242202	0.23167	0.188538	0.479364	0.352221	0.907445	
0.280566	0.334409	0.466819	0.448622	0.312846	0.607106	0.486569	0.276863	0.7993	0.721111	0.720308	0.662344	0.551101	0.357532	0.315325	0.400364	0.545317	0.858069	0.33436	0.395168	0.658236	0.796022	0.213734	0.845683	0.559073	0.775361	0.412057	0.652642	0.401848	0.368206	
0.745216	1.13699	0.845782	0.845076	0.846481	0.259439	0.606506	0.606081	0.753171	0.912364	0.147016	0.585078	0.605073	0.536904	0.647895	0.712003	0.400715	0.875904	1.05876	0.523564	0.344683	0.547111	0.737163	0.937303	0.736452	0.930858	0.928076	0.517523	0.658472	0.736608	
0.499722	0.656431	0.695613	0.68408	0.346982	0.285824	0.138205	0.313778	0.446962	0.498726	0.37934	0.25869	0.583282	0.114506	0.159603	0.214307	0.105271	0.549656	0.565503	0.354769	0.209655	0.363215	0.442917	0.57768	0.290637	0.537168	0.428331	0.220552	0.159806	0.552629	
0.402945	0.218254	0.557516	0.53902	0.353392	0.755814	0.587712	0.427523	0.873611	0.759475	0.869257	0.761001	0.683508	0.494853	0.428939	0.482096	0.678536	0.914645	0.269033	0.544209	0.789768	0.901111	0.348065	0.889612	0.629135	0.814335	0.421749	0.761869	0.498366	0.485653	
0.75025	0.298845	0.949613	0.931691	0.239246	0.845497	0.469721	0.658532	0.587206	0.395036	0.946074	0.578216	0.986672	0.565609	0.43978	0.355622	0.666935	0.573653	0.18754	0.774606	0.743565	0.714888	0.674943	0.521146	0.389263	0.443357	0.139482	0.619401	0.409021	0.837675	
0.591715	0.95253	0.721957	0.718064	0.665317	0.0882765	0.440195	0.435591	0.642377	0.771563	0.0612115	0.455171	0.508226	0.352446	0.464865	0.536861	0.229809	0.763767	0.875157	0.371294	0.2112	0.458905	0.572948	0.815651	0.58084	0.797338	0.751275	0.387094	0.482559	0.598015	
0.327921	0.726735	0.488159	0.480312	0.493931	0.184356	0.38053	0.165295	0.688946	0.740231	0.294482	0.494894	0.339151	0.175466	0.297992	0.417401	0.246433	0.795054	0.670875	0.123538	0.336589	0.5714	0.302621	0.823662	0.530816	0.781101	0.601072	0.443354	0.368362	0.350908	
0.545651	0.653375	0.744766	0.732769	0.33171	0.328823	0.0881948	0.361437	0.394212	0.44652	0.41499	0.209414	0.637255	0.160017	0.167557	0.185067	0.12743	0.495697	0.555287	0.408116	0.211182	0.323992	0.485728	0.523641	0.239754	0.483976	0.401535	0.179272	0.133345	0.601802	
0.189206	0.783128	0.238483	0.236387	0.654951	0.400595	0.628449	0.230519	0.951502	0.976864	0.478234	0.760635	0.104214	0.40662	0.499953	0.631842	0.516476	1.05196	0.769147	0.150105	0.602186	0.841437	0.236707	1.07288	0.770238	1.02257	0.770076	0.712071	0.592906	0.137531	
0.610579	0.841199	0.780888	0.772848	0.527103	0.201655	0.269804	0.42786	0.461123	0.586265	0.247	0.270191	0.611428	0.267158	0.344209	0.381502	0.0810612	0.581087	0.748642	0.416043	0.0439478	0.296004	0.569505	0.630612	0.400354	0.611433	0.597714	0.202781	0.330157	0.642686	
0.690677	0.360673	0.898126	0.880939	0.150299	0.729055	0.343719	0.57466	0.48125	0.315203	0.826573	0.454131	0.905556	0.456915	0.331637	0.233206	0.543982	0.486511	0.236344	0.683962	0.617665	0.593034	0.614075	0.446589	0.26695	0.368679	0.037223	0.493345	0.287511	0.775504	
0.950664	0.792084	1.15943	1.14553	0.499286	0.725708	0.361351	0.778485	0.0940979	0.140476	0.776151	0.261055	1.07158	0.583438	0.515964	0.397572	0.516431	0.0652852	0.667748	0.84103	0.50555	0.306161	0.880886	0.100711	0.236871	0.117416	0.454256	0.328751	0.414456	1.01849	
0.643845	0.518789	0.855466	0.840343	0.191559	0.552945	0.143087	0.48654	0.33463	0.268454	0.640951	0.25475	0.805325	0.31621	0.213357	0.0819625	0.352226	0.386991	0.401102	0.572752	0.414793	0.397961	0.570664	0.381314	0.0901573	0.318597	0.203026	0.287893	0.121861	0.718522	
0.877211	0.765427	1.08429	1.07084	0.454652	0.640629	0.283073	0.701675	0.0700079	0.175236	0.692485	0.176781	0.989381	0.504202	0.445166	0.335087	0.431299	0.143562	0.64221	0.75984	0.42235	0.24127	0.809125	0.183738	0.177274	0.177295	0.428086	0.244947	0.344373	0.942543	
