15	40
29.8726	45.4798
88.7136	57.6122
15.4895	27.9715
77.4509	148.984
53.4162	34.2656
8.60038	136.108
6.92943	27.8757
40.7541	79.7442
44.6378	124.318
22.6984	45.5657
4.78425	129.984
6.92414	80.8129
79.5509	142.463
77.8465	32.8266
89.9977	23.1173
5.52558
4.36746
3.82393
8.9997
8.82677
4.74228
6.20265
10.4931
6.60621
1.95275
8.794
10.0439
4.10832
4.08624
3.29614
2.09227
3.37491
10.1592
8.33992
3.68126
8.13832
10.2881
6.52206
4.22472
2.77916
3.78552
9.14716
8.5165
10.1843
2.69415
2.01831
5.92136
0.677047
8.79895
3.96006
6.63243
4.34581
0.408935
2.07827
6.78789
0.634063	0.199194	0.144019	0.647443	0.406192	0.548909	0.451636	0.225318	0.537569	0.276851	0.553452	0.664284	0.658546	0.343411	0.19661	0.451257	0.23202	0.583196	0.251708	0.621151	0.354496	0.495895	0.442149	0.543586	0.661515	0.389164	0.384872	0.789311	0.642817	0.371377	0.502324	0.349413	0.483144	0.617192	0.562031	0.676954	0.368551	0.358759	0.397667	0.48382	
0.431955	0.183548	0.423605	0.624484	0.587427	0.277993	0.547351	0.160077	0.362778	0.169104	0.186154	0.292032	0.348718	0.505948	0.256055	0.533052	0.452141	0.28774	0.214568	0.27186	0.517291	0.208211	0.255128	0.17333	0.454575	0.517326	0.574408	0.416999	0.603711	0.563238	0.243325	0.307479	0.375307	0.563788	0.517091	0.677679	0.123595	0.457477	0.154342	0.449229	
0.30799	0.411308	0.301004	0.242961	0.227189	0.699397	0.136262	0.328031	0.226414	0.266096	0.573405	0.590734	0.446368	0.170746	0.244986	0.819401	0.629537	0.382272	0.510051	0.48788	0.745077	0.629688	0.653156	0.494181	0.331684	0.770616	0.227418	0.692244	0.964729	0.770857	0.662102	0.640508	0.139647	0.929801	0.155084	0.281335	0.305668	0.725748	0.559445	0.0810573	
0.434763	0.243703	0.140557	0.435971	0.26947	0.581385	0.265228	0.180711	0.338236	0.159818	0.506654	0.573415	0.501888	0.18862	0.0748233	0.631898	0.436097	0.426512	0.341228	0.497833	0.552708	0.514797	0.509351	0.457112	0.461931	0.579935	0.253822	0.692221	0.791572	0.577445	0.53842	0.469854	0.273115	0.759177	0.346691	0.470425	0.249177	0.537682	0.428139	0.268024	
0.369977	0.430825	0.273465	0.254975	0.162239	0.740051	0.0820125	0.354111	0.290927	0.301573	0.625414	0.650737	0.511207	0.111242	0.259061	0.82586	0.624665	0.446442	0.529822	0.550178	0.74381	0.670772	0.684925	0.550631	0.392803	0.772732	0.163141	0.754564	0.983225	0.765654	0.700807	0.659888	0.203981	0.949836	0.188836	0.281029	0.354798	0.731589	0.594906	0.130826	
0.663369	0.125044	0.315454	0.753681	0.568451	0.385865	0.589915	0.211458	0.573772	0.288087	0.43917	0.574337	0.630221	0.496296	0.267118	0.307457	0.16149	0.561353	0.0920034	0.562856	0.246881	0.343503	0.269255	0.461334	0.689734	0.263254	0.548393	0.696797	0.471515	0.285237	0.340116	0.166824	0.544368	0.44249	0.655444	0.793086	0.347198	0.214223	0.248859	0.575786	
0.422485	0.444264	0.668691	0.707564	0.782794	0.318834	0.711363	0.413614	0.408864	0.392574	0.121974	0.0323425	0.23534	0.705589	0.49256	0.728645	0.698418	0.236226	0.455446	0.120264	0.742914	0.281092	0.393115	0.0931978	0.432138	0.732103	0.774657	0.155763	0.72789	0.792652	0.322214	0.506186	0.470092	0.686409	0.608757	0.767047	0.300267	0.671368	0.323754	0.566269	
0.566375	0.0657157	0.231201	0.643245	0.469544	0.421254	0.482379	0.117513	0.473865	0.189349	0.421034	0.537504	0.556319	0.394075	0.156626	0.417955	0.248574	0.483501	0.135269	0.504798	0.351256	0.36507	0.32283	0.41796	0.593297	0.371799	0.450476	0.66251	0.574987	0.38456	0.374846	0.2566	0.438211	0.543603	0.545541	0.682614	0.264677	0.32454	0.267231	0.465781	
0.300325	0.543221	0.418149	0.111467	0.259983	0.814162	0.138418	0.4581	0.25361	0.391707	0.670179	0.662268	0.482236	0.243156	0.378344	0.952803	0.761058	0.432638	0.641537	0.549861	0.877644	0.744459	0.777348	0.580843	0.316155	0.903756	0.271218	0.74958	1.09584	0.902406	0.779504	0.771786	0.181896	1.06034	0.0655572	0.14842	0.414617	0.859141	0.681026	0.0886195	
0.781483	0.517654	0.803302	1.0307	1.00342	0.156302	0.969324	0.555151	0.742887	0.588242	0.295665	0.395994	0.611705	0.921846	0.661089	0.539191	0.635615	0.596151	0.45239	0.494745	0.612959	0.22034	0.266369	0.398905	0.795961	0.579782	0.988704	0.441597	0.43192	0.663171	0.202329	0.394877	0.779477	0.395893	0.924464	1.08703	0.538629	0.530934	0.312429	0.86344	
0.288891	0.445252	0.619459	0.581303	0.692933	0.424874	0.608955	0.389664	0.284312	0.345273	0.221412	0.133163	0.105653	0.620408	0.444174	0.791312	0.721826	0.105366	0.4844	0.0153746	0.785891	0.373193	0.472869	0.12496	0.297894	0.782929	0.687682	0.218542	0.822524	0.832704	0.416983	0.563757	0.35459	0.780977	0.486467	0.641137	0.248574	0.72234	0.385321	0.452468	
0.614417	0.388382	0.666945	0.860889	0.848234	0.0934498	0.80655	0.407762	0.573142	0.430053	0.129202	0.256503	0.454136	0.766673	0.511436	0.538506	0.569645	0.431117	0.347348	0.338108	0.58046	0.0959786	0.203251	0.232958	0.630015	0.558528	0.834826	0.337927	0.502487	0.632121	0.116907	0.339243	0.609817	0.461505	0.754835	0.917429	0.372176	0.50089	0.19048	0.694894	
0.893098	0.421307	0.347293	0.875179	0.57591	0.705537	0.657315	0.47491	0.796364	0.534515	0.767082	0.895666	0.914388	0.538945	0.456319	0.412842	0.212916	0.839812	0.421848	0.867629	0.291363	0.670448	0.58212	0.778067	0.920546	0.339311	0.554268	1.01993	0.639234	0.268381	0.661705	0.450791	0.737831	0.628971	0.801254	0.895183	0.622312	0.352154	0.578072	0.726486	
0.510235	0.363265	0.11896	0.419314	0.149624	0.714164	0.200135	0.31414	0.419441	0.297492	0.64456	0.706434	0.613592	0.0845167	0.20893	0.709514	0.491323	0.540709	0.454751	0.624016	0.614241	0.64889	0.634176	0.592213	0.535679	0.648892	0.129732	0.822728	0.890296	0.628832	0.670144	0.577235	0.338589	0.861112	0.356589	0.437204	0.383571	0.616022	0.559141	0.291352	
0.341249	0.199009	0.307995	0.472122	0.428123	0.441953	0.382037	0.111262	0.251613	0.0383309	0.332809	0.391831	0.344449	0.347556	0.132348	0.616746	0.47422	0.268755	0.285918	0.321241	0.569281	0.372295	0.400586	0.275807	0.367861	0.58276	0.416859	0.511397	0.729936	0.606824	0.404685	0.410569	0.233609	0.692455	0.365759	0.522096	0.0675529	0.528643	0.30393	0.29235	
