15	40
58.0306	148.23
17.6548	37.7818
31.6942	146.346
6.12688	124.073
64.6924	132.266
42.7298	153.516
13.1026	14.4889
46.5763	124.159
87.2893	19.5486
19.726	43.0141
43.8932	50.8785
31.1689	38.471
59.7212	149.248
73.6524	20.4033
77.6187	154.354
21.7902
32.9795
23.4119
5.82706
13.8836
41.5823
8.95989
31.2823
41.3608
1.49324
19.0038
40.7941
32.8652
1.54513
16.6082
7.63823
20.7245
39.3765
43.5937
4.13868
8.15007
42.6573
12.6033
41.6725
18.8097
19.599
5.27525
16.0263
19.9181
1.92216
39.6727
2.61581
21.1213
41.9464
32.5336
22.8344
43.9996
17.2765
37.5531
9.47296
0.49065	0.119705	0.409037	0.492926	0.561095	0.590063	0.350322	0.319298	0.831186	0.0711934	0.27758	0.378212	0.756196	0.777969	0.202228	0.0917143	0.302396	0.714111	0.642665	0.514426	0.564216	0.331225	0.156713	0.609579	0.246411	0.67293	0.0727202	0.150399	0.16473	0.189534	0.252755	0.646299	0.431095	0.146313	0.628997	0.565962	0.362821	0.365364	0.480438	0.319318	
0.635075	0.0628777	0.397085	0.537583	0.589166	0.712192	0.372011	0.279235	0.966436	0.208734	0.420138	0.334457	0.885196	0.906326	0.31181	0.0765401	0.343974	0.843582	0.785821	0.654061	0.709175	0.258553	0.149163	0.747999	0.269995	0.780456	0.200826	0.0584098	0.0647211	0.322812	0.392503	0.773911	0.572425	0.252332	0.609221	0.602191	0.323966	0.436578	0.561142	0.458235	
0.573171	0.354359	0.69385	0.788516	0.857092	0.818493	0.64451	0.126114	1.00738	0.344517	0.379796	0.644876	0.692166	0.981454	0.201864	0.25729	0.598403	0.916917	0.777955	0.688313	0.669775	0.196037	0.167847	0.612714	0.0500577	0.924287	0.252704	0.260284	0.378989	0.27636	0.463973	0.58392	0.482864	0.433709	0.912543	0.861981	0.632414	0.162035	0.76418	0.378379	
0.274799	0.434524	0.478698	0.394909	0.483046	0.24901	0.380452	0.642052	0.481779	0.280387	0.227519	0.520988	0.63663	0.427448	0.374734	0.442978	0.323835	0.363236	0.324299	0.178201	0.291542	0.67111	0.491482	0.448014	0.531083	0.358657	0.34065	0.501319	0.473672	0.298066	0.106872	0.55189	0.291715	0.241277	0.648371	0.465588	0.503317	0.5386	0.283368	0.271082	
0.496788	0.802896	0.703616	0.513019	0.571643	0.148531	0.621122	1.03709	0.202985	0.667579	0.59497	0.783522	0.810761	0.0885021	0.762663	0.829396	0.591826	0.089955	0.32428	0.298668	0.421689	1.06463	0.884958	0.636536	0.92491	0.139578	0.735112	0.885582	0.835211	0.686408	0.501835	0.771864	0.575126	0.607667	0.773492	0.538267	0.769439	0.910762	0.379448	0.620261	
0.43164	0.233203	0.324619	0.338381	0.417452	0.422883	0.23662	0.499095	0.684686	0.11796	0.267758	0.339132	0.759978	0.618584	0.309407	0.265357	0.175634	0.556697	0.529719	0.386161	0.478692	0.51094	0.336933	0.586194	0.414401	0.49527	0.209309	0.318097	0.268851	0.251194	0.148659	0.658911	0.405488	0.0371737	0.530354	0.414886	0.321095	0.491368	0.303005	0.323052	
0.450135	0.54386	0.437014	0.269432	0.34695	0.147106	0.349872	0.812465	0.437964	0.429922	0.438615	0.512237	0.813957	0.342795	0.573053	0.584466	0.318393	0.29316	0.397978	0.268414	0.426782	0.829051	0.65245	0.623206	0.714635	0.176572	0.51145	0.636731	0.572131	0.497987	0.302688	0.741465	0.490674	0.355711	0.542156	0.319246	0.497597	0.744776	0.126548	0.482559	
0.306713	0.348694	0.435926	0.392813	0.479813	0.332736	0.34016	0.557718	0.569543	0.192004	0.187178	0.464304	0.651522	0.515536	0.30381	0.354579	0.279366	0.45146	0.399449	0.25922	0.347392	0.584389	0.40469	0.469933	0.45086	0.432218	0.25493	0.412939	0.38909	0.228948	0.0376277	0.557006	0.295715	0.16016	0.624842	0.468208	0.446291	0.477214	0.307759	0.240008	
0.834193	0.379544	0.0992962	0.295928	0.279199	0.681693	0.196201	0.699419	0.972773	0.462541	0.67445	0.0889699	1.16903	0.875625	0.664548	0.476804	0.251272	0.828037	0.889102	0.740422	0.866177	0.666384	0.566497	0.994417	0.685158	0.671835	0.535342	0.481063	0.357994	0.63176	0.553472	1.06689	0.814539	0.401477	0.195613	0.310205	0.10257	0.829327	0.419636	0.728822	
0.540854	0.674135	0.52099	0.32123	0.376035	0.152656	0.446898	0.949019	0.393479	0.566227	0.564424	0.606944	0.894222	0.282046	0.70699	0.719223	0.428523	0.25489	0.435148	0.339256	0.495825	0.96472	0.788709	0.706491	0.851056	0.058976	0.648116	0.770361	0.699746	0.631246	0.435506	0.833338	0.596268	0.490145	0.577792	0.342512	0.594397	0.875729	0.198353	0.604308	
0.604208	0.325225	0.668235	0.774301	0.83962	0.829266	0.624584	0.0819515	1.02904	0.337837	0.403024	0.614244	0.738094	0.998147	0.224521	0.23001	0.581637	0.933412	0.804421	0.708049	0.699197	0.148893	0.138015	0.652913	0.0512135	0.930143	0.249737	0.223955	0.345644	0.294518	0.473459	0.629141	0.515954	0.425115	0.885364	0.846352	0.602609	0.21036	0.758745	0.407449	
0.357293	0.493429	0.455447	0.325966	0.411229	0.16233	0.359771	0.736216	0.436028	0.359411	0.340288	0.51639	0.722594	0.360091	0.48231	0.520087	0.314034	0.300155	0.339531	0.195454	0.346003	0.75885	0.579812	0.531778	0.631656	0.251331	0.433062	0.575705	0.527137	0.406178	0.210677	0.64607	0.392213	0.297589	0.594447	0.388318	0.499962	0.650021	0.194286	0.383058	
0.288627	0.557661	0.550442	0.419474	0.503183	0.130752	0.453975	0.768339	0.358317	0.407852	0.328892	0.608224	0.649282	0.299386	0.492557	0.570598	0.405688	0.235255	0.243495	0.102653	0.259845	0.798819	0.619281	0.459061	0.654625	0.258552	0.468129	0.628652	0.594992	0.416137	0.233285	0.581573	0.34179	0.361692	0.689583	0.478527	0.591424	0.64574	0.282793	0.360679	
0.549268	0.926923	0.83892	0.647069	0.702828	0.27259	0.756048	1.14355	0.124458	0.784131	0.684021	0.918493	0.819309	0.0788	0.858617	0.946863	0.725499	0.143557	0.344348	0.374814	0.459624	1.17588	0.996469	0.66237	1.02635	0.268823	0.845098	1.00432	0.96106	0.783975	0.610088	0.798475	0.637121	0.730498	0.904236	0.668995	0.904272	0.993503	0.514683	0.700969	
0.41193	0.460953	0.393382	0.263135	0.349366	0.203901	0.298977	0.725852	0.489257	0.34328	0.366519	0.457899	0.777026	0.405275	0.490799	0.498475	0.256822	0.348873	0.403822	0.259447	0.407566	0.742567	0.56581	0.586719	0.62893	0.261963	0.425165	0.55137	0.491107	0.416789	0.223634	0.696326	0.437936	0.270193	0.530379	0.327887	0.441923	0.665368	0.137888	0.414216	
