10	20
139.602	158.072
152.166	13.8494
156.466	14.8581
87.1762	11.331
30.8393	51.1106
3.67597	127.597
3.2408	74.5262
172.196	93.0397
141.707	56.9513
35.7304	121.301
3.06877
2.02982
8.03285
12.3793
1.87182
7.2526
9.00378
4.85809
6.06164
5.37971
4.49387
8.68158
8.55753
9.02084
8.45213
7.52062
10.0777
13.4505
3.76917
10.5649
0.144814	0.537795	0.641721	0.224567	0.706385	0.227754	0.799374	0.73345	0.293346	0.401036	0.410807	0.993025	0.632358	0.398467	0.452156	0.230553	0.343948	0.702546	0.502826	0.730086	
0.241395	0.324272	0.555317	0.385612	0.39422	0.14292	0.443985	0.367255	0.196433	0.0638919	0.388835	0.629023	0.599498	0.17854	0.49867	0.231585	0.0615592	0.402154	0.156182	0.360126	
0.685734	0.409274	0.865452	0.849048	0.470546	0.60623	0.332007	0.256062	0.562626	0.469979	0.793302	0.170303	0.94086	0.568298	0.909125	0.627704	0.518873	0.229037	0.325117	0.154103	
0.344241	0.717008	0.402643	0.0614397	0.616076	0.338204	0.756376	0.723392	0.482247	0.424354	0.192529	1.04006	0.371828	0.338413	0.18332	0.441333	0.379568	0.835515	0.592722	0.761793	
0.759479	0.783912	0.445425	0.714896	0.154952	0.653967	0.236248	0.321886	0.744262	0.488256	0.536839	0.600241	0.536041	0.447269	0.618876	0.777145	0.533549	0.715355	0.557666	0.43393	
0.361806	0.1047	0.907222	0.637925	0.706554	0.369736	0.687014	0.58612	0.216938	0.416637	0.718546	0.678181	0.943628	0.532145	0.81545	0.263044	0.407024	0.301763	0.302046	0.508958	
0.717109	0.371208	0.986732	0.918245	0.608492	0.65441	0.477987	0.396382	0.576383	0.548789	0.890857	0.238379	1.05732	0.66167	1.00663	0.643112	0.589245	0.171806	0.376732	0.287009	
0.636258	0.817274	0.138943	0.488555	0.294375	0.54726	0.465989	0.501622	0.684345	0.444163	0.283674	0.836633	0.229504	0.335068	0.333314	0.691022	0.459763	0.823773	0.596845	0.598571	
0.960954	1.03881	0.465707	0.84998	0.403801	0.860655	0.493432	0.583778	0.972591	0.713883	0.646926	0.83648	0.543255	0.641681	0.690654	0.995878	0.749945	0.977699	0.810071	0.695568	
0.440182	0.47649	0.451566	0.478522	0.178688	0.333779	0.255804	0.214136	0.411077	0.158288	0.377393	0.544513	0.521455	0.172205	0.49169	0.446355	0.20978	0.466494	0.247969	0.272105	
