25	25
5.05512	48.977
86.9159	55.9745
76.5536	31.2657
87.3033	100.176
37.4588	89.93
55.3661	26.7149
72.311	90.5614
2.38418	73.0997
46.5558	110.981
53.873	26.6621
51.3996	14.5481
3.99948	144.315
61.3135	32.882
45.1037	103.853
8.09138	132.167
70.3539	147.077
23.6151	94.3174
58.8965	130.284
56.7789	26.7074
40.5796	114.466
19.6882	91.2921
22.9959	114.484
51.0424	140.895
28.4615	118.38
69.1226	25.9201
16.3437
24.0049
22.628
27.7062
19.9143
8.8454
6.58666
15.5391
2.57926
4.16335
15.4673
4.65072
11.9307
22.0793
12.2011
16.1357
0.325759
31.8124
31.9045
14.8113
19.2969
20.6737
15.6696
31.2223
20.6941
0.355885	0.765862	0.647653	0.510965	0.383204	0.569816	0.794452	0.530894	0.533946	0.493295	0.352724	0.428489	0.342781	0.935856	0.795835	0.621369	0.611305	0.68782	1.1073	0.808061	0.801734	0.174999	1.07758	0.744789	0.200566	
0.690119	0.141526	0.523189	0.451353	0.483293	0.276888	0.102117	0.362713	0.563755	0.554796	0.501025	0.493759	0.611677	0.236241	0.0385834	0.656029	0.235068	0.308575	0.464897	0.33353	0.313593	0.66824	0.36402	0.489098	0.676415	
0.616106	0.155933	0.437052	0.392039	0.397231	0.169684	0.0841835	0.295785	0.514343	0.453087	0.410648	0.420102	0.5045	0.313224	0.0689499	0.619802	0.127717	0.291024	0.543291	0.354923	0.334727	0.571013	0.453548	0.483463	0.583733	
0.401722	0.487784	0.363264	0.361409	0.220746	0.247132	0.470503	0.316806	0.459602	0.230908	0.191595	0.300119	0.139272	0.670563	0.483872	0.583632	0.289692	0.469403	0.874737	0.593302	0.580462	0.215405	0.818571	0.601485	0.25976	
0.306772	0.570064	0.961152	0.31225	0.424124	0.648231	0.759763	0.405907	0.188009	0.863428	0.451118	0.34618	0.775636	0.622081	0.699407	0.0619376	0.657717	0.401762	0.65785	0.428137	0.440441	0.532044	0.701202	0.254485	0.480017	
0.315886	0.727954	0.637652	0.468679	0.342663	0.53949	0.763442	0.490491	0.491576	0.484581	0.312933	0.386272	0.334975	0.896379	0.762034	0.580392	0.58043	0.646655	1.06578	0.766405	0.760319	0.134677	1.03741	0.702118	0.157901	
0.436511	0.577514	0.370326	0.438113	0.291631	0.329267	0.548488	0.402628	0.525244	0.219591	0.258583	0.369444	0.0797198	0.76058	0.567747	0.645531	0.371609	0.557735	0.964917	0.682073	0.669624	0.215452	0.90866	0.682322	0.270315	
0.576144	0.380942	0.939105	0.39009	0.535863	0.602435	0.595505	0.413978	0.374106	0.896609	0.570978	0.471557	0.867772	0.32391	0.518279	0.353206	0.587165	0.274765	0.291637	0.17952	0.199794	0.727492	0.353504	0.151985	0.6945	
0.147618	0.687917	0.759377	0.375026	0.304206	0.57121	0.778849	0.434382	0.348754	0.616758	0.291618	0.304417	0.479215	0.833087	0.757231	0.409998	0.605774	0.567688	0.968943	0.673352	0.672227	0.18625	0.962088	0.571164	0.137988	
0.291193	0.338304	0.507512	0.152008	0.0624735	0.222373	0.41388	0.110059	0.266279	0.413321	0.0797019	0.113294	0.352116	0.506706	0.391608	0.392757	0.249289	0.27021	0.688494	0.394962	0.384975	0.256214	0.649786	0.388444	0.255406	
0.392928	0.208614	0.668342	0.146999	0.268376	0.330862	0.396865	0.130356	0.225983	0.613183	0.30211	0.224078	0.582296	0.313756	0.334618	0.310051	0.325175	0.0473309	0.45884	0.159579	0.153743	0.474166	0.440328	0.179795	0.453994	
0.755668	0.443666	0.183004	0.59309	0.525829	0.256219	0.255114	0.497879	0.721242	0.283138	0.519287	0.583837	0.408973	0.591119	0.327675	0.842289	0.247911	0.557658	0.821167	0.639426	0.619542	0.617466	0.720127	0.748798	0.654277	
0.36713	0.285758	0.455243	0.19694	0.138203	0.148691	0.339127	0.116331	0.322277	0.379616	0.148726	0.182252	0.346676	0.4635	0.321585	0.446815	0.173321	0.255823	0.660718	0.378761	0.365532	0.31474	0.610124	0.406518	0.322548	
0.780359	0.249359	0.493589	0.548853	0.563617	0.320144	0.0954408	0.455942	0.665558	0.554893	0.576925	0.583782	0.636113	0.318028	0.118916	0.761572	0.278206	0.415657	0.535691	0.439046	0.419378	0.734541	0.423507	0.596937	0.74931	
0.419309	0.182892	0.506178	0.194124	0.213757	0.168882	0.283425	0.0964845	0.319835	0.457054	0.235936	0.222612	0.445056	0.35776	0.245386	0.433228	0.167261	0.165353	0.556191	0.281859	0.266771	0.411559	0.504142	0.34168	0.411301	
0.190107	0.655555	0.935785	0.339552	0.391259	0.65999	0.815773	0.436826	0.223594	0.816408	0.406641	0.329274	0.704486	0.745777	0.767947	0.180125	0.680244	0.494152	0.816155	0.555897	0.563597	0.426118	0.844481	0.399227	0.368889	
0.488742	0.728903	0.465238	0.555762	0.407871	0.483025	0.700556	0.537529	0.621538	0.312034	0.372757	0.478463	0.170682	0.911029	0.721589	0.731754	0.525272	0.696712	1.11037	0.821655	0.810621	0.252364	1.05872	0.802712	0.307949	
0.9205	0.474655	0.379734	0.720658	0.689486	0.408659	0.261349	0.622098	0.846964	0.50035	0.6911	0.73273	0.626572	0.563149	0.334304	0.957186	0.380361	0.628585	0.776483	0.673997	0.653816	0.814039	0.660299	0.819132	0.844299	
0.27382	0.437968	0.836009	0.184676	0.315263	0.515915	0.623768	0.273114	0.0828957	0.747467	0.346569	0.23604	0.673163	0.507962	0.564546	0.0795726	0.523392	0.270095	0.579847	0.316182	0.324991	0.46222	0.603972	0.162327	0.418115	
0.682334	0.30459	0.889672	0.456799	0.585561	0.568672	0.499938	0.442694	0.48482	0.875445	0.618952	0.53811	0.875725	0.178167	0.421916	0.497493	0.542661	0.282183	0.146102	0.158009	0.167565	0.791316	0.182883	0.275908	0.768927	
0.726944	0.160759	0.684176	0.477375	0.552889	0.410899	0.26362	0.410702	0.564831	0.706365	0.578181	0.540134	0.747192	0.0854674	0.194541	0.630791	0.372896	0.293185	0.304876	0.253113	0.23766	0.755003	0.202282	0.428998	0.751828	
0.340346	0.581662	0.469116	0.384027	0.236517	0.365683	0.590538	0.371223	0.452479	0.321572	0.201387	0.306658	0.182738	0.759511	0.596674	0.566631	0.407692	0.531627	0.949386	0.656278	0.646411	0.111935	0.905458	0.630929	0.167919	
0.733348	0.437188	0.172323	0.574548	0.504037	0.237665	0.25667	0.480168	0.702452	0.262394	0.496803	0.563236	0.38563	0.58968	0.326458	0.824239	0.232364	0.545404	0.82016	0.63063	0.610916	0.593254	0.721335	0.735553	0.630352	
0.426833	0.298432	0.802523	0.22404	0.369733	0.464778	0.507594	0.253495	0.227143	0.745675	0.404859	0.305894	0.706667	0.330477	0.437211	0.252293	0.457218	0.14345	0.403437	0.13655	0.148618	0.562432	0.421418	0.0501977	0.531434	
0.344305	0.512035	0.940429	0.2897	0.419491	0.617034	0.709719	0.374938	0.18192	0.852934	0.449983	0.340121	0.776896	0.551536	0.645584	0.0781157	0.622008	0.345018	0.581701	0.358161	0.371703	0.554117	0.626314	0.182266	0.506067	
