10	30
140.358	82.6578
179.022	135.68
143.959	23.3554
48.1454	114.241
10.0112	49.6363
33.2102	104.251
139.007	23.3472
122.151	48.0974
44.6067	87.0864
172.547	80.4456
1.37287
8.61717
3.14152
6.46924
8.53646
9.04838
8.52574
4.65934
6.77513
7.15635
4.81433
7.24024
0.00288524
3.24515
2.97236
3.28715
8.61805
5.40448
2.74711
7.18396
3.8679
5.30853
2.72014
5.73298
2.06849
7.92049
4.8381
0.188099
2.96123
4.33577
0.639221	0.467949	0.573176	0.17729	0.569269	0.692726	0.426618	0.123346	0.530277	0.603876	0.546973	0.493489	0.371015	0.598921	0.323765	0.694656	0.548489	0.505122	0.354534	0.219461	0.46382	0.436854	0.224785	0.364794	0.571988	0.507168	0.52953	0.291933	0.576739	0.398383	
0.975626	0.764569	1.00958	0.743643	0.337662	0.416751	0.487787	0.847117	0.338538	0.396168	0.58784	0.409957	1.07754	0.214687	0.529943	0.241821	0.794641	0.280184	0.567577	0.592952	0.783296	0.452436	0.85939	0.575372	0.173944	0.689963	0.482368	0.902854	1.0152	0.587489	
0.185567	0.221876	0.0830103	0.328063	0.650354	0.677404	0.480095	0.408101	0.905351	1.00461	1.00798	0.564007	0.717127	0.756661	0.447689	1.03053	0.246848	0.68824	0.813999	0.674966	0.199903	0.856176	0.689782	0.827056	0.823196	0.989395	0.516349	0.751198	0.0858775	0.380259	
0.718029	0.499401	0.698241	0.327214	0.35615	0.503131	0.293526	0.392575	0.278191	0.374304	0.406496	0.312318	0.619783	0.342716	0.226132	0.425451	0.567366	0.25327	0.238295	0.160227	0.507963	0.23206	0.41223	0.252995	0.291009	0.432515	0.386371	0.46627	0.703232	0.338468	
0.599806	0.445459	0.52508	0.152907	0.600542	0.715216	0.445713	0.0567266	0.594827	0.670076	0.61241	0.519747	0.355969	0.641369	0.344408	0.757479	0.525528	0.547981	0.420741	0.28617	0.438402	0.503266	0.251811	0.430751	0.625216	0.568735	0.54556	0.316836	0.528265	0.402823	
0.942539	0.72707	0.912746	0.517279	0.537367	0.687943	0.517174	0.525495	0.176126	0.210492	0.176366	0.518378	0.628056	0.476237	0.456299	0.345775	0.796771	0.411121	0.0716551	0.182735	0.734351	0.0522329	0.403541	0.0754804	0.359506	0.218613	0.601431	0.429207	0.917433	0.568567	
1.13479	0.914461	1.11401	0.72545	0.64719	0.789845	0.676126	0.736243	0.185889	0.0932832	0.125587	0.654674	0.803243	0.552133	0.635234	0.260374	0.978768	0.517936	0.263691	0.393695	0.924117	0.187463	0.585652	0.25705	0.410262	0.24428	0.743712	0.595781	1.11889	0.744115	
0.616309	0.480878	0.5311	0.197487	0.663549	0.775454	0.505594	0.0432981	0.650724	0.721626	0.650708	0.581627	0.306521	0.705975	0.405408	0.81576	0.559514	0.612621	0.463398	0.334703	0.471375	0.554054	0.243853	0.472153	0.688935	0.597159	0.603818	0.303309	0.533695	0.456768	
0.585257	0.493787	0.483178	0.255811	0.749117	0.847327	0.580048	0.126163	0.773609	0.84575	0.772033	0.66262	0.313754	0.804776	0.486391	0.937124	0.566123	0.712899	0.586703	0.458911	0.479522	0.678217	0.335307	0.595084	0.800286	0.712974	0.670769	0.383437	0.484586	0.514476	
0.478003	0.258497	0.500942	0.308948	0.19931	0.283245	0.0213586	0.459367	0.516755	0.624697	0.700782	0.108956	0.787042	0.29793	0.0960233	0.603699	0.302852	0.234501	0.538407	0.438063	0.275893	0.517571	0.627887	0.553142	0.377228	0.732811	0.111546	0.692869	0.506555	0.0785436	
