15	40
58.1272	142.722
2.3731	94.6446
27.5758	159.742
29.2342	27.1107
44.1725	30.8859
10.0152	68.2255
67.7858	39.8996
10.4268	107.532
3.30032	155.476
16.1466	57.6539
86.544	75.8957
43.0365	142.825
15.8726	92.0099
50.8927	45.3021
89.0642	112.716
12.2328
9.15478
19.3912
4.18106
4.57127
33.5234
1.43318
22.6648
31.8696
7.45203
14.7523
28.2935
7.00658
24.5731
13.8335
19.2377
1.18577
23.9882
6.42812
14.7474
5.00549
24.8112
15.1419
8.45819
13.206
9.91695
27.9619
20.5639
13.8115
28.6859
9.48421
20.1233
22.5804
14.3314
30.7091
10.6725
30.9782
29.4563
14.9101
24.9919
1.08143	0.491161	0.796651	0.586323	0.977495	1.01189	0.597263	1.25726	0.789474	1.14694	0.814941	0.281559	1.12977	0.598812	1.14309	0.857943	0.74871	0.926036	0.560263	0.769548	0.738356	0.722774	0.427857	0.385413	1.07114	1.03773	1.02858	0.68972	0.601051	0.650559	1.13306	1.03725	0.797631	0.16026	0.99797	0.961249	1.02443	0.42988	0.364431	0.629188	
0.757162	0.284451	0.242604	0.178387	0.463138	0.470673	0.621512	0.897367	0.631782	0.774307	0.768702	0.483056	0.765355	0.589928	0.763735	0.131643	0.0403808	0.226449	0.210929	0.488366	0.211534	0.0417621	0.338056	0.433139	0.539835	0.825559	0.639385	0.345631	0.163332	0.275187	0.625061	0.472363	0.424363	0.60428	0.899883	0.484778	0.903585	0.633203	0.403587	0.239843	
0.373446	0.459476	0.153776	0.440148	0.0842095	0.112	0.459823	0.508187	0.348536	0.385189	0.491135	0.652579	0.376673	0.430598	0.374539	0.290609	0.428025	0.232752	0.425868	0.215355	0.209682	0.393311	0.529877	0.516565	0.177984	0.46382	0.252044	0.212294	0.440689	0.258868	0.255763	0.136389	0.136875	0.756228	0.567575	0.0957349	0.562244	0.574089	0.61897	0.296098	
0.493506	0.300363	0.308837	0.371126	0.402069	0.440726	0.157519	0.669249	0.229295	0.553338	0.331803	0.403578	0.536777	0.125441	0.548535	0.461656	0.484569	0.4745	0.328787	0.17181	0.283713	0.437171	0.342685	0.24725	0.489809	0.482366	0.430976	0.149771	0.384508	0.191496	0.542105	0.471396	0.212537	0.475845	0.498832	0.376715	0.513983	0.23394	0.416066	0.225891	
0.435571	0.633383	0.603385	0.713317	0.571154	0.609353	0.206702	0.584394	0.207799	0.514832	0.08746	0.673965	0.497287	0.229605	0.517821	0.773275	0.823165	0.759582	0.670127	0.345657	0.600401	0.775765	0.661488	0.534226	0.622396	0.326979	0.465283	0.457795	0.727075	0.52511	0.629229	0.643648	0.428289	0.698376	0.24205	0.528809	0.272121	0.339956	0.717715	0.565625	
0.438497	0.577942	0.557503	0.658584	0.54176	0.580881	0.151548	0.596634	0.179341	0.517042	0.101185	0.620834	0.49912	0.174119	0.518745	0.725937	0.770785	0.716289	0.615212	0.305663	0.551427	0.723349	0.606111	0.479562	0.59953	0.344456	0.453141	0.408467	0.672488	0.473218	0.613511	0.615319	0.388206	0.648962	0.279437	0.500714	0.307039	0.292319	0.663009	0.512686	
0.703532	0.0491962	0.278627	0.113366	0.494147	0.521111	0.404982	0.87062	0.485585	0.746424	0.598124	0.254645	0.732611	0.377493	0.738605	0.333349	0.26697	0.397361	0.0678724	0.375854	0.216864	0.225786	0.119639	0.168586	0.588465	0.725817	0.609492	0.231964	0.129705	0.155731	0.664115	0.53976	0.354259	0.371074	0.760797	0.492244	0.77331	0.377636	0.208634	0.114448	
0.543795	0.225188	0.121054	0.226657	0.318296	0.34627	0.368312	0.704788	0.372672	0.579654	0.506961	0.419852	0.566934	0.335932	0.571071	0.251398	0.288399	0.276936	0.201155	0.235775	0.075616	0.241741	0.295067	0.294016	0.412845	0.586226	0.441333	0.0849858	0.232777	0.0290425	0.488098	0.366619	0.190681	0.528031	0.645504	0.316625	0.652165	0.417132	0.384155	0.0627472	
0.585688	0.922209	0.887019	1.0058	0.815666	0.849809	0.492761	0.674276	0.475172	0.6569	0.330468	0.938333	0.643017	0.519241	0.664659	1.05872	1.11608	1.0364	0.962178	0.622864	0.889418	1.06873	0.944776	0.811134	0.845341	0.442474	0.664591	0.747948	1.01983	0.817833	0.828218	0.882474	0.703202	0.940691	0.298456	0.771481	0.325002	0.589598	0.993155	0.858959	
0.0124612	0.755824	0.524035	0.777681	0.331273	0.348702	0.496279	0.17499	0.296411	0.0865007	0.34212	0.89815	0.0700401	0.487376	0.0916933	0.674403	0.803534	0.61039	0.749819	0.337466	0.564887	0.764184	0.815363	0.742224	0.31247	0.132896	0.135507	0.478488	0.783415	0.560801	0.267568	0.372266	0.360351	0.97091	0.276824	0.294786	0.253299	0.665008	0.898522	0.610149	
0.417119	0.792032	0.720661	0.865217	0.638483	0.672377	0.371412	0.526564	0.307163	0.491838	0.16698	0.840847	0.476729	0.391409	0.498496	0.892845	0.962227	0.865245	0.823467	0.455392	0.728362	0.915314	0.824166	0.699727	0.668128	0.277759	0.488626	0.589906	0.877972	0.665078	0.653328	0.704976	0.533445	0.864045	0.140224	0.594272	0.1723	0.50511	0.883082	0.709359	
0.658156	0.494254	0.244428	0.408978	0.338409	0.324552	0.70302	0.762102	0.63818	0.650336	0.782969	0.705874	0.646607	0.670744	0.638403	0.128708	0.284039	0.0792138	0.426933	0.492614	0.276801	0.284285	0.559823	0.620124	0.379816	0.762651	0.534159	0.403837	0.397809	0.379423	0.460113	0.309161	0.410571	0.825998	0.869528	0.376879	0.863982	0.7693	0.636842	0.375946	
0.301113	0.567038	0.260713	0.54883	0.0253768	0.039892	0.51425	0.413915	0.365676	0.295824	0.497048	0.756187	0.290532	0.488408	0.28425	0.377742	0.527786	0.30286	0.534748	0.263758	0.318274	0.496024	0.636952	0.615605	0.0737256	0.415193	0.177595	0.308516	0.549052	0.364461	0.146892	0.0726605	0.205182	0.856513	0.537233	0.0445188	0.525845	0.647296	0.726017	0.4038	
0.565881	0.279941	0.0552965	0.236088	0.290642	0.308278	0.467251	0.713003	0.444709	0.588426	0.585673	0.489652	0.578205	0.434721	0.578429	0.150301	0.229588	0.175142	0.230078	0.298113	0.0284999	0.189379	0.351265	0.381625	0.378663	0.63096	0.451223	0.169405	0.234491	0.130724	0.461095	0.319993	0.230205	0.604667	0.707861	0.303543	0.710426	0.521014	0.43799	0.132726	
0.0989385	0.814731	0.55203	0.823798	0.332126	0.337578	0.591893	0.107112	0.392082	0.0221793	0.446856	0.971389	0.0398737	0.580358	0.0282085	0.685991	0.829275	0.611461	0.800374	0.407936	0.600615	0.793598	0.878108	0.81703	0.283994	0.228994	0.157908	0.535159	0.827555	0.613214	0.21623	0.352813	0.412544	1.05108	0.371695	0.305823	0.344843	0.758686	0.963891	0.660879	
