10	30
34.003	12.8702
105.544	37.6603
152.373	113.044
20.267	77.8709
145.791	64.0175
115.948	157.055
131.917	53.0504
2.92319	145.087
177.527	85.5674
161.268	129.299
17.4789
16.2196
15.6312
0.591241
10.5938
21.001
23.4303
20.8057
21.6468
13.5922
9.13178
9.95016
21.3288
1.55442
24.377
12.3127
24.4515
9.06033
13.7288
20.6068
16.7513
18.2044
7.26194
11.6464
22.977
0.0663595
12.6036
25.8716
10.0729
4.81202
0.500766	0.793166	0.0848111	0.398513	0.38956	0.298941	0.438729	0.436663	0.662254	0.225157	0.723263	0.565444	0.361123	0.516645	0.595847	0.0919539	0.32097	0.480895	0.472309	0.318384	0.525373	0.251935	0.748706	0.457452	0.264978	0.619536	0.165609	0.702289	0.56623	0.31491	
0.847067	0.520435	0.664978	0.407177	0.404364	0.29247	0.604231	0.189873	0.16753	0.450205	0.461275	0.532766	0.88181	0.47905	0.0706903	0.538366	0.274115	0.843824	0.29975	0.351271	0.149246	0.813718	0.246648	0.736757	0.334543	0.0382088	0.46758	0.348946	0.128147	0.519807	
0.57513	0.424783	0.472962	0.451467	0.134703	0.230799	0.334677	0.277332	0.278749	0.205291	0.654948	0.302876	0.752405	0.241655	0.24585	0.328296	0.113949	0.572556	0.409897	0.344173	0.147933	0.591458	0.357355	0.464586	0.262326	0.302059	0.245891	0.305408	0.191491	0.249557	
0.733712	1.1639	0.319691	0.586352	0.759472	0.615748	0.773827	0.731563	1.01486	0.595225	0.889311	0.924832	0.0404788	0.880916	0.936767	0.458298	0.676026	0.70801	0.704383	0.573176	0.880775	0.344037	1.10411	0.742709	0.573104	0.945065	0.536871	1.07211	0.918581	0.66842	
0.90991	1.03817	0.452779	0.211159	0.687008	0.388	0.810543	0.427888	0.767863	0.555644	0.454163	0.885978	0.403194	0.826483	0.67064	0.476522	0.502413	0.890253	0.333799	0.281344	0.660651	0.608599	0.856186	0.858606	0.353981	0.647512	0.502286	0.896283	0.683518	0.675984	
0.377538	0.345336	0.546509	0.716954	0.168433	0.492901	0.123292	0.566622	0.473624	0.297896	0.945373	0.0642335	0.863432	0.0687326	0.493048	0.418993	0.378046	0.387148	0.694961	0.603715	0.393334	0.584725	0.513484	0.260319	0.51047	0.562403	0.357949	0.358208	0.425922	0.197917	
0.713284	0.298044	0.669731	0.571224	0.275487	0.38098	0.451778	0.355573	0.115164	0.398199	0.686404	0.332592	0.943751	0.290241	0.160665	0.524963	0.288002	0.716354	0.490858	0.481811	0.104744	0.784457	0.169432	0.595535	0.421411	0.2331	0.44238	0.13498	0.100925	0.412466	
0.49045	0.943438	0.108463	0.554017	0.541535	0.488854	0.528888	0.624805	0.848581	0.383511	0.881657	0.689285	0.259907	0.650681	0.785766	0.251002	0.509383	0.465441	0.645756	0.493459	0.711456	0.115203	0.933264	0.493107	0.452783	0.810851	0.333734	0.871834	0.753275	0.433782	
0.584701	0.66295	0.282563	0.284266	0.290245	0.106317	0.426778	0.245717	0.474628	0.17082	0.577929	0.488997	0.52076	0.429871	0.401197	0.172477	0.136581	0.571638	0.31283	0.17411	0.340212	0.439906	0.563578	0.504443	0.085874	0.421475	0.135833	0.544355	0.378225	0.293445	
0.0419872	0.751145	0.4856	0.889564	0.488007	0.708336	0.305202	0.832829	0.865558	0.459765	1.1912	0.474543	0.749262	0.483847	0.857175	0.463834	0.636543	0.0427333	0.925313	0.786024	0.755314	0.387915	0.920133	0.160556	0.699278	0.915927	0.478264	0.776417	0.796181	0.366038	
