10	20
135.658	153.761
166.183	149.567
149.583	104.735
113.053	93.9277
170.558	41.1419
179.047	56.8665
74.8574	11.0638
111.92	107.144
38.9691	92.983
86.358	20.7404
8.4133
46.3488
14.3151
23.5352
16.9654
44.5944
15.4129
35.4574
1.13971
18.9393
13.3606
31.3691
2.3334
25.2096
29.1653
13.3339
25.5761
16.0688
28.6593
5.76712
0.629086	0.821495	0.884704	0.560759	0.281862	0.687261	0.173369	0.391097	0.719276	0.524673	0.667311	0.761722	0.368013	0.144583	0.0992311	0.218393	1.08008	0.592154	0.243325	0.395718	
0.678691	0.518409	1.13523	0.306711	0.398637	0.155243	0.561507	0.280662	1.03826	0.729595	0.740369	0.436788	0.429369	0.614874	0.572679	0.886269	0.795035	0.141165	0.800215	0.734962	
0.144947	0.371808	0.568693	0.271717	0.361178	0.467374	0.332609	0.42737	0.470261	0.16307	0.201293	0.345522	0.201671	0.357055	0.447996	0.615863	0.589883	0.604172	0.423222	0.231478	
0.11728	0.323254	0.44866	0.433392	0.610603	0.598403	0.58331	0.659555	0.432956	0.256191	0.0995604	0.357773	0.44871	0.601597	0.700507	0.831165	0.407811	0.803773	0.6233	0.400219	
0.682713	0.887187	0.910393	0.628823	0.348933	0.754607	0.238066	0.454898	0.741244	0.569844	0.717645	0.828572	0.434806	0.202587	0.165073	0.167291	1.14253	0.65024	0.251924	0.433913	
0.598175	0.637067	0.991242	0.339966	0.103085	0.394703	0.256726	0.0768654	0.854953	0.571131	0.655662	0.559523	0.252708	0.303199	0.229957	0.544915	0.925257	0.266746	0.495851	0.510243	
0.611128	0.572307	1.03928	0.283502	0.200436	0.277156	0.368028	0.0749414	0.918227	0.617871	0.672317	0.489795	0.28946	0.419349	0.36271	0.67769	0.863688	0.146868	0.610595	0.586378	
0.27852	0.631291	0.312798	0.586113	0.585957	0.7822	0.467558	0.688606	0.16661	0.152433	0.252979	0.632093	0.463126	0.452607	0.576822	0.573089	0.756193	0.892013	0.367418	0.187054	
0.249608	0.117439	0.654146	0.324388	0.583835	0.441592	0.614341	0.592673	0.633323	0.398618	0.279961	0.167643	0.433145	0.648145	0.71947	0.917903	0.292598	0.686849	0.725072	0.519855	
0.276115	0.523074	0.263158	0.638695	0.774998	0.809839	0.710605	0.842738	0.317625	0.329641	0.21571	0.566933	0.617926	0.714744	0.829241	0.88958	0.51881	1.00425	0.679138	0.464224	
