25	25
71.1576	136.593
33.7436	158.65
37.3609	140.304
71.3495	130.845
67.6022	79.8858
73.9061	146.904
68.5252	58.472
61.4515	97.1814
14.1728	80.7123
30.1999	91.1557
3.53807	75.2661
87.4681	79.9714
70.296	59.8249
39.1398	82.7134
73.7995	126.496
45.8493	101.939
53.5958	48.0335
56.1557	137.804
49.199	157.007
44.5844	96.0733
43.8322	29.671
26.4901	146.66
84.7983	55.8398
2.83815	12.1237
83.129	49.1269
23.8819
68.4568
33.9097
13.1183
86.5362
66.221
7.54306
45.9657
27.5584
20.0528
59.3412
21.7765
24.0804
95.2232
74.29
70.7407
47.3826
19.4725
27.2011
56.7056
90.3985
52.1612
40.9434
44.2835
72.3819
0.676389	0.655991	0.337517	0.526167	0.451082	0.937352	0.574331	0.825876	0.490766	0.871917	0.808578	0.984699	0.472038	0.495753	0.597269	0.830105	0.296322	0.752288	0.293599	0.69769	0.667705	0.295442	0.201745	0.517829	0.44053	
0.707989	0.62158	0.200597	0.681757	0.065943	0.513577	0.779485	0.578707	0.0403142	0.792619	0.776976	0.876494	0.754318	0.101725	0.386697	0.639088	0.644912	0.337024	0.639735	0.470343	0.644813	0.315908	0.268773	0.858072	0.790961	
0.139742	0.234569	0.670631	0.286096	0.78334	0.933187	0.307178	0.522216	0.843624	0.233116	0.14589	0.32232	0.448241	0.948541	0.509159	0.424718	0.58845	0.826969	0.58617	0.496868	0.209736	0.586774	0.728467	0.555171	0.571704	
0.392502	0.45162	0.5404	0.190916	0.695294	1.06387	0.15335	0.764637	0.757382	0.628834	0.537923	0.742261	0.0173949	0.822872	0.601842	0.710495	0.166886	0.899414	0.167667	0.665259	0.445123	0.42451	0.50211	0.142214	0.121681	
0.448949	0.33727	0.356769	0.544383	0.349781	0.383273	0.650733	0.168962	0.385081	0.427683	0.447303	0.487795	0.705034	0.500239	0.0959601	0.235005	0.696735	0.263453	0.691355	0.0733952	0.361172	0.389203	0.493246	0.838128	0.798064	
0.55734	0.500052	0.0874303	0.47715	0.218033	0.689904	0.563736	0.596104	0.27131	0.705539	0.662447	0.809231	0.518923	0.320868	0.366378	0.617471	0.400575	0.505041	0.395418	0.468282	0.518464	0.108176	0.0533813	0.616028	0.547458	
0.517664	0.448047	0.017101	0.467047	0.172301	0.617054	0.562662	0.516684	0.234029	0.645434	0.610164	0.744962	0.538595	0.310344	0.287873	0.542792	0.443883	0.433225	0.438457	0.389488	0.468498	0.0989248	0.134817	0.647382	0.583792	
0.409441	0.320408	0.597156	0.584473	0.61574	0.520321	0.673294	0.108648	0.652932	0.249044	0.319943	0.25393	0.773087	0.768084	0.308143	0.0608719	0.825187	0.482204	0.820488	0.210301	0.33187	0.593763	0.722884	0.906422	0.887705	
0.45651	0.437422	0.248104	0.320939	0.401885	0.833514	0.389789	0.641463	0.46046	0.653387	0.588263	0.767266	0.326668	0.515605	0.423518	0.630122	0.211668	0.653862	0.206244	0.516964	0.448143	0.142866	0.19261	0.421392	0.3541	
0.484947	0.391062	0.149606	0.497619	0.169228	0.480437	0.603344	0.374156	0.224365	0.557607	0.543136	0.643946	0.614628	0.335759	0.15695	0.416427	0.5574	0.303079	0.551848	0.251918	0.415034	0.211559	0.288448	0.737477	0.683049	
0.296715	0.265241	0.684795	0.498771	0.745834	0.733974	0.562566	0.31022	0.794387	0.0617384	0.156812	0.068097	0.687651	0.909549	0.4251	0.20642	0.784695	0.676736	0.780936	0.356542	0.259289	0.644373	0.787994	0.811691	0.810802	
0.312517	0.302417	0.738005	0.51475	0.804528	0.794702	0.568037	0.372267	0.854195	0.0866413	0.165125	0.044906	0.699566	0.969042	0.484789	0.269153	0.808887	0.73981	0.805438	0.418968	0.29205	0.691651	0.8365	0.818763	0.823779	
0.138698	0.0400852	0.419182	0.259381	0.51779	0.695343	0.356687	0.33057	0.576615	0.251345	0.20243	0.36359	0.445133	0.684281	0.244176	0.269181	0.503986	0.569162	0.499642	0.25687	0.0622603	0.357121	0.503003	0.579238	0.55896	
0.394152	0.284015	0.317643	0.4793	0.338621	0.446127	0.586073	0.199928	0.38302	0.40212	0.408725	0.475837	0.638536	0.498694	0.032442	0.23777	0.632196	0.313104	0.626852	0.0731624	0.308584	0.334888	0.44936	0.771601	0.731781	
0.641206	0.530222	0.399044	0.71734	0.310843	0.216013	0.825065	0.306678	0.312475	0.614025	0.640656	0.659877	0.860925	0.410847	0.264094	0.402289	0.820917	0.0700594	0.815371	0.264895	0.554473	0.47742	0.534425	0.989487	0.94034	
0.389547	0.310226	0.150857	0.379892	0.257274	0.587667	0.484758	0.397852	0.319915	0.503677	0.471143	0.603334	0.496124	0.420133	0.170058	0.409659	0.45076	0.416747	0.445239	0.269679	0.331913	0.132892	0.259733	0.620838	0.56913	
0.384591	0.380136	0.81382	0.585258	0.876078	0.836132	0.632091	0.422124	0.924195	0.164502	0.237429	0.0668217	0.767006	1.0395	0.555119	0.32426	0.882304	0.794987	0.878988	0.483269	0.369276	0.769213	0.913881	0.882689	0.891454	
0.308233	0.411103	0.689652	0.208079	0.834753	1.11417	0.113629	0.746029	0.898775	0.514459	0.419906	0.612688	0.225708	0.983315	0.64904	0.665299	0.40622	0.973452	0.406492	0.679337	0.392806	0.578676	0.690453	0.287805	0.328274	
0.270468	0.175115	0.293789	0.326912	0.381569	0.597671	0.434158	0.303963	0.439883	0.36062	0.331694	0.461311	0.486762	0.548354	0.129272	0.28756	0.494991	0.452919	0.489869	0.189468	0.19881	0.255552	0.396046	0.620558	0.583973	
0.60822	0.496384	0.420429	0.698449	0.34971	0.226131	0.805652	0.251994	0.35861	0.565889	0.597638	0.607095	0.850608	0.461476	0.242395	0.350167	0.822794	0.122218	0.817281	0.223887	0.520068	0.48769	0.558579	0.98145	0.935912	
0.335564	0.250998	0.211894	0.349631	0.309175	0.589416	0.456838	0.355043	0.370033	0.442638	0.410984	0.542877	0.48534	0.474565	0.138339	0.356517	0.463154	0.428382	0.457758	0.229406	0.273323	0.180742	0.316645	0.614967	0.569444	
0.819541	0.749078	0.290023	0.749429	0.239573	0.688943	0.833934	0.756853	0.224756	0.939612	0.910463	1.03271	0.776583	0.152962	0.549072	0.808076	0.632126	0.519605	0.627759	0.641395	0.770086	0.377748	0.25863	0.857732	0.783635	
0.586288	0.623192	0.550503	0.38564	0.700523	1.13666	0.367819	0.901794	0.755345	0.82002	0.733806	0.935883	0.225597	0.792492	0.70479	0.866166	0.104073	0.958502	0.109328	0.787003	0.6225	0.447984	0.460884	0.202606	0.129907	
0.247161	0.273664	0.400677	0.0880171	0.547808	0.8759	0.179194	0.572052	0.611751	0.473853	0.392486	0.590353	0.201977	0.694217	0.410187	0.523471	0.254379	0.717395	0.250654	0.471142	0.273053	0.289738	0.408888	0.336208	0.305786	
0.165209	0.194068	0.421182	0.0854784	0.557501	0.839271	0.192567	0.507999	0.621247	0.39032	0.309235	0.506794	0.263565	0.713215	0.370862	0.450888	0.337772	0.691059	0.334121	0.41741	0.191166	0.320619	0.454451	0.398026	0.377878	
