15	30
129.642	63.1848
153.524	125.987
35.4814	24.027
92.5456	41.1082
170.686	54.5097
142.013	124.328
121.655	30.28
171.068	77.5791
75.6072	81.2928
148.088	84.1695
127.236	138.12
166.406	29.9182
33.4039	137.631
170.453	145.712
102.712	32.4888
3.97799
47.4138
47.6548
18.9013
1.81835
8.95563
27.6011
44.0741
45.1032
30.2988
31.0172
23.5629
46.8363
42.5783
44.929
2.22742
21.7067
36.4764
35.7768
3.87681
18.6423
7.29683
45.9548
11.658
28.5332
0.121145
22.1692
45.5713
30.1297
18.6931
0.285736	0.660857	0.286571	0.37796	0.52893	0.52915	0.390938	0.649762	0.488525	0.333841	0.548903	0.461479	0.410299	0.167023	0.88498	0.476958	0.470787	0.320328	0.519901	0.0776352	0.402128	0.518599	0.574357	0.677593	0.161414	0.256921	0.170633	0.542789	0.357159	0.353702	
0.996135	0.353516	0.560681	0.959849	0.723441	0.361851	0.955545	0.172533	0.908616	1.03012	0.342011	0.835073	0.426205	0.827295	0.426075	0.275817	0.933254	0.536504	0.218295	0.726553	0.621258	0.224453	0.407876	0.382765	0.889836	0.900383	0.815264	0.22049	0.751162	1.00584	
0.738091	0.620887	0.551019	0.629589	0.822782	0.538689	0.893573	0.467087	0.534254	0.876546	0.535838	0.862631	0.133861	0.5634	0.345102	0.200747	0.926636	0.233552	0.345939	0.582118	0.253408	0.231939	0.0353226	0.652757	0.674795	0.609581	0.546561	0.397372	0.751962	0.889722	
0.400502	0.995244	0.702633	0.172838	0.978147	0.871458	0.82346	0.905365	0.0303422	0.674516	0.882837	0.920838	0.472499	0.316432	0.821362	0.630709	0.921986	0.371629	0.757186	0.537059	0.279424	0.682505	0.53817	1.02105	0.451597	0.266023	0.303328	0.802625	0.815779	0.741784	
0.446697	0.947	0.677419	0.235336	0.960411	0.82671	0.83648	0.847223	0.0788827	0.705337	0.836437	0.91628	0.407442	0.334619	0.742822	0.567883	0.927057	0.315279	0.699978	0.534003	0.209589	0.619041	0.462237	0.973989	0.476655	0.303792	0.318781	0.747123	0.807644	0.765338	
0.884455	0.740173	0.72056	0.745775	0.985122	0.677761	1.06665	0.567346	0.613565	1.04322	0.670691	1.03304	0.30603	0.713555	0.204666	0.347295	1.09922	0.39295	0.475046	0.753319	0.369772	0.360718	0.138649	0.772512	0.834374	0.747827	0.695827	0.522673	0.923301	1.06021	
0.835467	0.110786	0.284701	0.886854	0.364884	0.0215193	0.646454	0.192311	0.913134	0.774613	0.0196016	0.491633	0.48474	0.698888	0.746801	0.352571	0.598099	0.536988	0.214558	0.510992	0.663692	0.329113	0.58329	0.130714	0.703146	0.787862	0.694162	0.170032	0.426821	0.726026	
0.248548	0.868523	0.538717	0.128676	0.802101	0.739019	0.634523	0.807312	0.219403	0.495354	0.753883	0.735113	0.420933	0.127642	0.851594	0.55858	0.733046	0.303069	0.660487	0.352696	0.281168	0.610149	0.539626	0.891175	0.267135	0.102662	0.114103	0.699318	0.63262	0.556791	
0.497018	0.63903	0.41535	0.415872	0.70631	0.521715	0.690564	0.541098	0.380415	0.643958	0.529926	0.70319	0.127598	0.321695	0.586842	0.271079	0.745892	0.00935152	0.392947	0.366752	0.128359	0.323289	0.269662	0.666633	0.434296	0.374102	0.30521	0.438922	0.589198	0.667226	
0.266094	0.715201	0.368005	0.287835	0.630181	0.583706	0.495769	0.676408	0.379734	0.40639	0.600719	0.570829	0.361696	0.0977569	0.831881	0.462444	0.580343	0.253845	0.535628	0.187223	0.309542	0.510025	0.515135	0.735536	0.188827	0.18306	0.0896698	0.567329	0.464767	0.443789	
0.487239	0.866341	0.519761	0.714507	0.500078	0.762683	0.130631	0.946994	0.889219	0.194476	0.787139	0.332917	0.859465	0.548522	1.32497	0.882012	0.228212	0.782773	0.863585	0.412226	0.866081	0.909784	1.02685	0.865785	0.407709	0.595153	0.564648	0.862027	0.352461	0.1178	
0.637639	0.752423	0.597565	0.490885	0.88592	0.652708	0.884322	0.616401	0.370962	0.824306	0.654952	0.894524	0.185877	0.472354	0.458853	0.332898	0.940164	0.190827	0.480743	0.559688	0.117462	0.376739	0.170736	0.783062	0.603366	0.497223	0.454071	0.532359	0.780609	0.855192	
0.674121	0.282619	0.110825	0.754454	0.263976	0.162205	0.473735	0.345558	0.811912	0.595846	0.186413	0.344269	0.456615	0.553502	0.821909	0.375929	0.4408	0.468571	0.290479	0.343676	0.598826	0.377412	0.594793	0.292912	0.537618	0.644357	0.551897	0.272653	0.260042	0.547648	
0.630863	0.316416	0.113733	0.685534	0.355427	0.184425	0.508876	0.324484	0.728093	0.595783	0.203727	0.413388	0.36064	0.493696	0.742372	0.289862	0.498412	0.374561	0.231558	0.311612	0.50501	0.29908	0.501996	0.335042	0.500672	0.583143	0.489491	0.230046	0.314158	0.561961	
0.492903	0.582701	0.350111	0.443592	0.640936	0.462148	0.639634	0.49662	0.432423	0.610319	0.471706	0.641682	0.134766	0.317911	0.609479	0.24344	0.688557	0.0653448	0.348329	0.319836	0.194036	0.2944	0.297925	0.609368	0.41318	0.383366	0.303535	0.391103	0.52773	0.625667	
