15	40
71.6934	149.216
76.1087	111.974
3.05978	89.9748
8.84306	18.1189
33.7648	70.2808
48.1467	104.457
69.2133	47.1162
8.00458	22.0809
28.0812	112.209
61.2628	28.4104
1.00583	151.8
85.6016	108.165
40.3413	143.713
72.5035	61.3979
63.7312	10.9456
8.77865
7.38687
3.78426
7.17864
7.85749
12.1647
5.16057
11.2543
3.26125
6.19733
4.27913
8.37328
4.40785
0.622322
3.32525
0.863353
1.75011
8.57657
8.05611
7.63835
7.38023
10.9029
10.3986
5.43479
4.74512
7.69785
6.7062
0.363535
2.3433
5.69884
6.86091
11.1207
1.76434
9.17481
10.4536
4.6044
1.71699
2.30937
4.60994
10.7693
0.180207	0.306274	0.736858	0.414982	0.218822	0.711979	0.629286	0.746939	0.841614	0.54497	0.46576	0.856363	0.160728	0.35651	0.192378	0.403321	0.663054	0.217372	0.573441	0.618461	0.234825	0.406822	0.585777	0.0955299	0.568463	0.722055	0.418119	0.677233	0.790659	0.821665	0.276963	0.733188	0.170715	0.577905	0.609798	0.540341	0.120579	0.683237	0.375584	0.0577688	
0.26535	0.245929	0.685823	0.299416	0.282602	0.766855	0.675836	0.72959	0.875574	0.604268	0.564837	0.904455	0.0859083	0.492342	0.247456	0.540281	0.751196	0.08645	0.512396	0.72614	0.169232	0.30595	0.540981	0.0739796	0.703208	0.748854	0.555165	0.600349	0.816442	0.889369	0.412738	0.662612	0.228463	0.525634	0.627762	0.637041	0.238323	0.735161	0.243356	0.192345	
0.587713	0.914864	0.108275	0.874662	0.535935	0.453439	0.384373	0.0847466	0.40144	0.436247	0.619332	0.48924	0.594976	0.933131	0.54166	0.941357	0.626632	0.633608	0.209231	0.732881	0.51073	0.916947	0.147791	0.737398	0.959247	0.304555	0.947825	0.249073	0.328503	0.583821	0.800253	0.216106	0.877904	0.175822	0.247192	0.628576	0.82056	0.426593	0.610009	0.711252	
0.53455	1.01442	0.626181	1.07038	0.502187	0.0696157	0.146101	0.461407	0.231603	0.178013	0.298834	0.178177	0.71007	0.712984	0.535477	0.687342	0.145903	0.793952	0.626508	0.289873	0.667152	1.08582	0.559267	0.794973	0.594536	0.227707	0.684968	0.730467	0.249788	0.108376	0.603907	0.722768	0.867489	0.590037	0.283663	0.243111	0.765638	0.0931051	0.872908	0.675248	
0.522652	0.577054	0.392471	0.473919	0.492938	0.77582	0.679306	0.5288	0.80223	0.663237	0.747699	0.870224	0.361066	0.861392	0.468606	0.89689	0.866072	0.329722	0.240914	0.909647	0.297523	0.528254	0.311851	0.486555	1.00936	0.676812	0.909437	0.246692	0.728128	0.918741	0.74981	0.316139	0.640394	0.278287	0.560397	0.798382	0.640056	0.741402	0.212461	0.558486	
0.381879	0.27547	0.63999	0.22544	0.383597	0.830552	0.734387	0.720171	0.915538	0.677677	0.674822	0.958058	0.16136	0.639195	0.348046	0.686756	0.847006	0.0724112	0.463909	0.840577	0.188788	0.26066	0.510223	0.212195	0.844598	0.785222	0.701533	0.526786	0.84964	0.962796	0.556262	0.594277	0.353178	0.486997	0.660151	0.743148	0.382701	0.796914	0.103996	0.336873	
0.603389	0.162677	0.924205	0.0802273	0.624112	1.10469	1.01143	1.0137	1.20242	0.944272	0.901291	1.23871	0.412922	0.732375	0.589079	0.790332	1.09176	0.336454	0.750228	1.05809	0.471671	0.0358335	0.80138	0.345737	0.985033	1.07299	0.806265	0.79646	1.1387	1.23001	0.698388	0.865837	0.378537	0.776342	0.948683	0.974773	0.472316	1.07222	0.347608	0.496136	
0.338366	0.144648	0.815906	0.274805	0.370567	0.865191	0.778674	0.856555	0.985725	0.699127	0.627382	1.00724	0.213864	0.458669	0.339299	0.514141	0.824458	0.199739	0.642228	0.778633	0.298916	0.254341	0.670906	0.0787762	0.701863	0.861857	0.529949	0.727617	0.930145	0.979477	0.413123	0.79093	0.125799	0.655733	0.743846	0.701995	0.191845	0.835166	0.335237	0.21356	
0.511907	0.153862	0.819711	0.0536556	0.528027	1.0017	0.90752	0.906003	1.09601	0.843091	0.811346	1.13402	0.31085	0.682402	0.49244	0.737854	0.997242	0.230462	0.644868	0.971665	0.365116	0.0749919	0.694535	0.266212	0.922626	0.966303	0.753644	0.696199	1.03171	1.12916	0.631727	0.765211	0.338328	0.670072	0.841751	0.883702	0.415509	0.968863	0.24679	0.418866	
0.365268	0.42934	0.482671	0.372337	0.34547	0.72243	0.624258	0.569038	0.787242	0.583443	0.624694	0.839109	0.183295	0.688354	0.315537	0.726738	0.772017	0.158351	0.306645	0.791328	0.130591	0.414531	0.355121	0.310343	0.853325	0.656659	0.739911	0.373731	0.717851	0.86098	0.58235	0.439873	0.465176	0.330592	0.531842	0.684786	0.461797	0.687881	0.119354	0.382667	
0.491855	0.819499	0.156674	0.787236	0.440405	0.43509	0.351519	0.153996	0.422986	0.382619	0.549511	0.500196	0.497199	0.841629	0.44449	0.85257	0.584408	0.539046	0.148821	0.676812	0.413635	0.827124	0.0750273	0.638958	0.882902	0.305732	0.859752	0.235412	0.348029	0.574363	0.709113	0.230909	0.778913	0.1095	0.211922	0.568033	0.722037	0.403991	0.526931	0.612918	
0.559198	1.03596	0.601841	1.08491	0.52396	0.0430534	0.139288	0.431585	0.186961	0.195576	0.337788	0.135766	0.725806	0.752493	0.556151	0.728362	0.190694	0.807728	0.613846	0.334814	0.678363	1.10266	0.544548	0.816916	0.639096	0.194862	0.726388	0.713278	0.209295	0.100661	0.640829	0.701671	0.895437	0.576402	0.267415	0.285442	0.795405	0.076771	0.879401	0.70214	
0.57666	1.05523	0.792963	1.13804	0.558265	0.243985	0.304807	0.633852	0.392131	0.288349	0.284962	0.315391	0.780438	0.660428	0.594049	0.622356	0.0895165	0.869164	0.775325	0.178903	0.754392	1.14456	0.712663	0.838638	0.484754	0.401965	0.616191	0.886315	0.421549	0.180948	0.575318	0.884796	0.881892	0.741122	0.445029	0.210125	0.773538	0.264239	0.970612	0.700548	
0.468195	0.567326	0.366147	0.483166	0.436185	0.717204	0.620239	0.486918	0.749364	0.602226	0.686807	0.814847	0.321432	0.812905	0.413379	0.846302	0.804686	0.303772	0.200934	0.848371	0.250271	0.533523	0.267123	0.455128	0.952924	0.622494	0.858451	0.236333	0.675828	0.859946	0.698125	0.305044	0.610215	0.235237	0.504085	0.736997	0.600915	0.68268	0.214209	0.513842	
0.483193	0.467263	0.493594	0.361757	0.463499	0.815521	0.717331	0.612976	0.863175	0.685942	0.740064	0.923052	0.290164	0.798644	0.433721	0.839352	0.880358	0.238318	0.328776	0.906138	0.248334	0.41555	0.392831	0.397581	0.970804	0.734144	0.852913	0.356038	0.790952	0.956602	0.696954	0.42561	0.547463	0.361987	0.612019	0.798252	0.560446	0.780797	0.101179	0.491027	
