10	20
8.40484	121.694
52.5323	120.722
123.27	76.6302
3.50861	30.2142
65.1649	56.8003
98.571	38.8927
14.016	32.3864
93.9082	15.2642
35.2576	147.114
141.044	141.095
29.1293
13.531
13.7312
22.0452
7.99672
18.4876
23.353
5.83786
27.6463
39.5427
24.0958
17.6296
26.729
26.1506
22.6145
10.6178
16.9916
7.38888
22.7985
14.0893
0.162993	0.321638	0.154913	0.4108	0.560525	0.416695	0.579761	0.522316	0.0236511	0.490435	0.356138	0.59707	0.302578	0.728517	0.723136	0.634402	0.544898	0.330119	0.541271	0.489737	
0.468989	0.375144	0.455477	0.883744	0.0482271	0.472342	0.286975	0.735262	0.596379	0.419817	0.545016	0.108022	0.584573	0.73877	0.114435	0.0333219	0.306047	0.670932	0.657661	0.153645	
0.593275	0.739143	0.5157	0.128718	0.816989	0.869065	0.65691	0.9948	0.457503	0.92537	0.824102	0.902638	0.775333	1.19808	0.958031	0.891193	0.616365	0.800535	1.01317	0.704684	
0.323835	0.20331	0.338634	0.813558	0.143309	0.296365	0.380648	0.559691	0.472395	0.253879	0.36773	0.120049	0.409617	0.58683	0.276306	0.187285	0.38096	0.495789	0.486557	0.194856	
0.444474	0.54632	0.493022	0.598689	0.862172	0.539472	0.930583	0.450863	0.379574	0.633858	0.440619	0.865833	0.370972	0.708027	1.01859	0.927455	0.897715	0.307515	0.532944	0.816617	
0.412323	0.361118	0.505645	0.891949	0.671723	0.232561	0.861253	0.0344772	0.509293	0.300364	0.180728	0.62015	0.196707	0.270138	0.790664	0.709277	0.844581	0.168967	0.0978369	0.688536	
0.437334	0.591262	0.425498	0.303343	0.832351	0.658994	0.808848	0.679538	0.285635	0.743813	0.577197	0.87385	0.508543	0.922623	0.994834	0.907583	0.769596	0.491287	0.733208	0.751733	
0.568946	0.459794	0.561843	0.992577	0.156408	0.5345	0.363669	0.79236	0.702363	0.467381	0.617061	0.145043	0.664175	0.761334	0.0322641	0.0798257	0.39041	0.749854	0.705925	0.260341	
0.370455	0.346035	0.462612	0.827701	0.670881	0.241761	0.841512	0.0924898	0.451968	0.323825	0.164004	0.630243	0.153562	0.340394	0.799934	0.715086	0.821857	0.104074	0.161439	0.67574	
0.244237	0.389973	0.260589	0.421548	0.660071	0.452821	0.689209	0.500095	0.130369	0.53743	0.37359	0.687464	0.307309	0.730368	0.822044	0.732123	0.654217	0.304934	0.540051	0.595386	
