10	30
130.9	28.88
18.588	117.073
68.444	31.5967
3.50487	120.998
34.5015	45.6001
27.3232	74.5616
145.675	66.2229
87.8248	52.7905
72.0349	70.9735
95.848	10.6493
22.4367
6.58739
23.9896
13.4882
1.00967
20.8567
0.150636
8.84211
19.1743
15.0925
22.8682
1.91415
9.65356
17.8404
20.5428
3.31987
7.31105
14.9397
1.64395
3.63303
11.6678
23.3542
8.46238
19.4401
23.8518
12.5553
18.5385
24.5923
18.6141
16.5261
0.064541	0.534937	0.131296	0.814574	0.510923	0.627508	0.450115	0.67008	0.404795	0.226803	0.410191	0.509049	0.398645	0.256281	0.53076	0.676913	0.52756	0.545295	0.329297	0.429585	0.67722	0.687874	0.519471	0.268338	0.616605	0.504345	0.427552	0.309165	0.378547	0.535798	
0.403281	0.839136	0.278964	0.691093	0.842421	0.899758	0.499235	0.680267	0.159822	0.533447	0.726535	0.765094	0.412515	0.609265	0.877312	0.830525	0.168232	0.642819	0.707839	0.744305	0.530407	0.504852	0.725818	0.346674	0.400984	0.762924	0.754254	0.336856	0.750523	0.59237	
0.370296	0.109493	0.555768	0.828781	0.103579	0.218865	0.445889	0.58279	0.8159	0.529768	0.0169944	0.155742	0.47706	0.454017	0.157689	0.406493	0.845449	0.41285	0.329812	0.00564362	0.75674	0.799927	0.244647	0.688167	0.782798	0.149099	0.588225	0.467216	0.411409	0.46115	
0.475231	0.593407	0.552748	0.303391	0.647519	0.58776	0.105361	0.188315	0.644074	0.746054	0.54011	0.468149	0.121333	0.752044	0.707986	0.396447	0.475561	0.204932	0.742078	0.548103	0.205655	0.252065	0.377528	0.711986	0.264305	0.470369	0.92942	0.21578	0.821354	0.134487	
0.617366	0.480977	0.753983	0.408053	0.561593	0.418684	0.265597	0.147426	0.90516	0.882784	0.493043	0.352094	0.35138	0.853425	0.627275	0.143209	0.764136	0.133429	0.78638	0.490469	0.423431	0.48595	0.251725	0.919423	0.536443	0.35772	1.02152	0.43886	0.872007	0.170852	
0.155643	0.624956	0.0740877	0.755448	0.612795	0.705234	0.431109	0.649109	0.295486	0.309962	0.503696	0.577552	0.361516	0.365903	0.63957	0.708217	0.406342	0.550528	0.452702	0.522682	0.607251	0.608238	0.567139	0.237395	0.526038	0.573828	0.5267	0.26384	0.498801	0.525219	
0.407046	0.180926	0.585296	0.670662	0.247185	0.191828	0.313291	0.416196	0.813714	0.630559	0.170274	0.0575976	0.367678	0.575707	0.312238	0.243696	0.782554	0.24806	0.479549	0.16726	0.616093	0.665652	0.073539	0.738966	0.665765	0.0581431	0.729551	0.391239	0.564584	0.304841	
0.597258	0.785512	0.621137	0.223799	0.83633	0.780901	0.294329	0.308589	0.627042	0.851102	0.725497	0.661427	0.268043	0.877807	0.895153	0.572883	0.385593	0.391656	0.894791	0.734942	0.0631151	0.0643599	0.570719	0.761643	0.0969003	0.663536	1.05321	0.326522	0.968611	0.320672	
0.0915331	0.469812	0.218765	0.861902	0.435084	0.57177	0.478041	0.692508	0.495123	0.203212	0.344792	0.464258	0.441343	0.191745	0.44819	0.659185	0.619017	0.551633	0.236772	0.363999	0.733777	0.750777	0.492561	0.329182	0.687535	0.458816	0.369096	0.362467	0.292228	0.554277	
0.226824	0.417031	0.359751	0.568339	0.443071	0.462123	0.175053	0.390238	0.551697	0.499672	0.32461	0.326732	0.156025	0.492237	0.493664	0.416441	0.515305	0.263535	0.477796	0.338522	0.457099	0.487804	0.287668	0.524663	0.452555	0.325153	0.668945	0.128007	0.556402	0.253517	
