10	20
124.08	101.485
90.132	113.34
117.459	22.183
126.612	85.568
111.797	27.341
75.9897	74.0911
39.0484	35.7246
39.0296	37.2252
41.723	92.1367
18.2853	131.565
7.2074
22.4392
34.0527
19.5454
12.8882
47.5896
19.1275
29.1844
34.2795
35.241
41.0128
10.7915
15.4583
18.609
12.4533
0.837541
32.3197
44.3103
19.2228
23.8698
0.362148	0.26333	0.810462	0.349237	0.726803	0.196401	0.568507	0.217722	0.703816	0.537067	0.471681	0.467465	0.396009	0.389504	0.323914	0.743852	0.319245	0.298963	0.350472	0.817066	
0.518837	0.469839	0.832036	0.261137	0.707047	0.0536501	0.615495	0.40499	0.882312	0.675681	0.675911	0.674633	0.602547	0.430184	0.170187	0.771923	0.503956	0.436862	0.395845	0.933577	
0.345028	0.581199	0.245712	0.50279	0.312575	0.644163	0.106103	0.485905	0.494691	0.240047	0.795835	0.750977	0.608914	0.268838	0.618267	0.183797	0.807327	0.347644	0.301401	0.281343	
0.518945	0.285903	1.09867	0.771297	1.07145	0.623402	0.855889	0.397218	0.652907	0.665837	0.134403	0.180801	0.279868	0.72377	0.755475	1.0306	0.117454	0.534417	0.690789	0.936249	
0.30007	0.418233	0.682209	0.753576	0.756516	0.774348	0.516459	0.419064	0.0693588	0.221252	0.494357	0.44172	0.338671	0.534847	0.829433	0.628445	0.617338	0.388945	0.53442	0.362378	
0.336379	0.549452	0.457943	0.691366	0.564082	0.778436	0.349179	0.497171	0.265121	0.157811	0.698379	0.647076	0.519109	0.446614	0.792433	0.413053	0.775638	0.397793	0.463811	0.138055	
0.458438	0.506156	0.64528	0.0625064	0.510519	0.151622	0.447809	0.405311	0.825335	0.578579	0.748823	0.733768	0.628963	0.275824	0.0785582	0.588899	0.617046	0.36893	0.251443	0.80223	
0.217243	0.283263	0.717764	0.676659	0.759428	0.667495	0.515074	0.298846	0.195273	0.234135	0.372862	0.320843	0.20462	0.484593	0.738173	0.656667	0.481473	0.304054	0.474605	0.462722	
0.347335	0.175131	0.926632	0.710826	0.927714	0.619772	0.694823	0.283593	0.432799	0.465508	0.113856	0.0676597	0.0748736	0.597091	0.730374	0.860407	0.247414	0.392318	0.571361	0.723215	
0.342007	0.419669	0.576695	0.122301	0.468811	0.205892	0.356049	0.30935	0.707095	0.459828	0.670751	0.649538	0.533634	0.171994	0.195957	0.514683	0.565778	0.252854	0.14072	0.691048	
