25	25
57.1576	149.633
21.1404	84.2879
4.74667	33.8531
74.1529	150.307
48.8587	76.6202
3.22019	95.8747
83.7529	143.078
66.3583	159.919
45.578	141.271
45.1641	64.6101
84.3382	88.9656
39.9979	19.0567
5.65597	110.531
53.8382	47.8056
51.5812	34.2671
25.9196	93.0603
23.9232	98.8593
15.2063	11.4248
17.5221	40.2555
73.5761	29.0781
65.2761	140.353
88.9906	153.701
88.216	17.6714
47.2308	32.857
52.9838	154.109
111.329
49.2387
9.37448
66.0732
7.41272
72.6062
6.30362
22.2869
131.187
108.326
115.841
17.8364
60.9957
34.2354
85.0982
74.8694
16.4622
61.501
52.6374
40.7063
97.9912
17.2028
55.981
80.3559
51.7812
0.778608	0.799619	0.516335	0.4822	0.510924	0.557631	0.866237	0.372134	0.22215	0.650728	0.1405	0.65612	0.456065	0.729842	0.790198	0.727202	0.525479	0.413077	0.479296	0.751549	0.442426	1.10525	0.600431	0.849042	0.753193	
0.240993	0.391179	0.148661	0.203182	0.670599	0.630484	0.564166	0.504361	0.713572	0.281583	0.444456	0.234579	0.373622	0.680901	0.602543	0.212179	0.296289	0.354424	0.522302	0.244481	0.220099	0.607146	0.282835	0.608028	0.25503	
0.124647	0.507157	0.338163	0.395677	0.863999	0.823751	0.703362	0.695644	0.874253	0.150241	0.560418	0.089256	0.56702	0.86524	0.769465	0.0511003	0.255767	0.371448	0.715928	0.317541	0.260629	0.62343	0.455814	0.76193	0.335171	
0.740791	0.426619	0.400731	0.346439	0.213805	0.123332	0.356197	0.221478	0.56606	0.82206	0.616237	0.781553	0.190399	0.151759	0.222465	0.744335	0.785747	0.763845	0.113385	0.538231	0.673185	0.752255	0.303096	0.298976	0.52477	
0.635429	0.232072	0.535789	0.542521	0.74534	0.651324	0.178245	0.710676	1.06058	0.864214	0.96763	0.803951	0.562569	0.519062	0.338371	0.689722	0.915967	0.970823	0.624554	0.403088	0.838968	0.291039	0.411794	0.259049	0.386087	
0.564075	0.198838	0.504301	0.520127	0.777412	0.685787	0.226544	0.723538	1.06708	0.802276	0.945652	0.741363	0.565866	0.570506	0.38985	0.622014	0.863265	0.926827	0.646083	0.34219	0.793239	0.215539	0.395832	0.316179	0.326648	
0.432926	0.0331128	0.327173	0.346204	0.665845	0.581866	0.220327	0.581737	0.912651	0.646373	0.770147	0.586825	0.415406	0.510666	0.34829	0.479417	0.694962	0.752185	0.520012	0.188939	0.619432	0.301637	0.229506	0.302617	0.170754	
0.289151	0.238178	0.388924	0.435167	0.843815	0.767816	0.427596	0.73057	1.02867	0.547629	0.816282	0.486554	0.561329	0.717681	0.56007	0.35577	0.635049	0.724325	0.690173	0.150935	0.591304	0.230409	0.36765	0.513495	0.151723	
0.741423	0.445222	0.395399	0.338792	0.189081	0.105091	0.385696	0.188541	0.532585	0.811725	0.588174	0.77311	0.174856	0.17754	0.255509	0.741607	0.77012	0.743467	0.0801216	0.546555	0.656811	0.774031	0.30869	0.331186	0.533901	
0.934373	0.860482	0.622005	0.572547	0.397921	0.473074	0.877686	0.332756	0.0214518	0.843321	0.349616	0.840535	0.4798	0.661339	0.767098	0.892747	0.726888	0.621803	0.434312	0.858705	0.633433	1.18742	0.662939	0.83876	0.85604	
0.74013	0.674482	0.424056	0.376025	0.348551	0.388716	0.715751	0.202361	0.218688	0.67197	0.240941	0.661641	0.305283	0.560107	0.627537	0.702169	0.569899	0.48481	0.31001	0.661346	0.465557	0.99605	0.474533	0.69049	0.659207	
0.853469	0.557458	0.502689	0.443789	0.0978126	0.0171434	0.476063	0.208735	0.501032	0.908655	0.628785	0.873608	0.272792	0.180885	0.326298	0.850298	0.855575	0.815332	0.128732	0.662597	0.741219	0.882341	0.42436	0.407729	0.650027	
0.604712	0.523546	0.272564	0.222198	0.351763	0.352212	0.582577	0.170394	0.37132	0.577429	0.280323	0.555815	0.175225	0.488548	0.516468	0.574945	0.500136	0.447216	0.246429	0.508338	0.3868	0.842269	0.323101	0.569615	0.505658	
0.778264	0.377061	0.487686	0.448737	0.376302	0.281504	0.223522	0.411858	0.755974	0.913746	0.78948	0.864846	0.339963	0.122005	0.0602546	0.79957	0.903564	0.903615	0.304271	0.543122	0.796849	0.659592	0.350928	0.138448	0.52596	
0.227861	0.331222	0.425051	0.478662	0.914329	0.843142	0.525257	0.788609	1.06704	0.495821	0.825758	0.436622	0.622001	0.805809	0.653478	0.301024	0.599577	0.701564	0.758695	0.196981	0.573074	0.282655	0.43418	0.609997	0.206466	
0.777284	0.705892	0.460211	0.41125	0.343245	0.391967	0.740299	0.213276	0.182474	0.706113	0.259034	0.696955	0.332023	0.569064	0.646058	0.73903	0.601385	0.512202	0.321907	0.697093	0.498726	1.02938	0.506528	0.71142	0.69466	
0.486187	0.391197	0.618629	0.659538	1.02384	0.938795	0.51377	0.933988	1.25023	0.754414	1.05181	0.695383	0.764967	0.849813	0.673147	0.55972	0.856768	0.95399	0.877628	0.384127	0.822607	0.0817462	0.570953	0.60554	0.38142	
0.620079	0.219374	0.356323	0.330605	0.44594	0.354082	0.133761	0.412041	0.764904	0.771971	0.722926	0.719904	0.28066	0.261867	0.115004	0.6454	0.776844	0.79391	0.321879	0.382128	0.676521	0.526104	0.210698	0.123156	0.364795	
0.938579	0.525701	0.646816	0.604914	0.417778	0.337372	0.343609	0.510814	0.827806	1.07399	0.915801	1.02577	0.479017	0.153094	0.20537	0.960991	1.0592	1.05204	0.403946	0.700689	0.950534	0.776762	0.512193	0.252155	0.683114	
0.402055	0.135446	0.38849	0.419295	0.767829	0.684481	0.299818	0.677854	1.00108	0.643032	0.833318	0.581868	0.50953	0.610486	0.442951	0.46038	0.711328	0.784021	0.620534	0.188148	0.649494	0.20771	0.317408	0.38874	0.175239	
0.278902	0.54376	0.285834	0.32754	0.760264	0.735442	0.717226	0.582649	0.71913	0.158088	0.394394	0.138882	0.483104	0.810459	0.747852	0.214044	0.142978	0.22201	0.623921	0.38366	0.0961235	0.734001	0.429464	0.758289	0.397041	
0.0143481	0.447993	0.369999	0.431283	0.904461	0.851623	0.65211	0.748814	0.967521	0.27496	0.675397	0.217808	0.601094	0.863713	0.743916	0.0834167	0.390068	0.504409	0.750226	0.253887	0.387425	0.504208	0.452452	0.722343	0.27252	
0.29087	0.197394	0.144931	0.189861	0.628766	0.564773	0.380546	0.496166	0.783244	0.453589	0.585364	0.397091	0.330877	0.562686	0.447562	0.312827	0.489348	0.544925	0.472333	0.0971738	0.411882	0.44611	0.154627	0.436555	0.0938382	
0.834558	0.628657	0.479531	0.418586	0.108021	0.166459	0.599116	0.0996423	0.32528	0.836286	0.478281	0.811525	0.260807	0.354302	0.47081	0.815928	0.759615	0.697402	0.146832	0.68578	0.646789	0.962976	0.453522	0.547304	0.677255	
0.223587	0.265581	0.355618	0.407286	0.83934	0.768349	0.46544	0.714647	0.998262	0.48182	0.769006	0.420816	0.547542	0.734368	0.586138	0.289741	0.571618	0.664242	0.683726	0.122771	0.532289	0.293769	0.359195	0.547033	0.131543	
