15	30
12.388	21.6879
82.2809	49.5661
178.866	121.819
56.6069	90.8823
144.501	75.8355
92.6655	126.149
15.672	57.4302
112.527	36.4812
61.8065	159.618
68.4813	139.244
106.468	153.554
136.887	22.118
158.306	112.442
45.1604	71.4366
144.976	80.266
12.5448
2.61668
4.25109
15.7039
0.893463
5.02538
7.20705
2.60602
5.6427
8.77243
2.12104
9.20317
0.0157193
13.9202
6.14172
14.1693
12.6951
10.2923
16.6128
2.02014
18.3885
8.0429
17.2731
10.3879
17.7512
10.4711
7.09682
5.0188
11.4019
5.41882
0.612627	0.48944	0.538693	0.166092	0.914712	0.26402	0.312954	0.607356	0.845635	0.876212	0.0340174	0.611625	0.574434	0.190519	0.655992	0.68955	0.354809	0.238971	0.379819	0.65222	0.684617	0.378251	0.786677	0.165297	0.126819	0.631785	0.117081	0.866096	0.573037	0.32997	
0.589077	0.642107	0.44981	0.824196	0.0456513	0.704888	0.64589	0.754888	0.114468	0.878392	0.960766	0.347715	0.417427	1.03474	0.381323	0.676	0.589452	0.688336	1.20655	0.27681	0.24584	0.819234	0.141936	1.05655	0.808635	0.299205	0.83419	0.172493	0.472496	0.770214	
0.540524	0.502526	0.326931	0.504242	0.429894	0.409526	0.361805	0.380721	0.319363	0.593267	0.585657	0.0773224	0.0230539	0.704503	0.107343	0.350394	0.201054	0.332247	0.788076	0.217108	0.194174	0.603658	0.307332	0.708039	0.428505	0.217624	0.490606	0.445717	0.0851784	0.531438	
0.464173	0.351391	0.353852	0.132224	0.722025	0.114183	0.138713	0.535127	0.65673	0.80807	0.226776	0.429748	0.403312	0.322506	0.487751	0.589725	0.183777	0.0500869	0.533838	0.459655	0.494263	0.316483	0.594343	0.329013	0.0932592	0.438997	0.108607	0.674246	0.416912	0.243699	
0.926643	0.823644	0.765274	0.563407	0.992266	0.591186	0.603265	0.314671	0.874385	0.517477	0.437973	0.639898	0.567043	0.618662	0.610813	0.432843	0.460738	0.47727	0.323637	0.762677	0.754987	0.781748	0.869332	0.572417	0.402182	0.753998	0.50679	1.00061	0.51401	0.714995	
0.9429	0.872337	0.739945	0.716247	0.81857	0.686311	0.668944	0.0598138	0.682798	0.221209	0.6687	0.500148	0.426196	0.845551	0.423366	0.131525	0.466249	0.563197	0.650565	0.651045	0.615436	0.90245	0.716458	0.815516	0.561132	0.653139	0.670654	0.866168	0.354545	0.826595	
0.510876	0.458359	0.30255	0.433181	0.480356	0.342626	0.298284	0.380193	0.380503	0.616127	0.513497	0.135346	0.0937619	0.632049	0.178406	0.372594	0.128305	0.259952	0.727223	0.242156	0.238272	0.543462	0.352996	0.635244	0.356265	0.235203	0.418156	0.479807	0.124272	0.469581	
0.857867	0.808152	0.645429	0.721511	0.652982	0.662282	0.630441	0.1625	0.514418	0.275378	0.722858	0.366746	0.303107	0.885246	0.272186	0.0505075	0.425426	0.549685	0.782165	0.518691	0.471817	0.876042	0.561653	0.867226	0.587683	0.526056	0.686496	0.713829	0.234962	0.799873	
0.557007	0.622134	0.440825	0.829651	0.0374008	0.708943	0.650201	0.81152	0.17622	0.944873	0.976652	0.388449	0.461915	1.03875	0.435333	0.737442	0.616145	0.704814	1.23768	0.291874	0.276586	0.805586	0.162378	1.06451	0.82805	0.311212	0.844412	0.122694	0.521909	0.761978	
0.878222	0.794857	0.687658	0.604319	0.836414	0.589706	0.581192	0.108289	0.708446	0.349839	0.540213	0.493496	0.417029	0.71939	0.440606	0.226055	0.391171	0.46535	0.523739	0.634775	0.612119	0.802359	0.722034	0.68649	0.443813	0.631787	0.555112	0.864809	0.35201	0.728019	
0.924713	0.817098	0.773723	0.541015	1.02309	0.580579	0.598378	0.371152	0.909341	0.577253	0.400355	0.670587	0.5999	0.57811	0.649309	0.488589	0.473657	0.47301	0.263928	0.786216	0.783252	0.761556	0.898042	0.528799	0.384836	0.775895	0.483625	1.02471	0.551311	0.697877	
0.770692	0.646499	0.6993	0.321466	1.06565	0.425411	0.474194	0.656309	0.988209	0.908765	0.128884	0.747777	0.701457	0.240337	0.778482	0.755459	0.490501	0.390995	0.242918	0.803341	0.830551	0.517099	0.936514	0.18025	0.267157	0.784038	0.277589	1.02296	0.687952	0.479631	
0.83212	0.800627	0.61833	0.766326	0.551711	0.689737	0.648998	0.2891	0.411972	0.357058	0.796897	0.319106	0.276545	0.947136	0.213672	0.177802	0.456132	0.589856	0.893561	0.460678	0.403479	0.894922	0.475917	0.936565	0.65075	0.473313	0.739191	0.62732	0.227658	0.820588	
0.302946	0.197315	0.208474	0.193927	0.614404	0.0732033	0.0242587	0.627923	0.575907	0.891848	0.366912	0.386936	0.390625	0.401259	0.472527	0.656334	0.222866	0.149846	0.694498	0.362166	0.413202	0.236788	0.494333	0.430034	0.255558	0.338278	0.220198	0.54664	0.430634	0.163872	
0.45379	0.386821	0.25904	0.34718	0.52108	0.254825	0.211793	0.429834	0.438156	0.681645	0.441588	0.202873	0.17952	0.549272	0.2644	0.44111	0.0634074	0.17745	0.685933	0.263896	0.281447	0.458013	0.39129	0.556054	0.285392	0.249265	0.335704	0.499376	0.209644	0.383395	
