25	25
87.399	24.5193
26.4644	45.9113
63.9738	43.5329
2.34763	14.0424
74.3792	67.9476
16.7307	121.05
80.411	105.388
89.3213	54.5181
70.1918	108.082
56.3566	148.533
50.2025	51.0365
76.4022	155.805
64.3517	71.7349
86.1471	127.065
85.7631	118.318
83.3019	147.587
60.6134	50.0621
75.0396	100.495
0.358747	117.481
69.5223	148.687
6.65249	58.6164
89.1561	109.331
62.8161	123.244
12.8371	89.7678
39.1963	117.575
41.7373
14.7568
55.1324
58.765
67.6692
121.412
28.7775
33.1702
93.4568
93.6281
46.0134
42.7965
83.7407
28.652
41.639
83.3381
18.5616
65.485
117.252
82.6617
45.7019
49.9494
106.637
32.6564
93.2971
0.894775	0.228848	0.811411	0.112209	0.893493	1.16785	1.26418	0.481153	0.865287	0.297884	0.11295	0.299157	0.772115	0.744606	1.05257	0.314743	0.808955	0.386364	0.659035	0.367199	0.558094	0.564975	0.911212	1.04529	0.626724	
0.377845	0.331552	0.52965	0.581347	0.445458	0.642162	0.738444	0.14263	0.340927	0.298047	0.498521	0.232283	0.327231	0.401916	0.529818	0.395402	0.482145	0.416127	0.183429	0.376851	0.123788	0.328312	0.384811	0.542736	0.195649	
0.603927	0.215727	0.864161	0.525294	0.524847	0.921427	0.979981	0.440591	0.60159	0.426555	0.323786	0.249779	0.419032	0.746672	0.76414	0.529624	0.826697	0.590909	0.541404	0.0572725	0.470117	0.159112	0.657398	0.874723	0.549171	
0.581405	0.38834	0.352721	0.482313	0.693366	0.768926	0.892606	0.113874	0.527603	0.181439	0.508409	0.294228	0.57994	0.266462	0.708042	0.209941	0.335746	0.191324	0.242709	0.521325	0.16706	0.556775	0.55296	0.602152	0.188104	
0.22818	0.637929	0.86357	0.950248	0.0288532	0.522798	0.529989	0.565085	0.278738	0.711618	0.794776	0.583025	0.10023	0.729394	0.337303	0.816115	0.797795	0.841733	0.49131	0.550796	0.515743	0.339955	0.321989	0.588771	0.544349	
0.277262	0.52253	0.436911	0.743202	0.435762	0.47054	0.584503	0.236722	0.218359	0.43704	0.686742	0.419783	0.350209	0.30228	0.395276	0.509576	0.373071	0.503512	0.0738754	0.565155	0.156358	0.474394	0.240193	0.349879	0.133352	
0.506572	0.253984	0.808758	0.575148	0.434941	0.82454	0.88275	0.390314	0.505019	0.420789	0.393819	0.246266	0.324695	0.685164	0.666818	0.529681	0.765574	0.582818	0.465812	0.146516	0.405522	0.0890283	0.561043	0.783552	0.481112	
0.309577	0.520325	0.404741	0.728442	0.46908	0.48863	0.607108	0.218979	0.24961	0.41983	0.681905	0.415944	0.381733	0.269861	0.422834	0.487356	0.341904	0.477789	0.0439769	0.573333	0.138196	0.494099	0.268006	0.353736	0.102608	
0.565095	0.243285	0.499028	0.407352	0.630349	0.805969	0.914042	0.107201	0.522892	0.107942	0.379796	0.145559	0.508766	0.400416	0.711686	0.207306	0.475362	0.239819	0.285707	0.373117	0.184762	0.429867	0.561118	0.67172	0.253263	
0.0659959	0.702476	0.751231	0.991537	0.166506	0.345636	0.374787	0.536114	0.130542	0.715716	0.86974	0.625157	0.19765	0.622645	0.16469	0.808981	0.681171	0.818838	0.410655	0.65603	0.468168	0.466619	0.154834	0.414516	0.469667	
0.380997	0.309647	0.693314	0.616298	0.360022	0.691001	0.759711	0.295018	0.370742	0.390818	0.474443	0.248896	0.237029	0.564172	0.542997	0.499826	0.644033	0.538067	0.3324	0.272728	0.287802	0.165638	0.425553	0.640866	0.356129	
0.625504	0.109407	0.631516	0.334591	0.645764	0.896958	0.992779	0.233419	0.594095	0.14395	0.253232	0.04007	0.522049	0.534744	0.781929	0.247701	0.60959	0.308107	0.399644	0.258863	0.300977	0.37171	0.639659	0.783499	0.377257	
0.507871	0.215953	0.768126	0.536796	0.456883	0.820485	0.886217	0.347198	0.50018	0.372843	0.365977	0.199076	0.340915	0.64667	0.669537	0.481893	0.727021	0.534758	0.434307	0.143052	0.367765	0.13347	0.555175	0.766617	0.445256	
0.296432	0.543612	0.860434	0.861045	0.138173	0.611604	0.632165	0.518829	0.331422	0.642609	0.695072	0.499238	0.0845129	0.725388	0.430193	0.750537	0.799142	0.783854	0.480334	0.444863	0.482962	0.231647	0.383296	0.648231	0.526472	
0.678894	0.000676908	0.740238	0.321399	0.66476	0.968617	1.05425	0.337435	0.655964	0.239015	0.170126	0.105435	0.54402	0.642598	0.839441	0.328782	0.717969	0.396919	0.493838	0.175807	0.398796	0.342522	0.705687	0.871683	0.477686	
0.44415	0.557183	0.988086	0.877882	0.254703	0.753032	0.759946	0.61589	0.481076	0.704873	0.685784	0.540747	0.233844	0.853877	0.568433	0.815104	0.930224	0.858853	0.608706	0.4191	0.594725	0.214609	0.532551	0.797898	0.648924	
0.495228	0.202398	0.727114	0.519121	0.462832	0.802217	0.873897	0.305742	0.482558	0.336888	0.362415	0.167452	0.342971	0.606399	0.657238	0.446643	0.686694	0.497338	0.397792	0.167561	0.328081	0.166579	0.536408	0.738804	0.406336	
0.667817	0.660441	1.19752	0.963597	0.464352	0.967849	0.959068	0.803209	0.707268	0.853791	0.747488	0.677644	0.460602	1.06505	0.781557	0.96207	1.14319	1.01607	0.822329	0.491006	0.795422	0.356001	0.757873	1.02404	0.85729	
0.244918	0.598156	0.442265	0.818307	0.432961	0.397258	0.516544	0.309792	0.180738	0.510655	0.762992	0.495955	0.366245	0.312791	0.338515	0.578624	0.373234	0.567406	0.133976	0.633934	0.228931	0.527299	0.186179	0.275245	0.18894	
0.116383	0.695289	0.795204	0.993005	0.112489	0.393363	0.408535	0.555717	0.178479	0.727079	0.86017	0.624294	0.166326	0.66474	0.20837	0.824223	0.725986	0.838731	0.44387	0.635529	0.492443	0.437457	0.208773	0.469781	0.501873	
0.676974	0.117496	0.835939	0.409788	0.624757	0.984471	1.05568	0.418558	0.665014	0.353257	0.207432	0.192652	0.511516	0.729335	0.838946	0.446445	0.807302	0.513721	0.552297	0.0643291	0.466473	0.269753	0.718664	0.913016	0.547349	
0.592621	0.598406	1.11546	0.908742	0.396163	0.898481	0.897595	0.723673	0.629593	0.78193	0.698162	0.607487	0.381948	0.98282	0.712878	0.891071	1.06086	0.942892	0.739919	0.434794	0.71403	0.280033	0.681228	0.94638	0.775196	
0.572599	0.621207	1.11476	0.934503	0.370351	0.873744	0.868497	0.730028	0.612402	0.797353	0.726589	0.624791	0.366327	0.981284	0.687624	0.907037	1.05856	0.956848	0.737036	0.461286	0.716235	0.293906	0.662765	0.929101	0.774648	
0.300854	0.939861	0.691036	1.18238	0.488215	0.0311175	0.172592	0.67575	0.293643	0.87647	1.10884	0.84423	0.517196	0.597501	0.173662	0.943678	0.620811	0.927796	0.499119	0.936539	0.59494	0.772669	0.238361	0.20119	0.549932	
0.103039	0.70189	0.785233	0.997239	0.129335	0.376827	0.394345	0.554129	0.166391	0.728211	0.867523	0.629023	0.178487	0.655465	0.192191	0.824198	0.715663	0.837231	0.437653	0.645739	0.489277	0.449739	0.194049	0.453724	0.496065	
