15	30
118.293	31.2585
125.45	17.6055
10.0892	33.5104
172.876	125.536
67.7305	152.102
99.019	64.4338
0.420192	107.069
24.8049	116.731
49.9134	118.941
5.76555	124.708
147.087	44.8973
110.963	32.8821
2.64365	119.318
51.0875	152.283
7.66349	114.093
17.2593
70.1193
37.0356
27.2078
4.4415
5.75435
28.0259
60.7358
67.3477
11.2537
18.429
64.8769
17.5171
68.235
13.323
26.0124
15.4921
12.7529
53.6933
11.299
7.85277
12.4065
25.8517
39.9687
21.3617
36.1072
8.27963
25.8196
70.4261
24.6931
0.365678	0.414144	0.542793	0.140233	0.872658	0.825938	0.411595	0.129333	0.696179	0.295007	0.611041	0.502439	0.840726	0.513529	0.982379	0.089391	0.814083	0.382925	0.580053	0.454791	0.970618	0.447859	0.645028	0.824849	0.271542	0.0806476	0.133802	0.581848	0.565796	0.328489	
0.451276	0.43664	0.50826	0.290836	0.796191	0.866545	0.504423	0.0485557	0.647509	0.215873	0.551397	0.587207	0.876974	0.583735	0.913396	0.0979725	0.722569	0.28451	0.454338	0.38803	0.901064	0.321639	0.522214	0.879956	0.127565	0.229357	0.120382	0.499499	0.610231	0.438278	
0.187336	0.373524	0.578607	0.264129	0.9462	0.613638	0.170479	0.46421	0.727402	0.515248	0.685879	0.240752	0.637307	0.291926	1.02532	0.409344	0.932774	0.599547	0.814736	0.588212	1.01616	0.703132	0.864406	0.57702	0.633391	0.300156	0.506085	0.714635	0.398297	0.109833	
0.194928	0.130523	0.273292	0.500572	0.612124	0.311954	0.199821	0.510209	0.389638	0.415966	0.383304	0.16538	0.325959	0.106026	0.673562	0.476893	0.626881	0.45421	0.626135	0.366103	0.665738	0.562873	0.651377	0.322966	0.660453	0.486028	0.632496	0.452131	0.0524216	0.280905	
0.901647	0.714949	0.511355	1.09232	0.143338	0.760972	0.931835	0.908728	0.362131	0.720784	0.411904	0.913857	0.73988	0.853569	0.104959	0.925312	0.210979	0.644083	0.53485	0.557145	0.103711	0.637269	0.475303	0.844718	0.928716	1.04251	1.04885	0.431033	0.74952	0.980923	
0.436133	0.594396	0.783162	0.214689	1.14601	0.896589	0.441792	0.474802	0.940897	0.613424	0.877236	0.522882	0.919522	0.56897	1.24101	0.427464	1.10896	0.705573	0.915119	0.743705	1.23052	0.7858	0.976712	0.861662	0.605989	0.277004	0.428385	0.876735	0.667751	0.350461	
0.144184	0.140973	0.315447	0.457804	0.663552	0.344053	0.143976	0.492473	0.44075	0.418811	0.426992	0.115422	0.361243	0.0633332	0.727946	0.454577	0.67341	0.46736	0.651238	0.391844	0.719915	0.578058	0.681239	0.342039	0.649883	0.448407	0.606785	0.488551	0.0900256	0.228434	
0.34794	0.481354	0.659053	0.0746143	1.01677	0.826977	0.36935	0.337105	0.817425	0.473943	0.748102	0.460039	0.847364	0.495119	1.11581	0.288261	0.974807	0.566016	0.775032	0.608924	1.10494	0.645757	0.836779	0.804023	0.477573	0.137345	0.30957	0.741702	0.581406	0.271111	
0.312291	0.455176	0.639267	0.0879458	1.00081	0.788971	0.330451	0.34983	0.79736	0.472196	0.731977	0.42009	0.809843	0.457099	1.09699	0.298052	0.963353	0.564322	0.776517	0.59827	1.08636	0.64938	0.83652	0.764161	0.49908	0.149216	0.338462	0.731308	0.546386	0.232676	
0.158946	0.0289358	0.234502	0.407687	0.601586	0.434853	0.19802	0.384902	0.383575	0.293966	0.343761	0.222392	0.446493	0.185392	0.683084	0.354254	0.592422	0.342565	0.532551	0.276522	0.673524	0.453643	0.567274	0.449646	0.533769	0.38231	0.511506	0.386829	0.178769	0.237431	
0.617657	0.433427	0.238815	0.760433	0.215293	0.65951	0.659238	0.564628	0.186912	0.377436	0.130625	0.668261	0.64952	0.615061	0.337851	0.583167	0.144492	0.299791	0.23891	0.221578	0.325156	0.30633	0.209617	0.726371	0.590588	0.707107	0.704456	0.0891861	0.53426	0.686334	
0.754822	0.567025	0.361562	0.924492	0.0681378	0.696169	0.790359	0.734425	0.23462	0.546951	0.253313	0.784368	0.679931	0.726476	0.187117	0.752221	0.0486851	0.469293	0.371568	0.386306	0.174803	0.46536	0.318779	0.773747	0.755336	0.87292	0.874095	0.257424	0.630925	0.829921	
0.163795	0.326032	0.523861	0.178892	0.891654	0.638248	0.179959	0.360938	0.678899	0.421694	0.625509	0.270838	0.659138	0.30637	0.979447	0.30605	0.867572	0.509072	0.725361	0.511839	0.969509	0.609166	0.778208	0.614665	0.530162	0.203496	0.407498	0.642249	0.39756	0.0819503	
0.142252	0.302445	0.500085	0.399089	0.855036	0.450527	0.0865155	0.535718	0.632248	0.527911	0.611888	0.0864239	0.475071	0.146929	0.919711	0.485491	0.860315	0.597577	0.801353	0.550787	0.911799	0.708228	0.84055	0.411405	0.706514	0.417096	0.612819	0.662629	0.259001	0.150947	
0.458348	0.363426	0.35606	0.768136	0.540688	0.119242	0.449795	0.751702	0.360531	0.618207	0.422383	0.379211	0.107733	0.324738	0.552149	0.726585	0.60397	0.623376	0.733944	0.502281	0.548816	0.715664	0.734397	0.197297	0.883375	0.751838	0.884655	0.523146	0.224213	0.54143	
