15	40
62.1916	58.9569
27.7392	48.9968
58.7774	42.0255
81.784	152.54
54.2386	145.472
89.1233	25.8782
49.2288	65.4032
59.8833	69.7942
55.7841	40.8916
40.4222	115.008
82.7512	22.7546
42.9375	26.9216
65.9364	67.8264
19.8045	74.379
5.82804	46.2248
4.20499
12.3494
23.9298
0.0132851
30.3556
9.85671
33.3879
16.3628
15.8673
17.8211
23.4599
7.66165
4.97044
13.6596
15.6426
32.3583
1.89756
16.4049
6.09496
34
33.2862
13.27
19.2635
30.3478
28.6847
33.66
30.7838
13.0395
0.989428
7.69952
1.5302
12.5916
16.0936
1.03647
14.4216
5.31248
27.2744
29.9105
25.9219
3.29911
0.550258	0.708067	0.797956	0.222711	0.718163	0.627222	0.296693	0.21977	0.354604	0.520796	0.67864	0.647753	0.653544	0.822965	0.233186	0.198274	0.238414	0.0837677	0.060565	0.491232	0.591892	0.0105348	0.27995	0.633562	0.262193	0.679867	0.565491	0.655759	0.695196	0.711135	0.237176	0.520518	0.065335	0.740403	0.520988	0.436466	0.593812	0.0795576	0.35568	0.802514	
0.466367	0.657694	0.307618	1.02059	0.807318	0.343964	1.05297	0.62101	0.590238	0.316746	0.184518	0.694839	0.215867	0.249253	0.646601	0.914885	0.604942	0.757731	0.859997	0.814341	0.546943	0.846609	0.931731	0.702518	0.594478	0.346166	0.286357	0.829231	0.1494	0.159333	0.730975	0.317241	0.868894	0.123112	0.55891	0.727506	0.318434	0.814931	0.672189	0.327389	
0.563283	0.408989	0.0780685	0.893293	0.561104	0.133029	0.906791	0.531115	0.608083	0.280477	0.307919	0.815503	0.137743	0.0748601	0.524075	0.774084	0.550569	0.664406	0.754382	0.87528	0.313838	0.758661	0.770732	0.818127	0.557083	0.106241	0.211577	0.935401	0.17731	0.309888	0.715873	0.308888	0.79539	0.292365	0.343486	0.524197	0.417733	0.704787	0.494503	0.0959962	
0.295608	0.530729	0.389282	0.663885	0.641203	0.24759	0.702896	0.261281	0.290615	0.0449038	0.217862	0.541008	0.19272	0.388953	0.29665	0.564748	0.249213	0.397522	0.50031	0.563606	0.378436	0.486586	0.593346	0.539342	0.246361	0.301857	0.107341	0.644283	0.220088	0.249094	0.400278	0.0518975	0.511104	0.272409	0.342822	0.453421	0.201968	0.456238	0.368308	0.401875	
0.843301	0.0783057	0.332149	0.823028	0.215034	0.324766	0.797961	0.608081	0.804128	0.535954	0.653372	1.08874	0.465809	0.39747	0.549457	0.697191	0.672721	0.697452	0.7469	1.08095	0.189115	0.780244	0.652427	1.0863	0.69975	0.294148	0.478729	1.18509	0.533607	0.665389	0.85172	0.573568	0.833527	0.65675	0.255782	0.364693	0.725668	0.699762	0.417601	0.314858	
0.543497	0.475473	0.122976	0.936167	0.627783	0.188478	0.954353	0.560933	0.61008	0.285517	0.27139	0.792729	0.13534	0.0768744	0.562668	0.819689	0.571031	0.696919	0.790916	0.869012	0.378789	0.790649	0.821287	0.796737	0.573045	0.171205	0.222499	0.91744	0.144388	0.267317	0.728213	0.307674	0.823919	0.244466	0.404613	0.583593	0.393265	0.74209	0.547396	0.142969	
0.372095	0.822345	0.806787	0.443121	0.869305	0.645593	0.523816	0.264206	0.178799	0.469506	0.578853	0.421296	0.619237	0.813781	0.335768	0.426753	0.201719	0.232129	0.29048	0.264952	0.68192	0.231758	0.504943	0.406297	0.185488	0.702482	0.532888	0.426278	0.637249	0.609474	0.0271044	0.452624	0.200227	0.643926	0.616115	0.593526	0.462974	0.291093	0.494498	0.816657	
0.19251	0.63353	0.47624	0.681097	0.740119	0.347122	0.731423	0.281034	0.214153	0.125169	0.207939	0.43769	0.265819	0.466337	0.339527	0.595965	0.236635	0.404608	0.509887	0.473861	0.480759	0.483992	0.63716	0.436398	0.217477	0.399389	0.194753	0.543837	0.266951	0.239937	0.348023	0.0926456	0.497079	0.272346	0.441593	0.535742	0.128469	0.471941	0.442754	0.49068	
0.52955	0.539022	0.641667	0.300868	0.560029	0.471745	0.336008	0.12098	0.36314	0.40686	0.583387	0.688676	0.520379	0.672739	0.0754869	0.198191	0.19552	0.100343	0.158339	0.579236	0.421353	0.180498	0.239656	0.677679	0.234514	0.521475	0.436733	0.728998	0.572789	0.61523	0.312236	0.417171	0.233194	0.639436	0.350425	0.278773	0.527834	0.108018	0.188446	0.644403	
0.137028	0.907616	0.761444	0.729177	0.997146	0.636898	0.803873	0.422223	0.167518	0.414934	0.422092	0.163298	0.547076	0.744292	0.505071	0.689908	0.338048	0.476982	0.563656	0.213319	0.754429	0.51199	0.757325	0.156397	0.298337	0.689316	0.483879	0.253938	0.529072	0.44394	0.277656	0.380573	0.491341	0.479986	0.704909	0.755084	0.286602	0.548473	0.652466	0.776951	
0.402931	0.435164	0.275917	0.710354	0.560157	0.130601	0.736195	0.327119	0.406725	0.0937589	0.239401	0.652997	0.110785	0.284043	0.334449	0.598952	0.340407	0.463545	0.559341	0.681134	0.288706	0.557026	0.611486	0.652377	0.346807	0.184181	0.0430321	0.760237	0.171912	0.262813	0.506255	0.131078	0.590074	0.271696	0.270666	0.417658	0.283746	0.511262	0.352928	0.287119	
0.203863	1.01858	0.844414	0.840729	1.1137	0.733723	0.918181	0.544791	0.289887	0.510702	0.479758	0.0491205	0.629643	0.819942	0.627569	0.808107	0.460619	0.596165	0.679027	0.231507	0.865193	0.625003	0.877399	0.0533057	0.42091	0.783423	0.576774	0.180447	0.599902	0.495272	0.386219	0.474188	0.599295	0.529265	0.818931	0.876212	0.350967	0.666758	0.7739	0.861221	
0.420082	0.460609	0.224831	0.79226	0.597834	0.130606	0.817689	0.406454	0.458584	0.130939	0.199492	0.673062	0.0290645	0.218041	0.416334	0.68063	0.413039	0.543556	0.64047	0.725354	0.32643	0.636565	0.691651	0.674591	0.415081	0.166405	0.0645029	0.789254	0.0988507	0.215065	0.571191	0.158975	0.667825	0.214484	0.324177	0.4855	0.281773	0.592663	0.428528	0.239873	
0.355382	0.646809	0.340781	0.92537	0.788073	0.317127	0.963472	0.522012	0.47537	0.22143	0.069789	0.591889	0.171697	0.296829	0.556321	0.825178	0.498344	0.656745	0.760603	0.701226	0.517779	0.74317	0.849227	0.598275	0.4851	0.33819	0.21116	0.723571	0.099048	0.0499921	0.61748	0.213702	0.762285	0.0246371	0.51528	0.669916	0.205041	0.717365	0.602646	0.360442	
0.819614	0.572516	0.815722	0.2147	0.51175	0.662366	0.156002	0.410796	0.646324	0.669241	0.85264	0.964821	0.753426	0.862679	0.34463	0.13881	0.484164	0.337373	0.275721	0.825162	0.52486	0.337208	0.0561509	0.95228	0.522145	0.697833	0.681551	0.987005	0.817437	0.883121	0.56295	0.68716	0.387836	0.902806	0.466764	0.293214	0.812542	0.270521	0.30104	0.811975	
