10	30
156.977	147.034
130.415	123.51
19.0929	86.8102
47.7705	139.67
59.1587	98.1418
159.04	150.297
31.9922	55.1005
126.416	37.7923
148.715	80.3928
85.0889	121.922
25.9832
11.9761
19.5356
31.2422
12.1184
17.6845
33.0877
32.5216
34.6182
7.5842
2.43867
9.22403
33.1537
1.76658
30.8015
19.5199
13.3246
6.86495
16.4884
4.11299
14.1117
3.05951
30.5633
11.1881
4.21909
6.71079
3.16801
22.2617
27.2028
33.8031
0.417869	0.656858	0.114853	0.723403	0.618261	0.674504	0.480689	0.167417	0.195665	0.527334	0.202277	0.189485	0.230633	0.0320036	0.534461	0.568636	0.314823	0.471989	0.670352	0.401145	0.11833	0.298965	0.206168	0.324073	0.58192	0.299028	0.540257	0.265397	0.431041	0.335951	
0.513499	0.714425	0.106724	0.878854	0.662883	0.814946	0.634265	0.214912	0.040112	0.673017	0.2316	0.0767449	0.0792762	0.181803	0.641637	0.631322	0.434678	0.588298	0.817069	0.550576	0.206368	0.37939	0.358527	0.384948	0.735779	0.453089	0.67011	0.394123	0.508493	0.453448	
0.312916	0.69706	0.354989	0.448638	0.576737	0.499304	0.204433	0.366388	0.468229	0.345326	0.338991	0.46361	0.49904	0.258294	0.484629	0.611665	0.188841	0.410222	0.469205	0.222794	0.264272	0.285428	0.0737666	0.430573	0.305612	0.122941	0.420797	0.146997	0.36442	0.316766	
0.839707	0.297649	0.516055	0.930264	1.05713	0.648938	0.749731	0.271889	0.469315	0.57357	0.635398	0.382823	0.503262	0.421939	0.374015	0.237592	0.71993	0.37506	0.692182	0.519203	0.557626	0.734148	0.555556	0.16059	0.831352	0.505236	0.48411	0.664355	0.86333	0.322956	
0.4823	0.668626	0.571526	0.273074	0.745212	0.311405	0.142148	0.512651	0.672864	0.180252	0.564831	0.651099	0.707506	0.451978	0.416294	0.597286	0.381319	0.352353	0.262636	0.142725	0.487763	0.49644	0.295916	0.502565	0.18142	0.185758	0.302454	0.357498	0.544281	0.337955	
0.688367	0.57533	0.29514	0.95831	0.858332	0.798802	0.730636	0.179463	0.203525	0.678511	0.424155	0.121679	0.229996	0.281189	0.570705	0.502486	0.591367	0.536723	0.819101	0.576404	0.376178	0.560277	0.469889	0.285705	0.828441	0.506559	0.637259	0.542258	0.692571	0.420179	
0.144776	1.09457	0.550838	0.536331	0.268502	0.822713	0.376112	0.705644	0.679988	0.686834	0.438907	0.722637	0.690121	0.558045	0.875808	1.00889	0.243292	0.801926	0.768052	0.592762	0.454283	0.281146	0.409081	0.813032	0.415119	0.516061	0.792606	0.298204	0.174092	0.714166	
0.96619	0.229882	0.819114	0.745325	1.22866	0.320904	0.692455	0.591199	0.839295	0.375774	0.895666	0.766106	0.879712	0.675748	0.175332	0.239445	0.840803	0.247118	0.394388	0.445146	0.800106	0.917905	0.676017	0.430152	0.722686	0.530371	0.250189	0.79272	1.01583	0.374416	
0.378954	0.621006	0.258781	0.568795	0.624261	0.533923	0.332309	0.235503	0.354426	0.381663	0.288137	0.338206	0.389218	0.134433	0.444315	0.532465	0.253221	0.373041	0.521615	0.252	0.194981	0.302119	0.0835538	0.321447	0.431797	0.143339	0.41763	0.197714	0.415047	0.250149	
0.474524	0.573883	0.193777	0.706888	0.690885	0.612088	0.474626	0.102338	0.242617	0.470707	0.284747	0.205208	0.282118	0.0570047	0.454519	0.485466	0.360126	0.394618	0.614874	0.350674	0.196019	0.366515	0.216428	0.242623	0.573276	0.261415	0.469671	0.306088	0.495644	0.258184	
