15	40
15.2766	113.994
83.0361	26.5636
71.6483	83.2776
19.8445	31.066
68.1122	11.2409
42.839	56.5599
74.6737	157.069
86.4884	104.922
28.1054	26.951
15.046	132.114
70.4182	147.88
86.327	73.8227
89.6945	12.292
11.315	42.0896
57.0939	42.5007
5.0583
2.97905
7.86197
9.37845
8.74545
2.62964
7.29629
0.22569
0.964095
7.94786
5.06012
2.4592
8.53693
3.78524
0.281864
8.42063
1.80559
4.01592
9.72049
8.55479
1.83961
2.80091
3.89408
6.80455
4.07091
4.87738
10.1753
10.5969
6.63283
0.176705
0.961089
5.84466
3.04627
5.46765
9.49361
8.7592
6.68199
0.0625039
6.17363
8.38151
0.449499	0.335006	0.598143	0.151892	0.124473	0.324025	0.615216	0.115867	0.186234	0.646151	0.539399	0.277248	0.61202	0.191817	0.385622	0.639263	0.149571	0.604961	0.36693	0.651474	0.611466	0.497202	0.748336	0.155901	0.386108	0.633306	0.328644	0.524413	0.288774	0.449467	0.840869	0.564716	0.575665	0.21832	0.379466	0.537486	0.721509	0.702727	0.663187	0.32306	
0.418043	0.87778	0.418854	0.644782	0.441908	0.685589	0.0876687	0.659155	0.677063	0.424986	0.806196	0.286413	0.357133	0.608974	0.602739	0.475617	0.640959	0.442441	0.3309	0.494547	0.38724	0.350687	0.58742	0.388402	0.725068	0.54853	0.32269	0.403808	0.635197	0.518672	0.358139	0.544214	0.287318	0.666345	0.908548	0.382571	0.283287	0.220222	0.513109	0.864308	
0.600846	0.535676	0.711441	0.442586	0.314792	0.604934	0.547415	0.37048	0.291536	0.747081	0.811083	0.204898	0.360698	0.199067	0.629858	0.358498	0.440388	0.726892	0.485308	0.782019	0.706066	0.605507	0.460636	0.232554	0.665937	0.792658	0.137704	0.250749	0.562924	0.645998	0.814556	0.273866	0.633167	0.50833	0.522466	0.651158	0.720189	0.531843	0.798077	0.514379	
0.273125	0.760491	0.33494	0.499622	0.500873	0.32289	0.692997	0.615019	0.755229	0.373589	0.204862	0.650593	0.984598	0.773868	0.198546	1.06984	0.497889	0.315267	0.377096	0.303854	0.380082	0.348272	1.1921	0.577998	0.287056	0.224267	0.755098	0.959102	0.32291	0.179289	0.7328	1.05758	0.453179	0.436714	0.858021	0.332007	0.61828	0.91095	0.296506	0.767703	
0.274768	0.98027	0.143591	0.69857	0.545021	0.636261	0.298322	0.767502	0.847567	0.109298	0.657179	0.521722	0.707016	0.810715	0.497941	0.823694	0.694927	0.163034	0.305777	0.189663	0.0991479	0.188727	0.937246	0.551952	0.646855	0.267813	0.605733	0.742333	0.597259	0.364508	0.254837	0.87737	0.095923	0.681331	1.04463	0.168644	0.144681	0.532085	0.205058	0.975142	
0.746087	0.239291	0.89367	0.36134	0.417074	0.556098	0.854691	0.243096	0.110656	0.940799	0.771175	0.485976	0.707338	0.163942	0.658992	0.679889	0.362424	0.90113	0.659854	0.948043	0.904999	0.791198	0.756641	0.408681	0.613503	0.92868	0.473229	0.588634	0.539084	0.74111	1.10432	0.553642	0.861443	0.432627	0.182582	0.832568	0.992518	0.878893	0.959769	0.214334	
0.202961	0.57856	0.338426	0.307376	0.140039	0.326284	0.408224	0.362175	0.446188	0.384379	0.473212	0.231503	0.579093	0.422993	0.268068	0.654488	0.303521	0.347956	0.103245	0.398517	0.348378	0.234619	0.776282	0.175887	0.369698	0.395636	0.335844	0.54165	0.275574	0.246272	0.595256	0.638688	0.313728	0.312897	0.638647	0.276778	0.470812	0.566005	0.412296	0.571684	
0.514959	0.229792	0.670238	0.103799	0.219911	0.300256	0.72278	0.015379	0.164979	0.720595	0.517929	0.388071	0.714535	0.221784	0.401945	0.732281	0.104522	0.673868	0.449763	0.71565	0.688979	0.575168	0.836084	0.266689	0.35968	0.686548	0.433478	0.619992	0.280742	0.493694	0.940632	0.64435	0.66426	0.177538	0.290384	0.611893	0.818722	0.813672	0.725348	0.221191	
0.439755	0.753791	0.49152	0.548168	0.345584	0.628032	0.239568	0.541196	0.538962	0.511955	0.782963	0.151026	0.281099	0.46485	0.576963	0.379483	0.54455	0.512604	0.327562	0.568621	0.470771	0.399904	0.50015	0.271923	0.676657	0.605989	0.170691	0.284828	0.577237	0.525372	0.508787	0.416863	0.378622	0.583676	0.774378	0.441338	0.423738	0.277582	0.586853	0.738148	
0.332857	0.730367	0.388814	0.495388	0.292183	0.547404	0.220555	0.510794	0.538505	0.413088	0.687533	0.158961	0.388046	0.478182	0.4813	0.485677	0.491578	0.40908	0.22268	0.465427	0.371482	0.294013	0.606823	0.241967	0.591428	0.499793	0.232202	0.386884	0.496523	0.420669	0.467514	0.512774	0.284956	0.519382	0.765638	0.336407	0.364074	0.344373	0.483434	0.717652	
0.420482	1.1044	0.29207	0.828473	0.659099	0.780767	0.279985	0.887029	0.951934	0.251331	0.806536	0.594149	0.702499	0.904405	0.645599	0.825592	0.824717	0.309874	0.432381	0.326787	0.248377	0.33061	0.929776	0.649795	0.794115	0.407836	0.661745	0.761519	0.739842	0.513427	0.110979	0.902367	0.217964	0.817838	1.16134	0.316599	0.0750754	0.486482	0.339185	1.09729	
0.764035	0.486567	0.887162	0.503529	0.445956	0.692452	0.736836	0.398145	0.260753	0.925999	0.909638	0.39168	0.48878	0.188062	0.751911	0.439122	0.502693	0.900781	0.654228	0.954483	0.88571	0.780451	0.505558	0.385313	0.754433	0.956778	0.326674	0.364249	0.659518	0.793657	1.0049	0.303629	0.818038	0.57769	0.436048	0.825774	0.910666	0.699891	0.969586	0.462004	
0.280571	0.538625	0.420896	0.278927	0.326492	0.103931	0.677079	0.396355	0.541198	0.472155	0.175082	0.517311	0.87663	0.570593	0.0548954	0.942438	0.277509	0.411709	0.319081	0.430419	0.458353	0.372522	1.06226	0.416003	0.0942133	0.37143	0.614739	0.826584	0.100821	0.191512	0.79619	0.904675	0.490611	0.213795	0.635115	0.384179	0.670073	0.861383	0.432276	0.545149	
0.336277	0.417997	0.487023	0.159096	0.0483706	0.260418	0.547625	0.201396	0.300028	0.536015	0.461125	0.26093	0.621718	0.298926	0.28609	0.669949	0.155274	0.492862	0.260684	0.538389	0.502657	0.388363	0.786204	0.138296	0.319407	0.519385	0.34274	0.553038	0.214942	0.336992	0.753316	0.618178	0.47448	0.191098	0.478513	0.427105	0.630203	0.669106	0.549799	0.410753	
0.613524	0.852115	0.652495	0.686177	0.492922	0.789484	0.322671	0.655788	0.616354	0.666368	0.95437	0.280386	0.109933	0.528555	0.749081	0.225043	0.68286	0.674817	0.502591	0.729701	0.626542	0.56775	0.338565	0.406658	0.841299	0.773446	0.224347	0.167848	0.73932	0.700474	0.582365	0.309271	0.529021	0.731711	0.85249	0.606876	0.528848	0.205021	0.74821	0.833171	
