15	40
63.7969	11.7188
75.3281	72.5138
18.0996	50.4114
57.3537	37.2059
44.6881	69.9762
77.7357	85.747
33.0686	101.203
5.14844	134.407
69.4292	25.4426
75.8454	41.3696
63.5534	84.9833
34.5007	48.5931
48.2159	73.5823
16.5584	60.8843
60.4592	32.9521
25.3351
22.1578
17.726
20.7444
3.4489
14.3321
20.3339
10.6508
23.4113
15.735
21.322
12.8778
19.9912
28.1786
26.1364
27.7295
28.5332
25.4771
12.1042
24.0688
1.99437
3.41678
11.1839
2.93338
4.10979
14.0306
3.09679
25.0128
20.2785
26.7712
8.36806
23.205
0.528941
9.80579
22.96
2.55947
24.7084
8.13709
6.64882
0.61662
0.793135	0.367919	0.0704902	0.982061	0.255519	0.88792	0.0842499	0.129244	0.608313	0.312631	0.590822	0.676027	0.583136	0.357547	0.553272	0.575198	0.941709	0.628791	0.817457	0.37852	0.739141	0.280477	0.762367	0.598662	0.274844	0.523121	0.307602	0.588255	0.0753507	0.371842	0.619426	0.462754	0.330652	0.496331	0.662601	0.675667	0.87234	0.1708	0.711216	0.269185	
0.887769	0.757306	0.477216	1.05918	0.455515	0.883735	0.459485	0.540481	0.969576	0.716213	0.728135	0.59083	0.488971	0.620947	0.703655	0.941476	0.860173	0.684726	0.779313	0.556424	0.53695	0.361142	0.49581	0.931047	0.443663	0.469982	0.276982	0.758961	0.359462	0.129495	0.979251	0.306632	0.217668	0.584623	0.697716	0.768155	0.543852	0.381636	0.912104	0.271746	
0.11399	0.567028	0.677122	0.271044	0.490203	0.317853	0.649429	0.661883	0.506585	0.613784	0.153268	0.431856	0.470067	0.382569	0.184553	0.514567	0.471591	0.224484	0.354145	0.360313	0.616297	0.988419	0.724863	0.414705	0.48277	0.444391	0.975531	0.143037	0.772425	0.937695	0.505075	0.602246	0.961758	0.295115	0.239894	0.135495	0.878592	0.892594	0.108712	0.627004	
0.201588	0.512378	0.659351	0.333556	0.493184	0.40722	0.635049	0.636034	0.425333	0.564974	0.19024	0.507271	0.533792	0.361739	0.20786	0.436333	0.561585	0.293533	0.442922	0.366694	0.691474	0.98636	0.797416	0.334165	0.490885	0.499908	0.981604	0.15166	0.767212	0.957515	0.422893	0.648929	0.973396	0.33417	0.31617	0.212049	0.952354	0.885363	0.0195985	0.648185	
0.782367	0.472749	0.181496	0.969779	0.248627	0.847567	0.168429	0.245287	0.701282	0.425422	0.588025	0.604821	0.504555	0.395378	0.553642	0.670257	0.879927	0.598667	0.764925	0.377882	0.641298	0.253715	0.651826	0.677803	0.255341	0.45174	0.24052	0.598188	0.0791948	0.258421	0.711821	0.359278	0.240806	0.469614	0.62711	0.660216	0.752436	0.178215	0.737089	0.170198	
0.229942	0.888116	0.974434	0.0552292	0.767619	0.220059	0.943437	0.967754	0.80938	0.933902	0.433267	0.511377	0.599213	0.690884	0.471895	0.822527	0.353957	0.406787	0.331509	0.642552	0.662255	1.25683	0.77369	0.719473	0.752989	0.609285	1.22925	0.451094	1.05086	1.16299	0.805928	0.774713	1.20454	0.533585	0.384945	0.345513	0.906514	1.17138	0.405759	0.863718	
0.662041	0.316892	0.0961423	0.850974	0.127042	0.760228	0.0600684	0.131784	0.535394	0.280267	0.459861	0.563386	0.477459	0.235162	0.422453	0.505345	0.821425	0.499851	0.693959	0.247424	0.647489	0.394847	0.686182	0.509243	0.149607	0.413861	0.401947	0.458758	0.174886	0.424339	0.545689	0.386546	0.408669	0.367607	0.534683	0.544712	0.810722	0.2925	0.586437	0.209066	
0.443891	0.272703	0.496887	0.592153	0.410991	0.636992	0.483821	0.454601	0.18235	0.33433	0.311975	0.640229	0.624122	0.245527	0.292149	0.18429	0.774935	0.439666	0.642475	0.328029	0.809682	0.845964	0.899462	0.0942124	0.423905	0.568905	0.862942	0.256694	0.629797	0.878297	0.183799	0.672807	0.870329	0.393653	0.47712	0.396986	1.05291	0.735952	0.240505	0.595623	
0.151449	0.745416	0.765687	0.248514	0.547573	0.088699	0.731858	0.770951	0.738683	0.777418	0.261192	0.25627	0.340033	0.511816	0.295737	0.740841	0.221492	0.174554	0.108272	0.435148	0.422736	1.01873	0.535928	0.64758	0.528219	0.351651	0.984122	0.306398	0.822496	0.909153	0.738947	0.515983	0.955426	0.306652	0.140672	0.163376	0.680084	0.941126	0.359176	0.617214	
0.404615	0.524782	0.433186	0.583204	0.214987	0.442883	0.397188	0.456141	0.637045	0.528523	0.249328	0.229448	0.1624	0.279953	0.232534	0.621593	0.485576	0.20439	0.362656	0.168116	0.352628	0.654926	0.427775	0.566057	0.188752	0.0975825	0.620651	0.290428	0.46498	0.555578	0.642987	0.210982	0.594461	0.104397	0.226228	0.28341	0.578063	0.581052	0.44369	0.253993	
1.04365	0.674929	0.38246	1.22997	0.512045	1.09555	0.391088	0.437016	0.918528	0.614843	0.851261	0.831177	0.726552	0.651852	0.817162	0.884851	1.10969	0.855037	1.00517	0.641489	0.825939	0.0522165	0.805015	0.910642	0.518782	0.684291	0.0465849	0.861725	0.244884	0.197372	0.929775	0.554206	0.106734	0.728949	0.88065	0.920945	0.866357	0.152611	0.999034	0.40231	
0.386751	0.285275	0.451078	0.552646	0.331973	0.567397	0.43227	0.418631	0.269146	0.335876	0.228071	0.54751	0.528697	0.169578	0.203204	0.263582	0.696747	0.352471	0.561861	0.236743	0.714906	0.793712	0.803917	0.187238	0.341326	0.47324	0.802427	0.177341	0.574321	0.805408	0.27253	0.579537	0.804541	0.298361	0.39141	0.320579	0.95727	0.686719	0.215355	0.513183	
0.222346	0.757237	0.746528	0.323434	0.525564	0.122521	0.711565	0.758164	0.774745	0.783124	0.283425	0.182717	0.274209	0.513998	0.312191	0.773631	0.187065	0.168678	0.050445	0.42489	0.344696	0.978621	0.457881	0.685267	0.503467	0.295778	0.938605	0.336055	0.790654	0.855173	0.776064	0.454904	0.906399	0.289716	0.127755	0.197058	0.602059	0.907026	0.414586	0.573179	
0.85452	1.03442	0.818081	0.973138	0.684997	0.750747	0.7885	0.872386	1.18875	1.01523	0.782037	0.478449	0.433648	0.819329	0.777946	1.16964	0.650939	0.677052	0.639673	0.714713	0.308562	0.791254	0.197871	1.12308	0.659511	0.474714	0.707716	0.833916	0.742561	0.558171	1.19568	0.375055	0.647967	0.653103	0.66409	0.766236	0.127388	0.797886	0.977353	0.53606	
0.301419	0.545822	0.507319	0.479464	0.286375	0.349122	0.472356	0.520362	0.617202	0.561835	0.166708	0.200544	0.185023	0.295071	0.163093	0.607178	0.414273	0.100675	0.282192	0.192783	0.3655	0.753531	0.459554	0.537271	0.264728	0.144302	0.722457	0.218022	0.556432	0.659368	0.621463	0.299675	0.697625	0.0589336	0.125889	0.181608	0.614764	0.67487	0.363718	0.356637	
