25	25
63.944	23.4293
67.7876	71.8673
73.2902	10.1469
17.3659	74.6338
61.9054	33.2976
57.1398	23.5095
55.2332	119.356
41.599	108.291
26.0882	39.7501
4.34244	10.5929
31.2749	56.9644
72.0228	13.2417
48.1839	106.6
77.1104	89.336
29.1101	48.7285
56.9566	82.4556
8.56401	37.7378
50.0535	138.964
64.4471	113.096
77.1597	70.6428
56.1396	72.8316
10.0133	156.916
75.8621	151.032
4.25459	148.503
84.1951	53.1072
48.0222
40.0429
93.8228
70.1623
47.913
44.3134
34.1717
91.5368
72.1922
12.8004
30.0799
40.8058
39.9923
31.0954
40.7188
36.0075
15.05
4.82579
82.6056
75.6115
99.1613
43.9696
50.1488
73.6505
17.9874
0.375715	0.852691	0.696481	0.388346	0.526464	0.984292	0.718961	0.637756	0.819161	0.565074	0.0352557	0.477648	0.452406	0.648511	0.271784	0.588961	0.480406	0.476724	0.592771	0.432212	0.223738	0.413389	0.388387	0.648177	0.514887	
0.361693	0.79169	0.833704	0.474575	0.314689	0.815227	0.0221414	0.583562	0.37832	0.962536	0.717098	0.275052	0.526802	0.189559	0.488061	1.06707	1.01926	0.437662	0.705442	0.309041	0.913359	0.786477	0.853223	0.0846373	0.249084	
0.187633	0.872961	0.790622	0.10121	0.379682	0.969178	0.450251	0.626411	0.666739	0.770146	0.318695	0.275677	0.451544	0.337757	0.0496582	0.83324	0.744461	0.175434	0.657753	0.154281	0.536828	0.5845	0.412046	0.379227	0.214161	
0.540861	1.17426	1.04376	0.330862	0.733937	1.29022	0.800509	0.938337	1.02799	0.927972	0.394118	0.637744	0.749683	0.647687	0.358816	0.944474	0.830441	0.387071	0.927308	0.516116	0.541602	0.773143	0.0483828	0.732324	0.556323	
0.437637	0.909224	0.745341	0.422076	0.591925	1.0434	0.778485	0.699032	0.884891	0.593533	0.096771	0.540673	0.515312	0.698951	0.319326	0.604274	0.490409	0.510406	0.647274	0.48757	0.208919	0.455163	0.358331	0.707264	0.567581	
0.345868	0.383267	0.290441	0.604483	0.265825	0.507292	0.558444	0.161887	0.434305	0.387445	0.442945	0.344557	0.0597879	0.633126	0.475369	0.501571	0.481859	0.658239	0.153913	0.453962	0.51558	0.233493	0.829262	0.516238	0.52361	
0.175649	0.531372	0.460658	0.438803	0.156645	0.635344	0.433188	0.286318	0.428179	0.517131	0.363811	0.189531	0.111985	0.474963	0.317951	0.615435	0.566338	0.488848	0.32395	0.28441	0.504921	0.334905	0.699067	0.378739	0.357582	
0.381485	0.892562	0.918928	0.42333	0.388248	0.922991	0.128515	0.67467	0.489547	1.02422	0.720904	0.318494	0.594803	0.105359	0.469005	1.1219	1.06402	0.369573	0.786677	0.299594	0.928347	0.841973	0.799652	0.137203	0.218301	
0.432374	0.992212	0.845254	0.337323	0.611084	1.11804	0.751371	0.767321	0.910194	0.715585	0.185367	0.537639	0.578263	0.642253	0.273317	0.732225	0.619312	0.421961	0.736454	0.452446	0.336623	0.565494	0.23612	0.679573	0.520814	
0.478062	0.381627	0.495371	0.736177	0.284368	0.384402	0.411928	0.255374	0.0819239	0.720501	0.753726	0.390614	0.357268	0.584117	0.659776	0.844415	0.844436	0.74773	0.406319	0.532515	0.873278	0.598475	1.06353	0.421169	0.547705	
0.394032	0.570997	0.39656	0.5748	0.428147	0.713641	0.704616	0.391971	0.661363	0.294309	0.268001	0.451986	0.247742	0.718387	0.43087	0.363574	0.296302	0.650937	0.306528	0.499943	0.280818	0.115604	0.688138	0.646203	0.586677	
0.215373	0.898463	0.851478	0.134015	0.366581	0.97458	0.337414	0.652591	0.616673	0.873483	0.46215	0.250299	0.50216	0.194207	0.193191	0.948655	0.868434	0.116761	0.714501	0.109854	0.6793	0.684876	0.512951	0.272064	0.095125	
0.283797	0.838498	0.84572	0.344774	0.313438	0.88357	0.134073	0.609508	0.470782	0.935101	0.622938	0.22874	0.511631	0.0763088	0.374852	1.02973	0.96884	0.305146	0.710932	0.20196	0.829828	0.750832	0.723771	0.0881453	0.125261	
0.613147	0.82858	0.621395	0.691075	0.702014	0.979278	0.953919	0.68086	0.953976	0.382911	0.296287	0.697442	0.540789	0.922907	0.563613	0.34709	0.227241	0.778826	0.572546	0.698136	0.0840833	0.334557	0.633345	0.888177	0.786216	
0.0946751	0.71014	0.680726	0.292333	0.174992	0.782968	0.252377	0.466397	0.439458	0.745071	0.450226	0.0588457	0.334483	0.244357	0.243921	0.836799	0.774791	0.306683	0.543503	0.0878904	0.646988	0.559092	0.642885	0.182826	0.130626	
0.415251	0.582408	0.401611	0.589518	0.451956	0.726822	0.727999	0.410077	0.683871	0.281044	0.269193	0.474944	0.270385	0.739685	0.445685	0.344515	0.273796	0.666949	0.318292	0.520239	0.264069	0.111052	0.690139	0.66927	0.607371	
0.706891	0.17552	0.388439	0.979305	0.524467	0.0977596	0.699719	0.295992	0.350393	0.672304	0.899377	0.64044	0.483145	0.866952	0.878852	0.795826	0.836601	1.00515	0.385822	0.784329	0.958694	0.624052	1.26678	0.705527	0.815532	
0.681968	0.514373	0.290238	0.880578	0.659068	0.667497	0.951792	0.473249	0.804403	0.0115936	0.546271	0.717783	0.446919	1.00064	0.736653	0.120487	0.184476	0.955827	0.323374	0.792203	0.441301	0.200269	0.96078	0.903838	0.875353	
0.2777	0.547052	0.582932	0.51772	0.106853	0.589825	0.229746	0.331794	0.214095	0.732609	0.604803	0.177494	0.299526	0.370329	0.457472	0.845035	0.813279	0.524283	0.457413	0.312724	0.76541	0.569002	0.862184	0.213365	0.323428	
0.485978	0.686395	0.491347	0.614396	0.552495	0.834063	0.816555	0.5249	0.796739	0.304314	0.240565	0.560039	0.383218	0.80651	0.474961	0.323944	0.222095	0.698122	0.424904	0.581988	0.155364	0.193285	0.647299	0.753866	0.670753	
0.427891	0.41551	0.507957	0.683633	0.234609	0.431307	0.364651	0.257662	0.0837968	0.716308	0.714152	0.33835	0.330186	0.5326	0.609891	0.838383	0.830905	0.694387	0.407264	0.479645	0.842789	0.583081	1.01438	0.370147	0.494279	
0.351716	0.785325	0.627588	0.413324	0.483949	0.918484	0.69791	0.57403	0.770596	0.502875	0.0344217	0.448274	0.391266	0.646277	0.282304	0.534941	0.431422	0.500005	0.524572	0.423636	0.207997	0.345898	0.455285	0.628674	0.51016	
0.287263	0.69363	0.727541	0.457753	0.209021	0.72762	0.084862	0.478882	0.308945	0.857539	0.643805	0.188158	0.421265	0.23734	0.439749	0.963787	0.919705	0.440706	0.598671	0.265134	0.830188	0.68361	0.828346	0.0739005	0.234852	
0.290121	0.86981	0.74096	0.260003	0.46721	0.989051	0.61882	0.636983	0.766376	0.653448	0.136972	0.395543	0.447513	0.529579	0.149801	0.693768	0.591972	0.34833	0.622347	0.322707	0.351548	0.482952	0.342715	0.54704	0.399588	
0.242026	0.725603	0.593179	0.350702	0.375588	0.849344	0.587948	0.498526	0.666853	0.522167	0.12455	0.337047	0.309668	0.546954	0.208123	0.577848	0.48819	0.431569	0.475059	0.321994	0.311057	0.343237	0.488136	0.519356	0.410242	
