25	25
86.3759	81.7978
13.8523	61.9996
32.5615	37.4902
34.9596	72.9601
1.96432	98.6916
85.4528	153.175
53.5172	13.6969
46.8418	16.6574
25.6072	11.8416
11.3619	60.7607
78.839	78.6053
71.2902	90.8486
9.45896	82.8133
58.6981	49.3397
15.9111	93.5103
5.95844	123.88
50.9611	149.652
5.25733	63.0331
79.8312	119.91
60.626	59.3434
71.8109	22.1212
85.7124	76.595
58.5594	119.316
19.2905	94.0356
69.6884	69.1489
2.88074
30.2953
24.7647
18.6859
2.40161
6.10373
21.2364
23.1228
16.3994
6.01696
32.8117
6.86365
14.4256
30.5882
0.491753
9.72772
21.2075
0.261616
16.9843
24.9877
10.2076
2.99917
14.3938
22.9214
19.4654
0.26945	0.743182	0.29518	0.722624	0.671183	0.474789	0.165994	0.33709	0.485129	0.857449	0.298056	0.373692	0.579176	0.701013	0.297712	0.145679	0.408335	0.52068	0.597709	0.585477	0.483673	0.393308	0.135753	0.306072	0.619598	
0.316703	0.893341	0.386221	0.868216	0.730511	0.565736	0.159122	0.38976	0.632298	1.00777	0.311627	0.450487	0.720772	0.796753	0.392719	0.110865	0.504895	0.666087	0.738904	0.73545	0.515011	0.420511	0.0788978	0.4096	0.769798	
0.669191	0.297423	0.58321	0.169813	0.86649	0.640986	0.611903	0.687287	0.281889	0.353063	0.591714	0.435754	0.379539	0.432056	0.398727	0.636809	0.594914	0.0325949	0.0708272	0.218063	0.815913	0.767927	0.685496	0.369522	0.216792	
0.515947	0.654469	0.4948	0.547352	0.8719	0.646455	0.246473	0.571212	0.47209	0.736	0.206291	0.119101	0.592641	0.427633	0.0316708	0.284156	0.579493	0.359074	0.403866	0.517016	0.722756	0.641083	0.400365	0.0329198	0.540059	
0.189524	0.801774	0.206284	0.916676	0.237716	0.192565	0.614076	0.122081	0.540454	0.940062	0.75597	0.807774	0.539597	1.08739	0.722032	0.577977	0.198842	0.752219	0.84716	0.668442	0.0362192	0.0819508	0.419342	0.7188	0.70482	
0.833385	0.495028	0.766181	0.264319	1.08406	0.853281	0.652456	0.865922	0.512474	0.49748	0.57592	0.386881	0.614008	0.213785	0.399727	0.690254	0.80025	0.246579	0.170609	0.45008	1.00643	0.945699	0.788166	0.376006	0.443027	
0.547076	0.933107	0.586419	0.838233	0.958417	0.766152	0.125446	0.618828	0.715476	1.02324	0.101837	0.29219	0.826553	0.630302	0.284502	0.157931	0.699474	0.648487	0.694252	0.786136	0.756952	0.662957	0.326623	0.312676	0.813687	
0.883827	0.216052	0.783969	0.0977494	0.995839	0.79404	0.869582	0.887698	0.421218	0.151656	0.84429	0.676715	0.457299	0.562068	0.650926	0.893894	0.764305	0.288592	0.242917	0.295644	0.99718	0.966144	0.932859	0.621903	0.261966	
0.14969	0.657903	0.0737359	0.762254	0.308924	0.115658	0.533333	0.0989098	0.389557	0.795344	0.660301	0.684049	0.403376	0.94399	0.596742	0.506031	0.067721	0.597391	0.692365	0.518537	0.19134	0.163136	0.375707	0.589611	0.555519	
0.490278	0.3544	0.377158	0.542841	0.44891	0.284152	0.742974	0.453931	0.198901	0.489701	0.819254	0.755435	0.0976423	0.890845	0.67665	0.73593	0.289608	0.460585	0.540899	0.272182	0.506896	0.513799	0.665672	0.655551	0.296925	
0.75578	0.752369	0.733486	0.570612	1.10687	0.877879	0.422985	0.811554	0.644881	0.795755	0.294391	0.130664	0.766567	0.236655	0.210904	0.470206	0.812277	0.441008	0.432457	0.648163	0.96309	0.881141	0.618814	0.213688	0.659523	
0.317227	0.745645	0.27969	0.898286	0.102611	0.141273	0.73304	0.244191	0.51407	0.88305	0.864843	0.889024	0.478419	1.13531	0.801565	0.702068	0.197271	0.758652	0.8524	0.633023	0.163883	0.235138	0.555468	0.79324	0.666193	
0.650012	0.715954	0.630983	0.56397	1.00728	0.780436	0.326104	0.706741	0.574384	0.776677	0.216188	0.02742	0.6967	0.322026	0.105637	0.371955	0.713951	0.404487	0.419083	0.595792	0.858296	0.775515	0.51463	0.113192	0.612399	
0.180928	0.814559	0.20856	0.925346	0.254153	0.209199	0.604352	0.117422	0.551073	0.952714	0.747727	0.803832	0.553537	1.08769	0.718553	0.567375	0.211303	0.758417	0.853264	0.679498	0.0341367	0.0660761	0.40669	0.716091	0.716098	
0.309052	0.537147	0.205992	0.683086	0.295182	0.0834479	0.643771	0.260315	0.299024	0.67547	0.751015	0.735501	0.270698	0.945033	0.64914	0.624936	0.0946244	0.549611	0.642045	0.418135	0.30473	0.313087	0.518278	0.635192	0.451867	
0.200394	0.62434	0.168115	0.646716	0.549632	0.335402	0.314338	0.245689	0.352457	0.748379	0.425238	0.445432	0.434399	0.728247	0.358737	0.299163	0.267317	0.452487	0.541496	0.46633	0.396526	0.32029	0.236673	0.354335	0.502828	
0.555287	1.05767	0.622022	0.982852	0.968193	0.802763	0.211703	0.628228	0.820118	1.15667	0.25997	0.450144	0.92231	0.787091	0.435952	0.205896	0.740358	0.787807	0.840929	0.905094	0.748368	0.654471	0.316952	0.462894	0.935531	
0.322951	0.500625	0.213922	0.644751	0.332445	0.119898	0.634194	0.280923	0.260753	0.639043	0.735464	0.711472	0.235152	0.91227	0.625827	0.618036	0.115483	0.512895	0.604919	0.379906	0.33813	0.339618	0.520739	0.610673	0.413798	
0.602654	0.819409	0.609257	0.692444	0.991554	0.77667	0.21371	0.66777	0.639053	0.89409	0.0746731	0.120443	0.758633	0.45488	0.146437	0.26202	0.708525	0.516456	0.546721	0.684889	0.816651	0.727243	0.425438	0.174813	0.707047	
0.364626	0.70554	0.367651	0.652916	0.749826	0.538487	0.141935	0.42722	0.469921	0.809088	0.22275	0.268011	0.577802	0.595151	0.190963	0.155333	0.470372	0.451712	0.519648	0.55209	0.577383	0.490231	0.234141	0.200178	0.582919	
0.430061	0.328497	0.320247	0.43805	0.540615	0.322096	0.591545	0.419969	0.0549949	0.463544	0.652996	0.579737	0.125732	0.725823	0.502226	0.591475	0.288117	0.308632	0.398448	0.183509	0.521112	0.495457	0.551911	0.480344	0.220577	
0.778548	0.760611	0.755448	0.573153	1.12809	0.898677	0.44505	0.834056	0.660362	0.800228	0.314329	0.153722	0.781707	0.219476	0.233685	0.492411	0.833292	0.450511	0.43726	0.659972	0.985576	0.903861	0.641729	0.235798	0.670226	
0.283174	0.649717	0.270625	0.631724	0.652749	0.438419	0.225578	0.339206	0.3955	0.763448	0.323318	0.347265	0.494976	0.648631	0.262229	0.221456	0.370258	0.430374	0.510605	0.492312	0.490716	0.40821	0.222533	0.261835	0.526101	
0.616263	0.887267	0.635595	0.764219	1.01636	0.80881	0.200913	0.684631	0.697803	0.964467	0.0494875	0.190935	0.815657	0.512469	0.214736	0.246927	0.740742	0.586668	0.618512	0.749908	0.830183	0.738346	0.418297	0.24371	0.773282	
0.277169	0.498444	0.162988	0.612886	0.386505	0.154877	0.556049	0.251314	0.232992	0.635931	0.655432	0.63368	0.247297	0.846571	0.547554	0.5415	0.110544	0.46307	0.557246	0.360934	0.343107	0.32223	0.453479	0.533214	0.397482	
