15	40
16.8553	43.2172
5.04084	100.86
15.9862	151.547
32.9388	95.8229
36.824	133.463
76.859	66.5662
21.3154	35.199
3.19077	45.0934
67.0856	137.867
51.97	99.1227
46.642	33.9451
87.0748	83.7107
54.799	122.745
54.6622	104.301
62.1233	83.7084
10.6625
21.1982
7.54956
28.8551
32.5631
19.9856
5.30575
22.0573
6.93243
20.2887
21.6375
9.16492
8.14356
3.85915
24.6339
16.7672
13.5359
22.4663
16.5886
26.4539
24.8444
19.0808
20.9867
14.9753
0.336137
12.8038
17.5161
30.4848
4.07444
28.8309
12.2521
21.4462
18.4144
5.68581
27.3277
1.6479
3.14242
22.4819
17.7951
25.8079
0.428725	0.614069	0.464293	0.622917	0.620637	0.20397	0.356591	0.354489	0.640318	0.139426	0.0297337	0.703087	0.381941	0.529217	0.719841	0.25302	0.307025	0.598937	0.724491	0.535349	0.0761704	0.151016	0.358901	0.577207	0.284765	0.583295	0.470772	0.717238	0.293835	0.448515	0.365862	0.491486	0.589611	0.314345	0.36922	0.610372	0.323579	0.290357	0.526299	0.381772	
0.355802	0.796381	0.591559	0.688126	0.803497	0.354669	0.538144	0.52235	0.779961	0.13883	0.155389	0.75985	0.413912	0.639269	0.883598	0.116816	0.459167	0.527772	0.806248	0.701843	0.149101	0.329211	0.518912	0.758327	0.104527	0.766814	0.623142	0.747264	0.130239	0.311365	0.310467	0.341299	0.760563	0.381136	0.201149	0.55106	0.482534	0.339924	0.708331	0.205488	
0.734307	0.179545	0.346771	0.613537	0.186721	0.304868	0.157635	0.269791	0.392974	0.548964	0.461918	0.691015	0.551507	0.432229	0.353749	0.68091	0.249774	0.863958	0.641083	0.198025	0.476867	0.313057	0.310527	0.144781	0.719204	0.153508	0.245977	0.765085	0.72639	0.824664	0.669607	0.877859	0.209773	0.465919	0.783318	0.854342	0.217568	0.563309	0.0920587	0.803033	
0.409548	0.487093	0.232948	0.415441	0.499366	0.0409156	0.341575	0.407708	0.414318	0.370306	0.243026	0.498691	0.243667	0.299227	0.520593	0.467483	0.0963675	0.544676	0.503126	0.344702	0.221078	0.246747	0.433681	0.442109	0.470545	0.474742	0.256039	0.535065	0.496441	0.5083	0.34503	0.563741	0.409089	0.154276	0.489601	0.53937	0.126356	0.500986	0.402538	0.515836	
0.515713	0.632362	0.545817	0.719602	0.636097	0.283711	0.346241	0.312736	0.712251	0.0971737	0.112522	0.800522	0.481837	0.61638	0.771199	0.233688	0.379295	0.68839	0.817563	0.586613	0.167745	0.143212	0.306359	0.600729	0.294745	0.594743	0.537145	0.816825	0.285483	0.513481	0.455602	0.549862	0.63395	0.413328	0.414089	0.702468	0.389496	0.190835	0.547356	0.41843	
0.463047	0.543253	0.415854	0.598349	0.54992	0.153924	0.291938	0.303624	0.583975	0.199997	0.098558	0.68054	0.379962	0.487251	0.653667	0.322011	0.250223	0.627617	0.69136	0.468791	0.126079	0.0980655	0.314341	0.506373	0.355512	0.51288	0.410631	0.70524	0.364267	0.50224	0.397483	0.548475	0.521281	0.301822	0.43324	0.634572	0.262606	0.312565	0.455456	0.448099	
0.648554	0.660743	0.655621	0.848384	0.660581	0.399624	0.356794	0.281484	0.807307	0.180847	0.250081	0.930392	0.61846	0.732256	0.838735	0.291025	0.483386	0.822133	0.940275	0.658694	0.30514	0.209491	0.257881	0.63721	0.373992	0.615592	0.629036	0.951401	0.346475	0.630396	0.590306	0.660517	0.695888	0.547146	0.516949	0.837795	0.486422	0.0685219	0.583033	0.513727	
0.186963	1.05587	0.705188	0.645351	1.06795	0.584452	0.861748	0.876885	0.889126	0.526466	0.495581	0.683263	0.412992	0.704229	1.05158	0.454952	0.659381	0.241975	0.775352	0.896907	0.450847	0.670999	0.882246	1.01085	0.365577	1.04165	0.789109	0.616522	0.415614	0.0766338	0.234331	0.0669529	0.964999	0.462412	0.20592	0.283612	0.692163	0.726023	0.970791	0.228327	
0.448252	0.882298	0.708964	0.808034	0.887612	0.463974	0.604664	0.567809	0.89544	0.162104	0.24923	0.878745	0.532395	0.759081	0.98998	0.0272773	0.569263	0.61315	0.926878	0.80627	0.260375	0.39741	0.555974	0.847283	0.0699057	0.848086	0.734154	0.862236	0.0283044	0.364386	0.412899	0.376999	0.861896	0.501929	0.2298	0.641357	0.59011	0.313224	0.795332	0.21385	
0.529277	0.548362	0.479703	0.673873	0.552479	0.222601	0.268046	0.252165	0.637856	0.178582	0.131821	0.756466	0.457754	0.555328	0.68861	0.313553	0.308679	0.697265	0.763459	0.504481	0.178976	0.05978	0.25501	0.516212	0.365591	0.511709	0.460856	0.783	0.362919	0.552179	0.465076	0.594229	0.55029	0.37985	0.467793	0.706322	0.314803	0.242633	0.462966	0.477263	
0.426915	0.522781	0.349282	0.528319	0.531596	0.0872341	0.305549	0.340586	0.52303	0.256583	0.135112	0.610702	0.318308	0.418294	0.606504	0.366072	0.18971	0.584147	0.621095	0.423063	0.133496	0.147641	0.358007	0.482381	0.384911	0.498556	0.353823	0.637703	0.402126	0.488077	0.360184	0.538522	0.480402	0.236295	0.437856	0.587317	0.207378	0.38289	0.434629	0.457785	
0.570361	0.486082	0.455835	0.669384	0.489613	0.213899	0.203415	0.197211	0.601419	0.242418	0.188607	0.752827	0.474883	0.536429	0.637806	0.37798	0.282604	0.734035	0.750066	0.455439	0.228976	0.00943118	0.206986	0.455333	0.429985	0.448225	0.423058	0.788188	0.427633	0.605826	0.504659	0.650087	0.497049	0.391328	0.527771	0.739884	0.28224	0.274624	0.401662	0.5388	
0.133935	0.894803	0.573451	0.570478	0.906085	0.421159	0.691958	0.707383	0.764	0.373895	0.327822	0.625609	0.302525	0.58852	0.911724	0.331387	0.503683	0.294359	0.69997	0.747711	0.281346	0.501316	0.713689	0.850705	0.254052	0.877878	0.645041	0.583667	0.307144	0.100019	0.124037	0.154019	0.81458	0.326379	0.132659	0.322938	0.535473	0.577894	0.808535	0.169253	
0.73878	0.417713	0.542598	0.786589	0.414846	0.349105	0.119497	0.0293229	0.647508	0.377618	0.354777	0.869854	0.626498	0.629923	0.630599	0.512297	0.380226	0.900005	0.848469	0.46677	0.398234	0.178901	0.0454859	0.401694	0.578156	0.368636	0.476214	0.919269	0.566167	0.774446	0.672676	0.817409	0.486523	0.538937	0.690453	0.903751	0.365441	0.312236	0.349299	0.69839	
0.264853	0.68635	0.271325	0.225895	0.702193	0.303152	0.602323	0.671663	0.441874	0.538496	0.418752	0.294237	0.0526196	0.253802	0.618399	0.582456	0.307094	0.328401	0.351842	0.490014	0.369173	0.498261	0.696746	0.63911	0.542655	0.689374	0.375273	0.29254	0.587228	0.421842	0.230844	0.478119	0.55812	0.115825	0.477876	0.30914	0.337852	0.715324	0.613557	0.513458	
