10	30
126.659	35.4245
30.5023	140.014
74.3628	60.6618
20.2726	153.816
56.9229	113.385
5.0694	29.029
6.47474	129.653
179.234	108.126
42.8484	52.7941
53.032	19.7408
2.29533
10.3741
1.82433
11.2463
4.99501
10.4312
9.31693
8.50749
8.97872
10.2917
2.88883
7.79693
2.60387
1.03989
8.55499
10.7682
0.0894097
5.16239
7.84821
1.77349
10.8421
0.330229
5.41771
0.0593074
1.57841
0.675029
5.1923
2.30677
4.54467
10.7949
0.547066	0.567287	0.610379	0.787562	0.762383	0.615103	0.689848	0.544765	0.832134	0.592242	0.647781	0.869553	0.546203	0.566689	0.477511	0.880991	0.886809	0.608947	0.979362	0.293357	0.550051	0.453944	0.134433	0.521168	0.718631	0.353351	0.390375	0.124283	0.814693	0.374044	
0.3625	0.410901	0.452553	0.835732	0.929525	0.439351	0.765625	0.638803	0.889748	0.703359	0.536139	0.891458	0.618962	0.382554	0.309546	0.840827	0.879062	0.757672	0.973243	0.434096	0.38897	0.329636	0.297607	0.554427	0.668882	0.508183	0.581781	0.247771	0.768139	0.298874	
0.912494	0.791363	0.808603	0.0264871	0.605319	0.893052	0.132984	0.279845	0.0420974	0.294594	0.640576	0.152303	0.252646	0.918601	0.814972	0.405294	0.275941	0.452909	0.316005	0.543136	0.805432	0.683579	0.680633	0.296717	0.419635	1.04914	0.727589	0.914932	0.414212	0.603617	
0.832829	0.720151	0.741739	0.107054	0.557088	0.821815	0.0649945	0.17649	0.146585	0.210741	0.587981	0.227614	0.142186	0.840608	0.732827	0.425622	0.322698	0.382173	0.385592	0.433905	0.731535	0.602489	0.57003	0.199187	0.393523	0.94064	0.628472	0.804444	0.414581	0.512774	
0.922854	0.874653	0.912677	0.571104	0.282072	0.958872	0.429938	0.302059	0.579672	0.268335	0.84413	0.699631	0.36466	0.938946	0.826516	0.860482	0.786557	0.158119	0.856826	0.227086	0.870615	0.732903	0.353381	0.458032	0.761138	0.561886	0.184111	0.549427	0.824288	0.613507	
0.565638	0.568242	0.611175	0.722966	0.701259	0.626184	0.622275	0.476134	0.7661	0.522862	0.627557	0.808854	0.47965	0.584603	0.486825	0.834315	0.832056	0.54251	0.923693	0.224454	0.553805	0.444294	0.0670402	0.461457	0.676423	0.381422	0.346737	0.18459	0.770407	0.350709	
1.11795	1.03587	1.06675	0.454134	0.180384	1.13223	0.335424	0.327253	0.426562	0.242515	0.947033	0.585249	0.390943	1.13067	1.01588	0.823727	0.706851	0.160975	0.747946	0.478178	1.03959	0.899094	0.63339	0.516546	0.785936	0.874358	0.491652	0.852319	0.814541	0.785171	
0.734768	0.779237	0.821804	0.975375	0.806665	0.812988	0.86126	0.70895	1.01219	0.736232	0.875274	1.07076	0.727392	0.754876	0.681509	1.10533	1.10115	0.700706	1.19193	0.439707	0.759136	0.676939	0.303589	0.726981	0.945956	0.134722	0.389923	0.126152	1.04083	0.603483	
0.167934	0.0280258	0.0598565	0.740206	1.09783	0.129825	0.742234	0.683994	0.804805	0.768177	0.176452	0.731638	0.627156	0.16642	0.114045	0.564649	0.660938	0.896965	0.745702	0.632577	0.0479546	0.120439	0.583317	0.507371	0.406496	0.90519	0.867363	0.647802	0.491037	0.239379	
0.784458	0.653255	0.664779	0.147754	0.746524	0.753297	0.251801	0.346275	0.20661	0.397212	0.485274	0.110383	0.287496	0.787881	0.69283	0.238515	0.138361	0.570707	0.217897	0.565594	0.670695	0.563091	0.674876	0.251236	0.251321	1.06611	0.789732	0.894456	0.240313	0.505663	
