10	20
61.6919	25.3722
68.7005	27.0521
178.574	72.0039
121.792	42.9219
144.791	73.4451
63.7478	19.3465
33.3395	12.1712
32.1195	12.3601
91.8733	63.4986
79.0181	147.577
13.6099
24.4278
26.366
6.73619
21.4105
2.45731
3.7135
23.8923
26.3302
12.4073
1.67254
17.0803
20.0217
22.2736
24.4234
24.7067
29.3609
16.4578
11.7096
1.44155
0.376184	0.804894	0.821657	0.660682	0.704064	0.542662	0.832995	0.556595	0.590665	0.669658	0.163803	0.55969	0.189663	0.826877	0.460773	0.987066	0.671407	0.160855	0.840911	0.788341	
0.967783	1.17126	0.793519	0.5168	0.439156	0.288333	1.20517	0.197268	0.283217	0.764989	0.471609	0.714573	0.783458	1.04515	0.971585	0.813728	0.721404	0.645286	1.09008	1.13784	
0.307114	0.858174	1.03813	0.91692	0.972222	0.818981	0.878685	0.834096	0.867169	0.869201	0.440251	0.759013	0.250907	0.956517	0.47334	1.22478	0.884389	0.370096	0.954241	0.854498	
0.292252	0.687794	0.742572	0.614472	0.675459	0.53894	0.715911	0.571513	0.587091	0.580603	0.213817	0.469481	0.104975	0.716813	0.349607	0.922869	0.589483	0.0669775	0.7282	0.671435	
0.0576339	0.507719	0.800539	0.76815	0.857574	0.766601	0.527246	0.818245	0.812024	0.621584	0.497049	0.52453	0.191938	0.634398	0.123772	1.01244	0.654243	0.304779	0.622411	0.506619	
0.948065	0.969321	0.471917	0.214559	0.1015	0.176214	1.00264	0.207695	0.131073	0.500908	0.56347	0.496744	0.798098	0.786651	0.886267	0.458845	0.447068	0.645893	0.839951	0.93087	
0.855026	0.797024	0.287243	0.0426389	0.0871143	0.244663	0.829665	0.324698	0.230892	0.319249	0.566475	0.335465	0.732199	0.601686	0.764381	0.326815	0.263843	0.587691	0.65622	0.757601	
0.687699	0.484548	0.167826	0.288286	0.404819	0.48334	0.516063	0.574316	0.497212	0.0127069	0.61816	0.123834	0.631923	0.284196	0.548384	0.385966	0.0558508	0.529452	0.337223	0.444333	
0.525742	0.281928	0.375174	0.48095	0.597597	0.624069	0.315534	0.71004	0.650813	0.214584	0.6242	0.192657	0.525557	0.193428	0.362464	0.597186	0.268137	0.472867	0.213061	0.244373	
0.661046	0.923534	0.694915	0.452645	0.447009	0.252783	0.956514	0.236285	0.294903	0.600793	0.167566	0.516576	0.475969	0.847915	0.677061	0.798221	0.574629	0.340404	0.882548	0.894785	
