25	25
17.8194	115.559
67.0595	32.2559
89.1503	107.628
16.2244	130.951
5.0075	74.8279
50.7551	138.634
25.2856	88.8779
75.5476	27.3718
80.9734	124.049
12.2367	87.1474
14.5786	122.954
67.3799	103.964
21.3469	36.0249
25.6956	91.3034
70.9491	81.3617
60.6898	33.3726
69.18	37.999
74.241	58.1649
13.6149	115.409
71.7124	78.846
45.8758	138.334
67.7746	52.9533
9.8293	29.3064
69.0226	31.737
3.76677	15.6938
10.5408
98.5359
32.2576
87.3348
68.0437
18.3621
28.4171
95.9401
20.5149
46.2292
95.3323
15.236
44.9937
44.8279
72.4236
88.0878
70.0228
9.53786
32.2026
96.7472
83.7381
38.8105
2.09961
49.6591
53.2551
0.546505	0.761983	0.615877	0.783961	0.285975	0.375285	0.576726	0.841527	0.041097	0.505367	0.148325	0.475941	0.773071	0.764312	0.960788	0.688775	0.215504	0.129729	0.824913	0.551766	0.444297	0.631285	0.419679	0.593747	0.357614	
0.868887	0.91313	0.663015	0.767982	0.622285	0.222786	0.415154	0.944797	0.298487	0.689249	0.213646	0.786938	0.806588	0.86634	1.04491	0.912022	0.451277	0.248727	0.816439	0.876313	0.779628	0.564334	0.741024	0.53431	0.166009	
0.491586	0.734587	0.610205	0.785195	0.230757	0.411803	0.605297	0.8215	0.0958225	0.476848	0.203292	0.422621	0.766182	0.745648	0.942627	0.64923	0.191386	0.182518	0.824193	0.496657	0.38904	0.644255	0.365103	0.606654	0.412079	
0.913884	0.522212	0.230021	0.159117	0.825263	0.415476	0.245156	0.457554	0.691271	0.48828	0.718487	0.817901	0.25485	0.40475	0.504596	0.667737	0.567361	0.74285	0.205543	0.928722	0.921281	0.0766735	0.826408	0.113544	0.799961	
0.151505	0.654059	0.691119	0.883177	0.125358	0.707373	0.854973	0.783059	0.449433	0.443496	0.556297	0.135814	0.81869	0.725615	0.905416	0.481831	0.346796	0.532061	0.907267	0.151529	0.0433554	0.818852	0.0718446	0.785167	0.762803	
0.957467	0.676825	0.366962	0.356528	0.813419	0.277102	0.0632891	0.636712	0.606373	0.574343	0.604618	0.859706	0.442522	0.573972	0.696858	0.785936	0.550242	0.634557	0.403482	0.970852	0.935357	0.160834	0.851679	0.162808	0.64421	
0.474959	0.612656	0.478103	0.655271	0.262873	0.344413	0.511368	0.692792	0.164846	0.356671	0.26659	0.388824	0.633825	0.616051	0.812838	0.549181	0.0672054	0.262206	0.693322	0.483871	0.405831	0.524733	0.348734	0.487422	0.467806	
0.433717	0.768524	0.681462	0.863489	0.161374	0.515871	0.706933	0.868446	0.189618	0.513466	0.282603	0.380948	0.834223	0.795746	0.991837	0.655985	0.252945	0.253811	0.899878	0.435938	0.314158	0.735445	0.314783	0.698019	0.482188	
0.839767	0.657951	0.362057	0.428464	0.672093	0.12762	0.101345	0.651504	0.449945	0.500108	0.450199	0.743052	0.483569	0.578468	0.734696	0.726229	0.413317	0.479274	0.477453	0.8521	0.803029	0.220201	0.726267	0.193413	0.510025	
0.216822	0.383664	0.506283	0.686645	0.347094	0.701016	0.781534	0.521238	0.572945	0.239311	0.682705	0.151261	0.599757	0.475679	0.638984	0.198539	0.364441	0.671093	0.699299	0.232594	0.305102	0.684703	0.212498	0.658651	0.888705	
0.727754	0.770984	0.541156	0.670419	0.494766	0.161476	0.376417	0.813216	0.193781	0.539969	0.167318	0.642301	0.6925	0.734007	0.919417	0.760787	0.300871	0.19794	0.717108	0.736179	0.648572	0.481656	0.600711	0.44695	0.271058	
0.594103	0.183673	0.143993	0.303694	0.598452	0.539733	0.511886	0.223045	0.625984	0.162112	0.705569	0.507523	0.216792	0.1454	0.3422	0.294758	0.40925	0.713654	0.314698	0.60988	0.641891	0.354645	0.53917	0.342418	0.868057	
0.175528	0.6892	0.720149	0.912358	0.119994	0.718128	0.872149	0.81757	0.446447	0.475856	0.550805	0.170718	0.849957	0.759414	0.940143	0.517435	0.362479	0.524924	0.93737	0.172881	0.0402152	0.842549	0.107395	0.808331	0.755068	
0.0678234	0.665801	0.760643	0.949364	0.263468	0.832913	0.966792	0.8041	0.587631	0.497027	0.694744	0.149169	0.87204	0.757221	0.921257	0.468868	0.467514	0.670411	0.967575	0.053345	0.109327	0.911049	0.149089	0.879626	0.901108	
0.403344	0.69577	0.60964	0.793372	0.142701	0.476909	0.656889	0.794489	0.184471	0.440016	0.292068	0.337704	0.761503	0.721678	0.917814	0.589541	0.181701	0.269847	0.828873	0.408073	0.300629	0.672361	0.277683	0.635209	0.500259	
0.627693	0.454066	0.215698	0.376287	0.507705	0.269854	0.306872	0.483537	0.4014	0.267083	0.458531	0.529899	0.372074	0.404542	0.589447	0.495172	0.248334	0.473888	0.417129	0.641265	0.613904	0.251346	0.525294	0.215881	0.601172	
0.799033	0.253535	0.194791	0.170797	0.809791	0.637874	0.534694	0.147373	0.802838	0.374707	0.867854	0.716232	0.060529	0.123607	0.197157	0.450886	0.603688	0.88172	0.148752	0.814887	0.853913	0.343312	0.751066	0.35405	1.00447	
0.895563	0.396794	0.204511	0.0309561	0.864475	0.574448	0.430763	0.29724	0.798815	0.457869	0.846478	0.806023	0.100141	0.266907	0.32097	0.5805	0.629472	0.865782	0.0195778	0.911234	0.931721	0.241459	0.830506	0.265193	0.956083	
0.343332	0.59307	0.529559	0.718294	0.141308	0.477115	0.631825	0.69589	0.252818	0.339203	0.364172	0.262351	0.676469	0.624861	0.819827	0.485503	0.122955	0.348879	0.750522	0.351417	0.272519	0.618377	0.215915	0.582451	0.573346	
0.809171	0.585874	0.286262	0.356419	0.663776	0.18958	0.122026	0.575282	0.476434	0.443489	0.492957	0.711542	0.407236	0.502867	0.657945	0.665288	0.400165	0.519019	0.405175	0.822307	0.784775	0.153561	0.70168	0.12209	0.573965	
0.97029	0.505181	0.266055	0.0952693	0.911081	0.539461	0.364774	0.410466	0.8043	0.533366	0.83766	0.877337	0.209861	0.376726	0.428728	0.679597	0.661559	0.860763	0.119373	0.985678	0.993339	0.197943	0.894576	0.232191	0.924078	
0.387114	0.340547	0.322168	0.513312	0.359251	0.496488	0.565825	0.442533	0.446036	0.0850289	0.544848	0.2917	0.44831	0.373699	0.566786	0.275283	0.214004	0.543036	0.53618	0.402024	0.40988	0.477113	0.308943	0.448567	0.736776	
0.786375	0.201272	0.269251	0.26333	0.829091	0.718784	0.626936	0.0646294	0.85676	0.387279	0.929432	0.710766	0.15559	0.0976699	0.11322	0.41145	0.645333	0.940581	0.234649	0.802153	0.855793	0.436664	0.75333	0.445329	1.07679	
0.213517	0.574202	0.580519	0.772754	0.110353	0.600505	0.740664	0.694965	0.375421	0.343912	0.486389	0.137717	0.713494	0.632217	0.818916	0.426439	0.235657	0.467418	0.798799	0.221591	0.159268	0.702891	0.0861379	0.669071	0.695959	
0.97138	0.481027	0.270455	0.0803984	0.926101	0.581472	0.412574	0.376874	0.83514	0.533183	0.873187	0.880201	0.184566	0.350901	0.385475	0.664352	0.682126	0.895155	0.0831691	0.986942	1.0014	0.239089	0.901266	0.271084	0.966153	
