25	25
13.6466	65.461
19.6832	61.102
79.9286	29.5941
0.510461	10.0356
58.4144	140.553
47.201	56.8196
9.78433	57.0675
45.2512	108.034
44.3655	109.792
28.9553	29.302
35.5964	145.411
43.0486	11.2948
18.9415	139.574
40.8611	66.6729
37.7699	39.7169
37.1036	71.2745
85.9883	111.945
61.0142	152.037
1.13432	11.7568
21.8018	94.2843
27.6632	97.7469
46.2625	50.029
60.0864	92.0898
37.6784	22.8728
27.9652	146.522
53.1719
9.73428
41.5331
54.3901
30.9891
54.2715
59.3326
36.4469
64.9101
1.68849
58.8492
42.2807
52.69
35.4743
56.0553
32.1686
56.9108
53.5935
29.3603
54.9981
14.1489
36.8505
9.29442
14.3003
7.05049
0.700805	0.789739	0.864736	0.674764	0.226314	0.742712	0.159032	0.170998	0.324947	0.534815	0.133164	0.849864	0.206962	0.59508	0.128843	1.02494	0.298604	0.129033	0.327528	0.528187	0.744903	0.87924	0.795077	0.358369	0.670375	
0.976053	0.448551	0.49866	0.182922	0.504268	0.755771	0.386291	0.407898	0.449575	0.144364	0.508848	0.472704	0.660658	0.541884	0.433814	0.802789	0.250626	0.471963	0.361171	0.078299	0.815381	0.377236	0.249813	0.542688	0.896691	
0.61516	0.25803	0.302206	0.764043	0.884938	0.228117	0.663595	0.594406	0.425959	0.737637	0.622303	0.315105	0.953246	0.162418	0.63664	0.275676	0.647047	0.621218	0.436124	0.672191	0.314576	0.541875	0.677943	0.423957	0.515838	
0.990393	0.226088	0.24696	0.364637	0.764935	0.671045	0.602698	0.589516	0.540504	0.41286	0.677172	0.219006	0.905333	0.483541	0.627307	0.585444	0.492834	0.649333	0.470827	0.352953	0.749359	0.128894	0.222648	0.613923	0.89697	
1.11486	0.37385	0.385136	0.25914	0.759356	0.814127	0.633812	0.640793	0.631393	0.351989	0.737295	0.357553	0.916456	0.618684	0.672819	0.728454	0.504125	0.704182	0.55126	0.308012	0.89004	0.152561	0.0767356	0.714478	1.02442	
0.541142	0.407339	0.482717	0.621667	0.574384	0.360794	0.351559	0.275744	0.105959	0.5404	0.301956	0.475923	0.63175	0.171731	0.316776	0.596733	0.371048	0.299418	0.127736	0.48639	0.39869	0.598022	0.625559	0.143955	0.458437	
0.785391	0.299937	0.286204	0.875712	1.08885	0.380257	0.871249	0.807784	0.646304	0.881573	0.842716	0.312576	1.16893	0.385814	0.850825	0.065236	0.835763	0.839244	0.647197	0.814917	0.461616	0.555716	0.744286	0.647355	0.688895	
0.558562	0.325218	0.367843	0.819761	0.904127	0.163102	0.68138	0.607174	0.430465	0.785676	0.624243	0.38161	0.960718	0.160361	0.648019	0.28757	0.678105	0.62751	0.453849	0.721179	0.250191	0.608913	0.741127	0.413548	0.459588	
0.204852	0.670479	0.736035	0.953233	0.758397	0.29848	0.565754	0.480089	0.332853	0.858627	0.424649	0.739377	0.736509	0.332814	0.500466	0.693773	0.649251	0.453958	0.418999	0.811198	0.250196	0.91146	0.96119	0.239759	0.134322	
0.64512	0.279557	0.306635	0.818408	0.958688	0.242515	0.737486	0.668305	0.498803	0.800191	0.694918	0.324986	1.02686	0.231998	0.710481	0.20449	0.718789	0.694558	0.510068	0.734146	0.328966	0.564662	0.718773	0.492644	0.546671	
0.934179	0.187041	0.125277	0.731611	1.04835	0.536241	0.846281	0.799671	0.670215	0.766489	0.857604	0.151613	1.15628	0.457084	0.843069	0.254816	0.778051	0.844288	0.642811	0.701948	0.62313	0.36544	0.573451	0.700259	0.834983	
0.422391	0.720002	0.795106	0.817531	0.502097	0.515815	0.340554	0.267302	0.226821	0.697111	0.179836	0.788741	0.465548	0.431184	0.269659	0.862277	0.458756	0.218102	0.301287	0.665506	0.49728	0.895213	0.880089	0.174096	0.392341	
0.444947	0.409124	0.464627	0.831522	0.833641	0.102499	0.61198	0.531291	0.347798	0.776183	0.532013	0.473386	0.871944	0.111816	0.569024	0.408872	0.63288	0.541325	0.391813	0.715396	0.169264	0.680125	0.782295	0.310677	0.345659	
0.866615	0.0497569	0.0416096	0.617075	0.91108	0.489653	0.710277	0.666192	0.54603	0.638891	0.728387	0.0553877	1.02079	0.362597	0.709375	0.326325	0.640784	0.712975	0.51161	0.573285	0.575931	0.299332	0.479175	0.585571	0.767665	
0.777936	0.346511	0.416061	0.38659	0.515064	0.556276	0.322947	0.298936	0.267841	0.322923	0.385463	0.396739	0.633277	0.342171	0.338258	0.660162	0.245528	0.357745	0.186615	0.261626	0.612658	0.420052	0.39711	0.355021	0.695638	
0.775392	0.262402	0.332932	0.420231	0.599091	0.512872	0.402513	0.369637	0.301326	0.381591	0.447917	0.314583	0.713588	0.301058	0.411019	0.580365	0.329888	0.424429	0.23449	0.316338	0.577558	0.367339	0.388619	0.376849	0.687254	
0.869839	0.380459	0.348292	0.955072	1.19547	0.469196	0.979007	0.916667	0.755977	0.971719	0.952383	0.376196	1.27801	0.49467	0.959805	0.0666434	0.939207	0.948743	0.755913	0.905362	0.545064	0.606345	0.809395	0.756105	0.775792	
0.567205	0.807303	0.883477	0.789256	0.371809	0.668846	0.271118	0.233662	0.305895	0.655001	0.135835	0.872789	0.308337	0.557651	0.209545	0.994031	0.410977	0.169556	0.347279	0.638046	0.655791	0.940645	0.886898	0.297896	0.548119	
0.901605	0.467742	0.527651	0.259804	0.429039	0.711407	0.293936	0.314398	0.369195	0.167991	0.415575	0.503942	0.577283	0.497922	0.340104	0.805503	0.162792	0.378409	0.28063	0.113612	0.763951	0.448749	0.342479	0.463548	0.826371	
0.40971	0.452621	0.519888	0.777308	0.712267	0.210112	0.493292	0.40968	0.226005	0.702856	0.402364	0.521935	0.74239	0.116979	0.445101	0.52994	0.531666	0.414022	0.285036	0.64709	0.236015	0.69484	0.759806	0.179279	0.317187	
0.82347	0.336262	0.312868	0.912774	1.13889	0.420016	0.921785	0.858807	0.6976	0.923808	0.894015	0.340276	1.22004	0.436544	0.901889	0.035662	0.884305	0.890508	0.698142	0.857254	0.498695	0.578295	0.774334	0.698041	0.728124	
0.842783	0.558269	0.625259	0.36015	0.308556	0.713138	0.16545	0.203101	0.312793	0.231348	0.303978	0.604105	0.447825	0.508571	0.219881	0.870083	0.0339817	0.264347	0.233561	0.208636	0.752447	0.576356	0.471491	0.404576	0.777606	
1.26468	0.597126	0.613508	0.143801	0.719525	1.00636	0.6609	0.696634	0.744635	0.287449	0.798353	0.585787	0.892436	0.799103	0.717377	0.95585	0.518953	0.759875	0.656676	0.289249	1.07569	0.370219	0.152161	0.836759	1.18133	
0.712797	0.874763	0.950092	0.75336	0.251166	0.798666	0.245171	0.257594	0.397657	0.61158	0.201189	0.935798	0.161931	0.665291	0.216437	1.09902	0.381555	0.208804	0.410219	0.609533	0.792758	0.967555	0.880276	0.416776	0.694361	
0.771769	0.534326	0.605089	0.418037	0.32831	0.648863	0.138062	0.146495	0.241704	0.296947	0.247959	0.586143	0.444994	0.448526	0.173292	0.827625	0.082728	0.21043	0.164461	0.265497	0.685128	0.588084	0.508509	0.333334	0.706373	
