10	15
155.719	56.9944
131.135	73.5771
1.64384	78.8619
113.612	23.7942
160.34	108.115
78.4947	147.448
124.7	126.694
179.416	15.2739
5.39124	47.2968
140.321	71.4898
23.3215
1.77838
48.6233
27.0752
27.876
45.9899
21.2205
44.3831
20.4977
0.410658
37.8784
10.3986
30.235
15.9167
19.1669
0.798663	0.57846	0.86763	0.159399	0.825888	0.416552	0.728777	0.576751	0.306642	0.0997983	0.641158	0.177278	0.373973	0.331032	0.307711	
0.707283	0.543797	0.978444	0.205677	0.808188	0.648171	0.580162	0.466258	0.30008	0.132032	0.808246	0.390091	0.142867	0.174871	0.525153	
0.775478	0.521154	0.608113	0.288682	0.707261	0.308884	0.789391	0.613033	0.3326	0.368222	0.353041	0.120421	0.605627	0.488703	0.102973	
0.765115	0.548825	0.212968	0.622727	0.567051	0.608047	0.887906	0.726057	0.565168	0.745052	0.113825	0.529954	0.922417	0.763209	0.459859	
0.861578	0.606358	0.617555	0.374222	0.776988	0.235202	0.882219	0.705528	0.426207	0.435738	0.328838	0.169772	0.686915	0.578314	0.0522214	
0.219163	0.0418512	0.622639	0.439826	0.26689	0.863178	0.298966	0.158741	0.291374	0.569191	0.650295	0.589017	0.547106	0.383643	0.658808	
0.262231	0.140849	0.72272	0.379884	0.381082	0.851893	0.238518	0.0625081	0.242944	0.493544	0.710606	0.563673	0.435706	0.280339	0.654086	
1.09316	0.848787	0.936532	0.477927	1.06023	0.157715	1.05613	0.892616	0.602462	0.433699	0.634568	0.289674	0.704088	0.670967	0.273221	
0.0668117	0.236144	0.687352	0.643981	0.198247	1.06402	0.287962	0.272749	0.496804	0.767898	0.795468	0.795073	0.703543	0.557868	0.858418	
0.481489	0.356894	0.26948	0.666994	0.235242	0.879974	0.662505	0.543907	0.542062	0.810583	0.458426	0.694514	0.886371	0.712966	0.688761	
