10	15
83.2331	19.6425
27.2431	142.819
5.0313	87.7765
93.6474	115.862
56.3153	61.7544
141.798	22.4375
101.24	71.3972
2.40324	39.9452
23.6136	120.653
26.3007	82.8234
21.2187
50.4909
11.6319
5.54087
26.427
50.1832
7.7307
47.6856
37.9561
20.6035
8.05619
20.0371
38.9004
7.12664
28.9665
0.254327	0.282345	0.460571	0.279813	0.23671	0.244459	0.0818431	0.224953	0.307118	0.336492	0.369739	0.340035	0.545717	0.51408	0.297955	
0.207186	0.241737	0.479565	0.295288	0.285816	0.295767	0.0274372	0.251458	0.287905	0.338015	0.320644	0.386907	0.53169	0.46586	0.282577	
0.361891	0.536191	0.199348	0.520434	0.370768	0.181261	0.317425	0.450319	0.575107	0.162956	0.458527	0.463321	0.394509	0.571674	0.565596	
0.198084	0.206191	0.511057	0.28853	0.305604	0.33076	0.014314	0.253256	0.260634	0.363324	0.306933	0.403514	0.547373	0.45241	0.257367	
0.505235	0.75241	0.0718548	0.780218	0.63021	0.424818	0.542953	0.711576	0.815529	0.206159	0.55851	0.717308	0.266488	0.618918	0.809186	
0.351469	0.637147	0.478333	0.825592	0.7891	0.667966	0.52635	0.785306	0.757207	0.344547	0.293643	0.89446	0.192406	0.241304	0.763745	
0.4215	0.280594	0.902508	0.558472	0.710712	0.783525	0.461398	0.587476	0.376818	0.721605	0.392942	0.78228	0.795406	0.439175	0.399081	
0.46124	0.570242	0.288946	0.478726	0.287702	0.0720383	0.360774	0.403671	0.57651	0.301998	0.568853	0.362275	0.531	0.693285	0.562275	
0.450668	0.420717	0.510169	0.246111	0.0540952	0.169064	0.273767	0.171324	0.380453	0.45175	0.566627	0.156187	0.683974	0.710259	0.361634	
0.229993	0.333724	0.693078	0.607913	0.680406	0.674236	0.375287	0.6027	0.469077	0.508073	0.144316	0.775231	0.534989	0.169004	0.484672	
