10	15
150.291	14.4353
87.7572	86.5974
13.3039	140.008
49.6968	119.828
15.3732	137.191
155.367	93.9981
79.6138	157.32
111.826	69.2326
5.52537	131.459
136.389	105.263
2.5287
78.0879
93.6263
48.7185
58.6636
8.06863
1.05622
67.1708
58.1843
54.2571
53.6919
92.2979
45.5969
18.5955
23.0112
0.837687	0.466238	0.23638	0.403492	0.231282	0.612145	0.980209	0.627661	0.263065	0.559245	0.157085	0.494779	0.391903	0.285767	0.70784	
0.178157	0.767537	0.644639	0.690586	1.04463	0.258295	0.110348	0.441437	0.691084	0.351583	0.721148	0.431167	0.751026	1.11254	0.165469	
0.798129	0.655913	0.200947	0.139347	0.306519	0.527239	0.878971	0.682916	0.0946281	0.55131	0.286162	0.342861	0.58099	0.371937	0.608708	
0.706513	0.544763	0.084988	0.194068	0.34532	0.44601	0.809645	0.570362	0.041672	0.447561	0.181688	0.287635	0.470882	0.413464	0.53493	
0.687038	0.925328	0.50548	0.322151	0.762072	0.449345	0.636285	0.760989	0.446537	0.588468	0.63807	0.308219	0.866025	0.823638	0.458112	
0.286722	0.713259	0.494541	0.51408	0.885473	0.138365	0.278361	0.436993	0.526179	0.290056	0.58905	0.259611	0.680267	0.953634	0.0696868	
0.336788	0.363534	0.592833	0.796959	0.943765	0.426458	0.567938	0.114208	0.698172	0.284058	0.568336	0.581919	0.392911	1.00115	0.458681	
0.693222	0.785058	0.331934	0.128359	0.569652	0.420062	0.707053	0.68599	0.25684	0.5192	0.463194	0.222702	0.7189	0.632574	0.468716	
0.833883	0.735424	0.272197	0.107738	0.345575	0.557628	0.894571	0.743175	0.159818	0.601618	0.367152	0.360807	0.660934	0.405651	0.631421	
0.893653	1.07204	0.615521	0.375719	0.766849	0.647912	0.838576	0.948336	0.526849	0.776431	0.744133	0.481315	1.00607	0.818723	0.66401	
