10	15
172.271	83.9736
63.5756	71.5282
6.46436	71.8198
101.586	21.3554
81.9928	121.519
169.919	72.5688
125.935	144.49
57.378	134.296
132.222	111.203
161.473	61.9834
8.9635
10.0066
19.0958
9.6402
12.6488
11.8992
12.2647
5.00927
12.4717
15.881
11.7533
18.5859
12.9345
11.9148
5.87831
0.209108	0.883906	0.752775	0.870739	0.921685	1.14906	0.62905	1.15358	0.567036	0.932942	0.976263	0.264703	0.984965	0.0518525	0.187557	
0.513676	0.192001	0.524744	0.195127	0.697702	0.503702	0.203417	0.583048	0.190551	0.416635	0.852995	0.465375	0.32303	0.680258	0.533575	
0.610885	0.19484	0.623299	0.213873	0.786037	0.495559	0.227039	0.602375	0.254852	0.470443	0.946404	0.552909	0.208311	0.776814	0.628041	
0.671878	0.621892	0.127709	0.591982	0.118725	0.650867	0.792186	0.548563	0.719434	0.395138	0.209009	0.721297	0.946654	0.755756	0.701698	
0.788432	0.724532	0.247821	0.694739	0.105001	0.709645	0.916511	0.58616	0.844617	0.472202	0.0835497	0.842075	1.05635	0.861083	0.817709	
0.305803	0.464446	0.629683	0.463455	0.823911	0.77198	0.136832	0.833005	0.0851871	0.6379	0.952637	0.228411	0.492947	0.461826	0.314184	
0.234326	0.570684	0.676542	0.567747	0.871749	0.874528	0.238079	0.926721	0.195585	0.723698	0.987383	0.144257	0.595837	0.373162	0.233641	
0.733956	0.607917	0.997106	0.628691	1.17688	0.887399	0.341126	1.01064	0.423713	0.884451	1.32801	0.644449	0.342428	0.867909	0.733701	
0.220025	0.88903	0.727847	0.874302	0.891242	1.14524	0.654147	1.14257	0.587986	0.921746	0.939019	0.289212	1.00725	0.0555212	0.20444	
0.487351	0.519366	0.114923	0.490913	0.292755	0.639594	0.617244	0.580923	0.540361	0.376673	0.397258	0.531701	0.815592	0.587159	0.517703	
