10	15
71.8738	100.51
30.0287	72.255
87.1551	49.2329
138.082	26.8049
137.765	40.6054
154.737	146.808
114.341	66.2166
52.9533	116.321
138.414	63.1332
61.8689	56.4995
12.4917
32.2302
37.8644
41.7947
29.1726
15.3416
5.44828
34.74
20.5084
33.5737
40.2363
17.8558
11.6742
35.1138
1.14772
0.293457	0.59643	0.170462	0.856205	0.772877	0.177344	0.59478	0.25521	0.373261	0.322849	0.534978	0.146336	0.569113	0.0579779	0.378814	
0.645934	0.321081	0.220358	0.605679	0.465572	0.200219	0.667017	0.213441	0.146094	0.698222	0.704839	0.487709	0.604308	0.433504	0.346823	
0.712681	0.198	0.299757	0.480227	0.337688	0.293163	0.629577	0.340526	0.266246	0.783577	0.697866	0.594741	0.559555	0.526527	0.472514	
0.738967	0.0700509	0.406872	0.291549	0.229027	0.421186	0.480225	0.526841	0.48191	0.842139	0.593719	0.710922	0.404206	0.619116	0.679408	
0.838004	0.122554	0.520933	0.177346	0.162537	0.535452	0.513461	0.637579	0.583862	0.946974	0.649126	0.824138	0.438165	0.730767	0.785876	
0.583984	0.371244	0.445945	0.457985	0.500767	0.479607	0.179126	0.634452	0.650592	0.715836	0.311932	0.68112	0.103007	0.57323	0.804586	
0.222159	0.620631	0.362642	0.801825	0.791053	0.398066	0.326959	0.543801	0.630377	0.361216	0.219451	0.414483	0.336106	0.31714	0.692592	
0.660247	0.677257	0.706639	0.682789	0.780024	0.74416	0.160464	0.905157	0.944181	0.802181	0.251042	0.863502	0.219865	0.759079	1.07312	
0.587147	0.644728	0.308731	0.929769	0.791613	0.273189	0.85318	0.123689	0.206038	0.568627	0.826089	0.310341	0.809884	0.338513	0.0708952	
0.0918569	0.84206	0.504588	1.03778	1.01696	0.530517	0.534913	0.637694	0.751654	0.191244	0.382265	0.388635	0.560708	0.341374	0.749523	
