10	15
65.9486	90.633
44.2305	73.1444
41.8629	11.0263
151.258	125.905
114.522	87.4941
97.4647	29.3459
56.3469	46.3767
53.7141	154.397
111.686	123.01
179.338	68.7541
34.5518
59.8592
27.1698
45.611
44.4635
54.1679
45.2259
53.6353
26.0426
3.78727
61.7187
31.1907
20.5966
1.74115
30.296
0.13105	0.636784	0.711541	0.644855	0.979604	0.987601	0.654643	0.0694365	0.163494	0.9044	0.325699	0.859588	0.600852	0.489826	0.485019	
0.857396	0.93188	0.264608	0.44981	0.484729	0.452679	0.304814	0.812719	0.800027	0.292905	0.43876	0.346503	0.902657	0.767276	0.288903	
0.836174	0.902494	0.280835	0.459545	0.468764	0.439055	0.276186	0.793058	0.77653	0.282325	0.424543	0.328036	0.87335	0.738253	0.279661	
0.165313	0.424459	0.880492	0.851873	0.96063	0.981033	0.66954	0.222415	0.0781592	0.935801	0.499022	0.86634	0.391796	0.317686	0.638928	
0.285306	0.431585	0.700887	0.70613	0.766913	0.783019	0.463082	0.288836	0.185699	0.728278	0.344841	0.663548	0.394319	0.260859	0.458782	
0.582421	0.669037	0.407316	0.494718	0.533562	0.529494	0.206123	0.548176	0.513776	0.425569	0.248305	0.39704	0.636464	0.494229	0.208429	
0.718576	1.04154	0.176806	0.0782296	0.861209	0.836884	0.587126	0.650929	0.714749	0.684208	0.290084	0.716054	1.00565	0.860739	0.209362	
0.583417	0.550936	0.539826	0.63234	0.47185	0.480924	0.152897	0.566111	0.494359	0.417978	0.354464	0.356091	0.520856	0.385119	0.3454	
0.432853	0.576939	0.507112	0.542439	0.64471	0.649416	0.315717	0.403638	0.362041	0.564734	0.20571	0.520012	0.541437	0.396227	0.270092	
0.301618	0.860797	0.699691	0.573734	1.12997	1.12954	0.798685	0.232331	0.380166	1.02231	0.372615	0.997451	0.824995	0.712745	0.521361	
