10	15
61.8019	127.884
33.4806	15.7322
167.477	87.3779
8.17874	93.3651
167.662	130.097
73.0048	36.3979
66.437	146.991
103.15	13.7855
6.16203	13.3571
173.71	135.709
48.2421
45.2814
19.3508
53.5323
18.8634
38.1138
20.3961
38.1825
19.3256
44.782
27.5844
37.0429
60.5377
47.963
14.5997
0.678451	0.393573	0.285818	0.858106	0.255311	0.422624	0.635637	0.364337	0.741137	0.906604	0.31914	0.291282	0.632657	0.362262	0.611888	
1.18191	0.945196	0.656949	0.96613	0.309527	0.329066	0.919356	0.535295	0.881695	0.941654	0.475415	0.8415	0.944179	0.489325	1.07684	
0.309612	0.352842	0.228549	0.657923	0.572266	0.610413	0.349217	0.406267	0.548475	0.752223	0.433	0.266024	0.319845	0.446406	0.208182	
0.368	0.6742	0.469717	0.480547	0.829695	0.784138	0.21483	0.566045	0.41641	0.60125	0.624543	0.608955	0.172357	0.612772	0.238332	
0.744889	0.934932	0.534205	0.0849602	0.78711	0.645482	0.239314	0.489255	0.08906	0.206304	0.557552	0.832999	0.279225	0.521686	0.596551	
0.861148	0.844568	0.379833	0.409896	0.427425	0.241674	0.426747	0.206166	0.328769	0.399505	0.241686	0.722306	0.466	0.198534	0.717559	
0.605682	0.294142	0.301907	0.88794	0.354732	0.512335	0.63739	0.422833	0.769899	0.947869	0.389227	0.19708	0.62702	0.429943	0.556641	
0.57999	0.174328	0.443945	1.02333	0.520048	0.686631	0.745709	0.588734	0.905912	1.09412	0.5607	0.159857	0.726095	0.6001	0.576049	
0.164247	0.290171	0.404341	0.802354	0.721657	0.784399	0.484197	0.586379	0.701133	0.906349	0.608325	0.270303	0.444498	0.625018	0.169421	
0.694038	0.292395	0.480488	1.0667	0.466381	0.655202	0.809258	0.595864	0.948646	1.12664	0.555464	0.265557	0.795312	0.597991	0.678951	
