10	15
8.74054	50.6313
179.905	58.955
21.6313	45.7747
124.51	19.7817
75.5934	76.062
120.752	154.959
13.8383	125.903
95.7423	95.909
158.89	37.1257
21.7636	124.593
23.3365
74.808
20.2626
50.0749
17.1545
3.04376
22.1937
0.53737
13.2345
73.6212
28.5524
71.7378
17.5739
75.321
35.0103
0.377927	0.620377	0.616725	0.509608	0.411541	0.254686	0.27106	0.663597	0.749851	0.831623	0.294747	0.624653	0.556742	0.419497	0.415373	
0.521997	0.760824	0.263866	0.534059	0.443814	0.613139	0.734568	0.700778	0.43841	0.524106	0.775492	0.2343	0.431129	0.531007	0.437857	
0.197491	0.578625	0.169315	0.280021	0.0744704	0.218548	0.363456	0.559761	0.450029	0.558522	0.411484	0.167303	0.22613	0.205793	0.0430816	
0.313502	0.708524	0.207543	0.135028	0.199138	0.191593	0.265052	0.697904	0.597627	0.706478	0.304378	0.242907	0.119142	0.0636638	0.151233	
0.345162	0.289136	0.508213	0.725434	0.406723	0.580976	0.756686	0.214973	0.0751652	0.130618	0.80851	0.455619	0.657458	0.648925	0.449395	
0.328323	0.708928	0.367759	0.20958	0.260512	0.0970509	0.108634	0.717765	0.681907	0.785426	0.156525	0.395449	0.26298	0.122731	0.228657	
0.398352	0.674279	0.598189	0.463237	0.411444	0.232776	0.211087	0.712558	0.777379	0.864489	0.229693	0.612079	0.519769	0.380002	0.407293	
0.102119	0.325162	0.455826	0.530731	0.223374	0.287646	0.453593	0.341079	0.405058	0.482655	0.503296	0.431978	0.510245	0.429763	0.265931	
0.265281	0.185154	0.611481	0.700836	0.389019	0.447757	0.601861	0.235087	0.421058	0.463486	0.648625	0.580356	0.67965	0.599288	0.433796	
0.348175	0.536737	0.277001	0.54441	0.315233	0.511297	0.667665	0.477044	0.229586	0.330463	0.716138	0.221121	0.454588	0.498484	0.333462	
