10	15
92.8119	155.631
110.103	109.725
59.9444	131.324
73.0051	150.684
75.0276	22.5837
99.3598	43.5029
169.192	136.554
93.443	136.474
26.4237	19.507
102.764	40.9698
96.9517
17.7823
13.5887
67.086
30.5847
9.52751
49.4223
25.5655
86.1276
17.9543
5.5332
53.5953
103.411
46.8636
7.31051
0.962104	0.140798	0.728398	0.630932	0.416662	0.142991	0.166295	0.612393	0.889707	0.903036	0.962109	0.754897	0.272823	0.644276	0.392897	
0.876918	0.109625	0.652108	0.556105	0.43873	0.114203	0.0845417	0.525479	0.874361	0.850718	0.871433	0.679577	0.20095	0.630671	0.296652	
0.124258	0.803564	0.295268	0.364243	0.919394	0.889227	0.754955	0.313733	0.875037	0.544224	0.0411866	0.293211	0.79597	0.792227	0.547478	
0.981601	0.367574	0.803336	0.717818	0.69694	0.155507	0.313854	0.642689	1.12153	1.05327	0.943705	0.832529	0.115907	0.881129	0.374918	
0.176359	0.807804	0.331509	0.391366	0.941988	0.880368	0.754937	0.323493	0.91994	0.593891	0.0652057	0.332918	0.780536	0.827956	0.538694	
0.937924	0.139387	0.710262	0.613614	0.443251	0.10466	0.142307	0.586762	0.902813	0.898738	0.933362	0.737399	0.229321	0.657635	0.357653	
0.978015	0.143287	0.736665	0.638648	0.372097	0.199182	0.192955	0.631796	0.857967	0.892299	0.984774	0.762162	0.327913	0.613156	0.428205	
0.507423	0.541885	0.269545	0.24219	0.445455	0.743001	0.55453	0.375089	0.345002	0.224593	0.593296	0.268642	0.744049	0.235279	0.531879	
0.208519	0.737792	0.153638	0.246029	0.741256	0.890843	0.717657	0.322857	0.585818	0.244456	0.318919	0.124607	0.840973	0.547389	0.584463	
0.62214	0.469922	0.369801	0.3159	0.32419	0.684882	0.498699	0.434922	0.321729	0.333044	0.699124	0.375264	0.708851	0.130906	0.530289	
