10	15
122.538	63.8261
160.134	112.559
57.4049	131.49
119.904	40.6163
142.715	24.4003
111.281	58.0264
136.545	117.622
90.0177	40.7764
44.1296	100.942
155.73	21.8084
1.76342
11.0212
46.7364
4.58002
28.5047
39.8558
8.68468
46.5552
48.0476
13.455
2.03216
22.2857
45.2435
26.7737
10.4939
0.662855	0.445042	0.15866	0.505598	0.265904	0.765252	0.297332	0.17287	0.396561	0.0360967	0.513697	0.611557	0.258859	0.808757	0.616688	
0.287993	0.184912	0.566878	0.600369	0.593027	0.394009	0.613332	0.581191	0.342427	0.40752	0.111753	0.596825	0.49892	0.442647	0.245868	
0.337326	0.095289	0.65248	0.744523	0.712299	0.432735	0.735527	0.662288	0.288822	0.485348	0.0894766	0.738887	0.51526	0.481853	0.120915	
0.146137	0.295935	0.769205	0.713503	0.776303	0.232327	0.792944	0.784305	0.488479	0.611531	0.121125	0.663594	0.691063	0.280935	0.187602	
0.846346	0.631674	0.0353683	0.549203	0.212258	0.946071	0.241339	0.0368691	0.55213	0.203145	0.707219	0.689146	0.328798	0.987483	0.808503	
0.611229	0.714922	0.522497	0.0457802	0.340242	0.670293	0.325379	0.548867	0.783231	0.509927	0.649974	0.160616	0.732243	0.690859	0.793717	
0.316573	0.17793	0.538288	0.592356	0.570002	0.42275	0.59116	0.552241	0.322292	0.378051	0.13648	0.597075	0.469767	0.471171	0.263403	
0.351029	0.742016	0.940133	0.556157	0.825926	0.311415	0.823028	0.964264	0.909297	0.840654	0.576547	0.408338	1.01524	0.291413	0.681955	
0.78548	0.686735	0.218252	0.347734	0.00452732	0.873759	0.0288379	0.24171	0.665395	0.302743	0.708936	0.500743	0.503369	0.908353	0.834664	
0.827991	0.40382	0.574954	0.985267	0.760678	0.928237	0.793184	0.563617	0.215123	0.466417	0.581564	1.05607	0.271774	0.977693	0.564866	
