10	15
27.978	120.867
61.3086	28.3672
10.9029	123.088
136.313	72.4044
5.23582	30.4652
3.39076	116.265
176.902	16.903
83.2541	43.9155
169.578	45.284
142.535	151.756
15.1207
14.7668
42.6656
42.3606
12.346
20.2968
27.195
6.43115
38.7768
24.0351
0.193678
42.3269
31.0617
38.5896
18.4914
1.21093	0.304828	0.805442	0.793787	0.823474	0.780032	0.380419	1.02684	0.482359	0.796714	0.38328	0.867069	0.346329	0.38381	0.19313	
0.928314	0.214451	0.688402	0.507964	0.532521	0.559841	0.426101	0.79594	0.299613	0.497412	0.173715	0.758191	0.151107	0.108617	0.115693	
0.947697	0.258932	0.734457	0.527923	0.548921	0.523954	0.467092	0.830758	0.344836	0.497102	0.219463	0.80436	0.104531	0.0826814	0.13715	
0.137609	0.836389	0.750062	0.299109	0.271999	0.813921	0.981481	0.382953	0.675494	0.392048	0.723477	0.788926	0.852966	0.762622	0.899925	
1.09241	0.187807	0.529423	0.711539	0.753867	0.938643	0.0739437	0.831128	0.32119	0.801021	0.306786	0.583706	0.511933	0.486843	0.290279	
1.14321	0.239268	0.747084	0.726852	0.757395	0.749001	0.34068	0.958822	0.414934	0.737194	0.314606	0.810239	0.308866	0.332302	0.128289	
0.502421	0.448887	0.399082	0.185868	0.234246	0.78037	0.568777	0.306576	0.272791	0.396216	0.354718	0.458433	0.597154	0.5005	0.555321	
0.767488	0.294698	0.233923	0.451914	0.500833	0.9205	0.316775	0.47351	0.158087	0.622752	0.281105	0.303941	0.600709	0.521922	0.457498	
0.144639	0.841249	0.643022	0.359767	0.356691	0.960152	0.951023	0.233105	0.665309	0.52434	0.741463	0.669571	0.93049	0.834872	0.935597	
0.765707	0.664102	0.971888	0.458265	0.434326	0.190376	0.881669	0.848966	0.632422	0.247333	0.559801	1.03908	0.406452	0.375486	0.593374	
