10	15
55.3654	66.2831
158.552	135.737
178.103	134.697
73.6271	32.1795
147.262	133.318
78.2405	63.7972
153.157	22.2026
125.719	135.891
17.3861	15.8242
166.308	88.4528
47.2844
25.0004
18.9024
10.8932
2.95697
17.2557
32.0428
30.4139
21.6355
17.5627
46.6709
47.5739
45.3675
32.5276
18.1032
0.0302427	0.551924	0.503627	0.27886	0.89729	0.366195	0.294272	0.458833	0.515343	0.812264	0.420081	0.946227	0.337015	0.845066	0.318965	
0.175109	0.469702	0.346723	0.2563	0.800881	0.404372	0.326255	0.375089	0.617271	0.625915	0.495989	0.782575	0.398914	0.710097	0.236893	
0.684804	0.296095	0.190845	0.476973	0.382488	0.568362	0.548681	0.316658	0.795056	0.226271	0.672081	0.252822	0.609772	0.204602	0.707079	
0.596104	0.0404366	0.263923	0.316307	0.305558	0.330932	0.346202	0.136097	0.524308	0.517946	0.415223	0.48643	0.379917	0.309217	0.737011	
0.490562	0.18961	0.0515327	0.27795	0.459117	0.387317	0.355603	0.149449	0.626764	0.378849	0.497078	0.453538	0.423389	0.354592	0.559243	
0.667083	0.177333	0.21402	0.416997	0.278716	0.474106	0.471536	0.231939	0.68344	0.366918	0.568529	0.327869	0.520268	0.176119	0.746637	
0.805873	0.410301	0.650106	0.541584	0.449257	0.421984	0.495238	0.467422	0.403922	0.900592	0.399619	0.80909	0.456421	0.606144	1.03196	
0.323212	0.770269	0.610993	0.552391	1.09158	0.686055	0.60744	0.676916	0.864727	0.804306	0.760287	1.00913	0.668778	0.976569	0.0759392	
0.701008	0.319915	0.207082	0.498173	0.393569	0.591582	0.570946	0.339951	0.81882	0.204069	0.695626	0.235595	0.632702	0.207369	0.714857	
0.49877	0.0638513	0.193654	0.227767	0.402096	0.282214	0.276111	0.03863	0.506383	0.499578	0.383273	0.51854	0.326622	0.367752	0.634816	
