10	15
62.9847	57.0413
36.4461	19.3093
41.7204	67.4721
44.8541	98.161
167.471	155.253
3.2425	80.0539
82.1215	144.781
47.3268	141.459
55.1464	22.1189
94.7034	36.9102
1.19609
27.0957
17.2675
2.07282
6.06516
17.4839
2.36361
3.91478
6.05104
14.4092
15.1573
22.4338
23.304
2.91724
2.77987
0.328403	0.538257	0.253369	0.586501	0.632028	0.535312	0.298087	0.801697	0.543164	0.0994828	0.779098	0.502055	0.426596	0.671787	0.769713	
0.401148	0.233048	0.62157	0.961257	0.185672	0.480604	1.01826	0.619382	0.186685	0.723099	0.661152	0.35232	0.715747	0.958929	0.323423	
0.690586	0.752685	0.724657	0.174531	0.974131	0.560314	0.521981	0.706721	0.805163	0.386748	0.651637	0.644224	0.289005	0.289772	0.860631	
0.534646	0.340992	0.758913	0.544033	0.623286	0.13848	0.936012	0.140489	0.421249	0.603538	0.154032	0.241647	0.361272	0.498682	0.250314	
0.263032	0.0577269	0.507506	0.785817	0.231492	0.322475	0.860771	0.517673	0.0358007	0.55145	0.545636	0.183108	0.53823	0.791108	0.285299	
0.212252	0.082656	0.455186	0.780815	0.211793	0.33815	0.817355	0.55328	0.0231129	0.515212	0.576726	0.195861	0.531637	0.793814	0.335907	
0.562616	0.733569	0.487347	0.48655	0.86921	0.649946	0.198663	0.881142	0.755624	0.218207	0.84206	0.665792	0.43983	0.595205	0.9284	
0.28368	0.133559	0.517373	0.597137	0.409676	0.142963	0.771131	0.391997	0.206072	0.43869	0.401542	0.0212426	0.351902	0.600425	0.289376	
0.363651	0.170419	0.598464	0.594787	0.456402	0.102611	0.837225	0.314923	0.250883	0.50197	0.33026	0.0660429	0.361254	0.58246	0.228498	
0.626032	0.714536	0.6418	0.248469	0.918434	0.548575	0.437319	0.726574	0.76028	0.30527	0.676433	0.614589	0.285066	0.360668	0.848308	
