10	15
123.512	112.329
141.439	76.848
129.1	143.665
51.8033	155.712
146.65	98.8178
70.3081	76.3217
95.9701	78.2262
142.476	77.5185
70.4123	76.1731
46.9118	73.6043
9.53201
17.4763
21.4447
3.54155
23.9221
21.2172
6.08766
12.3925
21.537
8.35176
1.61525
23.3245
6.55101
8.5148
8.33497
0.758848	0.479917	0.724149	0.531964	0.385403	0.75104	0.286872	0.610634	0.114899	0.687909	0.750428	0.669821	0.346815	0.759451	0.971376	
0.334381	0.144975	0.978264	0.471219	0.332061	0.699033	0.552667	0.571423	0.665301	0.103517	0.185675	0.562129	0.427754	0.291716	0.596567	
0.42183	0.391826	1.20509	0.682535	0.575494	0.876237	0.801631	0.770421	0.897839	0.173593	0.0837585	0.742455	0.672426	0.362112	0.640787	
0.897704	0.810148	0.165246	0.544564	0.623081	0.531943	0.41742	0.506866	0.680261	1.02273	1.14011	0.577547	0.527788	0.937598	0.963144	
0.5234	0.634329	0.414886	0.303929	0.5032	0.0513629	0.500198	0.196709	0.89785	0.767096	0.903251	0.188343	0.468872	0.580462	0.478237	
0.527218	0.767358	0.704696	0.515289	0.699989	0.317867	0.771354	0.436273	1.15924	0.819211	0.948648	0.374916	0.702	0.585154	0.33154	
0.461281	0.693722	0.673436	0.443761	0.626395	0.262947	0.704307	0.369228	1.08926	0.751241	0.882166	0.304617	0.630574	0.520106	0.289077	
0.944462	0.932403	0.0999597	0.615669	0.750359	0.498175	0.586367	0.540403	0.901286	1.12494	1.25293	0.593128	0.664755	0.993875	0.945326	
0.126153	0.196902	0.807438	0.28213	0.260087	0.466745	0.47902	0.360659	0.737687	0.249685	0.385949	0.331589	0.342054	0.130764	0.374165	
0.635365	0.396638	0.599255	0.37494	0.25563	0.58954	0.128931	0.449622	0.275422	0.619784	0.707237	0.510479	0.194877	0.645322	0.828771	
