10	15
97.868	131.971
80.7072	159.724
25.9461	141.081
3.08679	79.585
179.83	75.1314
90.2035	112.77
143.424	103.413
125.596	73.9615
135.402	103.364
77.4971	23.782
47.4449
22.8935
15.8676
17.4869
21.5736
49.9337
46.2232
34.9934
26.4917
47.746
48.3637
33.3885
54.8106
20.9068
14.2674
0.820218	0.649462	0.575076	0.307341	0.371445	0.281109	0.38732	0.767394	0.55982	0.509971	0.821089	0.271307	0.22952	0.301874	0.310824	
0.893495	0.592128	0.666629	0.318359	0.366472	0.178931	0.4936	0.828693	0.666059	0.502502	0.869724	0.175925	0.314463	0.276432	0.347471	
0.654106	0.522755	0.464228	0.516064	0.580387	0.337212	0.411955	0.582217	0.575035	0.318244	0.622419	0.414982	0.142097	0.506356	0.102576	
0.240085	0.956226	0.100783	0.898021	0.974451	0.891	0.414956	0.309428	0.397439	0.657926	0.432556	0.940926	0.450822	0.945086	0.503116	
0.488054	0.445157	0.478876	0.845465	0.908923	0.577955	0.627417	0.36872	0.74693	0.149311	0.350493	0.703413	0.389998	0.830786	0.230372	
0.0605614	0.902212	0.354851	1.10635	1.18113	0.985343	0.676336	0.0965601	0.688067	0.61368	0.187104	1.07488	0.610139	1.13214	0.57203	
0.786975	0.169142	0.727566	0.790786	0.835869	0.396046	0.767636	0.668311	0.921953	0.150792	0.637995	0.55162	0.494075	0.739522	0.328853	
0.696005	0.650028	0.451641	0.40673	0.47743	0.368146	0.305315	0.647825	0.477179	0.456218	0.708475	0.390755	0.10441	0.419409	0.22352	
0.932734	1.01688	0.626225	0.276126	0.337157	0.622038	0.302217	0.932086	0.39668	0.843191	1.02215	0.535328	0.438103	0.375233	0.605065	
0.326987	0.627123	0.299127	0.83575	0.906831	0.666693	0.508435	0.234387	0.598733	0.327256	0.279073	0.763504	0.335909	0.844772	0.255258	
