10	15
165.683	146.334
134.921	38.9529
61.8213	69.0411
63.7665	82.5755
120.471	156.077
163.416	121.166
21.829	135.182
162.471	112.209
56.5653	95.7382
174.943	130.186
51.873
79.3796
72.3699
58.5768
54.9967
72.0076
0.554805
70.922
15.6629
41.4738
79.1452
33.7921
10.2607
36.3348
47.6248
0.928267	0.553772	0.24009	0.439599	1.02708	0.996232	0.711343	0.0670727	0.293139	0.223799	0.580601	0.0238644	0.703897	0.418259	0.675282	
0.409413	0.28441	0.956446	0.677879	0.357648	0.267998	0.459293	0.758647	0.543491	0.639483	0.521449	0.80452	0.482262	0.638935	0.399026	
0.426806	0.408677	1.0806	0.788494	0.325041	0.225096	0.535586	0.885515	0.669534	0.764885	0.618192	0.931401	0.559864	0.751309	0.483634	
0.326638	0.163974	0.82327	0.523602	0.507022	0.422696	0.311417	0.653406	0.45785	0.51416	0.537178	0.695126	0.332962	0.610857	0.446954	
0.488493	0.108596	0.564964	0.319601	0.682297	0.620283	0.320321	0.399752	0.239196	0.252925	0.473545	0.438207	0.325953	0.462742	0.456778	
0.426707	0.156824	0.568576	0.264654	0.734093	0.663339	0.234679	0.447465	0.319412	0.281176	0.564648	0.479144	0.237687	0.552458	0.5405	
0.929293	0.673142	0.0745398	0.347055	1.22597	1.17582	0.687954	0.334823	0.51429	0.333736	0.846116	0.295266	0.671318	0.703956	0.914588	
0.787767	0.345965	0.617992	0.576256	0.641456	0.62709	0.652198	0.340589	0.152801	0.350938	0.19039	0.39108	0.659156	0.132378	0.274575	
1.23669	0.799709	0.885603	0.99396	0.867928	0.904355	1.11103	0.626102	0.575961	0.739771	0.392936	0.656661	1.11762	0.329241	0.527794	
0.585237	0.156605	0.550569	0.38193	0.661652	0.6134	0.427455	0.338705	0.141973	0.2316	0.378538	0.383886	0.433144	0.355567	0.384432	
