10	15
167.856	85.1366
3.26358	82.2014
34.1277	146.241
170.514	114.241
62.9596	67.8111
93.7154	13.2087
47.8863	127.753
90.1723	122.551
151.813	110.207
150.719	117.558
46.0134
42.9558
52.4844
31.9895
1.30275
56.5294
33.6215
16.7044
52.8676
8.15924
11.1318
7.64794
60.4304
0.120588
71.4957
0.341419	0.573131	0.190594	0.405527	0.27685	0.804767	0.617054	0.614391	0.782658	0.264239	0.416556	0.863914	0.307389	0.636337	0.807995	
0.24406	0.665149	0.316885	0.862246	0.660129	0.373683	0.180643	0.834803	0.800235	0.517271	0.878071	0.954089	0.504593	0.249537	0.924423	
0.590536	0.500227	0.572501	0.1236	0.14879	1.05444	0.896819	0.390794	0.69497	0.315688	0.148933	0.692284	0.666068	0.882154	0.62595	
0.747924	0.323981	0.968735	0.841996	0.679688	0.943542	0.912757	0.330242	0.178294	0.622846	0.866439	0.0287036	1.1818	0.837518	0.0953349	
0.549311	0.47534	0.534453	0.147321	0.107659	1.01415	0.855668	0.382928	0.674986	0.275783	0.172629	0.682318	0.636366	0.841681	0.61655	
0.542515	0.744894	0.330849	0.371154	0.373035	0.994743	0.80232	0.74123	0.95808	0.436338	0.369381	1.01775	0.281615	0.830383	0.957018	
0.581687	0.657515	0.452435	0.175798	0.248877	1.05701	0.875792	0.603332	0.86799	0.37939	0.174963	0.897284	0.470796	0.884905	0.832841	
0.292002	0.702282	0.108451	0.704514	0.548235	0.613984	0.418635	0.818878	0.881375	0.455479	0.715359	1.00737	0.264936	0.474111	0.964	
0.804076	0.727757	0.728869	0.139202	0.372298	1.27636	1.10979	0.586533	0.912213	0.542459	0.123104	0.88421	0.754466	1.10304	0.817674	
0.330064	0.325226	0.608048	0.850791	0.611801	0.412412	0.378559	0.54476	0.362079	0.449073	0.874721	0.536127	0.846933	0.298861	0.527557	
