10	15
165.483	10.1934
35.1638	37.5259
82.182	103.935
63.1034	93.207
2.08527	159.609
170.801	43.0169
103.419	79.9961
53.3924	36.1644
72.6856	14.0956
133.383	22.6458
9.46226
9.15292
3.373
10.3615
6.51712
13.1345
13.5275
1.19329
13.5205
5.25307
14.2831
3.23618
11.3119
1.44458
4.30638
0.169095	0.317918	0.817138	0.366022	0.109993	0.831529	0.890111	0.314264	0.611947	0.355019	0.241506	0.448716	0.755817	0.233294	0.712251	
0.404936	0.42087	0.562296	0.302406	0.646745	0.525648	0.597677	0.718166	0.263546	0.327472	0.368128	0.668654	0.704417	0.456549	0.32317	
0.0707507	0.148751	0.650073	0.383988	0.218227	0.667933	0.724322	0.267547	0.465887	0.384101	0.0980462	0.318285	0.590861	0.325523	0.564777	
0.404024	0.271115	0.259585	0.549877	0.625549	0.262214	0.324813	0.566628	0.121597	0.56845	0.329535	0.422026	0.353394	0.622837	0.186543	
0.0887608	0.260205	0.724044	0.242519	0.254687	0.727734	0.79152	0.39969	0.487161	0.238932	0.151099	0.467709	0.711228	0.181637	0.586834	
0.157197	0.0237938	0.509837	0.423979	0.354563	0.528164	0.584023	0.329113	0.341298	0.432281	0.0918222	0.278018	0.470075	0.421191	0.436925	
0.36593	0.399664	0.590959	0.252462	0.603615	0.559072	0.631179	0.68724	0.291217	0.277376	0.335793	0.651881	0.715162	0.405287	0.360672	
0.325094	0.163531	0.456741	0.61098	0.439173	0.499555	0.536807	0.2936	0.410507	0.618927	0.274656	0.124662	0.32339	0.595247	0.484679	
0.08924	0.195133	0.697256	0.386297	0.171872	0.7155	0.771722	0.255968	0.511548	0.383285	0.139814	0.339945	0.631343	0.305662	0.610813	
0.450022	0.275729	0.306256	0.695221	0.598537	0.359368	0.385874	0.452099	0.353492	0.708018	0.384723	0.251339	0.176249	0.714413	0.399086	
