10	15
123.158	56.222
138.359	147.831
65.9548	46.1131
4.74086	26.2972
48.7876	107.621
104.375	96.8211
89.2511	38.6151
32.666	21.2012
86.15	120.729
67.6542	104.882
18.0437
3.01124
6.17348
4.53031
13.2908
0.220985
10.9797
11.8707
17.9468
4.46906
11.8196
8.10192
17.6141
14.6863
10.5077
0.5581	0.46055	0.546846	0.0917431	0.876997	0.634079	0.601722	0.792284	0.699368	0.165213	0.85728	0.0214523	0.633615	0.900844	1.00472	
0.292156	0.126982	0.529225	0.378481	0.588432	0.301548	0.330906	0.528095	0.511172	0.236646	0.523598	0.329564	0.603082	0.606041	0.742999	
0.572397	0.372252	0.475895	0.708142	0.172162	0.284406	0.110001	0.714635	0.201233	0.550947	0.405264	0.69578	0.490324	0.201505	0.304362	
0.159393	0.391698	0.966542	0.748128	0.793302	0.438622	0.646	0.147589	0.872633	0.652307	0.491008	0.677066	1.0346	0.791244	0.974515	
0.234102	0.0286187	0.591404	0.530919	0.477254	0.149948	0.263467	0.436542	0.483684	0.38151	0.368802	0.484264	0.652017	0.488692	0.64693	
0.514897	0.284748	0.351863	0.528771	0.352348	0.296223	0.0902229	0.705874	0.210242	0.373321	0.494468	0.519964	0.393775	0.380788	0.470145	
0.276951	0.462398	1.04027	0.90571	0.731041	0.424047	0.657132	0.0615937	0.884218	0.787156	0.37199	0.839783	1.09697	0.720113	0.908964	
0.88541	0.722157	0.73385	1.06642	0.223492	0.58431	0.478873	0.962161	0.424745	0.913404	0.561267	1.06031	0.706901	0.219324	0.0769543	
0.460291	0.294668	0.418258	0.218909	0.671555	0.452667	0.396141	0.69939	0.505667	0.0620526	0.68205	0.192675	0.501796	0.695864	0.800057	
0.528023	0.486253	0.67054	0.213353	0.945673	0.664736	0.674652	0.748258	0.799304	0.272301	0.875381	0.148969	0.757342	0.96635	1.08627	
