15	30
129.557	44.4168
94.9686	148.238
1.48006	35.0793
130.21	57.5821
44.1219	98.88
173.13	116.315
71.3531	72.8227
87.4701	33.9607
172.769	72.5227
139.085	16.9225
14.0979	102.621
141.208	34.4764
99.5049	18.1134
26.015	63.4079
164.969	93.822
309.243
94.161
291.779
125.858
43.0948
166.227
277.665
92.5776
232.901
50.1361
343.071
270.189
31.1044
242.351
271.268
12.7763
169.244
85.4626
58.9604
31.4649
72.2418
307.057
14.4219
62.6916
141.546
259.554
143.915
194.706
292.12
358.115
0.26322	0.345012	0.655005	0.290111	0.306532	0.542216	0.590947	0.225553	0.318963	0.446743	0.758865	0.154604	0.83381	0.579769	0.567461	0.220438	0.598259	0.675974	0.100885	0.900563	0.295433	0.479099	0.571194	0.14264	0.639282	0.526167	0.502992	0.839606	0.6278	0.692203	
0.555923	0.116867	0.951418	0.158253	0.599937	0.713359	0.882501	0.0786494	0.588221	0.702015	0.896223	0.19792	1.13018	0.881178	0.847545	0.399141	0.898749	0.850445	0.369217	1.20008	0.596835	0.755188	0.869711	0.340873	0.935573	0.796912	0.804434	1.14072	0.900061	0.976207	
0.478418	0.391357	0.657598	0.308043	0.361971	0.268403	0.572767	0.382127	0.280204	0.69955	0.458465	0.433093	0.821379	0.651205	0.504912	0.540861	0.645439	0.405037	0.407811	0.909988	0.426691	0.416508	0.59995	0.464635	0.772552	0.439039	0.588057	0.876501	0.835863	0.630827	
0.0343107	0.64005	0.448366	0.583928	0.21315	0.619502	0.415131	0.514411	0.307132	0.191398	0.839797	0.398455	0.615888	0.332853	0.437828	0.260949	0.366464	0.724592	0.216235	0.662449	0.124854	0.381957	0.359788	0.265601	0.351989	0.432737	0.260815	0.58848	0.337947	0.532216	
0.0657667	0.563019	0.45612	0.50088	0.148884	0.533852	0.405549	0.445793	0.227319	0.287889	0.756383	0.348488	0.632292	0.364341	0.407388	0.262482	0.387996	0.64627	0.167371	0.691107	0.0871525	0.335713	0.368337	0.237172	0.419848	0.387487	0.28753	0.625156	0.432329	0.517932	
0.478793	0.170642	0.88264	0.175725	0.532168	0.681943	0.81616	0.0430258	0.52855	0.624181	0.876085	0.120985	1.06151	0.807835	0.785792	0.323837	0.826927	0.819895	0.29141	1.1292	0.523685	0.694506	0.799554	0.263089	0.858537	0.738221	0.730961	1.06802	0.821793	0.913249	
0.732949	0.68733	0.707519	0.611588	0.558221	0.152218	0.624783	0.707673	0.457641	0.949968	0.135823	0.765083	0.824268	0.766226	0.53458	0.855035	0.740196	0.165598	0.717359	0.922521	0.645752	0.485874	0.689001	0.783323	0.919876	0.47091	0.728796	0.920979	1.03882	0.621023	
0.340356	0.302628	0.662475	0.22829	0.313792	0.448054	0.58849	0.224723	0.287532	0.545511	0.657103	0.230762	0.839782	0.611153	0.547512	0.338908	0.620901	0.585125	0.214548	0.915706	0.335958	0.454587	0.585836	0.260584	0.696003	0.495273	0.536926	0.863946	0.712509	0.676943	
0.0945684	0.634469	0.521585	0.587083	0.288563	0.687102	0.492967	0.501583	0.377774	0.149782	0.909182	0.371589	0.684538	0.398606	0.518029	0.2038	0.435854	0.797005	0.203306	0.725018	0.202827	0.461863	0.433797	0.229705	0.391479	0.51281	0.330722	0.647262	0.334435	0.61035	
0.732545	0.912367	0.514361	0.829232	0.538472	0.257584	0.450957	0.891926	0.461457	0.916891	0.235981	0.902891	0.579441	0.619563	0.367633	0.926848	0.579902	0.145409	0.7943	0.676138	0.624124	0.376825	0.533436	0.871291	0.781762	0.33331	0.612504	0.697061	0.943712	0.395076	
0.477309	1.01283	0.0696366	0.937556	0.396752	0.631231	0.154266	0.915093	0.443878	0.523734	0.781236	0.833058	0.152863	0.13381	0.242702	0.724541	0.0980515	0.651076	0.652701	0.207154	0.400898	0.309689	0.124527	0.718671	0.244514	0.308923	0.203176	0.158126	0.440579	0.189004	
0.687049	1.18118	0.230896	1.10151	0.576294	0.694559	0.292717	1.09656	0.596479	0.741245	0.788925	1.02885	0.0710189	0.351694	0.342756	0.935739	0.311594	0.669687	0.853596	0.129683	0.600071	0.434524	0.31941	0.923576	0.444122	0.407907	0.416747	0.193087	0.641232	0.216724	
0.207173	0.402123	0.599414	0.343849	0.253954	0.527855	0.537516	0.28421	0.278306	0.40091	0.748607	0.202623	0.778032	0.521523	0.518572	0.214286	0.540737	0.657826	0.0769954	0.843416	0.237279	0.432489	0.514758	0.146087	0.581219	0.481071	0.444692	0.781608	0.575514	0.641272	
0.505797	1.06961	0.158721	0.997069	0.456176	0.718506	0.240879	0.964911	0.514878	0.513382	0.870643	0.872654	0.173192	0.160629	0.330739	0.746563	0.149471	0.740467	0.689398	0.180653	0.44493	0.392345	0.193322	0.749924	0.201353	0.395711	0.237518	0.101532	0.397452	0.274594	
0.218666	0.780141	0.523026	0.735624	0.389268	0.801081	0.519149	0.644858	0.488037	0.0105203	1.01855	0.508333	0.66235	0.382965	0.567228	0.317959	0.428447	0.899156	0.350985	0.682935	0.299854	0.532611	0.443854	0.365009	0.315298	0.579513	0.335616	0.597562	0.198963	0.633917	
4.61016
4.80604
8.34767
4.22076
6.96175
4.26296
5.71412
5.29639
4.0077
4.16735
7.80646
4.46472
5.33015
6.64301
4.3706
