10	15
46.3825	61.0069
103.569	42.4944
132.788	138.936
129.857	10.135
24.3732	111.802
174.656	42.7245
77.9486	125.548
140.316	53.8159
100.208	25.9935
159.272	100.299
101.414
408.313
118.162
360.947
240.619
151.315
308.682
266.576
136.23
93.6552
338.347
111.184
236.067
406.757
285.508
0.952806	0.324812	0.732046	0.360227	0.730994	0.628075	0.155526	0.364119	0.152701	0.691718	0.674492	0.854645	0.791765	0.332035	0.371034	
0.820632	0.36768	0.723767	0.114571	0.307173	0.638187	0.417877	0.494796	0.625478	0.219804	0.276974	0.993972	0.790974	0.383762	0.596625	
0.857021	0.305879	0.717594	0.0474742	0.43005	0.621655	0.282864	0.428926	0.491038	0.357099	0.387951	0.953829	0.785389	0.322905	0.515767	
0.813893	0.277426	0.562761	0.478239	0.773053	0.466032	0.389907	0.223214	0.233309	0.7883	0.707469	0.629264	0.613101	0.271597	0.164397	
0.292653	0.474338	0.0565322	0.724338	0.718424	0.139922	0.870868	0.392032	0.804224	0.851953	0.660882	0.274602	0.0420956	0.459282	0.40846	
0.376293	0.52011	0.461624	0.56413	0.288573	0.454024	0.86001	0.568263	0.95179	0.466969	0.269559	0.790578	0.503564	0.520296	0.671965	
0.184537	0.558736	0.125137	0.78649	0.719519	0.228818	0.96352	0.49302	0.915463	0.86991	0.669107	0.340435	0.0786034	0.545224	0.522625	
0.658846	0.556842	0.692026	0.450491	0.0620548	0.650033	0.77161	0.654799	0.938801	0.20957	0.124791	1.01668	0.746652	0.56558	0.769911	
0.276547	0.706584	0.491002	0.792817	0.510499	0.531965	1.07666	0.723273	1.13832	0.690655	0.501218	0.787895	0.503428	0.702734	0.810115	
0.4772	0.513637	0.537109	0.50618	0.189216	0.513351	0.815981	0.582939	0.935076	0.369137	0.181585	0.866476	0.58541	0.517165	0.693342	
7.07693
5.89799
4.96425
5.21422
7.61766
4.04403
6.08676
4.44446
5.55818
4.44115
