15	30
116.465	101.32
168.777	62.7165
51.4478	101.803
92.6101	61.9411
80.2731	104.342
18.6709	14.4835
62.9009	110.949
87.3618	151.564
84.7893	63.7475
153.974	22.6208
172.441	80.9457
118.426	13.2145
162.078	12.1623
163.686	82.5147
83.5978	57.1589
84.727
38.9193
13.494
52.2947
32.0409
23.5989
94.6301
102.966
187.655
138.45
193.263
90.4136
42.4131
141.975
64.8999
16.0384
71.497
165.498
237.314
149.967
169.705
244.029
32.7441
213.889
53.2239
199.861
232.602
40.463
242.028
101.013
0.889203	0.282535	0.479694	0.173746	0.681257	0.740782	0.263862	0.66042	0.462039	0.529653	0.238774	0.363123	0.559388	0.261296	0.702921	0.51051	0.476117	0.820741	0.787471	0.365829	0.636045	0.317935	0.520887	0.528247	0.682141	0.487667	0.290755	0.470497	0.829717	0.512901	
0.927971	0.824967	0.608816	0.718686	0.267198	0.153738	0.93604	0.243657	0.628564	0.639504	0.72673	1.10985	0.332288	0.647759	0.951892	0.479274	0.569483	0.380912	0.577082	0.793142	0.512279	0.700618	0.698821	0.385309	0.209287	0.698124	0.631693	0.58884	0.14028	0.575038	
0.664151	0.0658761	0.564433	0.187494	0.648361	0.665795	0.138096	0.558914	0.257222	0.31692	0.356931	0.310657	0.482469	0.177533	0.48506	0.539125	0.543297	0.648028	0.581324	0.522981	0.443569	0.117271	0.299642	0.501102	0.600005	0.267033	0.342484	0.545901	0.711615	0.316756	
1.03333	0.429742	0.427292	0.259505	0.694298	0.777604	0.410866	0.71779	0.587949	0.658773	0.209907	0.488108	0.608499	0.358053	0.851283	0.496094	0.437554	0.91686	0.907668	0.265254	0.749426	0.448821	0.656872	0.549326	0.726415	0.623502	0.299851	0.426342	0.890354	0.63215	
0.92391	0.467773	0.930402	0.59008	1.10632	1.13973	0.35229	1.03668	0.703622	0.739665	0.689512	0.193421	0.95469	0.637338	0.69709	0.955943	0.9269	1.10378	0.992401	0.79703	0.888434	0.588122	0.696039	0.953368	1.07502	0.673148	0.735626	0.921492	1.18946	0.767619	
0.939727	0.637458	0.310007	0.46561	0.053119	0.157226	0.734283	0.196031	0.512072	0.556039	0.435864	0.904604	0.14794	0.421077	0.890072	0.177718	0.268938	0.4918	0.627001	0.490969	0.491864	0.521747	0.607731	0.10073	0.145647	0.59274	0.347281	0.288471	0.320104	0.483322	
0.645915	0.389441	0.472875	0.336122	0.346085	0.313645	0.501833	0.193693	0.21069	0.250458	0.42805	0.67514	0.158159	0.24333	0.584527	0.365076	0.431076	0.328766	0.373881	0.569097	0.213393	0.265133	0.302815	0.251111	0.246979	0.290067	0.335333	0.446164	0.340079	0.177771	
1.28749	0.727855	0.283653	0.4859	0.625012	0.75058	0.743374	0.749233	0.804065	0.876384	0.315509	0.842971	0.642035	0.559654	1.13916	0.416632	0.324878	1.02044	1.07922	0.146399	0.914604	0.695954	0.895655	0.534642	0.725396	0.864518	0.382838	0.305294	0.906385	0.825616	
0.72262	0.265757	0.391112	0.140036	0.426946	0.452556	0.359471	0.357227	0.236527	0.3081	0.260095	0.530632	0.267271	0.0514942	0.59923	0.333824	0.359746	0.520339	0.524766	0.422464	0.361232	0.163478	0.332522	0.280363	0.388787	0.303767	0.188483	0.367757	0.522819	0.258445	
0.63926	0.28576	0.885954	0.506973	0.974249	0.976086	0.202086	0.859128	0.48088	0.498135	0.659113	0.120727	0.799115	0.509172	0.412515	0.870558	0.869057	0.867302	0.731743	0.80871	0.650844	0.40564	0.445978	0.830603	0.90916	0.430111	0.666424	0.869705	0.991631	0.542457	
0.96263	0.523955	0.14258	0.299011	0.262874	0.364954	0.598972	0.347222	0.484115	0.54789	0.223795	0.757313	0.239776	0.296412	0.862181	0.0727859	0.101121	0.621696	0.703277	0.282102	0.543677	0.432332	0.585101	0.13554	0.328926	0.56037	0.148818	0.115833	0.508918	0.482747	
0.538123	0.122307	0.607836	0.271396	0.610567	0.59853	0.23651	0.479506	0.117676	0.171699	0.440743	0.402031	0.427418	0.203414	0.386737	0.550184	0.577854	0.517595	0.436677	0.611007	0.305901	0.0603587	0.156978	0.47934	0.531597	0.123712	0.394682	0.585191	0.613507	0.180988	
0.631671	0.511266	0.562303	0.477191	0.342352	0.255788	0.62625	0.134808	0.294677	0.301843	0.55804	0.796912	0.192	0.384614	0.621155	0.437653	0.518225	0.200289	0.307006	0.6864	0.186661	0.389662	0.361131	0.309458	0.201436	0.360953	0.461483	0.535762	0.217987	0.238133	
1.11299	0.513509	0.399113	0.320836	0.697311	0.792959	0.499042	0.746092	0.657079	0.729157	0.221544	0.573968	0.634452	0.417721	0.935572	0.48875	0.417871	0.965248	0.970842	0.213181	0.809583	0.522482	0.731583	0.561016	0.74701	0.698324	0.320089	0.403635	0.918044	0.696946	
0.463299	0.206832	0.652675	0.346775	0.606674	0.574291	0.315825	0.449871	0.0541589	0.0819176	0.509314	0.471446	0.418674	0.264661	0.340082	0.578665	0.618677	0.442564	0.347076	0.678098	0.22644	0.138196	0.0719884	0.490622	0.50851	0.0402922	0.450866	0.628376	0.565202	0.111871	
4.76454
4.50382
6.36696
5.27557
6.15586
7.7657
5.92473
6.26162
5.83633
4.29053
3.96935
5.17407
4.1595
4.17575
6.20861
