15	30
59.3263	74.2216
82.044	73.3473
130.68	39.68
60.9067	55.5128
169.147	34.4484
130.924	159.442
7.60189	76.9375
98.6942	121.725
23.8409	33.2237
2.91097	77.4524
28.0392	131.798
36.4186	76.6046
170.788	30.9649
34.4759	90.8167
17.0672	109.359
336.22
377.702
556.545
514.17
65.3157
578.051
289.827
398.179
12.5159
442.612
236.616
297.881
573.255
441.804
470.248
72.193
539.939
441.133
9.93028
360.052
644.176
585.879
569.691
582.139
323.7
31.668
588.403
332.695
638.421
544.377
0.0597607	0.580289	0.555229	0.824074	0.494779	0.551017	0.291203	0.545209	0.798716	0.541269	0.899594	0.285731	0.261559	0.652029	0.356096	0.377576	0.58931	0.23493	0.744464	0.155162	0.711876	0.85014	0.382931	0.383897	0.679446	0.624866	0.659267	0.198244	0.574026	0.176231	
0.546517	0.434492	0.29334	0.462453	0.561564	0.543605	0.768073	0.276828	0.533393	0.295467	0.50465	0.390928	0.335791	0.63092	0.876111	0.313916	0.459988	0.415193	0.162285	0.59628	0.342835	0.383294	0.896454	0.21161	0.0978078	0.401734	0.52776	0.546939	0.283032	0.521814	
0.561593	0.674903	0.538921	0.7243	0.767592	0.766024	0.86649	0.520877	0.794845	0.537517	0.762643	0.532767	0.376921	0.864229	0.806429	0.494015	0.699876	0.532559	0.371356	0.685452	0.101947	0.633409	0.820418	0.339695	0.241863	0.146713	0.773936	0.657202	0.056167	0.482317	
0.217321	0.669608	0.672308	0.930702	0.545013	0.610957	0.21002	0.665185	0.887771	0.657909	1.0084	0.402552	0.419669	0.69886	0.324503	0.500669	0.673338	0.356807	0.893021	0.196764	0.869843	0.974883	0.351378	0.534686	0.834994	0.777367	0.733329	0.263224	0.732299	0.31654	
0.679722	0.507338	0.369282	0.459909	0.658553	0.629605	0.896799	0.356505	0.555305	0.375918	0.482109	0.517696	0.468512	0.704261	1.00311	0.433509	0.532206	0.545481	0.0719634	0.727594	0.350402	0.343772	1.02257	0.345179	0.0644926	0.44968	0.588669	0.676137	0.343176	0.649698	
0.234692	0.510706	0.418186	0.68202	0.52624	0.551165	0.536413	0.401581	0.700478	0.408185	0.746835	0.254118	0.0559969	0.660365	0.546713	0.273606	0.530364	0.231301	0.490903	0.356331	0.429798	0.660149	0.567413	0.159433	0.404136	0.366685	0.611065	0.337627	0.292379	0.192363	
0.373187	0.407592	0.46955	0.680357	0.239582	0.310656	0.166226	0.471051	0.608959	0.456235	0.758498	0.279345	0.443433	0.380303	0.650258	0.352596	0.40177	0.274659	0.772365	0.181398	0.908699	0.763572	0.677657	0.477041	0.762848	0.863684	0.441763	0.163856	0.777649	0.491098	
0.313698	0.8698	0.804863	1.07568	0.820358	0.868713	0.604321	0.790076	1.0783	0.793007	1.14393	0.570221	0.424891	0.975018	0.217013	0.636602	0.884283	0.522441	0.880309	0.494919	0.666452	1.06216	0.22286	0.559886	0.775293	0.53377	0.961227	0.533238	0.552614	0.230707	
0.231555	0.717223	0.714489	0.975828	0.596323	0.661731	0.257715	0.70659	0.935884	0.700156	1.05318	0.443346	0.441117	0.750639	0.27466	0.540543	0.721714	0.395809	0.923308	0.245115	0.877118	1.01554	0.301199	0.563144	0.859464	0.777913	0.783051	0.310811	0.740609	0.315027	
0.504517	0.510148	0.372841	0.564849	0.614177	0.606711	0.76581	0.354932	0.629866	0.371932	0.608887	0.403403	0.295292	0.701874	0.809591	0.346631	0.535315	0.415373	0.250258	0.587237	0.258048	0.487607	0.828104	0.206002	0.137326	0.299342	0.608264	0.546951	0.179793	0.458984	
0.452092	0.173624	0.0825647	0.354901	0.274943	0.260067	0.546679	0.0724543	0.35588	0.0691448	0.428248	0.190874	0.305895	0.356235	0.818909	0.0955482	0.196908	0.239431	0.363686	0.405388	0.604276	0.381826	0.844164	0.200653	0.379066	0.618368	0.276029	0.341343	0.503619	0.495226	
0.378463	0.951415	0.910623	1.18322	0.866707	0.924805	0.567496	0.898092	1.16822	0.897461	1.25597	0.651326	0.550582	1.02411	0.0437801	0.734019	0.961771	0.600271	1.03303	0.513635	0.851237	1.18934	0.0360313	0.690399	0.937256	0.720639	1.03308	0.568543	0.732778	0.351403	
0.294365	0.544682	0.439222	0.69287	0.577816	0.597239	0.603323	0.421572	0.722649	0.430885	0.753299	0.310115	0.119191	0.705343	0.581366	0.313983	0.565956	0.29283	0.463457	0.423318	0.3636	0.656235	0.600129	0.174671	0.364509	0.301067	0.64659	0.403743	0.225866	0.231649	
0.288626	0.861119	0.821914	1.0943	0.777453	0.834969	0.492278	0.809671	1.07808	0.808638	1.16748	0.561275	0.467264	0.93486	0.0829354	0.644885	0.871416	0.510176	0.954744	0.425909	0.798961	1.10333	0.105579	0.606933	0.863599	0.674847	0.942751	0.479382	0.674386	0.271513	
0.367124	0.480368	0.537788	0.75321	0.311904	0.383056	0.0959368	0.538281	0.681887	0.524192	0.831412	0.328041	0.471194	0.448519	0.607296	0.410184	0.474816	0.313498	0.833039	0.176657	0.944165	0.834395	0.634321	0.522396	0.816147	0.889276	0.514362	0.18642	0.81022	0.488749	
4.24151
3.47499
3.20224
4.3809
2.57559
3.22808
4.8781
3.55045
5.0946
5.30624
4.42213
4.90402
3.01918
4.74158
5.48979
