15	30
59.6599	28.356
144.405	60.3038
159.729	50.2394
168.277	86.2543
111.005	58.3762
170.647	93.2728
176.183	81.174
82.8878	74.3314
101.743	119.887
118.011	93.9217
100.55	61.0282
105.543	108.737
155.712	124.288
58.7301	62.652
17.7851	74.6671
574.439
8.52316
539.035
179.747
288.998
589.326
658.968
620.05
55.6792
250.409
2.5208
663.869
341.883
220.499
146.276
477.832
45.2226
52.4602
300.044
639.616
494.223
862.894
279.888
623.005
863.199
166.927
680.857
716.91
362.563
69.0229
0.540574	0.39498	0.0698664	0.343394	0.464175	0.278932	0.500082	0.510332	0.506482	0.266748	0.133227	0.401217	0.290692	0.436133	0.422233	0.0887724	0.541243	0.68176	0.531769	0.184871	0.667174	0.317883	0.0837529	0.497349	0.416888	0.454917	0.371314	0.0415753	0.567267	0.454779	
0.909235	0.147441	0.435076	0.52407	0.366406	0.448775	0.868739	0.361774	0.206924	0.129371	0.485636	0.611895	0.521763	0.804762	0.580732	0.298731	0.608573	0.410756	0.796887	0.53149	0.397078	0.686728	0.322805	0.732115	0.419464	0.818168	0.7092	0.410107	0.491037	0.749711	
0.0649623	0.858466	0.411457	0.573052	0.856613	0.573836	0.0265871	0.906102	0.964865	0.73684	0.370505	0.547213	0.503219	0.0577096	0.603687	0.552045	0.762401	1.11394	0.467538	0.345962	1.10013	0.159101	0.531958	0.514893	0.750888	0.125906	0.25264	0.436128	0.90319	0.376246	
0.925436	0.276543	0.457753	0.623322	0.495031	0.545724	0.885397	0.233773	0.105981	0.136921	0.49447	0.708269	0.609585	0.830293	0.504578	0.316417	0.505737	0.301061	0.743278	0.581505	0.286603	0.707476	0.333703	0.670279	0.316659	0.855637	0.694667	0.442598	0.366829	0.710763	
0.625157	0.311816	0.154518	0.344965	0.402517	0.270905	0.584684	0.467834	0.435938	0.193105	0.214341	0.416531	0.307449	0.519186	0.451744	0.0652046	0.551226	0.620511	0.594269	0.2521	0.605834	0.402396	0.0865812	0.550969	0.403171	0.53373	0.451177	0.125153	0.543353	0.524146	
0.275355	0.869728	0.4116	0.712486	0.933291	0.68508	0.258472	0.764716	0.877164	0.68647	0.346117	0.716517	0.639321	0.294642	0.399072	0.520532	0.548832	0.987842	0.206879	0.445882	0.975483	0.265645	0.494247	0.267538	0.590422	0.375701	0.108068	0.449681	0.726323	0.128475	
0.249313	0.831354	0.369808	0.663265	0.888376	0.636955	0.226749	0.752581	0.854258	0.6556	0.305633	0.666752	0.590051	0.252891	0.401945	0.484813	0.556475	0.973366	0.239619	0.397042	0.960635	0.216135	0.459027	0.289149	0.581724	0.333401	0.0708239	0.407134	0.723213	0.148941	
0.658292	0.267517	0.223828	0.250688	0.303139	0.172984	0.618651	0.553224	0.482697	0.250005	0.290644	0.331411	0.23024	0.544401	0.562961	0.176994	0.662155	0.679841	0.692411	0.252603	0.665277	0.440098	0.197172	0.654957	0.508388	0.542235	0.526618	0.185	0.641784	0.61575	
0.610861	0.319893	0.145004	0.324342	0.397313	0.251232	0.570447	0.490523	0.457516	0.214622	0.20802	0.394685	0.285276	0.503323	0.464145	0.081299	0.567874	0.643029	0.597488	0.231671	0.62835	0.388234	0.098578	0.557143	0.423205	0.515518	0.445996	0.11204	0.564777	0.524548	
0.501876	0.472757	0.0707019	0.433694	0.561703	0.374257	0.461962	0.484278	0.523041	0.300893	0.0715532	0.482659	0.374444	0.410814	0.33006	0.123485	0.4604	0.678239	0.432958	0.22533	0.664063	0.286766	0.0980373	0.397066	0.361283	0.44686	0.291292	0.0977121	0.517505	0.359568	
0.630541	0.938998	0.57757	0.942473	1.07364	0.891548	0.61308	0.6279	0.809202	0.706652	0.518474	0.973753	0.875243	0.638827	0.253161	0.610561	0.311819	0.84663	0.148833	0.688079	0.83787	0.572154	0.585802	0.128067	0.458312	0.717795	0.38306	0.614469	0.531287	0.243521	
0.182247	0.9563	0.491479	0.740498	0.994121	0.72664	0.184005	0.893082	0.994818	0.79165	0.431577	0.728313	0.66773	0.251812	0.532542	0.61619	0.681946	1.11448	0.325577	0.485331	1.10181	0.283077	0.591279	0.395817	0.720781	0.327353	0.210096	0.526141	0.859017	0.260265	
0.585798	0.350431	0.197428	0.192142	0.344901	0.123197	0.547006	0.620866	0.566527	0.328556	0.261789	0.261654	0.153327	0.46951	0.578232	0.212009	0.69349	0.760671	0.674058	0.175328	0.746032	0.373781	0.223269	0.647147	0.555698	0.460765	0.485342	0.159329	0.698087	0.589646	
0.748662	0.20821	0.275626	0.405121	0.356807	0.32707	0.70817	0.404158	0.327736	0.0942303	0.330213	0.48781	0.386887	0.64319	0.495079	0.146876	0.562813	0.523112	0.677478	0.3714	0.508529	0.525949	0.173295	0.622866	0.388827	0.656663	0.561442	0.248845	0.505319	0.618212	
1.17663	0.551539	0.735148	0.933155	0.774128	0.855631	1.13828	0.230567	0.212957	0.440855	0.756481	1.01819	0.918766	1.09498	0.624824	0.601136	0.541361	0.0090153	0.887693	0.874423	0.0233544	0.970916	0.611695	0.802928	0.409417	1.13198	0.913598	0.728519	0.323465	0.887519	
7.25674
5.19169
4.60191
4.35661
5.30154
5.11541
4.49612
6.74692
5.46005
5.65945
6.21408
6.00054
4.99268
7.10585
7.65821
