10	15
53.061	119.019
28.237	77.2785
115.892	43.3543
26.4026	90.6524
110.236	43.4013
156.256	121.025
160.753	13.0834
89.2068	67.1428
102.367	112.884
142.115	42.8375
435.432
2.96619
522.544
492.343
850.611
519.339
769.116
699.274
494.412
224.367
381.529
407.236
470.679
154.394
882.544
0.411842	0.691283	1.0467	0.21574	0.224102	0.319434	0.452529	0.319208	0.840814	0.885917	0.715568	0.958332	0.948203	0.66389	0.495144	
0.406484	0.0807132	0.430789	0.427893	0.523425	0.635423	0.272463	0.673304	0.300835	0.664121	0.319053	0.657136	0.322648	0.336134	0.236108	
0.681313	0.316681	0.494375	0.581919	0.499929	0.851499	0.258801	0.88164	0.630999	1.01849	0.0528224	1.01311	0.520129	0.036251	0.544745	
0.769611	0.607952	0.844507	0.58066	0.360301	0.844452	0.356423	0.861498	0.910461	1.20712	0.40077	1.23095	0.853643	0.336881	0.7005	
0.0825873	0.462596	0.809201	0.144578	0.395756	0.252514	0.380685	0.290422	0.517189	0.562787	0.612743	0.622631	0.673475	0.589423	0.173768	
0.230663	0.399841	0.667889	0.419474	0.643098	0.467788	0.509729	0.507373	0.276064	0.34605	0.646741	0.369691	0.49782	0.653184	0.166879	
0.788902	0.664771	0.91174	0.588705	0.350634	0.843297	0.398573	0.857316	0.961807	1.23899	0.467915	1.26825	0.915737	0.403077	0.733761	
0.461035	0.27425	0.594907	0.347034	0.312186	0.616862	0.0298933	0.646643	0.553017	0.853818	0.238664	0.870109	0.544007	0.199293	0.351157	
0.721244	0.252649	0.298917	0.681069	0.660498	0.929643	0.385302	0.964458	0.526417	0.967629	0.150408	0.940655	0.356052	0.217524	0.55805	
0.747055	0.280439	0.306992	0.702433	0.673709	0.953364	0.401778	0.987864	0.552677	0.995341	0.155198	0.967844	0.376305	0.221838	0.584731	
6.42501
6.31566
5.02255
6.14696
4.32283
4.38643
3.90714
5.54437
5.28062
3.87783
