10	15
131.818	84.5492
162.304	120.999
36.0595	20.5957
148.509	82.346
0.652933	52.8771
153.205	35.9651
169.76	89.7002
3.92174	104.955
0.138501	156.608
41.6161	115.326
710.745
615.687
567.974
841.628
980.694
915.956
935.662
204.993
263
714.11
299.645
171.37
652.293
140.881
624.568
0.473557	0.73539	0.795647	0.32542	0.783328	0.550184	0.201005	0.33445	0.196232	0.609247	0.181315	0.352188	0.553989	0.0500787	0.489821	
0.199256	1.02514	1.08658	0.306353	0.91389	0.628744	0.155743	0.419166	0.44467	0.853473	0.471155	0.629606	0.778425	0.248058	0.531094	
0.109033	1.10255	1.16618	0.313842	0.929934	0.637195	0.206727	0.443597	0.534349	0.908487	0.554782	0.700606	0.827559	0.327523	0.533292	
1.03203	0.162064	0.235788	0.756938	0.726875	0.714101	0.742786	0.647845	0.507777	0.305533	0.411066	0.250504	0.371522	0.618651	0.747865	
1.18543	0.00872472	0.0864081	0.911054	0.826236	0.850651	0.89625	0.799444	0.637371	0.401053	0.553989	0.405204	0.487016	0.768972	0.892579	
0.520372	0.690563	0.749913	0.357659	0.778492	0.558971	0.245417	0.350268	0.16282	0.580002	0.13447	0.314245	0.53079	0.0957095	0.506583	
0.500793	0.709106	0.781641	0.214503	0.591122	0.357531	0.222614	0.154371	0.35546	0.480473	0.266041	0.296745	0.404099	0.184768	0.309145	
0.244567	0.956321	1.02525	0.139566	0.75095	0.462816	0.0710936	0.259937	0.462676	0.731028	0.440824	0.545641	0.646665	0.220621	0.364309	
0.703445	0.54542	0.62412	0.38568	0.473264	0.344157	0.428855	0.261867	0.432818	0.274274	0.304174	0.167432	0.204084	0.363726	0.360197	
0.942851	0.830788	0.91071	0.608911	0.008507	0.288872	0.757264	0.488862	0.899003	0.428852	0.773479	0.61011	0.35954	0.770416	0.397324	
3.93871
3.41969
5.47038
3.62789
6.15034
3.52517
3.23609
6.12574
7.25459
5.48012
