10	20
78.6749	139.538
133.695	35.3056
92.0385	56.4356
120.938	140.837
36.7113	68.7019
22.5384	15.9003
175.953	79.5517
75.9974	74.1359
170.47	109.048
17.6139	116.9
580.511
531.264
417.18
228.423
328.221
597.906
523.418
144.193
364.722
258.606
10.2926
793.397
100.3
840.733
634.03
265.534
928.861
624.766
75.5713
115.608
0.394376	0.189976	0.648384	0.185046	0.491714	0.1935	0.188913	0.160856	0.408186	0.473766	0.433731	0.448409	0.608961	0.493955	0.298618	0.148748	0.336815	0.650387	0.273109	0.612187	
0.713545	0.509462	0.79471	0.195884	0.70917	0.15801	0.339712	0.205113	0.3382	0.78775	0.694544	0.614037	0.816583	0.728365	0.617182	0.384198	0.61589	0.86631	0.142092	0.932632	
0.707225	0.506923	0.657972	0.141248	0.599719	0.246999	0.419624	0.282558	0.183254	0.74434	0.74789	0.7089	0.698855	0.796757	0.590019	0.437083	0.545285	0.750383	0.27468	0.91594	
0.357134	0.389249	1.03302	0.679288	0.825333	0.58455	0.40195	0.538779	0.909631	0.543704	0.083574	0.194371	0.927294	0.0192164	0.447281	0.370206	0.621038	0.947079	0.616337	0.479845	
0.284349	0.157836	0.802173	0.401214	0.611027	0.331678	0.171521	0.284278	0.629653	0.439771	0.214591	0.259064	0.72403	0.272741	0.27541	0.104564	0.413901	0.754766	0.384314	0.498419	
0.227932	0.265497	0.900436	0.589564	0.691613	0.524251	0.35282	0.476872	0.808283	0.415353	0.0519385	0.257946	0.792945	0.140484	0.313075	0.297577	0.487555	0.81273	0.571411	0.383797	
0.299019	0.104169	0.593211	0.267418	0.414055	0.304602	0.262797	0.270112	0.453848	0.362914	0.400668	0.469977	0.530601	0.474659	0.189874	0.193732	0.237391	0.56747	0.383676	0.510549	
0.760009	0.562525	0.648261	0.198924	0.612046	0.312331	0.485608	0.34852	0.148579	0.78581	0.811371	0.77491	0.704394	0.861625	0.638279	0.501721	0.578758	0.756656	0.335179	0.964669	
0.505678	0.341565	0.9018	0.352577	0.741468	0.198308	0.0697315	0.164521	0.593511	0.647752	0.383109	0.271384	0.858768	0.39798	0.47215	0.14881	0.569128	0.897949	0.206774	0.721168	
0.603602	0.484588	0.241444	0.374448	0.219535	0.543003	0.619097	0.542615	0.287654	0.527926	0.792885	0.868402	0.291102	0.872203	0.46555	0.574949	0.308763	0.343676	0.614491	0.742988	
5.60366
4.30887
5.16465
4.75356
6.23927
7.45194
4.20075
5.51216
3.91336
6.57103
