15	30
52.5098	44.3782
102.512	89.2457
91.7624	119.03
133.559	64.783
174.713	90.6925
114.054	21.4478
128.742	151.305
152.483	25.6097
21.921	24.8129
0.846272	79.1468
103.516	111.812
81.1495	98.8474
56.3385	128.21
143.3	149.282
175.009	91.0842
24.0842
4.1767
41.2607
15.1302
45.4844
11.3882
37.3831
21.6996
27.9451
19.7416
24.8301
37.7878
44.1048
4.52089
19.4878
6.22269
8.91084
4.72858
29.2072
30.8001
4.09418
21.3911
10.585
20.76
27.1055
21.6123
42.8156
16.5037
1.42568
19.6562
0.173248	0.46535	0.660645	0.76581	0.502915	0.777953	0.36549	0.659655	0.859855	0.797484	0.71762	0.483802	0.879621	0.199896	0.822934	0.454538	0.64588	0.551073	0.0663257	0.530192	0.435353	0.414319	0.655137	0.379314	0.703608	0.781654	0.189401	0.602907	0.416509	0.791151	
0.327599	0.450927	0.207682	0.313163	0.167937	0.48445	0.485804	0.206903	0.516982	0.770347	0.44137	0.377186	0.571665	0.294636	0.58832	0.34833	0.219781	0.424408	0.409875	0.153712	0.250884	0.0497796	0.438897	0.10437	0.339947	0.52687	0.494309	0.343072	0.32427	0.359777	
0.546882	0.677943	0.143818	0.102877	0.221249	0.564083	0.73528	0.0863284	0.541453	0.955629	0.329936	0.590374	0.619407	0.553553	0.690943	0.568714	0.0579811	0.444521	0.645006	0.181013	0.473586	0.309099	0.382884	0.318641	0.175257	0.627169	0.695394	0.491025	0.55505	0.100485	
0.759631	0.356552	0.503738	0.598743	0.699321	0.0969032	0.493469	0.562716	0.198521	0.374616	0.948654	0.29932	0.145606	0.586523	0.0496901	0.325202	0.655898	0.963372	0.778102	0.671537	0.357271	0.522652	0.966959	0.624661	0.810027	0.0260876	0.918501	0.200415	0.362221	0.719461	
0.779783	0.658225	0.261721	0.253651	0.529892	0.347744	0.768104	0.303041	0.264972	0.814426	0.676987	0.563003	0.349324	0.697142	0.470669	0.56102	0.394262	0.78649	0.852674	0.487368	0.501865	0.480982	0.733075	0.55533	0.521007	0.418659	0.947794	0.398139	0.572148	0.367894	
0.158024	0.354208	0.52259	0.634491	0.404876	0.631878	0.289207	0.528344	0.710793	0.703278	0.653557	0.352178	0.733351	0.052287	0.684722	0.320186	0.528888	0.524066	0.139436	0.423499	0.28826	0.276778	0.607042	0.266346	0.610316	0.639888	0.285271	0.456481	0.280559	0.673892	
0.514894	0.100228	0.472584	0.596638	0.559592	0.30418	0.227097	0.517559	0.410077	0.378295	0.834833	0.0238624	0.401105	0.325299	0.318976	0.057685	0.583435	0.791224	0.514325	0.546843	0.143912	0.355866	0.827344	0.443702	0.725286	0.286428	0.661055	0.162063	0.0973648	0.694585	
0.476739	0.868976	0.502759	0.490368	0.27234	0.902646	0.865448	0.447075	0.906703	1.2051	0.104386	0.808214	0.976415	0.61332	1.01771	0.776551	0.34842	0.115817	0.581537	0.297946	0.682946	0.471517	0.0112778	0.386945	0.230607	0.954361	0.539778	0.779681	0.746072	0.403583	
0.189948	0.424984	0.647591	0.7566	0.506016	0.745188	0.323802	0.650276	0.829753	0.755838	0.73204	0.446449	0.846862	0.17236	0.786545	0.417988	0.642831	0.573849	0.0931054	0.530518	0.404239	0.401011	0.673466	0.376196	0.709273	0.746625	0.229632	0.570713	0.380615	0.788359	
0.0684335	0.50465	0.593336	0.689001	0.407362	0.768962	0.428013	0.584304	0.839434	0.851366	0.609304	0.502245	0.869482	0.200813	0.830291	0.469634	0.558594	0.441019	0.043935	0.438573	0.427505	0.353469	0.545247	0.297198	0.603143	0.782688	0.135468	0.594403	0.429751	0.702299	
0.333101	0.335051	0.700853	0.820375	0.61174	0.70592	0.207393	0.716036	0.80386	0.631684	0.859527	0.386858	0.805423	0.219321	0.722259	0.36706	0.728413	0.717408	0.247318	0.628458	0.390874	0.464625	0.808998	0.471515	0.817106	0.692815	0.38073	0.540636	0.33806	0.871806	
0.680553	0.525725	0.213769	0.271118	0.474856	0.245276	0.636035	0.270659	0.19902	0.698748	0.670069	0.430418	0.279922	0.578801	0.374871	0.428641	0.370907	0.744017	0.744348	0.435457	0.372748	0.38192	0.71117	0.468889	0.517781	0.315797	0.850572	0.266538	0.440744	0.395043	
0.409416	0.503155	0.124282	0.226455	0.173177	0.465943	0.554251	0.120382	0.479583	0.801544	0.418197	0.420166	0.543528	0.379426	0.581139	0.39546	0.152114	0.44476	0.495448	0.139616	0.298215	0.132363	0.434114	0.177619	0.293716	0.517572	0.573077	0.349854	0.37809	0.281813	
0.554736	0.618601	0.0639998	0.0743021	0.258888	0.479413	0.687868	0.0334448	0.456131	0.880911	0.412456	0.527502	0.533847	0.530644	0.606936	0.508877	0.117343	0.508684	0.645236	0.215781	0.417559	0.284023	0.459257	0.32099	0.259481	0.543373	0.71316	0.41511	0.499766	0.161611	
0.703608	0.306315	0.471991	0.574298	0.653813	0.105253	0.442842	0.52977	0.218916	0.372125	0.908545	0.244078	0.184837	0.529783	0.1042	0.269083	0.619848	0.915104	0.721365	0.62781	0.301162	0.472083	0.923119	0.573609	0.773573	0.0631655	0.861952	0.1488	0.305756	0.692435	
6.24672
4.90249
4.98642
4.17264
3.96555
4.74231
4.64974
4.51884
7.76547
7.57195
5.46506
5.60735
5.98917
4.72613
3.95214
