15	30
82.0755	118.603
167.852	68.6455
87.0026	33.68
45.4403	123.946
2.77171	136.613
147.192	105.044
170.412	148.192
175.592	87.472
53.8299	23.9744
101.665	36.0834
131.675	88.0973
15.8677	90.0613
125.274	139.685
137.565	109.838
129.14	94.5593
56.0316
53.0441
3.78827
30.1351
27.4274
35.0875
20.2916
17.6976
27.1451
14.7356
7.6307
35.7385
23.4891
41.1417
35.5151
26.5671
40.3297
18.8367
31.6892
17.0227
41.9408
8.41661
26.4169
35.6618
38.9887
49.8588
51.0541
21.8261
49.2072
49.6136
0.516786	0.227528	0.44448	0.668543	0.574644	0.212596	0.207954	0.433877	0.72421	0.67248	0.464386	0.469403	0.137982	0.611096	0.82003	0.25924	0.663789	0.0797306	0.307005	0.532502	0.593636	0.208881	0.602447	0.337326	0.501945	0.499361	0.503811	0.997919	0.628761	0.424813	
0.312087	0.858526	0.856102	0.546724	0.717202	0.838521	0.833252	0.496186	0.265362	0.208173	0.303078	0.384396	0.757556	0.132048	0.214935	0.836024	0.365129	0.578603	0.331879	0.483405	0.172494	0.814495	0.394106	0.495344	0.517528	0.769543	0.336847	0.515322	0.00701336	0.408785	
0.42114	0.996271	0.986994	0.627833	0.826938	0.977522	0.969837	0.592669	0.297652	0.262971	0.403196	0.500196	0.896696	0.226879	0.144167	0.975145	0.39733	0.717877	0.471295	0.587974	0.243074	0.953906	0.44876	0.608022	0.627987	0.891154	0.422148	0.480571	0.141237	0.530985	
0.22649	0.7421	0.455522	0.10179	0.199954	0.681869	0.749427	0.798985	0.38154	0.383447	0.669777	0.172788	0.613779	0.412892	0.575128	0.597457	0.840668	0.49332	0.409026	0.0593794	0.656746	0.623623	0.830216	0.730883	0.0704354	0.305305	0.727569	0.547544	0.541316	0.184561	
0.572775	0.736612	0.284779	0.411579	0.165976	0.663249	0.766272	1.02925	0.742716	0.74476	0.948659	0.498422	0.630217	0.766379	0.93703	0.539091	1.1426	0.609101	0.66641	0.405363	0.977022	0.597387	1.11542	0.942553	0.365641	0.169031	1.00615	0.870637	0.885851	0.479989	
0.349312	1.07745	0.873915	0.348475	0.612662	1.03158	1.06998	0.894176	0.168839	0.23334	0.708794	0.409982	0.952998	0.323702	0.291212	0.975563	0.789856	0.790129	0.583234	0.410136	0.598556	0.984278	0.819684	0.867193	0.462163	0.727009	0.752587	0.134485	0.433142	0.458545	
0.364282	0.908415	0.913074	0.591559	0.770625	0.890488	0.881729	0.516638	0.289216	0.239146	0.32445	0.438671	0.809888	0.176252	0.194592	0.890889	0.352346	0.631411	0.385825	0.535065	0.173607	0.868021	0.392047	0.525482	0.57082	0.825471	0.349933	0.516631	0.0566158	0.464504	
0.691807	0.037242	0.445314	0.809482	0.662295	0.0632847	0.0516202	0.568563	0.906678	0.857593	0.638182	0.634762	0.0952773	0.799777	1.01005	0.188624	0.828123	0.254521	0.49702	0.678776	0.777669	0.121383	0.760205	0.477023	0.63976	0.556014	0.670609	1.17443	0.819559	0.587355	
0.497867	0.470347	0.0879809	0.46716	0.238715	0.397623	0.498263	0.803679	0.713756	0.692395	0.758073	0.415266	0.361691	0.681423	0.884268	0.278147	0.962541	0.360158	0.485723	0.378588	0.823703	0.331551	0.921993	0.711205	0.326432	0.111511	0.812286	0.91789	0.772854	0.3752	
0.694613	0.249428	0.640339	0.875378	0.793659	0.296516	0.199862	0.363168	0.87978	0.821289	0.482356	0.661816	0.274716	0.746019	0.938362	0.406914	0.645308	0.292815	0.451804	0.738472	0.641499	0.339041	0.570447	0.285417	0.712726	0.714382	0.499037	1.16231	0.725883	0.621617	
0.273366	0.923426	0.854742	0.467088	0.673452	0.89433	0.903774	0.618809	0.144786	0.102246	0.427039	0.355526	0.812487	0.089805	0.124801	0.873813	0.492154	0.634092	0.389807	0.433617	0.302047	0.861954	0.523817	0.60867	0.476619	0.74659	0.46458	0.386258	0.136824	0.392334	
0.335686	0.974781	0.91681	0.522194	0.734479	0.94813	0.95335	0.637777	0.185521	0.157445	0.444583	0.417894	0.866351	0.149752	0.0750067	0.931483	0.482676	0.687324	0.440909	0.49465	0.303168	0.917669	0.523011	0.636546	0.538314	0.808873	0.475834	0.385813	0.148105	0.454563	
0.319834	0.510137	0.266535	0.338457	0.213286	0.447192	0.521918	0.689464	0.5393	0.514742	0.612422	0.237776	0.383	0.502259	0.705637	0.361153	0.811286	0.293267	0.331031	0.22188	0.658817	0.387557	0.779034	0.604476	0.173424	0.187014	0.669199	0.760076	0.596615	0.196206	
0.441028	0.306756	0.45392	0.606873	0.539681	0.28588	0.287725	0.405206	0.645377	0.593031	0.405852	0.398397	0.206462	0.531213	0.740382	0.310071	0.609955	0.045838	0.227296	0.470002	0.524598	0.270982	0.553982	0.310141	0.444189	0.481434	0.450319	0.920602	0.551215	0.35581	
0.642358	0.371318	0.70504	0.851088	0.811071	0.405758	0.323885	0.229126	0.80509	0.743447	0.359112	0.624768	0.363589	0.661707	0.840824	0.49881	0.512395	0.311392	0.390229	0.715928	0.522236	0.43531	0.436861	0.154489	0.699007	0.751761	0.369846	1.08943	0.622881	0.591076	
6.19469
3.98279
5.40937
7.18503
7.51894
4.13299
3.83961
4.56178
5.85926
5.42886
4.99874
7.88591
5.29984
4.57764
4.70371
