10	15
87.7879	35.4973
3.16441	79.1
41.5107	20.57
125.443	94.7402
148.414	68.7126
29.3557	131.539
45.8292	64.2369
23.006	33.6922
163.398	45.5748
92.0111	119.149
22.4701
35.8504
49.1017
2.71047
48.6691
33.5652
48.8963
42.7493
15.9901
27.6514
34.9326
26.3179
40.354
29.9532
2.6632
0.463171	0.425069	0.265511	0.38128	0.558134	0.765349	0.536668	0.553365	0.499204	0.909358	0.528565	0.304038	0.695978	0.33304	0.46543	
0.706785	0.352431	0.316913	0.348626	0.370783	0.588795	0.492621	0.68606	0.627262	0.410384	0.376902	0.544849	0.20395	0.548181	0.623529	
0.502649	1.03487	0.618121	0.489813	1.10176	0.18041	1.18952	0.35695	0.376985	0.823766	1.09762	1.0932	0.720441	0.525231	0.416831	
0.646529	0.291365	0.373012	0.502696	0.425934	0.891039	0.370634	0.728381	0.671282	0.907939	0.391728	0.119724	0.703296	0.507893	0.640153	
0.47223	0.368862	0.191085	0.316744	0.496432	0.705778	0.497148	0.540331	0.481632	0.818008	0.470003	0.308266	0.60472	0.322016	0.452504	
0.365211	0.48639	0.205595	0.301492	0.613416	0.675505	0.612739	0.450485	0.396151	0.882271	0.587389	0.401511	0.668963	0.230013	0.362471	
0.38723	0.486601	0.0515413	0.0786427	0.580344	0.466713	0.638912	0.38864	0.32657	0.664917	0.56673	0.527689	0.457049	0.226769	0.314072	
0.52893	0.395312	0.140142	0.181311	0.467097	0.506371	0.54983	0.519367	0.458591	0.548292	0.45956	0.503347	0.335143	0.368835	0.450741	
0.495654	0.669558	0.317961	0.204488	0.723386	0.230262	0.822792	0.410085	0.368159	0.521009	0.72227	0.775081	0.362665	0.392204	0.385951	
0.484618	0.356398	0.088573	0.210396	0.459251	0.58956	0.506899	0.510788	0.448486	0.669994	0.442133	0.401499	0.456223	0.319485	0.429912	
3.60434
6.53271
5.18707
3.62859
3.29348
4.80357
4.67537
5.20078
2.97638
3.75399
