10	20
57.3822	149.939
51.3069	110.008
47.2848	141.313
20.3801	32.4165
64.0259	99.3517
175.331	156.846
163.046	146.632
49.6877	55.1643
125.619	15.6575
56.1803	72.437
323.642
332.763
320.841
200.341
204.872
322.461
147.793
238.6
99.678
345.331
355.582
146.947
319.378
321.521
206.008
168.467
227.987
330.749
223.483
62.38
0.79104	0.65516	0.737861	0.483823	0.292836	0.749318	0.678865	0.412782	0.426268	0.467235	0.12955	0.640116	0.368904	0.431609	0.856731	0.476398	0.491299	0.544962	0.126965	0.313308	
0.673879	0.763024	0.843084	0.416348	0.257334	0.671945	0.623638	0.234495	0.52855	0.490951	0.140142	0.84666	0.275743	0.567605	0.939068	0.472381	0.697379	0.703348	0.31903	0.50156	
0.77322	0.17791	0.253852	0.502714	0.797132	0.652305	0.5594	0.675172	0.1474	0.315567	0.625311	0.366024	0.525956	0.0779527	0.393353	0.374978	0.287042	0.0799879	0.379922	0.228575	
0.856512	0.156648	0.199773	0.607719	0.912733	0.726366	0.635358	0.794749	0.262534	0.414959	0.7437	0.331764	0.643418	0.201122	0.343048	0.474621	0.306151	0.0818752	0.493901	0.324632	
0.131673	0.671414	0.71724	0.200917	0.799461	0.170394	0.19604	0.326682	0.545411	0.371139	0.66374	1.03616	0.292073	0.634942	0.727467	0.312059	0.915328	0.766626	0.652292	0.725981	
0.0215724	0.716637	0.748819	0.318642	0.938301	0.127096	0.210019	0.463298	0.630897	0.454913	0.802006	1.12324	0.427461	0.721072	0.731831	0.400881	1.01201	0.841384	0.777075	0.832769	
1.01675	0.412363	0.46556	0.720858	0.799576	0.905342	0.812397	0.832554	0.377839	0.553612	0.657898	0.123421	0.703639	0.288081	0.608994	0.609092	0.0514506	0.205468	0.411564	0.230216	
0.994055	0.390794	0.445571	0.699263	0.793689	0.882177	0.789212	0.814847	0.354911	0.53085	0.6487	0.143003	0.684293	0.265022	0.589377	0.586567	0.0621056	0.183388	0.399928	0.215626	
0.733703	0.0850648	0.165333	0.491474	0.866228	0.603868	0.512641	0.694135	0.167556	0.297554	0.690515	0.434534	0.539769	0.146521	0.300491	0.356576	0.374441	0.141675	0.455161	0.31937	
1.10601	0.596649	0.659042	0.791287	0.686919	1.01311	0.92275	0.838707	0.49667	0.657337	0.579721	0.242458	0.737253	0.418881	0.803497	0.704179	0.158401	0.391053	0.378836	0.268863	
5.09744
5.36202
5.13308
5.77245
4.93724
3.48627
3.16402
5.28746
4.01927
5.34484
