10	20
35.8627	148.32
86.1995	47.5793
134.805	17.5981
117.546	23.4765
37.246	23.7467
123.759	138.52
58.4735	122.866
166.829	103.108
143.095	32.6096
106.644	142.441
14.7157
34.515
32.0173
33.634
18.5552
57.167
31.6785
24.8462
36.924
12.9038
9.21512
21.8166
8.51707
38.9405
53.5288
4.80146
25.7959
36.4066
15.5407
21.99
0.93351	0.457459	0.153017	0.685655	0.914118	0.770241	0.201142	0.529143	0.888036	0.24493	0.409153	0.493037	0.910636	0.575518	0.725084	0.419571	0.797636	0.166136	0.937202	0.364909	
0.998053	0.536694	0.233799	0.735035	0.960531	0.802075	0.263557	0.598303	0.931564	0.188756	0.393315	0.560522	0.934436	0.635721	0.788554	0.486242	0.876887	0.135593	1.00785	0.446299	
0.880498	0.520149	0.323425	0.581104	0.794862	0.614261	0.216368	0.717676	0.760698	0.131306	0.188848	0.473264	0.735998	0.516368	0.673142	0.402978	0.842751	0.0789134	0.914706	0.495775	
0.798097	0.619078	0.54467	0.464579	0.632999	0.416004	0.383452	0.920814	0.590514	0.341222	0.0963721	0.493988	0.504091	0.476686	0.614118	0.448938	0.881707	0.339255	0.867513	0.661682	
0.647716	0.372548	0.353236	0.350999	0.572285	0.419198	0.178378	0.694813	0.54227	0.364593	0.259029	0.264627	0.564163	0.286137	0.441895	0.207884	0.652505	0.298294	0.688211	0.424845	
0.291103	0.509062	0.834694	0.546177	0.577617	0.727469	0.784004	0.796575	0.610774	1.10139	1.01239	0.501788	0.848472	0.490087	0.365827	0.571716	0.196079	1.01439	0.16105	0.654444	
0.46929	0.433066	0.550172	0.139031	0.347083	0.210888	0.385011	0.82971	0.315957	0.575008	0.397611	0.255045	0.370857	0.179035	0.289842	0.261163	0.599524	0.519854	0.541364	0.552211	
0.17515	0.568409	0.887309	0.485154	0.467256	0.645128	0.809906	0.902603	0.505796	1.11202	0.992866	0.514039	0.748876	0.470916	0.321751	0.588184	0.30936	1.03079	0.0683113	0.728081	
0.786099	0.396374	0.232832	0.50986	0.734599	0.581011	0.0934009	0.617518	0.705693	0.242372	0.268437	0.361946	0.720573	0.420415	0.576468	0.288968	0.721724	0.155641	0.809375	0.378946	
0.660094	0.11142	0.231582	0.535279	0.749929	0.701935	0.265848	0.333892	0.742525	0.578867	0.612311	0.266573	0.864603	0.379696	0.477825	0.23519	0.432034	0.48399	0.624651	0.0609909	
7.21974
5.00504
4.30146
4.60967
6.52689
4.81954
6.16399
4.00628
4.29345
4.97046
