10	20
74.5774	73.4699
114.469	121.145
114.793	146.48
79.529	143.268
0.321105	42.4738
160.383	14.6028
115.63	154.164
116.045	114.334
31.8373	94.8925
44.6938	40.3028
160.916
139.641
367.178
400.454
492.454
24.7547
19.9556
520.144
291.199
337.515
164.983
238.637
228.086
128.166
102.46
128.208
89.205
422.014
81.5154
388.18
0.815558	0.672874	0.764497	0.355468	0.431326	0.828414	0.731683	0.83347	0.749233	0.540771	0.710335	0.818569	0.11182	0.316658	0.680103	0.496038	0.688484	0.289712	0.27456	0.348851	
0.509314	0.440102	0.378104	0.255511	0.112016	0.552995	0.438126	0.557062	0.455692	0.318879	0.658318	0.499289	0.447425	0.444343	0.292064	0.205018	0.3005	0.24295	0.312514	0.274896	
0.888089	0.748269	0.821543	0.367349	0.472273	0.902871	0.752849	0.907899	0.822305	0.615616	0.782738	0.84388	0.0454086	0.384396	0.733454	0.526898	0.743224	0.304851	0.271709	0.424922	
0.584767	0.706284	0.274142	0.687801	0.539157	0.669228	0.385345	0.668705	0.601382	0.690643	1.03954	0.305905	1.00418	0.996018	0.307624	0.50092	0.309178	0.730241	0.793633	0.80037	
0.58475	0.424601	0.857584	0.961453	0.858851	0.514442	1.16227	0.517905	0.542457	0.461976	0.0927194	1.19693	0.883661	0.458665	0.859636	0.950346	0.847899	0.914301	0.955463	0.493452	
0.141429	0.209531	0.230042	0.623744	0.441125	0.210093	0.619456	0.212253	0.116029	0.231084	0.544869	0.620153	0.797016	0.597143	0.266152	0.496254	0.248155	0.619917	0.690013	0.410738	
0.543857	0.58909	0.221731	0.408856	0.261035	0.62026	0.211249	0.621983	0.526849	0.52347	0.892647	0.213856	0.724307	0.762022	0.145531	0.221421	0.164724	0.44941	0.513601	0.57596	
0.683067	0.748694	0.342473	0.49834	0.394885	0.763675	0.147466	0.764767	0.675499	0.68937	1.05819	0.0726782	0.836775	0.921285	0.297397	0.325454	0.313155	0.552068	0.605987	0.739235	
0.717076	0.709722	0.436881	0.226942	0.197364	0.78276	0.161561	0.785588	0.683296	0.6082	0.963754	0.254378	0.571025	0.73381	0.341122	0.103911	0.361337	0.286573	0.333206	0.581634	
0.123007	0.264582	0.220216	0.688072	0.50182	0.206983	0.64061	0.207065	0.142152	0.310998	0.59826	0.628076	0.877639	0.679833	0.285794	0.546774	0.265659	0.689461	0.760448	0.495021	
5.19578
4.62785
4.18254
4.63236
7.92566
3.85011
4.42042
4.51176
6.64259
5.76201
