10	15
146.843	48.7439
2.5162	49.8303
33.9964	11.366
113.265	21.232
45.2176	123.082
30.1852	40.1036
55.9875	35.2377
139.567	51.5731
95.8917	122.231
12.9283	37.7876
33.8611
31.1054
46.9311
35.6679
37.0086
6.44521
22.858
33.3243
45.2985
10.4653
14.851
2.20513
33.8629
0.886568
6.0205
0.344346	0.531666	0.181562	0.501439	0.838803	0.632738	0.637194	0.644019	0.658216	0.189252	0.249906	0.241284	0.262516	0.619376	0.640533	
0.318355	0.793416	0.428463	0.312994	0.98238	0.764788	0.552283	0.782409	0.75139	0.388541	0.305728	0.487279	0.508564	0.67456	0.659152	
0.41193	0.422463	0.32384	0.668603	0.366549	0.181354	0.57034	0.183655	0.261074	0.285674	0.352433	0.288384	0.550094	0.307554	0.386993	
0.553701	0.159596	0.224332	0.799004	0.602499	0.465962	0.796069	0.461273	0.554497	0.28479	0.450736	0.166072	0.324464	0.591642	0.661486	
0.654668	0.263423	0.428694	0.913225	0.40954	0.35369	0.829241	0.337406	0.465211	0.448314	0.5752	0.370202	0.567442	0.545687	0.632239	
0.252776	0.709387	0.471973	0.451274	0.470599	0.273978	0.273383	0.298178	0.204633	0.382501	0.289792	0.474771	0.717907	0.105784	0.113231	
0.596138	0.695513	0.647076	0.810073	0.123697	0.148577	0.59248	0.144068	0.154323	0.592622	0.591964	0.615571	0.877678	0.265441	0.341689	
0.131635	0.772121	0.408793	0.190453	0.824642	0.608235	0.359427	0.628601	0.576638	0.331409	0.176338	0.456434	0.577029	0.488627	0.464372	
0.389935	0.332551	0.0562259	0.625517	0.639398	0.45454	0.655506	0.459343	0.512459	0.10947	0.281658	0.0204675	0.279007	0.513842	0.565862	
0.902844	0.256451	0.602772	1.1581	0.634599	0.626873	1.10142	0.608526	0.739781	0.656242	0.810267	0.544193	0.638176	0.823434	0.910015	
2.7692
5.82584
4.20287
2.79998
4.24786
4.04091
3.77006
2.78469
3.31686
4.982
