15	30
27.1105	79.4482
1.90513	32.571
114.375	74.7143
5.68692	40.7396
167.145	153.875
99.4716	118.913
67.3996	157.188
82.3629	20.2026
84.0048	65.1116
99.7934	66.7759
22.6621	15.8447
112.954	110.017
10.6189	121.187
130.386	107.55
179.039	134.647
24.5396
30.3151
30.3561
14.7991
6.04404
39.0902
28.413
25.7999
40.777
5.79098
30.3669
20.9807
36.3606
40.8103
5.36397
11.1583
20.5773
36.8475
22.7345
1.69477
23.0468
2.33118
11.4604
23.9923
19.1239
26.6359
12.5499
16.3755
39.8517
1.20576
0.302595	0.802259	0.298076	0.316778	0.305491	0.646821	0.401193	0.564188	0.73606	0.730842	0.453208	0.142179	0.842003	0.381232	0.612428	0.502038	0.64675	0.308311	0.802261	0.372952	0.30721	0.561269	0.30967	0.145153	0.263491	0.491773	0.664649	0.0530351	0.396253	0.375233	
0.252241	0.486377	0.24959	0.282179	0.306021	0.826486	0.373045	0.270075	0.197596	0.297755	0.200645	0.67339	0.389152	0.793187	1.02856	0.496695	0.175977	0.57135	0.690559	0.556543	0.259667	0.883112	0.261924	0.59664	0.538856	0.426927	0.122543	0.58078	0.498369	0.491869	
0.307282	0.263499	0.335757	0.272613	0.284644	0.653898	0.249783	0.0525647	0.253925	0.143574	0.138752	0.681594	0.253762	0.716522	0.929632	0.319338	0.11673	0.718619	0.459509	0.438941	0.391493	0.755801	0.286219	0.579992	0.468779	0.249713	0.301085	0.603484	0.367808	0.371048	
0.27489	0.306431	0.300472	0.248737	0.263611	0.6745	0.250862	0.0804858	0.236382	0.166895	0.111697	0.663526	0.277982	0.714934	0.933916	0.338418	0.102612	0.680883	0.498806	0.443576	0.352706	0.765631	0.257337	0.565315	0.463066	0.267325	0.267311	0.582201	0.374433	0.375234	
0.350713	0.308693	0.392374	0.276245	0.266338	0.406122	0.130419	0.195342	0.501663	0.354669	0.245133	0.567857	0.441768	0.518914	0.707109	0.0746563	0.364429	0.750161	0.29842	0.233723	0.467202	0.521065	0.314006	0.455366	0.309142	0.0325704	0.534242	0.516091	0.164275	0.178711	
0.325559	0.50461	0.320221	0.356508	0.380269	0.891838	0.441398	0.316084	0.150707	0.300629	0.26743	0.745473	0.375996	0.867483	1.10239	0.558886	0.184507	0.618586	0.732431	0.627814	0.32171	0.954845	0.336282	0.670483	0.612897	0.488103	0.0482563	0.652231	0.567812	0.562288	
0.547085	0.37936	0.557806	0.544341	0.562998	0.945623	0.5568	0.358131	0.130669	0.195376	0.411908	0.961055	0.170055	1.02278	1.23778	0.619159	0.209102	0.895409	0.671181	0.747088	0.581791	1.062	0.541812	0.868364	0.771433	0.5528	0.255981	0.874405	0.675893	0.679135	
0.143591	0.544112	0.177053	0.0919882	0.0690076	0.521887	0.14726	0.311386	0.532735	0.486669	0.217662	0.338491	0.596564	0.419362	0.65672	0.272885	0.420479	0.478494	0.56933	0.218432	0.244932	0.526463	0.117096	0.239262	0.16739	0.244161	0.496134	0.26339	0.193925	0.175994	
0.147255	0.546929	0.133776	0.200173	0.224276	0.780156	0.328149	0.299267	0.318401	0.385673	0.184291	0.559428	0.487935	0.70109	0.940954	0.468068	0.269796	0.458696	0.705535	0.490567	0.138672	0.810308	0.168639	0.490231	0.452991	0.404684	0.235046	0.465451	0.442906	0.432002	
0.491984	0.38962	0.533644	0.415003	0.398943	0.253775	0.263617	0.359154	0.663582	0.498645	0.410612	0.598914	0.568885	0.469419	0.610705	0.118633	0.526942	0.859697	0.220286	0.230174	0.608896	0.41088	0.454848	0.489858	0.338442	0.181739	0.702174	0.572161	0.199857	0.22086	
0.249192	0.741689	0.249675	0.257612	0.245484	0.61252	0.341453	0.503896	0.683369	0.671762	0.394466	0.176607	0.782851	0.377898	0.616439	0.446591	0.59006	0.33589	0.747309	0.327088	0.270042	0.545296	0.252932	0.135649	0.220734	0.43327	0.617512	0.0824085	0.343573	0.322511	
0.102582	0.46447	0.12675	0.10571	0.129002	0.665441	0.21119	0.207317	0.340556	0.339302	0.0784951	0.514635	0.449492	0.616118	0.851013	0.349937	0.244952	0.509955	0.593962	0.383117	0.185446	0.708009	0.0941396	0.428214	0.361371	0.286825	0.29895	0.426596	0.330043	0.320992	
0.677812	0.834873	0.706654	0.621887	0.597512	0.256683	0.539384	0.730291	1.02361	0.903877	0.709186	0.446464	0.99274	0.173863	0.161564	0.477243	0.89107	0.854522	0.636316	0.346304	0.763327	0.0458546	0.652086	0.404815	0.369178	0.537699	1.01679	0.497686	0.414264	0.41434	
0.137455	0.500103	0.176692	0.067479	0.0438164	0.521022	0.110778	0.266123	0.495067	0.442098	0.176493	0.383265	0.55174	0.449944	0.683584	0.247313	0.379124	0.509206	0.537788	0.223758	0.25004	0.543358	0.10349	0.282232	0.194358	0.2098	0.465939	0.308672	0.184811	0.170134	
0.389939	0.465854	0.390033	0.409852	0.432458	0.91182	0.472681	0.316409	0.0720672	0.254034	0.301114	0.811986	0.312264	0.917189	1.14761	0.575824	0.156493	0.699993	0.716805	0.664303	0.398804	0.991035	0.395302	0.731398	0.661305	0.504502	0.058066	0.720169	0.599808	0.596924	
9.09673
10.7398
6.40206
9.37153
5.11519
6.59319
7.06616
6.79924
7.20497
6.54089
10.4007
6.55572
9.50895
6.10413
5.20996
