10	20
9.94184	107.835
96.1449	22.6143
17.3647	113.153
16.3461	142.579
88.864	111.766
10.339	55.4246
76.48	82.2104
129.681	55.8607
47.3476	132.192
33.1115	38.9198
740.193
296.782
385.638
645.541
755.422
119.912
752.153
510.026
196.948
355.177
210.558
722.118
273.334
315.509
723.376
366.554
92.994
367.886
399.889
395.541
0.534208	0.859862	0.616028	0.756066	0.262272	0.775912	0.80988	0.5742	0.653822	0.220583	0.788331	0.233874	0.750693	0.48738	0.710254	0.131468	0.582555	0.845616	0.457872	0.770629	
0.730478	0.801668	1.03474	0.087886	0.572028	0.580162	0.809566	0.466365	1.0329	0.889325	0.578735	0.569177	0.0158377	0.436074	0.0903971	0.756599	0.747332	0.731925	0.314732	0.266155	
0.480638	0.16284	0.61055	0.855453	0.788436	0.364409	0.203114	0.547432	0.562127	0.904937	0.364298	0.831371	0.936011	0.641325	0.85989	0.889302	0.432868	0.215492	0.847928	0.680825	
0.253816	0.51408	0.517626	0.481861	0.123078	0.395531	0.477976	0.192081	0.525513	0.399332	0.407404	0.161733	0.515432	0.119375	0.447294	0.297092	0.292468	0.483742	0.252656	0.429345	
0.585672	0.26023	0.783989	0.768748	0.84086	0.334288	0.326143	0.550394	0.73994	1.01887	0.326081	0.880764	0.853252	0.651116	0.784293	0.976755	0.54356	0.246605	0.834504	0.590823	
0.386895	0.501314	0.145856	1.04846	0.663828	0.648212	0.440289	0.654565	0.106622	0.563371	0.660008	0.700639	1.10441	0.685711	1.02724	0.632315	0.371959	0.55988	0.873882	0.92277	
0.0950627	0.422146	0.342872	0.633869	0.244227	0.388127	0.369541	0.263487	0.346682	0.357868	0.402234	0.286742	0.678817	0.256949	0.605427	0.317697	0.143088	0.417858	0.432227	0.543605	
0.359027	0.681659	0.28458	0.886962	0.363624	0.691251	0.61864	0.558593	0.330234	0.133673	0.705453	0.380823	0.913512	0.5211	0.850121	0.234755	0.396763	0.697439	0.624492	0.828996	
0.216655	0.539554	0.402219	0.623926	0.140472	0.476948	0.489432	0.30671	0.420035	0.271629	0.490455	0.178475	0.654751	0.257445	0.588485	0.202389	0.264797	0.528684	0.377009	0.567024	
0.505939	0.192783	0.623604	0.885037	0.816745	0.394648	0.230174	0.577926	0.574237	0.927539	0.394333	0.859777	0.965812	0.671592	0.889862	0.914775	0.457923	0.246067	0.878445	0.710022	
4.02067
2.26937
3.76225
3.71651
2.66798
3.5972
2.87771
2.20427
2.89539
3.23757
