15	30
163.784	68.5273
143.05	43.0592
33.8451	141.018
20.2061	121.757
26.212	129.042
78.8395	102.713
139.207	140.383
119.112	84.9006
36.4236	86.7769
178.406	138.845
102.814	52.159
119.546	110.252
125.255	138.872
178.555	67.049
1.26215	44.3654
216.219
316.282
81.637
403.581
334.193
194.12
258.22
411.407
69.3716
129.009
61.7106
365.048
358.152
245.551
456.38
4.91523
114.86
376.948
8.58221
132.738
347.131
271.817
174.204
369.144
119.341
64.897
305.149
383.497
449.863
324.637
0.247075	0.322476	0.7823	0.181604	0.471931	0.310567	0.900222	0.238127	0.469447	0.682503	0.716951	0.236182	0.570794	0.410835	0.366358	0.646636	0.408523	0.260621	0.331332	0.152817	0.138362	0.438622	0.729231	0.158383	0.259322	0.452531	0.81968	0.770542	0.687576	0.0937455	
0.245703	0.340868	0.552479	0.372497	0.118153	0.720686	0.668315	0.677785	0.661219	0.589998	0.462329	0.385231	0.228405	0.0973294	0.717399	0.213614	0.465765	0.674562	0.31659	0.456613	0.418293	0.276723	0.765498	0.519551	0.182887	0.456582	1.00483	0.682128	0.891927	0.466067	
0.289464	0.41305	0.87323	0.186628	0.55249	0.303676	0.991159	0.184765	0.533733	0.770943	0.807457	0.324393	0.655511	0.466638	0.390938	0.719803	0.493996	0.172799	0.343099	0.115763	0.222968	0.528885	0.807005	0.083689	0.325702	0.54012	0.872402	0.857839	0.7399	0.0555673	
0.875257	0.558264	0.724303	0.871682	0.825231	0.532062	0.775032	0.692503	0.245278	0.504343	0.741405	0.543016	0.823303	0.945647	0.394748	1.00057	0.434627	0.829165	0.99565	0.85193	0.583891	0.649153	0.299404	0.837303	0.813738	0.457941	0.119327	0.506078	0.0162161	0.787991	
0.357983	0.12895	0.388171	0.446507	0.166732	0.597608	0.509	0.615253	0.432913	0.35581	0.315087	0.219992	0.198551	0.32491	0.550656	0.35099	0.22456	0.664675	0.477477	0.500219	0.306479	0.0384017	0.514173	0.542917	0.262791	0.206288	0.760176	0.450829	0.653757	0.475103	
0.250071	0.546866	0.801638	0.342764	0.369931	0.806515	0.914989	0.711825	0.851749	0.838833	0.710656	0.555058	0.472722	0.164689	0.844083	0.38271	0.680056	0.657553	0.197202	0.429757	0.543268	0.519769	1.00065	0.497176	0.284308	0.68337	1.20955	0.932046	1.08769	0.472423	
0.874332	0.566642	0.753315	0.865398	0.838169	0.50912	0.806978	0.672007	0.248368	0.533557	0.767478	0.544888	0.840997	0.951418	0.373436	1.01642	0.446907	0.809965	0.993043	0.841979	0.579438	0.663962	0.333796	0.824588	0.816062	0.474098	0.133816	0.538877	0.0257609	0.777402	
0.432497	0.522268	0.575587	0.559195	0.241097	0.929194	0.672873	0.884758	0.839312	0.682618	0.486634	0.583059	0.268378	0.251331	0.920525	0.0971999	0.632189	0.872844	0.462981	0.647799	0.62547	0.417149	0.890529	0.713764	0.38784	0.609077	1.16442	0.764462	1.06111	0.665809	
0.670946	0.473722	0.161435	0.783013	0.345493	0.944699	0.240036	0.97809	0.684683	0.35223	0.103749	0.573775	0.227559	0.551513	0.873354	0.336658	0.492281	1.02791	0.766193	0.849793	0.668351	0.33299	0.585935	0.899132	0.580205	0.438884	0.912463	0.400498	0.846371	0.833001	
0.764051	0.417565	0.25098	0.831006	0.539001	0.767175	0.292337	0.86514	0.40724	0.0607962	0.295507	0.491969	0.473573	0.734962	0.652659	0.653333	0.322352	0.962991	0.887929	0.862183	0.592321	0.381021	0.195473	0.885708	0.671689	0.275608	0.530201	0.0427799	0.489263	0.818042	
0.632003	0.30084	0.542783	0.646512	0.569254	0.433127	0.623647	0.557541	0.0589113	0.338821	0.535263	0.296967	0.576414	0.689607	0.308199	0.748952	0.177998	0.676905	0.756162	0.643441	0.359303	0.396062	0.256738	0.643614	0.563249	0.209411	0.366816	0.386504	0.251863	0.584533	
0.768563	0.417577	0.279822	0.831525	0.553849	0.750944	0.320382	0.853197	0.386214	0.0790393	0.322129	0.487499	0.49299	0.746161	0.633884	0.674043	0.315248	0.954035	0.893331	0.859772	0.586289	0.39122	0.166443	0.881166	0.677266	0.27198	0.501104	0.0588242	0.461029	0.813967	
0.70718	0.454549	0.768759	0.679639	0.73807	0.299094	0.848899	0.461284	0.169647	0.563618	0.757625	0.400956	0.769208	0.811439	0.162688	0.928362	0.369115	0.599599	0.818068	0.646108	0.406045	0.582317	0.434736	0.622556	0.663468	0.416495	0.344478	0.602907	0.217178	0.580468	
0.56015	0.284589	0.633405	0.552934	0.568107	0.303677	0.726169	0.427056	0.0889243	0.44724	0.610046	0.237115	0.601586	0.648928	0.187162	0.758547	0.208371	0.549437	0.678258	0.537041	0.265102	0.414447	0.387834	0.529023	0.506221	0.261475	0.437799	0.506917	0.307293	0.474709	
0.737316	0.482989	0.04427	0.839431	0.426813	0.936011	0.126003	0.990579	0.636233	0.262797	0.0841526	0.582361	0.31635	0.639879	0.849	0.453673	0.46678	1.05604	0.843071	0.897429	0.68355	0.360692	0.490232	0.940244	0.642862	0.409541	0.823578	0.290982	0.770758	0.872157	
4.24129
4.50672
6.30986
7.10218
6.5316
4.98446
4.72335
4.51924
6.96852
4.11779
5.12469
4.72687
4.99389
3.78098
7.50829
