10	20
65.5429	129.101
138.365	75.8954
32.6522	89.6537
145.254	139.992
115.412	17.7101
151.815	130.984
148.04	36.0914
9.06299	111.73
134.173	26.3553
167.434	82.684
140.575
283.853
156.746
509.002
722.329
481.163
743.366
89.427
780.515
431.681
497.779
107.617
590.813
322.596
537.2
758.932
77.6546
446.989
53.0921
670.628
0.765086	0.592993	0.400345	0.543482	1.00369	0.633136	0.876117	0.670624	0.641337	0.314713	1.01369	0.858851	0.656807	0.805306	0.1968	0.911104	0.436421	0.155034	0.0654642	0.555532	
0.839512	0.676109	0.492373	0.677438	1.09239	0.77136	0.940612	0.72955	0.608616	0.447405	1.10741	0.924927	0.621737	0.759697	0.105507	0.975192	0.519292	0.283404	0.193633	0.683961	
0.82217	0.672544	0.552466	0.301752	0.937371	0.251433	0.948105	0.818096	1.0454	0.240292	0.918742	0.928037	1.06338	1.21638	0.700734	0.977498	0.599167	0.402877	0.512091	0.372107	
0.855814	0.700683	0.527125	0.742361	1.11634	0.842119	0.949149	0.737272	0.563301	0.531381	1.13493	0.934674	0.574808	0.704831	0.149585	0.983116	0.547304	0.36791	0.264263	0.742965	
0.419859	0.356895	0.409157	0.218929	0.450672	0.252379	0.526712	0.489667	0.88259	0.586829	0.426217	0.508614	0.89928	1.02873	0.923791	0.547617	0.419336	0.667894	0.663203	0.176035	
0.701904	0.566288	0.479722	0.176017	0.797321	0.105197	0.825439	0.715055	0.992832	0.316897	0.776527	0.805586	1.01088	1.16034	0.757629	0.853059	0.521025	0.459049	0.532793	0.246481	
0.681029	0.5823	0.554005	0.225665	0.714598	0.105953	0.794125	0.728317	1.06863	0.49298	0.684527	0.775453	1.08636	1.22874	0.922397	0.816603	0.584878	0.627966	0.684112	0.268505	
0.233457	0.258952	0.407554	0.389988	0.249054	0.45916	0.321083	0.342443	0.777489	0.731583	0.237683	0.304628	0.792228	0.902405	0.985566	0.33816	0.391472	0.77418	0.728131	0.323742	
0.345015	0.307495	0.397818	0.279935	0.369886	0.332135	0.446775	0.427854	0.839399	0.640467	0.348323	0.429148	0.855468	0.978426	0.945233	0.466465	0.398003	0.705805	0.683909	0.222741	
0.425646	0.254189	0.120229	0.215023	0.622036	0.342173	0.551531	0.389014	0.63603	0.372434	0.624338	0.531771	0.654019	0.801836	0.599351	0.584776	0.162979	0.382496	0.338414	0.184781	
6.32878
5.23035
7.35402
5.43425
6.0558
4.42908
5.20793
8.1634
4.8477
4.84047
