10	15
25.2879	69.3858
179.513	64.6754
71.5891	118.373
68.1411	157.969
105.7	71.0811
15.6179	141.999
47.832	130.929
56.415	109.469
141.922	13.0404
45.4623	68.8834
304.006
256.294
339.337
122.135
355.663
287.661
96.0398
70.7726
355.588
349.667
191.052
46.8019
303.28
72.796
1.58934
0.490603	0.106258	0.629694	0.146007	0.742535	0.519441	0.520053	0.424229	0.871487	0.694957	0.518732	0.654361	0.229258	0.722608	1.05755	
0.78407	0.400771	0.924202	0.439423	0.786697	0.476469	0.803251	0.709198	1.03746	0.987687	0.812883	0.948129	0.0781305	0.786503	1.28427	
0.488236	0.593085	0.580858	0.596415	0.46178	0.599105	0.368113	0.666226	0.251853	0.69304	0.577316	0.645349	0.776553	0.409371	0.433993	
0.440455	0.105629	0.586801	0.14577	0.65858	0.467313	0.448999	0.418776	0.770677	0.664766	0.484121	0.620141	0.279568	0.634954	0.961251	
0.676973	0.642564	0.794648	0.662373	0.21132	0.409659	0.572488	0.817305	0.275189	0.906937	0.76528	0.856883	0.711968	0.159111	0.609693	
0.859509	0.807408	0.974452	0.831119	0.126101	0.447411	0.752953	0.99913	0.316146	1.08701	0.948022	1.03729	0.825803	0.102813	0.681572	
0.215808	0.513007	0.267	0.492442	0.755522	0.797162	0.101592	0.42397	0.543302	0.377288	0.293076	0.331733	0.805876	0.705585	0.5241	
0.603662	0.664889	0.700369	0.674621	0.365363	0.558823	0.485713	0.773689	0.166248	0.812669	0.693103	0.764766	0.803079	0.312762	0.452408	
0.176712	0.208462	0.317494	0.175442	0.794147	0.693467	0.231464	0.187049	0.75625	0.394047	0.213112	0.348982	0.539179	0.756186	0.839847	
0.715434	0.658218	0.836469	0.680692	0.162878	0.376714	0.61406	0.848639	0.308464	0.948428	0.803044	0.89812	0.703872	0.11119	0.652541	
5.60622
2.92199
4.39428
4.05885
3.47416
5.06223
5.25988
4.85119
3.31352
4.76275
