15	30
99.9422	83.304
115.208	23.8259
66.821	146.138
37.875	73.5006
155.314	100.515
69.8608	132.749
157.467	32.621
137.526	129.886
155.628	108.592
92.018	28.9112
60.8391	83.2646
45.5845	156.846
172.057	50.2713
55.6976	35.9318
106.869	36.0294
45.8586
29.9738
31.1504
22.2011
8.83279
5.1997
5.64957
43.7912
16.2331
3.02193
36.4565
19.7333
23.3632
11.9247
22.5627
2.46337
1.70278
4.61743
29.7044
7.92042
2.10838
12.1159
29.2017
41.1141
43.7094
16.5041
37.1533
24.3334
11.9653
20.6262
0.0567758	0.512025	0.533953	0.260367	0.496138	0.10659	0.342574	0.309964	0.592271	0.26725	0.318846	0.295001	0.505839	0.328302	0.333615	0.359214	0.146502	0.514269	0.531072	0.341476	0.191525	0.214214	0.137835	0.0916705	0.515064	0.40862	0.370162	0.157881	0.11478	0.454587	
0.54462	0.774042	0.731354	0.799648	1.03519	0.480271	0.84422	0.286865	0.863346	0.827497	0.572054	0.289057	1.06765	0.466958	0.502521	0.894409	0.647136	1.04732	0.76392	0.52571	0.541638	0.364759	0.521305	0.485502	0.718014	0.169607	0.7389	0.412599	0.452973	0.147109	
0.100964	0.58755	0.475719	0.3946	0.591549	0.035115	0.472513	0.177453	0.674707	0.386178	0.252794	0.214322	0.630479	0.33751	0.356016	0.493484	0.268447	0.648612	0.599788	0.253595	0.142474	0.0831194	0.195956	0.0436775	0.574214	0.283268	0.466581	0.0344651	0.0286089	0.357487	
0.576855	0.0719207	1.05351	0.48537	0.882983	0.586969	0.416086	0.66827	0.138676	0.642405	0.831833	0.500102	0.755643	0.282167	0.249775	0.509475	0.414735	0.589501	0.0403602	0.839254	0.706949	0.609078	0.396856	0.570429	0.0125913	0.6822	0.210965	0.575372	0.558259	0.584823	
0.371924	0.926136	0.178443	0.560138	0.433597	0.384814	0.671068	0.482929	1.00086	0.421785	0.187086	0.609531	0.605479	0.732388	0.744591	0.631196	0.539999	0.749378	0.947747	0.236509	0.261838	0.443834	0.554434	0.39676	0.934089	0.593939	0.773534	0.432988	0.423011	0.72389	
0.545948	1.10922	0.104614	0.752482	0.586221	0.545032	0.863385	0.588452	1.18662	0.611872	0.306428	0.743071	0.779057	0.893955	0.910204	0.822646	0.726559	0.93666	1.12898	0.327595	0.419989	0.576136	0.727644	0.55959	1.11218	0.684342	0.960233	0.580136	0.58025	0.831403	
0.120017	0.683856	0.362447	0.407438	0.508447	0.109836	0.504594	0.248824	0.766496	0.345003	0.142751	0.338378	0.588133	0.459474	0.474555	0.501718	0.321448	0.65018	0.700437	0.166944	0.0159259	0.180527	0.294245	0.123787	0.680077	0.365979	0.546442	0.15824	0.147028	0.469292	
0.123211	0.51143	0.555658	0.184423	0.41904	0.187396	0.280599	0.396242	0.583363	0.180819	0.356224	0.38015	0.417036	0.381275	0.379174	0.281305	0.12327	0.43414	0.535565	0.390211	0.236118	0.300908	0.188594	0.175305	0.52761	0.497145	0.355762	0.245294	0.202309	0.541012	
0.114539	0.468262	0.583205	0.204188	0.479948	0.165914	0.282731	0.363959	0.54496	0.237793	0.37273	0.326854	0.46584	0.319942	0.318817	0.303004	0.0891606	0.45854	0.489921	0.398694	0.246486	0.268352	0.126933	0.150215	0.478214	0.457164	0.319604	0.211605	0.169181	0.488615	
0.340343	0.896318	0.183336	0.620586	0.622556	0.311968	0.722185	0.30665	0.981533	0.5289	0.0894075	0.469863	0.755399	0.643136	0.664729	0.710613	0.542522	0.852317	0.910098	0.0578067	0.207351	0.307595	0.503381	0.329251	0.885477	0.401606	0.76512	0.325502	0.338794	0.548607	
0.358289	0.591225	0.661697	0.592072	0.854283	0.300258	0.634514	0.172332	0.682805	0.632291	0.461558	0.0793518	0.867269	0.278481	0.313527	0.685789	0.438501	0.838069	0.586895	0.431461	0.391832	0.200968	0.31184	0.300751	0.545008	0.12757	0.536779	0.232413	0.266242	0.090925	
0.366924	0.243084	0.837064	0.197592	0.595214	0.404567	0.144224	0.56339	0.303157	0.357321	0.627794	0.449878	0.478193	0.297819	0.269957	0.233267	0.166355	0.34997	0.274025	0.651504	0.501085	0.47692	0.235471	0.386975	0.282574	0.625562	0.0791291	0.42568	0.391563	0.594179	
0.599156	1.16268	0.143757	0.804502	0.624865	0.597226	0.915526	0.633381	1.24012	0.661942	0.356789	0.791424	0.822684	0.945703	0.962385	0.87339	0.780026	0.985036	1.18238	0.37436	0.472434	0.625065	0.780654	0.611978	1.1654	0.725928	1.01371	0.630878	0.63207	0.875195	
0.173012	0.715993	0.348017	0.474479	0.58027	0.132572	0.566935	0.188869	0.801989	0.420369	0.1279	0.311753	0.663852	0.46548	0.48551	0.570593	0.374063	0.721122	0.729262	0.123225	0.074213	0.1443	0.323109	0.150181	0.704462	0.305323	0.58868	0.147595	0.157772	0.424094	
0.44072	0.979371	0.224048	0.589351	0.395449	0.46193	0.700423	0.572313	1.04982	0.436882	0.277511	0.69345	0.588548	0.8047	0.814446	0.649796	0.591208	0.753915	1.00317	0.326792	0.342938	0.529438	0.62074	0.472313	0.992993	0.684059	0.822188	0.514619	0.500841	0.812138	
8.74622
7.3342
10.6891
12.2291
7.16933
9.74268
7.62238
7.01966
7.06049
9.29617
10.8633
11.0628
7.27766
10.2593
9.04544
