10	20
50.9704	145.377
78.584	27.7561
103.281	10.2891
163.787	116.393
165.393	72.4225
121.174	78.5439
15.0253	37.9954
127.53	144.086
22.9801	69.6437
91.4322	115.499
67.4759
5.57187
21.3407
35.8948
56.6457
37.0099
13.4468
71.9569
24.7287
17.9649
10.3361
57.1119
25.7881
27.3295
3.22388
15.4804
15.3917
3.62671
2.42648
32.5858
0.468769	0.156517	0.385515	0.331859	0.329219	0.291397	0.683453	0.202529	0.325757	0.572935	0.265481	0.363881	0.41326	0.424284	0.0970738	0.172046	0.400976	0.167055	0.414542	0.250372	
0.899527	0.776922	0.993358	0.423382	0.430402	0.92436	0.110398	0.581501	0.749295	1.2032	0.831604	0.798114	1.03485	0.77383	0.69839	0.809495	0.853874	0.781559	0.29303	0.69306	
0.770231	0.680652	0.872793	0.373708	0.301573	0.826256	0.144914	0.456844	0.688294	1.08554	0.708833	0.669367	0.916243	0.728664	0.583494	0.69751	0.793837	0.665399	0.163909	0.623686	
0.888684	0.356365	0.70845	0.370079	0.687982	0.42006	0.874814	0.620985	0.108162	0.807414	0.660225	0.790677	0.704545	0.0149211	0.516932	0.510822	0.113469	0.549617	0.701952	0.181619	
0.368789	0.20255	0.305416	0.423269	0.323846	0.300314	0.718158	0.161623	0.416416	0.509065	0.167449	0.266777	0.341922	0.517768	0.00897685	0.124001	0.481032	0.0872647	0.435122	0.344791	
0.176508	0.550079	0.432298	0.665356	0.321657	0.617933	0.711928	0.255994	0.758831	0.638559	0.296009	0.132256	0.489149	0.856452	0.358018	0.425314	0.829826	0.366924	0.451864	0.682767	
0.778319	0.23673	0.578062	0.395992	0.641398	0.284512	0.891715	0.54509	0.0734113	0.671649	0.544259	0.686823	0.571314	0.139626	0.416636	0.390637	0.0566521	0.435449	0.681577	0.128872	
0.496564	0.490926	0.609927	0.373537	0.0271029	0.622547	0.399127	0.190235	0.592738	0.827327	0.442522	0.393656	0.657442	0.667104	0.343913	0.461061	0.69038	0.41807	0.112709	0.514678	
0.158332	0.402065	0.164284	0.680442	0.470297	0.411203	0.892348	0.312892	0.648933	0.371199	0.0974261	0.138055	0.221009	0.752764	0.263751	0.247734	0.69091	0.207856	0.606207	0.586693	
0.846317	0.405726	0.751894	0.145777	0.526638	0.530026	0.63755	0.518522	0.236359	0.904112	0.650551	0.736215	0.766489	0.230228	0.4825	0.531668	0.328987	0.546721	0.502674	0.220433	
5.88985
4.88448
4.58856
3.85926
3.85861
4.48301
7.56638
4.12243
7.24961
4.50901
