15	30
10.6842	36.515
137.401	156.539
80.6609	128.763
106.629	78.8449
125.405	33.1852
58.1761	27.2947
26.2195	10.5427
113.164	37.0233
26.712	102.469
95.8159	138.844
94.8132	59.1166
103.084	159.818
9.98232	86.1416
48.4608	99.9586
17.8745	124.012
117.822
306.95
103.504
384.198
118.03
91.389
295.634
87.4564
375.277
242.531
256.93
298.303
343.672
195.916
269.14
369.469
266.889
374.868
198.643
144.928
347.185
138.29
18.0994
252.675
91.3752
4.61395
367.88
254.519
50.2919
28.8563
0.58207	0.240869	0.450903	0.392004	0.39201	0.345073	0.261668	0.556411	0.614492	0.116715	0.334615	0.433272	0.462014	0.564395	0.323673	0.322992	0.369004	0.39761	0.299377	0.528443	0.365729	0.0506826	0.603954	0.574182	0.367617	0.549963	0.229032	0.375444	0.476287	0.43535	
0.42983	0.278547	0.770908	0.738006	0.112955	0.610524	0.267519	0.215613	0.615029	0.396753	0.63954	0.305259	0.685263	0.22012	0.59035	0.258311	0.368659	0.661455	0.644411	0.245643	0.587195	0.316578	0.680307	0.778151	0.612477	0.209282	0.5706	0.635828	0.808785	0.0940287	
0.307274	0.0615393	0.715637	0.59207	0.432198	0.635307	0.0601783	0.455157	0.84447	0.405777	0.399772	0.175005	0.752431	0.475069	0.614033	0.0891499	0.580615	0.687411	0.524596	0.57145	0.654981	0.241047	0.864221	0.863948	0.32309	0.449611	0.413043	0.665787	0.591908	0.409666	
0.695139	0.399846	0.427526	0.229908	0.69538	0.471847	0.423901	0.817429	0.882299	0.366975	0.0330583	0.577415	0.602792	0.831385	0.457983	0.484637	0.664416	0.506506	0.2192	0.836469	0.537514	0.320435	0.835855	0.710769	0.163393	0.811168	0.128988	0.497311	0.189777	0.721861	
0.147275	0.341616	1.00716	0.912566	0.418473	0.884049	0.316617	0.254036	0.937629	0.650194	0.730315	0.159623	0.978983	0.280476	0.862619	0.251776	0.691588	0.937182	0.835659	0.499275	0.878411	0.50876	1.00315	1.08042	0.643462	0.252542	0.731993	0.912584	0.922598	0.33408	
0.614533	0.282094	0.415386	0.289155	0.532502	0.382419	0.307044	0.671597	0.738316	0.217043	0.187265	0.477918	0.513181	0.683177	0.363904	0.372504	0.506835	0.428121	0.217318	0.672209	0.430478	0.157686	0.708157	0.626512	0.241388	0.665206	0.108646	0.411938	0.336856	0.565176	
0.0980379	0.274605	0.943247	0.809159	0.535095	0.860322	0.255475	0.442133	1.01824	0.627351	0.590865	0.118043	0.973563	0.467979	0.83888	0.203668	0.756573	0.912901	0.748348	0.648934	0.874505	0.464726	1.05779	1.08336	0.481372	0.438936	0.633735	0.890635	0.782995	0.473432	
0.528337	0.195236	0.496669	0.375816	0.477667	0.440288	0.220222	0.596024	0.746971	0.238058	0.23457	0.390781	0.566945	0.609244	0.420202	0.285538	0.499739	0.489501	0.303757	0.620911	0.476841	0.112416	0.733133	0.680678	0.238952	0.589709	0.195267	0.470676	0.407853	0.499299	
0.945487	0.602247	0.111202	0.255885	0.669573	0.102238	0.624583	0.884361	0.576869	0.274923	0.449049	0.797948	0.202962	0.886175	0.108331	0.687523	0.463978	0.103727	0.200952	0.771357	0.184237	0.415162	0.484347	0.300056	0.56738	0.878108	0.296747	0.108615	0.436055	0.742902	
0.419876	0.0892917	0.602447	0.483913	0.430879	0.528108	0.114029	0.511089	0.778102	0.304901	0.314652	0.281767	0.648956	0.527077	0.507119	0.178087	0.518649	0.579478	0.412794	0.575429	0.553654	0.142272	0.783086	0.761667	0.271719	0.504987	0.303655	0.55868	0.500901	0.433345	
0.066071	0.305187	0.983286	0.870699	0.470251	0.87724	0.281207	0.338413	0.977658	0.641493	0.671479	0.106676	0.980919	0.364806	0.855649	0.216441	0.722909	0.930484	0.800393	0.567671	0.880376	0.488211	1.03194	1.0866	0.574203	0.336065	0.691085	0.906762	0.864746	0.395377	
0.952008	0.612592	0.193085	0.347776	0.623615	0.0281383	0.63295	0.850292	0.482994	0.263428	0.519236	0.801951	0.116912	0.849411	0.049477	0.692534	0.39018	0.0258477	0.281658	0.712941	0.0925812	0.422368	0.389365	0.225711	0.627866	0.844234	0.360077	0.0134915	0.525865	0.703919	
0.926308	0.773173	0.933784	1.01965	0.404375	0.72565	0.769337	0.555272	0.3436	0.658552	1.03753	0.819185	0.702945	0.531979	0.71681	0.77304	0.368654	0.75191	0.922436	0.294024	0.651746	0.710281	0.483132	0.728196	1.06028	0.554131	0.909262	0.731855	1.15622	0.465343	
1.2032	0.881044	0.438345	0.643963	0.770207	0.332035	0.897611	1.01404	0.374586	0.532955	0.834601	1.05306	0.199811	1.00551	0.348809	0.949427	0.475108	0.295298	0.592582	0.807535	0.285136	0.697236	0.233264	0.0927895	0.941967	1.00887	0.675457	0.30479	0.82539	0.863692	
0.316656	0.030619	0.70446	0.590761	0.397898	0.615215	0.0254473	0.430164	0.811608	0.383044	0.410953	0.175123	0.729745	0.449122	0.593792	0.0731082	0.547566	0.667759	0.518861	0.537818	0.631402	0.219631	0.833823	0.840454	0.344054	0.424444	0.410514	0.645555	0.601217	0.377875	
5.07797
3.21467
3.663
3.66686
3.08572
4.49093
5.5054
3.48784
5.31109
3.30483
3.63706
3.73979
6.03366
4.70662
5.80746
