15	30
78.8605	75.0965
58.0065	63.8045
27.6919	69.3854
149.484	27.9099
32.7945	156.701
71.4107	75.3987
160.522	44.5997
137.947	89.7492
127.999	83.4653
174.155	107.224
79.8701	87.2121
179.81	106.939
151.974	10.9881
5.25388	21.8025
82.2733	105.377
0.427053
24.9951
25.9246
8.22975
27.5013
9.36159
22.4559
6.54648
0.819984
22.884
13.1991
10.0189
17.6361
4.23302
25.9223
30.5154
22.2677
15.3786
33.3997
18.158
26.3101
21.8252
28.0745
19.323
16.5684
2.31512
14.0744
18.751
37.2192
38.4909
0.60148	0.635811	0.337153	0.260132	0.893644	0.975033	0.884628	0.0835404	0.328094	0.264466	1.0003	0.786731	1.08201	0.228813	0.795852	0.556868	0.314137	0.109961	0.455679	0.409068	0.52444	0.479216	0.837636	0.251675	1.09473	0.153711	0.240411	0.722918	0.672733	0.82527	
0.285236	0.257016	0.587271	0.61574	0.166712	0.257263	0.826683	0.891953	0.62131	0.801249	0.530744	0.236405	0.370312	0.979847	0.617004	0.345135	0.681906	0.863243	0.672554	0.768575	0.352644	0.458587	0.125568	0.676509	0.309344	0.91885	0.878684	0.187702	0.277525	0.6822	
0.449625	0.466062	0.509562	0.366436	0.812465	0.688333	0.433255	0.396376	0.539021	0.198675	0.606187	0.756172	0.763832	0.376934	0.363207	0.54893	0.155198	0.355962	0.0399733	0.0688301	0.430456	0.564667	0.61745	0.503225	0.812168	0.365565	0.267035	0.647992	0.657173	0.380723	
0.344233	0.328393	0.561399	0.62536	0.0198247	0.405489	0.958886	0.909773	0.588697	0.850527	0.680288	0.121449	0.513421	1.01515	0.749001	0.323526	0.735539	0.886293	0.753874	0.842185	0.38427	0.418669	0.269341	0.654638	0.440932	0.946825	0.922865	0.159618	0.215446	0.814935	
0.286811	0.316777	0.267713	0.138555	0.631887	0.63694	0.632869	0.332889	0.300905	0.23589	0.666961	0.552112	0.741077	0.407813	0.493597	0.324902	0.12619	0.298912	0.219603	0.262937	0.230501	0.321291	0.511714	0.280501	0.758697	0.349267	0.308958	0.457181	0.442853	0.5376	
0.178647	0.209819	0.197313	0.246794	0.394004	0.556809	0.813912	0.531399	0.233463	0.498626	0.706083	0.293885	0.678553	0.645034	0.629333	0.0586458	0.396831	0.510235	0.467655	0.530465	0.107433	0.0978209	0.38951	0.28581	0.658731	0.572743	0.562499	0.223387	0.179666	0.688966	
0.127755	0.112697	0.457168	0.407432	0.440225	0.327746	0.557593	0.641649	0.498151	0.511356	0.409188	0.419665	0.433492	0.700985	0.354424	0.303819	0.392288	0.606448	0.357095	0.456373	0.193377	0.396692	0.221719	0.520956	0.450213	0.652064	0.592107	0.304354	0.356155	0.41917	
0.144151	0.172936	0.238939	0.278918	0.361241	0.516062	0.797905	0.563302	0.275259	0.518451	0.672727	0.268348	0.638119	0.672125	0.608275	0.043745	0.411689	0.540349	0.470149	0.539489	0.0865088	0.132896	0.348021	0.32668	0.617145	0.601717	0.585512	0.187708	0.157217	0.669415	
0.365658	0.337861	0.655834	0.692249	0.157272	0.276387	0.88811	0.970384	0.688204	0.882068	0.567403	0.262054	0.373332	1.06011	0.679766	0.412071	0.762774	0.942266	0.752205	0.848816	0.430839	0.521885	0.189371	0.746626	0.294394	0.998457	0.959369	0.24606	0.329186	0.743963	
0.408698	0.4437	0.0517744	0.164328	0.61848	0.798434	0.928248	0.367314	0.0211481	0.430655	0.910564	0.501575	0.918011	0.508827	0.777289	0.29366	0.380974	0.36333	0.510497	0.527236	0.323968	0.189521	0.635573	0.0555664	0.90486	0.428299	0.463689	0.461408	0.392839	0.826698	
0.452049	0.416369	0.804488	0.792136	0.42592	0.0743319	0.720715	1.03983	0.842918	0.904821	0.338424	0.511083	0.102143	1.09666	0.531293	0.579893	0.787641	1.00492	0.726059	0.829071	0.536566	0.696197	0.221676	0.884669	0.0516948	1.05022	0.98601	0.449546	0.541198	0.585952	
0.576102	0.607664	0.388315	0.26693	0.901739	0.925614	0.767066	0.0578756	0.392383	0.142196	0.916557	0.805829	1.02465	0.137148	0.695079	0.570641	0.221958	0.0193695	0.349221	0.288369	0.509417	0.515834	0.804247	0.321412	1.04861	0.0607494	0.111921	0.726686	0.691336	0.718354	
0.397481	0.426639	0.160834	0.306864	0.496571	0.759662	1.01497	0.541965	0.1547	0.588474	0.925825	0.372476	0.882877	0.682232	0.840507	0.230316	0.518594	0.536695	0.628267	0.665351	0.326214	0.122178	0.586929	0.230018	0.850704	0.601985	0.630342	0.368283	0.281863	0.897434	
0.302837	0.323694	0.380078	0.252186	0.665246	0.59453	0.518461	0.391966	0.414492	0.237122	0.579917	0.603293	0.68708	0.429273	0.385525	0.394219	0.121435	0.35297	0.11954	0.19563	0.27631	0.415881	0.495592	0.394403	0.719011	0.388505	0.318295	0.497175	0.502708	0.426026	
0.523792	0.506816	0.81072	0.71232	0.778908	0.433141	0.229636	0.845097	0.850497	0.654523	0.18767	0.794422	0.435582	0.834787	0.0954465	0.698713	0.573485	0.804411	0.440625	0.522872	0.579209	0.782432	0.493815	0.850203	0.524615	0.822153	0.725528	0.683778	0.748129	0.109554	
9.88644
10.7407
12.7256
8.09211
11.3001
9.3863
6.63603
7.03494
7.28531
6.3738
9.90872
6.84693
6.70974
12.685
9.01777
