10	15
91.4007	155.245
97.7518	70.9471
13.8054	116.391
101.507	96.6035
5.99622	99.2747
130.159	152.987
144.394	20.3173
72.2543	58.8029
164.623	51.0466
178.316	142.874
27.9499
34.3173
42.2337
27.1584
17.4821
39.4684
15.0741
20.5092
36.7697
45.1658
25.8802
47.4327
28.1163
12.743
61.9433
0.0347628	0.483518	0.168467	0.0990139	0.448873	0.154481	0.37747	0.0976158	0.311181	0.307244	0.445617	0.204983	0.132568	0.304179	0.386309	
0.147139	0.633766	0.344668	0.273026	0.503251	0.329808	0.533886	0.0868676	0.155261	0.463453	0.617055	0.296876	0.190973	0.453112	0.415013	
0.385061	0.882737	0.570128	0.504693	0.741301	0.541204	0.780034	0.309444	0.271124	0.626619	0.850526	0.41866	0.44314	0.606265	0.646273	
0.379644	0.317488	0.185248	0.257844	0.550936	0.195341	0.234926	0.440885	0.653107	0.17919	0.172458	0.352394	0.410939	0.209903	0.552127	
0.612918	0.204904	0.508072	0.531779	0.300141	0.561099	0.287499	0.68621	0.757264	0.677176	0.371645	0.761102	0.533964	0.703064	0.392665	
0.30877	0.729337	0.498929	0.426159	0.501799	0.496335	0.643328	0.269834	0.0324184	0.644936	0.748973	0.483763	0.287492	0.636826	0.401404	
0.411686	0.617033	0.331438	0.35948	0.768858	0.285254	0.521176	0.424945	0.660787	0.131504	0.477787	0.212138	0.505791	0.106448	0.734471	
0.302881	0.794092	0.458312	0.402918	0.718926	0.42022	0.686659	0.230521	0.324917	0.478824	0.737337	0.267642	0.392702	0.455995	0.634254	
0.242527	0.623169	0.415936	0.345307	0.398629	0.422025	0.540242	0.229451	0.0931512	0.584123	0.651239	0.450451	0.192026	0.580603	0.299437	
0.364851	0.733208	0.541976	0.471241	0.465976	0.547309	0.656721	0.340015	0.114968	0.706415	0.772629	0.559592	0.317026	0.701278	0.365749	
10.6729
10.8945
13.4719
10.8457
16.3575
8.88078
9.24845
10.5244
8.05395
7.95866
