10	15
89.514	51.2836
155.33	88.4497
59.3506	59.1195
63.8434	132.02
133.692	68.0265
157.304	95.3612
149.421	91.1508
178.658	21.5415
129.696	37.8022
66.8261	25.1206
939.432
222.732
260.527
159.262
44.2263
715.833
284.79
610.284
679.775
134.653
626.155
368.403
529.38
909.522
213.78
0.559425	0.548439	0.75121	0.271545	0.901235	0.158863	0.846949	0.66298	0.894149	0.803098	0.328771	0.30272	0.656714	0.187863	0.463411	
0.796258	0.875292	1.08674	0.113003	0.942578	0.432094	1.09659	1.00744	1.09555	0.777683	0.602171	0.657017	0.851927	0.17433	0.732588	
0.542753	0.822297	0.9741	0.752129	0.139345	0.690217	0.680513	0.972327	0.55377	0.0682482	0.632412	0.858343	0.448977	0.817997	0.615781	
0.278315	0.432671	0.639774	0.407998	0.570355	0.185265	0.577806	0.589704	0.584185	0.506752	0.150187	0.358637	0.339311	0.413185	0.235866	
0.360614	0.426835	0.395887	1.04463	0.652996	0.755035	0.0637304	0.469156	0.203573	0.788834	0.574148	0.676113	0.337614	1.03342	0.437602	
0.442905	0.691593	0.876567	0.512524	0.348974	0.463969	0.676448	0.850216	0.601505	0.213508	0.446313	0.664028	0.40411	0.575164	0.475183	
0.680573	0.825555	1.03801	0.185101	0.73652	0.407009	0.971871	0.974737	0.943165	0.562666	0.53407	0.661732	0.708128	0.28702	0.644394	
0.47158	0.412076	0.285995	1.13094	0.841967	0.819922	0.239493	0.384372	0.396228	0.966537	0.642414	0.681226	0.4918	1.10288	0.511937	
0.092151	0.371922	0.529908	0.65692	0.442447	0.410888	0.342416	0.521391	0.332989	0.477792	0.258785	0.463501	0.0885965	0.66395	0.178275	
0.228713	0.453512	0.644929	0.497299	0.459332	0.300023	0.510694	0.61259	0.491457	0.417547	0.217802	0.443229	0.249304	0.516648	0.237658	
6.05781
5.08948
6.77567
6.8434
5.67564
4.86412
4.71156
4.87385
5.78714
7.5245
