10	15
65.4403	128.137
135.143	40.9389
54.8636	47.259
110.797	85.6688
114.971	54.0958
138.376	34.6659
147.022	146.314
153.628	130.409
95.1602	22.5779
124.964	122.525
109.361
422.737
135.064
376.149
295.783
108.2
358.307
390.244
302.373
350.246
312.543
438.855
248.3
192.734
22.0623
0.527794	0.469304	0.706538	0.52662	0.449018	0.262649	0.250525	0.816969	0.275582	0.861495	0.387691	0.373858	0.710693	0.141563	0.497481	
0.344292	0.612974	0.523755	0.397866	0.633486	0.0506795	0.452941	0.670481	0.453076	0.744395	0.528086	0.496728	0.58304	0.13354	0.442688	
0.810496	0.641417	0.399113	0.232162	0.784922	0.599475	0.756571	0.274385	0.676838	0.212989	0.602826	0.552503	0.16402	0.715591	0.189808	
1.08587	0.208943	0.921769	0.670231	0.358534	0.785431	0.49764	0.860881	0.409337	0.790774	0.267749	0.270743	0.739454	0.770174	0.491846	
0.188776	0.80588	0.606025	0.558437	0.801752	0.19012	0.601469	0.795029	0.625816	0.893871	0.721245	0.695367	0.730923	0.21225	0.639303	
0.901205	0.427689	1.08136	0.86683	0.279258	0.6588	0.203109	1.15379	0.28548	1.16369	0.401917	0.437747	1.03429	0.512646	0.773346	
1.00256	0.408918	0.713044	0.482628	0.573379	0.725702	0.634353	0.609669	0.539484	0.521398	0.413151	0.378767	0.497468	0.772701	0.310799	
0.257425	0.778502	0.33458	0.32101	0.829683	0.17865	0.667168	0.525706	0.651338	0.633794	0.696779	0.655639	0.47327	0.348097	0.452515	
0.826506	0.227244	0.900451	0.668277	0.149045	0.542632	0.0668603	0.947247	0.0610091	0.945298	0.179606	0.21009	0.824357	0.442298	0.555514	
0.504154	0.598149	0.801875	0.654008	0.543501	0.318222	0.33294	0.938558	0.391578	0.997044	0.521956	0.516628	0.840792	0.146431	0.64706	
7.35572
5.12732
7.86057
6.37752
6.14435
5.02737
5.20283
4.77398
6.73032
5.74696
