15	30
40.0131	91.6847
175.329	153.421
46.5353	122.828
32.2088	76.1994
100.181	32.0448
88.7167	103.343
106.301	26.4908
131.081	150.885
23.6736	143.454
85.6683	46.3552
106.758	154.867
99.1401	149.863
19.3084	79.3883
126.81	32.2345
73.9111	134.865
473.34
754.581
32.4127
941.685
120.017
105.183
369.912
973.167
91.1506
962.236
190.25
451.425
946.467
742.216
313.059
281.904
679.579
992.601
958.21
681.217
871.68
993.579
522.693
191.092
65.5227
445.155
125.055
485.035
126.129
92.6895
0.537092	0.66321	0.306528	0.511216	0.482112	0.571235	0.504732	0.183247	0.419899	0.461037	0.544498	0.612623	0.198516	0.596113	0.566095	0.244777	0.263784	0.299493	0.411189	0.446303	0.413253	0.212436	0.568961	0.555546	0.432023	0.0123787	0.406341	0.499318	0.402049	0.492338	
0.942878	0.902049	0.596121	0.519311	0.160725	0.96443	0.971308	0.650495	0.38384	1.01193	0.736099	0.747683	0.717659	0.16423	0.476099	0.309481	0.372572	0.270143	0.342955	0.952094	0.508461	0.616555	0.546575	0.717577	0.551177	0.545716	0.957319	0.984826	0.639053	0.234583	
0.439218	0.381124	0.123702	0.143338	0.374831	0.453499	0.50324	0.294263	0.655654	0.68573	0.219243	0.259356	0.564296	0.457341	0.810124	0.334233	0.506022	0.439349	0.191378	0.527542	0.0444966	0.228076	0.198386	0.211475	0.744795	0.368137	0.640016	0.532153	0.114633	0.3219	
0.311831	0.585165	0.45841	0.717011	0.867976	0.344792	0.189507	0.326954	0.851138	0.152714	0.580197	0.661842	0.396247	0.977062	0.984531	0.666207	0.704028	0.739762	0.729378	0.0823208	0.626014	0.376778	0.763323	0.612322	0.816687	0.445068	0.147539	0.145631	0.503617	0.84944	
0.288436	0.206876	0.1678	0.250637	0.556329	0.293108	0.382923	0.319592	0.81271	0.642982	0.0785327	0.159317	0.620191	0.633056	0.968711	0.498401	0.655055	0.605054	0.371374	0.440346	0.2062	0.264469	0.278594	0.103688	0.880771	0.460332	0.607292	0.422098	0.0789677	0.499382	
0.716746	0.955568	0.685238	0.933629	0.917136	0.753394	0.609839	0.505508	0.676589	0.29872	0.893752	0.974126	0.248401	1.02973	0.758429	0.672214	0.592559	0.686042	0.855574	0.500893	0.832243	0.570545	0.990213	0.916789	0.563835	0.456403	0.282417	0.571327	0.770213	0.935286	
1.1202	1.19608	0.827891	0.89526	0.595255	1.15278	1.09081	0.765648	0.176876	0.967744	1.04555	1.08896	0.621362	0.649218	0.0210046	0.496137	0.338298	0.392233	0.710883	1.02385	0.83631	0.775441	0.941361	1.0416	0.209618	0.591173	0.918573	1.08229	0.910581	0.667493	
0.955593	0.962869	0.619895	0.611296	0.276233	0.982051	0.962312	0.627488	0.224189	0.94672	0.800494	0.827352	0.624623	0.322256	0.313297	0.28118	0.256545	0.192296	0.423473	0.924903	0.574738	0.609505	0.649402	0.788388	0.393466	0.487707	0.892302	0.967941	0.68293	0.352155	
0.511359	0.3768	0.244419	0.026139	0.376744	0.517557	0.595127	0.420383	0.733369	0.806327	0.214907	0.210679	0.689704	0.431221	0.8835	0.414342	0.595414	0.512065	0.201044	0.634155	0.0888245	0.354018	0.0717202	0.188246	0.839838	0.48961	0.762235	0.629422	0.194527	0.307035	
0.617178	0.656191	0.292106	0.385913	0.279973	0.64473	0.624051	0.292487	0.3643	0.653361	0.505355	0.552871	0.392943	0.393979	0.519977	0.0584487	0.212497	0.159578	0.236523	0.593846	0.30718	0.270024	0.440495	0.50305	0.45427	0.193273	0.599089	0.632062	0.370388	0.294336	
0.940931	1.02946	0.659196	0.756428	0.503144	0.974013	0.909539	0.586023	0.0613905	0.795387	0.884628	0.934218	0.448826	0.582917	0.160892	0.346221	0.169527	0.254368	0.580814	0.842847	0.686611	0.599069	0.806956	0.883918	0.109429	0.41067	0.744794	0.900975	0.745905	0.565739	
0.27715	0.515796	0.330849	0.592987	0.735908	0.314571	0.193441	0.195086	0.747343	0.238281	0.479884	0.562515	0.33325	0.844602	0.888209	0.539527	0.593549	0.618545	0.597096	0.116531	0.499043	0.244291	0.641727	0.509079	0.732787	0.329161	0.202059	0.175107	0.385632	0.716782	
0.466835	0.693114	0.43398	0.692447	0.744665	0.504272	0.375454	0.255102	0.640781	0.194927	0.631941	0.713027	0.167691	0.858432	0.765467	0.513301	0.506325	0.56447	0.644876	0.275708	0.591604	0.321483	0.747156	0.656183	0.59108	0.275728	0.140853	0.346234	0.51326	0.745202	
0.519602	0.756258	0.503752	0.761744	0.802323	0.556625	0.418633	0.324674	0.664351	0.17012	0.700116	0.781506	0.177872	0.91633	0.779607	0.566126	0.540631	0.608787	0.70972	0.312624	0.660764	0.39106	0.816633	0.724887	0.597243	0.329695	0.124494	0.384116	0.582824	0.806488	
0.358426	0.394945	0.0258156	0.279043	0.44931	0.381709	0.395303	0.160149	0.628196	0.549905	0.264088	0.33238	0.446091	0.54812	0.784111	0.326288	0.467724	0.431003	0.285919	0.402923	0.180319	0.0938655	0.332525	0.274971	0.688301	0.269433	0.503818	0.417326	0.121278	0.413898	
5.97533
3.04499
4.98423
5.44837
3.96423
4.49277
4.45502
3.83791
6.37672
4.25483
3.79966
4.57685
5.71002
3.97287
4.47305
