10	20
72.5823	70.1521
97.6445	120.515
70.0501	152.16
135.849	114.096
153.759	93.5813
171.979	131.34
16.2533	119.383
33.36	91.2129
171.772	20.4851
125.655	131.881
254.481
371.042
282.201
4.79236
398.492
193.939
182.011
30.9391
469.574
188.627
502.981
163.952
73.0525
165.518
300.987
267.765
446.235
139.892
519.458
268.097
0.579549	0.370759	0.561446	0.343678	0.442107	0.472465	0.626352	0.201368	0.311233	0.381626	0.30867	0.193419	0.473296	0.38362	0.176726	0.69479	0.168385	0.393591	0.64781	0.515433	
0.558713	0.10463	0.846242	0.633747	0.552641	0.660168	0.880427	0.104153	0.556364	0.279661	0.529059	0.151065	0.714788	0.220158	0.432658	0.966522	0.294902	0.669161	0.940555	0.742778	
0.560406	0.101641	0.849724	0.637352	0.555714	0.663713	0.884287	0.1076	0.560245	0.281129	0.532855	0.154783	0.717722	0.22087	0.436598	0.970446	0.297627	0.673106	0.944499	0.745521	
0.532113	0.567943	0.508103	0.308345	0.320931	0.284372	0.412282	0.397754	0.100419	0.441047	0.119768	0.338037	0.514113	0.478843	0.0482814	0.487725	0.370669	0.188878	0.468708	0.5685	
0.780936	0.230995	0.704212	0.521375	0.708349	0.765185	0.918153	0.20496	0.608101	0.516307	0.604497	0.317647	0.524496	0.471207	0.4738	0.976437	0.151061	0.679033	0.902768	0.537847	
1.18469	0.835244	0.327396	0.386759	0.99688	0.938922	0.899447	0.734135	0.750599	0.997897	0.791769	0.79407	0.163753	0.988814	0.686004	0.876678	0.536704	0.699734	0.713828	0.10839	
0.44418	0.422637	0.634168	0.418566	0.299834	0.351904	0.553084	0.259544	0.229175	0.289774	0.203816	0.178947	0.58789	0.318547	0.116093	0.641216	0.307303	0.349062	0.632331	0.635492	
0.872051	0.778446	0.168302	0.100592	0.645656	0.546921	0.47474	0.618757	0.377512	0.767233	0.430014	0.61354	0.275652	0.790391	0.375307	0.461174	0.476306	0.288707	0.320144	0.331314	
0.247121	0.76923	0.90077	0.726688	0.122351	0.200463	0.464486	0.643113	0.359015	0.427465	0.312874	0.529807	0.940859	0.504787	0.426489	0.588499	0.729314	0.45844	0.694255	0.995923	
0.505888	0.25243	0.711237	0.493852	0.434815	0.517149	0.722023	0.09151	0.397452	0.261675	0.374419	0.05053	0.609214	0.245045	0.271201	0.805505	0.223874	0.507475	0.779768	0.646116	
6.20407
5.95624
7.19879
4.84083
5.17556
4.96371
8.47243
7.34817
4.81925
5.48836
