10	15
161.668	96.0763
32.1692	28.0791
74.0941	141.884
133.888	104.445
109.43	87.6455
114.921	64.2733
48.9515	89.5869
92.9445	118.196
90.3672	87.1925
24.261	156.314
23.3235
67.2983
100.603
4.52164
30.1474
30.1394
49.7524
39.4153
40.9055
57.8982
45.7022
131.673
18.1096
4.42328
5.21604
0.446201	0.446438	0.561792	0.322043	0.232135	0.316891	0.457854	0.0772409	0.111224	0.422546	0.197336	0.262592	0.497262	0.30872	0.143409	
0.819507	0.747463	0.919944	0.419358	0.608934	0.0693908	0.344699	0.413975	0.486137	0.546856	0.572825	0.46413	0.869231	0.205962	0.486162	
0.253861	0.549322	0.373893	0.648309	0.332621	0.859025	0.975015	0.510877	0.461254	0.802723	0.385282	0.541911	0.261719	0.794523	0.440241	
0.352698	0.648458	0.465712	0.678855	0.415268	0.92067	1.06041	0.575843	0.541153	0.89817	0.470655	0.577105	0.357726	0.843644	0.50219	
0.543239	0.791026	0.696026	0.451094	0.446704	0.773213	1.01699	0.485508	0.525035	0.943382	0.499455	0.378995	0.575846	0.657197	0.418008	
0.489071	0.725789	0.645036	0.401707	0.376993	0.710689	0.945881	0.414413	0.452555	0.871181	0.428702	0.320053	0.525417	0.600432	0.346004	
0.391527	0.580948	0.549846	0.313974	0.221648	0.565506	0.774552	0.244745	0.279666	0.699369	0.266147	0.208556	0.438049	0.475721	0.173316	
0.219535	0.227443	0.310074	0.534366	0.137945	0.559124	0.57249	0.272512	0.150402	0.38943	0.0966524	0.442429	0.264093	0.562299	0.260143	
0.748405	0.617851	0.822555	0.523307	0.567878	0.20163	0.168182	0.41357	0.438698	0.374238	0.519491	0.532688	0.793503	0.341521	0.487945	
0.146049	0.417274	0.194145	0.754973	0.349445	0.895115	0.934636	0.557262	0.468741	0.715844	0.382111	0.646418	0.113725	0.861226	0.500796	
6.48741
9.43664
7.66916
6.36552
6.79757
7.7307
8.8552
8.4574
8.64077
10.1594
