15	30
100.057	18.3861
29.0035	119.747
73.8187	104.219
48.6442	17.422
59.3915	40.9484
43.4679	138.533
109.81	111.363
51.4959	74.2898
175.148	93.3278
124.869	71.4136
41.5682	150.112
103.058	20.7468
161.172	97.899
144.513	54.2443
86.2848	89.3404
182.907
200.509
135.077
231.935
148.833
44.4513
85.0959
139.406
84.6109
167.884
139.166
134.082
227.983
98.2719
66.9072
167.059
104.778
192.942
124.409
154.646
127.663
149.391
74.4918
205.482
57.4118
89.0327
55.7137
242.657
0.379063
173.467
0.272778	0.232323	0.40264	0.503399	0.594941	0.524617	0.337087	0.475071	0.285759	0.518044	0.689129	0.23746	0.383633	0.150308	0.653979	0.676496	0.670988	0.499598	0.348648	0.686624	0.258583	0.149745	0.339011	0.424625	0.270354	0.303599	0.106024	0.452281	0.356868	0.181493	
0.89571	0.583072	0.871244	0.891985	0.661306	0.75211	0.495995	0.488413	0.440247	0.196546	0.0601437	0.458353	0.363658	0.780764	0.164996	0.628361	0.296056	0.225794	0.905179	0.326499	0.679184	0.812977	0.884302	0.374427	0.889348	0.78651	0.601774	0.522576	0.653407	0.800795	
0.842572	0.573783	0.875726	0.924802	0.768285	0.82137	0.528149	0.271448	0.434264	0.104277	0.184944	0.420571	0.208152	0.652148	0.358067	0.76532	0.480227	0.102064	0.88053	0.138333	0.673784	0.735312	0.716029	0.441693	0.837803	0.777708	0.490022	0.600682	0.684358	0.66537	
0.774634	0.457041	0.669412	0.649856	0.351091	0.477508	0.336938	0.707651	0.368967	0.426971	0.403411	0.42472	0.527278	0.794643	0.179966	0.292633	0.0554404	0.449113	0.740865	0.645453	0.522178	0.740869	0.954386	0.22887	0.766668	0.614919	0.624601	0.278284	0.447574	0.822997	
0.648969	0.343155	0.532149	0.511517	0.228872	0.341916	0.224685	0.70448	0.289389	0.459772	0.48747	0.350659	0.517539	0.706558	0.282818	0.205067	0.188119	0.475105	0.607605	0.697095	0.395331	0.628309	0.879681	0.158636	0.640813	0.482375	0.549392	0.142369	0.312786	0.736538	
0.621062	0.347864	0.473616	0.43409	0.124179	0.253832	0.245285	0.785734	0.338279	0.557987	0.593663	0.399163	0.599047	0.728195	0.387646	0.113443	0.282612	0.571139	0.562788	0.797872	0.373192	0.622523	0.911099	0.233441	0.612695	0.44259	0.587349	0.125693	0.273506	0.759211	
0.381303	0.519884	0.593486	0.709383	0.873634	0.781468	0.629099	0.571948	0.573168	0.736165	0.917409	0.518916	0.573237	0.147927	0.924487	0.962262	0.955909	0.711243	0.495235	0.839485	0.520574	0.279971	0.132798	0.713632	0.38583	0.520408	0.326901	0.742112	0.627607	0.122017	
0.26658	0.112717	0.191187	0.249565	0.333086	0.241496	0.191914	0.677995	0.253579	0.58887	0.715906	0.268776	0.524767	0.423534	0.591181	0.431415	0.551151	0.583932	0.230534	0.813559	0.0252112	0.276086	0.617334	0.321173	0.258294	0.105395	0.347131	0.243893	0.0862473	0.454562	
0.663853	0.437359	0.730206	0.797479	0.711984	0.728038	0.431228	0.161123	0.321665	0.176442	0.354421	0.28341	0.0267986	0.450729	0.441454	0.738456	0.532784	0.147449	0.716345	0.288598	0.531778	0.547704	0.519504	0.392167	0.660003	0.627392	0.295466	0.533759	0.56916	0.463354	
0.786653	0.630128	0.900089	0.982887	0.935918	0.937706	0.647765	0.069891	0.537039	0.367837	0.511151	0.488317	0.256563	0.499438	0.652428	0.967747	0.755432	0.339921	0.862662	0.308144	0.713979	0.656324	0.476898	0.621638	0.784937	0.796056	0.413071	0.757512	0.77075	0.497331	
0.42893	0.132171	0.433965	0.489437	0.428826	0.420266	0.135176	0.45471	0.0413546	0.347239	0.489915	0.0296143	0.285868	0.38443	0.414967	0.48321	0.425949	0.340316	0.445663	0.568891	0.23201	0.354762	0.551007	0.18206	0.422566	0.336636	0.220311	0.255765	0.257912	0.41307	
0.473727	0.47684	0.648719	0.755538	0.840914	0.780896	0.561829	0.373689	0.478176	0.564576	0.745951	0.417131	0.39675	0.148754	0.785661	0.912806	0.838674	0.537469	0.574853	0.644684	0.515704	0.343116	0.127354	0.614991	0.474998	0.555214	0.219724	0.683775	0.610924	0.132396	
0.376618	0.14858	0.426216	0.500528	0.495831	0.463735	0.208526	0.4267	0.130928	0.384453	0.544705	0.0783532	0.283044	0.294956	0.495116	0.560379	0.5141	0.371139	0.414526	0.584018	0.231605	0.283805	0.463014	0.271643	0.371358	0.322907	0.134309	0.331081	0.291953	0.323493	
0.416487	0.340401	0.202425	0.113787	0.226611	0.075764	0.347128	0.909733	0.449593	0.771936	0.862742	0.486034	0.742887	0.659097	0.687983	0.33563	0.60353	0.774056	0.316715	1.01025	0.27073	0.485927	0.852464	0.447105	0.408912	0.245737	0.593141	0.296139	0.199907	0.689166	
0.56815	0.415592	0.362386	0.272992	0.115462	0.1159	0.3726	0.95513	0.483364	0.769041	0.826803	0.533728	0.77544	0.776696	0.62669	0.198708	0.520817	0.77727	0.474937	1.01146	0.378263	0.620638	0.970292	0.431558	0.560199	0.387761	0.680798	0.273493	0.277381	0.807805	
4.56508
6.65485
6.07687
6.45561
5.97323
5.82823
5.00839
5.56943
3.74283
4.47858
6.19843
5.31012
4.1924
4.27818
5.1827
