10	15
159.918	118.646
49.2444	34.2361
145.459	88.1777
63.7764	153.795
66.7821	109.262
52.2448	105.107
14.475	74.815
25.978	148.55
71.6001	41.7855
99.0577	95.6598
1266.01
152.988
584.925
213.676
954.183
613.525
770.895
640.729
571.849
456.024
126.966
537.416
1134.74
544.339
1132.08
0.566364	0.357616	0.582527	0.328962	0.25858	0.301723	0.288556	0.550707	0.303386	0.530049	0.386661	0.584521	0.177732	0.123819	0.551673	
0.374223	0.325289	0.592712	0.128024	0.155064	0.270381	0.430296	0.509635	0.510402	0.658355	0.189842	0.70995	0.348582	0.115972	0.393899	
0.139535	0.697711	0.964116	0.291272	0.528063	0.3333	0.828507	0.85135	0.82834	1.06066	0.236036	1.11256	0.613082	0.515037	0.597324	
0.456699	0.27553	0.535091	0.210033	0.128318	0.310085	0.347411	0.46847	0.446484	0.576931	0.272265	0.628976	0.311556	0.0333857	0.411623	
0.845901	0.503786	0.624079	0.609015	0.490054	0.530814	0.232128	0.659486	0.0869059	0.399636	0.667012	0.448849	0.254304	0.382043	0.775102	
1.09281	0.500714	0.376971	0.851089	0.628783	0.908918	0.318644	0.507986	0.550443	0.0772432	0.91279	0.0226782	0.690988	0.620564	0.796096	
0.500843	0.127836	0.382823	0.298736	0.0983477	0.515569	0.398021	0.273341	0.616966	0.564199	0.346929	0.606315	0.527845	0.232952	0.215794	
0.845562	0.23419	0.0368581	0.640114	0.407802	0.812594	0.37996	0.119007	0.694937	0.370451	0.691863	0.385673	0.71569	0.487417	0.443513	
0.935975	0.386231	0.369113	0.690682	0.481903	0.731262	0.141936	0.458934	0.39425	0.101664	0.753065	0.15615	0.514732	0.452953	0.693407	
0.616939	0.431698	0.642061	0.390084	0.339933	0.301564	0.309869	0.622026	0.239152	0.546134	0.443703	0.600572	0.100408	0.204705	0.632842	
2.89567
4.40228
2.87576
4.66072
4.29665
4.2779
5.17278
5.57366
4.25527
3.96571
