10	15
157.291	18.686
153.756	135.213
11.0536	106.119
55.2464	55.4515
107.202	41.8181
77.5099	45.6869
178.22	66.5582
84.2752	97.3867
98.0084	27.6432
23.1791	156.07
372.104
426.451
115.654
276.025
359.93
195.285
854.394
86.8566
948.208
789.302
804.49
854.224
134.141
740.505
548.744
0.428608	0.155192	0.514904	0.214561	0.342475	0.789207	0.19103	0.503781	0.535079	0.421179	0.742508	0.361856	0.499401	0.365721	0.378382	
0.0889652	0.492459	0.887322	0.584663	0.553164	0.36013	0.632181	1.01596	0.493971	0.925804	0.326429	0.626127	0.882164	0.877925	0.752794	
0.482465	0.627604	0.533636	0.382113	0.794553	0.481585	0.705821	0.90566	0.876983	0.759539	0.439614	0.841371	0.539854	0.786102	0.890901	
0.938617	0.561031	0.567194	0.548693	0.645198	1.29291	0.425808	0.035555	0.89598	0.195224	1.24541	0.595587	0.544904	0.150625	0.45518	
0.0995585	0.492257	0.923406	0.615349	0.535725	0.392326	0.633686	1.02859	0.456802	0.945115	0.362276	0.610072	0.917386	0.890884	0.743331	
0.10355	0.427197	0.759118	0.460756	0.528821	0.389665	0.558682	0.915649	0.530484	0.814978	0.346224	0.595696	0.754326	0.777924	0.70254	
0.264912	0.371847	0.573106	0.280742	0.527367	0.507072	0.47379	0.770259	0.610804	0.653511	0.459434	0.57889	0.568322	0.635629	0.64728	
0.373544	0.751419	0.956865	0.715223	0.842489	0.0654346	0.88145	1.21539	0.790918	1.09774	0.0285753	0.912753	0.958834	1.07989	1.02609	
0.835389	0.791162	0.248085	0.422778	0.979117	0.894841	0.795449	0.77572	1.14252	0.613795	0.854674	0.997161	0.268669	0.705826	0.978297	
0.214166	0.190224	0.708504	0.385232	0.295449	0.630509	0.329192	0.725401	0.373897	0.654313	0.587883	0.357402	0.696885	0.588555	0.460933	
4.03523
4.08275
7.80887
5.20088
4.55275
5.72362
4.1514
5.47141
5.08756
7.08824
