10	20
113.077	148.513
12.4832	92.8328
92.9058	103.275
141.584	129.716
31.0157	156.954
97.0507	72.8171
29.633	158.776
58.1461	100.264
7.2566	37.0196
5.6176	55.4282
186.543
157.512
160.953
241.089
80.3404
193.55
170.176
202.819
29.2011
294.828
213.187
77.2317
280.642
100.135
67.1485
204.395
286.1
97.3183
164.423
311.058
0.149486	0.324756	0.682891	0.538629	0.433121	0.492126	0.42093	0.402184	0.566101	0.491546	0.55087	0.317442	0.339721	0.319764	0.408641	0.2882	0.241201	0.312861	0.336071	0.272831	
0.382925	0.337135	0.700178	0.194845	0.768509	0.618902	0.7699	0.647617	0.422711	0.842109	0.65176	0.623642	0.624012	0.630019	0.434621	0.631155	0.575297	0.232332	0.557878	0.104923	
0.650771	0.696053	0.365245	0.35948	0.799533	0.410566	0.903375	0.563573	0.0383997	0.934168	0.40445	0.8509	0.598392	0.852609	0.799233	0.709032	0.644363	0.601994	0.482589	0.457783	
0.502904	0.677702	0.404567	0.693969	0.346255	0.16575	0.511444	0.0920035	0.484207	0.504926	0.231312	0.572851	0.140294	0.568235	0.766102	0.307924	0.257411	0.642979	0.026071	0.546123	
0.0662085	0.16941	0.81515	0.514324	0.558391	0.64114	0.488601	0.558948	0.646274	0.579757	0.696987	0.307497	0.493057	0.315062	0.25201	0.410532	0.377471	0.183766	0.49267	0.217608	
0.723626	0.715268	0.529641	0.260984	0.956604	0.593907	1.03506	0.737104	0.193307	1.07859	0.587448	0.947541	0.762338	0.951217	0.812794	0.851909	0.787332	0.610619	0.651956	0.476549	
0.82882	0.923972	0.115548	0.640322	0.804321	0.315275	0.967021	0.528831	0.250337	0.965692	0.265816	0.982306	0.600699	0.980829	1.02733	0.761708	0.703693	0.842399	0.482398	0.700796	
0.594881	0.647507	0.372053	0.349912	0.74789	0.38167	0.846984	0.519391	0.0908688	0.879636	0.384216	0.793281	0.548922	0.794947	0.751065	0.653948	0.589184	0.556334	0.43558	0.412148	
0.396127	0.605935	0.782688	0.877233	0.128829	0.541257	0.133551	0.336288	0.808962	0.151429	0.605814	0.286566	0.245704	0.27657	0.65272	0.0775464	0.142077	0.634233	0.354846	0.618806	
0.680624	0.890273	0.698898	1.04702	0.187138	0.475073	0.40163	0.283913	0.856875	0.315976	0.522601	0.602283	0.27126	0.592092	0.951139	0.320984	0.346584	0.896158	0.36877	0.842637	
2.51232
4.35574
2.56141
2.47469
4.15713
2.98063
4.21627
3.63262
4.37523
4.33462
