10	15
49.4482	26.2124
74.8489	87.0772
111.614	38.5259
142.863	116.518
119.121	94.8949
143.544	24.7129
67.7242	94.9472
85.593	12.051
127.982	19.1847
116.269	13.2488
213.966
276.658
96.4628
99.8239
212.225
187.023
200.339
279.444
217.292
120.821
236.516
245.331
114.463
128.913
7.58489
0.745288	0.287392	0.28566	0.320875	0.218344	0.235057	0.446742	0.260618	0.609128	0.312267	0.427915	0.398251	0.759172	0.580237	0.773273	
0.220955	0.274421	0.71807	0.518184	0.328934	0.770735	0.27101	0.793547	0.0738935	0.390775	0.894444	0.310494	0.42074	0.123296	0.655401	
0.536297	0.0862121	0.412791	0.494568	0.129153	0.536552	0.130083	0.537443	0.386609	0.075424	0.589396	0.402615	0.441817	0.304007	0.501349	
0.352255	0.412288	0.78607	0.772285	0.482365	0.925447	0.265494	0.928415	0.271835	0.43392	0.957512	0.582767	0.151645	0.159496	0.449624	
0.339494	0.239862	0.646163	0.60135	0.309488	0.75812	0.134965	0.76638	0.201239	0.293876	0.821991	0.425482	0.284675	0.0759268	0.493685	
0.748699	0.56412	0.733263	0.150251	0.516862	0.535702	0.736806	0.603801	0.680273	0.685202	0.843018	0.324967	1.01928	0.743951	1.14501	
0.617068	0.26664	0.468439	0.163311	0.209263	0.37916	0.446142	0.42496	0.499043	0.373324	0.613797	0.220211	0.749483	0.511049	0.83838	
0.457893	0.256305	0.587608	0.66253	0.322653	0.743391	0.0790037	0.740043	0.324285	0.238401	0.758335	0.514337	0.234217	0.191364	0.376381	
0.360499	0.140755	0.582421	0.411785	0.186033	0.625783	0.221118	0.648432	0.218618	0.281194	0.75743	0.24185	0.474171	0.210834	0.642483	
0.0816626	0.429536	0.87318	0.581701	0.476387	0.899672	0.429282	0.929867	0.1051	0.552945	1.04847	0.357701	0.511788	0.24169	0.785992	
5.95887
5.37109
4.95994
3.88444
4.57175
4.50879
5.85958
5.60255
4.8164
4.25237
