15	30
62.0312	100.511
118.337	26.255
162.885	18.754
110.004	54.146
76.6414	28.4288
166.97	144.806
30.9222	59.7631
70.0432	136.222
166.256	103.68
3.28855	142.797
135.532	70.3312
120.747	135.962
126.756	136.123
159.427	145.573
145.851	13.6747
11.8509
288.396
158.293
201.762
197.306
11.2164
194.366
4.14101
115.167
30.7874
220.905
128.051
209.2
106.999
203.178
8.35284
269.66
166.89
217.13
11.4645
213.877
3.57795
164.051
285.936
151.677
21.298
258.462
177.629
91.3747
267.095
0.46305	0.903815	0.281431	0.551086	0.210291	0.771268	0.0848225	0.332749	0.250492	0.454864	0.235156	0.727223	0.24698	0.811724	0.487696	0.428675	0.12555	0.188884	0.0247228	0.711587	0.420024	0.542782	0.341199	0.440203	0.502289	0.465797	0.668736	0.64779	0.382948	0.574513	
0.578474	0.608877	0.156619	0.277419	0.376526	0.500317	0.216996	0.332906	0.0595384	0.549634	0.0693042	0.498003	0.342996	0.55897	0.424643	0.6041	0.236218	0.123239	0.280821	0.42057	0.131549	0.262128	0.173278	0.512187	0.584723	0.381084	0.386798	0.407604	0.521417	0.365099	
0.699065	0.385631	0.550194	0.410342	0.632748	0.516002	0.580351	0.725461	0.468987	0.949058	0.442395	0.116781	0.561796	0.614999	0.772817	0.785236	0.640715	0.529373	0.659482	0.192898	0.286629	0.164896	0.536376	0.907853	0.979309	0.365016	0.408551	0.050901	0.688278	0.58701	
0.585847	0.65651	0.1066	0.301464	0.365587	0.523981	0.182583	0.277167	0.00419639	0.490487	0.0734204	0.558895	0.344261	0.573445	0.381236	0.59916	0.17846	0.0672828	0.234936	0.475121	0.19045	0.321728	0.14024	0.454136	0.526687	0.421172	0.417429	0.46876	0.522517	0.358873	
0.0997119	1.14865	0.715005	0.907905	0.276048	1.12573	0.481622	0.806237	0.630972	0.914533	0.570415	0.782602	0.29288	1.19275	0.958242	0.0512039	0.594403	0.602212	0.498625	0.933655	0.698718	0.762761	0.767462	0.90737	0.963046	0.430063	1.00456	0.748831	0.115407	0.993606	
0.495503	0.685096	0.681811	0.657294	0.543009	0.806118	0.596231	0.855004	0.574497	1.06126	0.516764	0.228479	0.467558	0.901596	0.94741	0.606396	0.701083	0.61145	0.674348	0.496387	0.457946	0.401921	0.694232	1.02856	1.10072	0.209833	0.689248	0.254161	0.518039	0.821346	
0.325158	0.871127	0.355687	0.569245	0.0861623	0.792049	0.12689	0.460522	0.275912	0.608156	0.222779	0.620251	0.0911462	0.849357	0.606274	0.32092	0.250139	0.242888	0.173085	0.663889	0.385958	0.486721	0.408517	0.589897	0.654783	0.320802	0.676817	0.551182	0.25197	0.637279	
0.455163	0.755458	0.219946	0.430274	0.228916	0.653584	0.0745145	0.352256	0.133156	0.534274	0.0861499	0.571762	0.211972	0.707873	0.484972	0.462785	0.166552	0.108556	0.153906	0.557162	0.26731	0.385377	0.268932	0.507056	0.577174	0.3474	0.541388	0.490133	0.388344	0.495006	
0.677052	0.595272	0.0891981	0.217037	0.460018	0.436119	0.273173	0.258922	0.0979579	0.483076	0.160136	0.567331	0.436912	0.480845	0.325923	0.693335	0.239062	0.146804	0.315244	0.432895	0.181813	0.304949	0.0733508	0.441259	0.512636	0.486908	0.336386	0.474863	0.615565	0.265462	
0.86382	0.4565	0.263435	0.0683086	0.660338	0.237672	0.477705	0.362796	0.300292	0.569748	0.35344	0.59116	0.629977	0.276371	0.333755	0.890625	0.431134	0.35065	0.516347	0.359052	0.264369	0.320216	0.205718	0.522389	0.584132	0.626655	0.163886	0.503784	0.808357	0.111948	
0.702703	0.376175	0.537509	0.394211	0.630446	0.500547	0.572962	0.712282	0.457981	0.936103	0.433203	0.133034	0.560287	0.599384	0.757991	0.787039	0.630808	0.519069	0.651659	0.179537	0.274113	0.150396	0.522665	0.894647	0.965973	0.369581	0.392552	0.0627438	0.69003	0.570939	
0.716047	0.749533	0.0857635	0.351954	0.470311	0.545572	0.265067	0.0932749	0.187675	0.313466	0.249442	0.732511	0.475147	0.563415	0.215794	0.703033	0.158552	0.164173	0.259346	0.601024	0.349206	0.475737	0.114543	0.273716	0.34604	0.599763	0.469675	0.64063	0.642629	0.310818	
0.882469	0.760509	0.224051	0.367481	0.635993	0.505236	0.431204	0.119513	0.334402	0.269678	0.4021	0.836803	0.641409	0.493074	0.0509976	0.867401	0.318429	0.326577	0.418295	0.652859	0.454286	0.564865	0.204103	0.22192	0.279669	0.751444	0.465853	0.744373	0.808801	0.245285	
0.96464	0.543304	0.310692	0.201286	0.743793	0.265695	0.546568	0.338836	0.384209	0.510592	0.447665	0.727548	0.724369	0.251248	0.25227	0.978694	0.47128	0.418248	0.567573	0.482931	0.393946	0.457325	0.25238	0.463116	0.514366	0.751255	0.254595	0.640713	0.902844	0.025794	
0.872246	1.00765	0.367006	0.607641	0.621142	0.763963	0.450098	0.19697	0.457453	0.04305	0.507033	1.01183	0.656422	0.751625	0.259066	0.822456	0.328108	0.411537	0.392862	0.876772	0.630526	0.757449	0.389284	0.0528412	0.0911589	0.840851	0.715828	0.920507	0.790666	0.50443	
6.21425
5.05177
4.84273
5.65238
6.12722
4.38639
7.64887
6.66626
4.39962
8.99803
4.84088
5.37746
5.33859
4.69498
5.11748
