15	30
32.2871	106.771
7.15498	28.3169
94.1812	32.0508
47.0567	18.9374
62.0858	56.9843
86.5036	130.145
25.0692	56.301
88.8879	28.3988
177.486	118.536
41.968	55.9448
70.5534	155.353
165.388	38.0584
43.3343	46.3641
15.2446	84.0361
91.334	114.173
2.84854
93.127
104.526
204.014
196.599
127.944
178.81
121.47
196.664
138.704
109.102
7.13449
204.669
214.558
79.3685
133.582
76.422
55.5075
148.435
66.014
142.657
102.579
180.682
25.0423
195.408
115.002
191.567
52.442
75.0642
27.9632
0.496514	0.395705	0.663016	0.432023	0.314555	0.225494	0.397176	0.479821	0.511022	0.427399	0.864493	0.336306	0.527057	0.829153	0.472993	0.512328	0.566882	0.0405412	0.614139	0.664597	0.139961	0.648111	0.285462	0.640853	0.27607	0.361073	0.167463	0.798716	0.654826	0.55914	
0.425542	0.0293583	0.684682	0.70013	0.0561562	0.165062	0.0417429	0.50129	0.428422	0.5273	0.566086	0.177848	0.685206	0.880835	0.78178	0.673659	0.212589	0.352683	0.326048	0.323855	0.26071	0.535962	0.628805	0.613802	0.104942	0.308533	0.532316	0.768027	0.605956	0.194866	
0.656082	0.685708	0.718426	0.298664	0.607486	0.502118	0.684007	0.583841	0.67354	0.489429	1.10265	0.626523	0.495348	0.831858	0.258225	0.48217	0.846753	0.321558	0.861904	0.934406	0.430235	0.799534	0.0856603	0.737322	0.571116	0.624571	0.129059	0.871139	0.763851	0.851496	
0.277905	0.586025	0.358094	0.757544	0.627532	0.585808	0.560454	0.363662	0.260864	0.469239	0.324442	0.77033	0.576724	0.497529	0.879246	0.577935	0.497101	0.782541	0.318649	0.437469	0.758436	0.138516	0.858345	0.266354	0.665591	0.898097	0.860957	0.30397	0.228655	0.620941	
0.162153	0.475894	0.325239	0.662207	0.509935	0.460983	0.450016	0.268208	0.144414	0.372489	0.352531	0.653852	0.501663	0.499897	0.782471	0.500109	0.414364	0.656527	0.248541	0.38044	0.633127	0.0808745	0.744712	0.226211	0.545625	0.779684	0.739415	0.329144	0.194848	0.533199	
0.140854	0.525893	0.184061	0.383717	0.513216	0.403873	0.503614	0.0169414	0.154701	0.095452	0.628417	0.644555	0.226002	0.371663	0.505225	0.222154	0.56292	0.51581	0.456567	0.582229	0.540147	0.235688	0.49857	0.161931	0.526082	0.746147	0.531067	0.315008	0.185059	0.651504	
0.376921	0.593981	0.392316	0.137624	0.543241	0.412426	0.580189	0.276898	0.39447	0.173031	0.864166	0.633832	0.185429	0.515228	0.249455	0.170741	0.70158	0.390377	0.652544	0.757586	0.464916	0.501829	0.241316	0.417802	0.531121	0.695789	0.315584	0.545315	0.447538	0.753125	
0.293097	0.670162	0.157881	0.310811	0.647903	0.528235	0.649241	0.172131	0.304924	0.136585	0.765999	0.770226	0.0994263	0.275641	0.428604	0.104964	0.717601	0.592584	0.609675	0.736785	0.639849	0.349772	0.484368	0.218677	0.653881	0.860146	0.556565	0.309999	0.255706	0.803118	
0.501367	0.446785	0.715944	0.988211	0.527002	0.575429	0.431414	0.625663	0.487405	0.716212	0.130324	0.631665	0.867867	0.885712	1.09947	0.863224	0.26641	0.799361	0.200317	0.150672	0.724844	0.46988	1.00575	0.616933	0.576332	0.757456	0.949662	0.701057	0.584939	0.365004	
0.416413	0.84427	0.15385	0.546538	0.842245	0.738131	0.820143	0.345619	0.41765	0.375861	0.76942	0.977378	0.330644	0.0522398	0.653157	0.342795	0.841586	0.838412	0.692683	0.825979	0.87279	0.367418	0.737995	0.233837	0.858701	1.08099	0.813807	0.148469	0.256347	0.948101	
0.243736	0.196386	0.498621	0.560228	0.192896	0.132538	0.174864	0.31505	0.249093	0.34921	0.523236	0.334907	0.511053	0.694497	0.658003	0.500667	0.277811	0.349287	0.274603	0.347505	0.305818	0.370136	0.540734	0.431002	0.219527	0.454162	0.482109	0.588436	0.426341	0.335735	
0.470139	0.314913	0.715352	0.92192	0.397862	0.462644	0.30243	0.591436	0.459823	0.668922	0.259222	0.494623	0.828796	0.899803	1.02642	0.821996	0.130652	0.682002	0.157085	0.0268033	0.60008	0.482446	0.913333	0.619287	0.447022	0.619131	0.843776	0.730192	0.592739	0.226628	
0.544263	0.468931	0.687664	0.402698	0.387363	0.297432	0.470529	0.512912	0.559762	0.447623	0.932222	0.399776	0.526589	0.843146	0.426669	0.511765	0.64001	0.094574	0.68285	0.736829	0.203256	0.696045	0.229354	0.675323	0.347754	0.408199	0.0979309	0.829371	0.692592	0.63187	
0.575955	0.32006	0.785077	0.605864	0.236886	0.23002	0.332587	0.593039	0.586933	0.563736	0.849821	0.188002	0.684072	0.964818	0.646088	0.669682	0.504826	0.135838	0.601151	0.616012	0.061274	0.72007	0.452879	0.74525	0.187607	0.186669	0.319447	0.906909	0.751789	0.460824	
0.604549	0.317002	0.820463	0.649407	0.237628	0.253522	0.332441	0.627716	0.614733	0.6024	0.854972	0.162256	0.725571	1.00229	0.688937	0.71125	0.501012	0.17899	0.60898	0.614374	0.0978863	0.746	0.494634	0.777483	0.188886	0.143583	0.359444	0.93927	0.782555	0.446769	
4.80305
5.51956
3.84811
4.71834
4.99579
4.4581
5.07485
4.32469
3.24405
4.7121
4.6946
3.36732
4.57276
5.12427
4.03497
