10	20
31.7711	44.158
139.96	109.177
14.4077	113.356
21.3846	65.0043
65.2033	29.2495
112.308	27.0073
66.2632	65.4298
12.5256	154.233
86.2912	77.363
22.4385	26.1062
8.53442
11.1281
18.9589
33.0339
4.10735
16.2038
29.5824
17.7649
21.5197
26.7137
13.7788
27.8931
25.3776
19.9993
18.4871
19.4785
5.16264
10.0314
21.5396
6.24715
0.456817	0.674936	0.114548	0.369692	0.795668	0.447634	0.613673	0.657305	0.124395	0.74146	0.17604	0.961043	0.948942	0.542578	1.08252	0.906209	0.0941806	0.0742416	0.759207	0.893895	
0.576714	0.429433	0.829553	0.863816	0.167877	0.927155	0.287986	0.488425	0.873231	0.340129	0.834885	0.254432	0.333802	0.579182	0.578783	0.325374	0.917735	0.944393	0.698889	0.00724929	
0.283004	0.524147	0.658868	0.568195	0.152835	0.870946	0.254452	0.172294	0.633498	0.0659642	0.584209	0.535727	0.259205	0.264791	0.830184	0.564913	0.740393	0.754675	0.801114	0.311444	
0.448973	0.29212	0.646456	0.72535	0.180295	0.750323	0.105402	0.423364	0.703793	0.312906	0.670261	0.297093	0.412555	0.477448	0.571616	0.307974	0.734739	0.76268	0.57487	0.182506	
0.146819	0.464654	0.454519	0.419086	0.317825	0.693923	0.226727	0.230836	0.43557	0.259426	0.390739	0.601739	0.464216	0.204022	0.842994	0.594361	0.53495	0.548883	0.710082	0.445192	
0.506273	0.175522	0.396173	0.684925	0.513335	0.401131	0.275862	0.611403	0.546027	0.57895	0.54159	0.492394	0.738853	0.585643	0.581981	0.418661	0.47649	0.515903	0.329603	0.525447	
0.265874	0.586695	0.203232	0.269816	0.616548	0.537624	0.460604	0.465389	0.140508	0.550528	0.114331	0.831052	0.758269	0.354743	1.00092	0.792377	0.260606	0.261788	0.739867	0.728528	
0.688537	0.184081	0.517107	0.858459	0.643103	0.379356	0.419786	0.785441	0.697027	0.736529	0.701652	0.498782	0.875164	0.766833	0.477588	0.401255	0.583453	0.627076	0.147731	0.614471	
0.199781	0.583493	0.266324	0.245699	0.565712	0.590261	0.42848	0.399774	0.187747	0.489777	0.144152	0.805793	0.697474	0.288612	0.995028	0.774903	0.326729	0.327699	0.759478	0.68572	
0.776999	0.174253	0.718267	0.997553	0.592923	0.606255	0.427876	0.81982	0.874586	0.729505	0.867847	0.31656	0.818396	0.837639	0.256387	0.211174	0.792859	0.834754	0.221116	0.509393	
3.98513
2.32532
3.97399
3.90588
2.87137
2.48349
2.90836
3.98327
2.76172
3.66778
