10	20
47.1418	12.3854
120.709	145.574
43.3291	38.9234
7.70198	69.6409
52.2548	120.388
80.6409	100.354
126.554	146.076
143.107	35.7653
56.6334	51.3193
175.279	93.4222
21.4353
32.2175
33.9878
24.8939
29.1383
22.8737
1.10713
29.3534
14.25
26.3552
27.2891
25.3629
4.78212
13.9047
31.2364
0.0448208
15.3171
28.7694
7.73681
16.8687
0.462453	0.502983	0.668139	0.265988	0.308457	0.69436	0.388415	0.204322	0.700594	0.821617	0.294028	0.42636	0.0733469	0.483557	0.376851	0.77425	0.329393	0.387296	0.412709	0.181389	
0.155171	0.560027	0.813365	0.788565	0.813097	0.94265	0.279768	0.57012	0.993662	0.623551	0.815055	0.421475	0.542239	0.819339	0.924755	1.0565	0.244548	0.319919	0.222646	0.752538	
0.790565	0.70955	0.775477	0.216572	0.274398	0.725291	0.704786	0.428641	0.695032	1.0582	0.242554	0.688186	0.369078	0.516221	0.158603	0.760189	0.659822	0.694715	0.736687	0.153969	
0.21508	0.384082	0.629173	0.521451	0.601783	0.729816	0.240375	0.3861	0.769236	0.59487	0.596427	0.243448	0.280481	0.575949	0.658523	0.83754	0.0676298	0.275397	0.212663	0.494838	
0.692141	0.176646	0.251657	0.668787	0.981921	0.420368	0.75466	0.842113	0.495574	0.199582	0.962666	0.278966	0.604658	0.448488	0.790678	0.531272	0.583046	0.79187	0.717094	0.755801	
0.978258	0.41538	0.179239	0.566809	0.974578	0.0437065	0.993081	0.940772	0.0956332	0.610498	0.946027	0.551518	0.677779	0.26216	0.622756	0.101937	0.830051	1.01844	0.976286	0.707928	
0.40587	0.233461	0.478495	0.629193	0.828009	0.622125	0.482041	0.636957	0.682475	0.333685	0.81661	0.132841	0.458371	0.543483	0.769602	0.738354	0.318973	0.522343	0.438172	0.65999	
0.159998	0.579647	0.815881	0.581378	0.511805	0.898929	0.0654508	0.265171	0.92829	0.790925	0.51709	0.443207	0.325727	0.720355	0.700372	0.999774	0.138816	0.0808181	0.096072	0.50251	
0.752001	0.641873	0.708355	0.148526	0.303264	0.662923	0.673815	0.417059	0.636071	0.990973	0.271146	0.624286	0.317852	0.451306	0.12141	0.702925	0.614736	0.667571	0.701525	0.108307	
0.164976	0.719303	0.963776	0.739333	0.609991	1.05569	0.10103	0.367139	1.0879	0.886391	0.622285	0.577093	0.486355	0.881972	0.852755	1.15875	0.267976	0.0893376	0.125819	0.649432	
5.32307
4.16116
5.34268
7.1138
5.45945
4.33739
3.88415
4.04559
5.24682
3.36441
