10	15
86.4335	104.359
30.4647	112.288
18.9263	82.4124
124.817	124.566
24.4639	106.54
30.8065	121.301
33.9551	30.4691
174.188	22.7577
29.3997	24.6423
175.541	114.044
36.8413
31.9823
39.1533
27.0884
15.7835
40.0891
17.1584
29.4324
28.6909
33.4974
34.222
33.722
24.0671
18.4731
11.4892
0.559074	0.416645	0.298675	0.374922	0.555274	0.204981	0.50724	0.394123	0.462584	0.516746	0.144122	0.285842	0.416131	0.532709	0.577188	
0.780899	0.70088	0.534375	0.196369	0.575467	0.398504	0.514453	0.931338	0.416291	0.206611	0.6884	0.454842	0.464463	0.776659	0.691874	
1.05259	0.0965993	0.787436	0.685642	0.322844	0.458642	0.342783	0.419341	0.909131	0.869064	0.413101	0.350298	0.342137	0.073438	0.224031	
0.522767	0.514495	0.344666	0.539492	0.704443	0.384493	0.663944	0.313388	0.552452	0.657811	0.158927	0.450631	0.577838	0.624977	0.703107	
0.690702	0.310622	0.450113	0.49729	0.514	0.277192	0.481041	0.258469	0.6182	0.65652	0.0455902	0.289203	0.40369	0.421939	0.501552	
0.86109	0.267687	0.567554	0.347853	0.215624	0.183587	0.156387	0.584255	0.618355	0.528946	0.39862	0.0748656	0.0621331	0.344109	0.290046	
0.836661	0.666556	0.578951	0.227064	0.520434	0.39289	0.461708	0.925856	0.478002	0.274361	0.689596	0.429407	0.420901	0.734804	0.640511	
0.799616	0.233528	0.510611	0.355683	0.284334	0.136235	0.235374	0.493228	0.593208	0.53901	0.30151	0.0285229	0.146286	0.333915	0.32532	
0.732855	0.517987	0.589132	0.753424	0.767831	0.554528	0.745906	0.128372	0.797266	0.890386	0.256323	0.571209	0.677916	0.602893	0.724675	
0.404657	0.629553	0.115416	0.242533	0.681637	0.286924	0.620314	0.645632	0.203257	0.301483	0.40156	0.415797	0.527729	0.741978	0.743971	
3.86914
4.52013
4.75779
3.38679
4.94707
5.01212
4.4256
2.92438
4.58258
2.73253
