15	30
117.59	67.7194
98.9245	38.3318
48.3116	14.2431
37.3445	27.5849
47.8455	115.657
5.03745	134.005
32.8421	143.489
157.956	76.8021
48.4704	138.624
136.297	138.138
40.7112	12.0386
161.682	118.492
20.9982	144.894
65.495	151.403
79.9916	156.31
140.82
273.475
194.341
14.0183
125.017
1.52803
202.156
86.5174
380.093
27.5993
100.44
284.568
338.686
147.24
42.9922
284.591
218.855
100.735
72.4449
14.3933
164.505
284.949
261.907
14.3497
325.681
171.969
90.659
180.17
37.0019
344.071
0.344735	0.342148	0.896238	0.879429	0.649768	0.570114	0.552866	0.216198	0.834955	0.534613	0.891072	0.313244	0.353323	0.203887	0.433003	0.650821	0.631543	0.91762	0.148636	0.229348	0.353575	0.490903	0.32249	0.902667	0.653958	0.673755	0.927158	0.320092	0.925839	0.686328	
0.772256	0.559265	0.653073	0.178384	0.497552	0.61245	0.35187	1.02473	0.126293	0.62553	0.327551	1.10881	1.01831	0.739211	0.494728	0.391084	0.6868	0.253116	0.735703	0.706352	0.612079	0.678965	1.04277	0.501557	0.353075	0.424239	0.288589	0.799433	0.163431	0.391975	
0.397283	0.305764	0.915492	0.321655	0.662515	0.182779	0.187998	0.838857	0.490725	0.201894	0.676542	0.935995	0.909328	0.600106	0.476403	0.56738	0.806155	0.322488	0.542684	0.411443	0.559315	0.720703	0.90815	0.809327	0.532697	0.615321	0.666708	0.729792	0.375608	0.596021	
0.15084	0.338037	1.12211	0.667088	0.848383	0.16873	0.437578	0.709767	0.799509	0.143625	0.955946	0.804448	0.840761	0.577261	0.605457	0.782348	0.935258	0.662275	0.487304	0.299347	0.627452	0.812691	0.81647	1.05359	0.758956	0.826329	0.961051	0.731607	0.721022	0.818267	
0.0574205	0.236853	1.00479	0.724125	0.732308	0.305776	0.424764	0.502028	0.777969	0.269163	0.897454	0.597259	0.634748	0.389059	0.482097	0.68875	0.785017	0.741231	0.295855	0.120234	0.470931	0.652254	0.608845	0.963345	0.674667	0.726792	0.915805	0.542445	0.776575	0.726454	
0.767276	0.511796	0.295018	0.558586	0.0854288	0.746461	0.437684	0.761695	0.297662	0.738087	0.218577	0.823941	0.694476	0.496759	0.266738	0.0556831	0.274048	0.635364	0.545158	0.628369	0.34073	0.304415	0.735206	0.222497	0.0884482	0.0176293	0.271763	0.480732	0.56737	0.026757	
0.869744	0.665894	0.711951	0.20504	0.588049	0.691674	0.454579	1.13614	0.206781	0.708627	0.373831	1.21997	1.12762	0.850535	0.60477	0.485983	0.777818	0.259625	0.846875	0.812463	0.721908	0.780642	1.15306	0.551883	0.450235	0.514054	0.321491	0.908161	0.162133	0.481452	
0.46126	0.209656	0.57847	0.526902	0.304074	0.48687	0.241175	0.548063	0.420103	0.469336	0.483035	0.632097	0.5519	0.262278	0.0625016	0.257615	0.401774	0.585562	0.269699	0.319965	0.153026	0.30394	0.570193	0.531141	0.248788	0.294207	0.513499	0.341802	0.562791	0.295401	
0.18205	0.074095	0.859841	0.582265	0.58549	0.269748	0.267243	0.529192	0.613565	0.239047	0.733699	0.627055	0.620535	0.325739	0.337428	0.531907	0.662611	0.609841	0.247594	0.098701	0.355114	0.540231	0.610183	0.806832	0.514887	0.572377	0.750912	0.475784	0.632755	0.569273	
0.678579	0.642942	0.915281	1.14891	0.739497	0.901991	0.83086	0.11968	1.03455	0.867135	1.02729	0.0394037	0.133993	0.370608	0.612973	0.788418	0.63181	1.19904	0.406568	0.558377	0.497525	0.519442	0.0771022	0.979569	0.807817	0.791632	1.07723	0.328194	1.18898	0.815482	
0.206181	0.085442	0.861937	0.524585	0.588219	0.221085	0.219185	0.59148	0.576839	0.19471	0.711097	0.6892	0.677098	0.376152	0.347309	0.524005	0.682258	0.549126	0.304157	0.161543	0.384444	0.567213	0.669253	0.79713	0.502648	0.567171	0.723438	0.521794	0.575942	0.560468	
0.182047	0.0987944	0.857426	0.630785	0.584289	0.317741	0.31052	0.475283	0.644949	0.285204	0.75281	0.573215	0.571205	0.283711	0.334045	0.540295	0.646043	0.660942	0.20004	0.0491659	0.333444	0.518097	0.558739	0.814726	0.527089	0.57807	0.773993	0.436628	0.680454	0.578032	
0.633161	0.444659	0.519408	0.817677	0.320632	0.749726	0.54457	0.388134	0.643636	0.724291	0.610882	0.437216	0.30221	0.20226	0.256088	0.377959	0.241022	0.881789	0.293522	0.467804	0.154342	0.105978	0.343862	0.563427	0.403178	0.375409	0.663224	0.0948306	0.847384	0.401335	
0.904879	0.669667	0.201891	0.833329	0.203169	0.951053	0.668135	0.708383	0.569808	0.934874	0.434399	0.740461	0.582236	0.518079	0.404149	0.312607	0.0886828	0.909479	0.599498	0.744522	0.394809	0.228676	0.63719	0.305914	0.353133	0.270868	0.496738	0.419963	0.843288	0.301726	
0.527965	0.271892	0.532451	0.454477	0.264311	0.508406	0.216446	0.64197	0.323368	0.49732	0.39435	0.72367	0.63395	0.355772	0.110328	0.188809	0.403461	0.51935	0.366686	0.400947	0.227485	0.335814	0.656814	0.462282	0.168938	0.23293	0.420639	0.417377	0.485209	0.225228	
3.92748
4.18614
4.47867
5.67638
4.50712
6.24693
4.86613
3.05288
5.3471
3.57026
5.35813
3.20539
5.16335
4.31068
4.00427
