10	15
10.3931	102.429
147.733	20.1433
78.4081	15.1648
12.0942	86.5356
22.5471	142.445
80.6336	119.291
76.3767	33.1923
131.486	100.933
152.66	29.0048
73.0178	31.3289
476.534
203.961
476.482
658.097
379.088
207.139
605.411
642.199
591.574
797.927
394.056
291.829
290.419
283.296
506.671
0.913929	0.423407	0.416005	0.813385	0.705253	0.593272	0.695244	0.484332	0.0472507	0.589517	1.03736	0.296408	0.512586	1.01856	0.726974	
0.288085	0.382745	0.467526	0.45692	0.624931	0.617216	0.120135	0.307843	0.777216	0.701781	0.287297	0.853895	0.576776	0.247635	0.404614	
0.493189	0.0845433	0.0456312	0.668008	0.693915	0.299874	0.375436	0.200339	0.428264	0.357804	0.631354	0.606845	0.533151	0.622049	0.315016	
0.644564	0.24539	0.144132	0.816026	0.801698	0.268751	0.553847	0.360866	0.350966	0.281126	0.798372	0.581479	0.620127	0.794309	0.420515	
0.547911	0.294411	0.422444	0.291193	0.368851	0.662038	0.168167	0.176756	0.564795	0.730284	0.575095	0.586188	0.289368	0.532908	0.550117	
0.335829	0.170082	0.237654	0.553533	0.644792	0.4125	0.200232	0.157498	0.587889	0.491789	0.444022	0.715092	0.528768	0.42793	0.271294	
0.209724	0.662532	0.700192	0.751882	0.950468	0.735628	0.462015	0.62381	1.08033	0.820996	0.054644	1.18641	0.918157	0.106098	0.471556	
0.900963	0.437884	0.517668	0.545088	0.393046	0.767848	0.570506	0.41342	0.276653	0.797049	0.971047	0.172621	0.211372	0.935687	0.797535	
0.575983	0.0925189	0.196667	0.54413	0.540277	0.45842	0.332709	0.119393	0.353692	0.509332	0.678859	0.478302	0.373087	0.65591	0.45208	
0.595803	0.354495	0.22577	0.937933	0.956261	0.10027	0.623261	0.470174	0.530048	0.097579	0.771694	0.765861	0.78416	0.78139	0.338424	
5.87628
3.47139
4.08887
6.33586
5.82149
4.10904
4.19813
3.27752
2.83647
4.09095
