10	15
98.8225	104.702
179.512	22.4061
94.7183	27.7984
146.132	116.83
146.712	115.419
33.1638	20.5192
100.178	53.7445
61.0422	112.072
20.8117	125.776
32.9529	92.9121
845.637
753.017
679.015
453.742
390.237
215.608
857.998
25.444
157.883
703
817.061
150.327
1005.82
307.346
559.65
0.924467	0.377091	0.327432	0.273204	0.4423	0.0305488	0.328936	0.284358	0.540834	0.196445	0.860389	0.474533	0.344746	0.161358	0.331961	
0.285209	0.384779	0.53129	0.479922	0.668693	0.759264	0.481813	0.518324	0.527892	0.828876	0.257801	0.504465	0.402923	0.620543	0.966469	
0.776864	0.331859	0.148832	0.247643	0.534548	0.212692	0.338799	0.120345	0.358833	0.198356	0.71065	0.293484	0.230878	0.0346798	0.512957	
0.325163	0.564875	0.418934	0.597994	0.909917	0.77248	0.664973	0.459121	0.240018	0.723743	0.268952	0.283249	0.452544	0.582335	1.05855	
0.123201	0.618694	0.575899	0.681659	0.953491	0.906827	0.725306	0.600512	0.437449	0.895206	0.0925689	0.46385	0.549343	0.725746	1.17156	
0.145116	0.722616	0.680217	0.788064	1.05374	1.01401	0.82929	0.706713	0.529652	0.997992	0.164333	0.56248	0.656701	0.832121	1.27883	
0.977154	0.619228	0.354777	0.533072	0.784276	0.366493	0.620125	0.373962	0.461044	0.154609	0.909955	0.429755	0.505929	0.315287	0.621498	
0.587942	0.427041	0.713112	0.525942	0.530256	0.802601	0.46741	0.674411	0.788806	0.941945	0.574902	0.745031	0.539935	0.732508	0.91383	
0.47099	0.522462	0.296257	0.528017	0.856775	0.653203	0.609782	0.34837	0.087015	0.578363	0.4086	0.148361	0.384762	0.462183	0.949344	
0.486079	0.461775	0.232128	0.463203	0.792962	0.589634	0.546431	0.282779	0.0483549	0.524668	0.420678	0.086194	0.321106	0.39833	0.884544	
5.07194
3.56589
5.35032
4.4856
3.99681
6.8569
4.76005
5.68715
6.95556
7.0675
