10	20
82.0492	94.7031
119.986	90.7397
169.744	124.993
111.297	78.8
53.2028	68.8357
39.8457	23.8816
69.2262	149.709
59.2067	129.321
162.24	149.868
49.6376	76.702
1.17972
16.5775
37.9688
25.6643
8.82553
44.8852
34.2633
32.569
15.5357
43.9568
26.6555
8.27769
4.45011
37.3163
27.7341
14.3189
46.2358
38.3313
11.637
17.394
0.63887	0.722915	0.955161	0.902299	0.776142	0.690972	0.952823	1.01672	0.0795344	1.08045	0.284703	0.489023	0.239175	0.715828	0.471699	0.605146	0.710259	0.337792	0.40357	0.720288	
0.220737	0.0797273	0.753886	0.141033	0.114256	0.276726	0.699059	0.744272	0.727396	0.607269	0.591486	0.567435	0.843144	0.085891	0.606475	0.214051	0.750255	0.595075	0.397589	0.621264	
0.788885	0.728386	0.463861	0.818827	0.707458	0.886085	0.490141	0.544068	0.575416	0.705248	0.363525	0.237496	0.355849	0.724913	0.204049	0.728554	0.184667	0.304508	0.595209	0.285052	
0.424143	0.389406	0.567489	0.525902	0.399219	0.520794	0.548628	0.612845	0.396476	0.64474	0.15859	0.135431	0.393224	0.384412	0.161681	0.364319	0.397868	0.13427	0.244691	0.336711	
0.878177	0.768932	0.252522	0.803676	0.718038	0.97969	0.298595	0.337733	0.792317	0.545633	0.553232	0.35966	0.595909	0.767679	0.350826	0.817386	0.0927374	0.488858	0.735017	0.206246	
0.420199	0.2398	0.63089	0.0728251	0.154778	0.482415	0.568972	0.602088	0.862535	0.425709	0.678459	0.587376	0.921678	0.246698	0.628527	0.399539	0.700087	0.662668	0.54666	0.559443	
0.564438	0.474636	0.388375	0.554577	0.445021	0.665569	0.377087	0.441489	0.552691	0.517799	0.297587	0.0908566	0.460493	0.472024	0.121287	0.503334	0.226571	0.240298	0.423781	0.153657	
0.240364	0.340894	0.828251	0.530295	0.414287	0.305663	0.79896	0.860997	0.323455	0.836138	0.284522	0.413821	0.506612	0.333527	0.43259	0.206428	0.678494	0.328816	0.0375042	0.608445	
0.17141	0.24921	0.964945	0.345375	0.330962	0.123259	0.913111	0.961261	0.725375	0.829405	0.665814	0.707102	0.907751	0.248535	0.741265	0.223567	0.927044	0.689798	0.416461	0.809445	
0.680688	0.566958	0.258904	0.609255	0.517811	0.78228	0.259345	0.321892	0.678704	0.447233	0.42445	0.211973	0.54837	0.565721	0.225021	0.620408	0.128274	0.362982	0.55829	0.0262867	
5.35908
4.57476
3.47352
4.63177
5.56149
5.65544
4.93167
5.7274
3.86262
5.25621
