10	20
179.585	96.3601
129.7	53.4857
19.6554	136.692
46.7086	19.2252
42.3432	107.339
59.3084	67.0658
10.3986	105.095
174.568	123.197
6.51713	155.725
12.6926	134.392
820.92
369.657
939.065
631.56
728.6
629.926
429.961
570.93
339.462
109.268
129.237
355.603
992.633
274.598
190.597
312.17
145.52
986.707
980.869
48.4901
0.569938	0.13752	0.542099	0.347872	0.488916	0.281261	0.814164	0.418145	1.00666	0.533623	0.324072	0.548738	0.467764	0.309497	0.787869	0.690677	0.856573	0.420885	0.818318	0.128601	
0.687982	0.249026	0.651488	0.348909	0.573003	0.348626	0.926323	0.530444	1.10705	0.562326	0.384931	0.642551	0.543704	0.423152	0.902851	0.755073	0.97544	0.53452	0.935462	0.140444	
0.522306	0.110659	0.505994	0.339703	0.474686	0.284484	0.773986	0.361223	0.951107	0.507506	0.329375	0.526441	0.421545	0.270791	0.744464	0.647519	0.806639	0.364009	0.771832	0.172739	
0.330996	0.530883	0.481117	0.621401	0.659022	0.660128	0.572406	0.187039	0.429926	0.564023	0.692816	0.622807	0.329241	0.439288	0.505443	0.431402	0.436743	0.186184	0.474245	0.700999	
0.358455	0.733072	0.516233	0.895002	0.733644	0.813762	0.458913	0.432394	0.412508	0.833765	0.835192	0.666024	0.602225	0.593943	0.389389	0.663176	0.242172	0.424047	0.325852	0.908942	
0.599561	0.186285	0.523154	0.516121	0.40085	0.171282	0.799656	0.533818	1.13724	0.70867	0.199558	0.481153	0.632164	0.326873	0.788358	0.858895	0.889045	0.531816	0.832813	0.0543169	
0.437408	0.190958	0.331935	0.633192	0.1996	0.0377374	0.603956	0.472726	1.06413	0.786454	0.0586752	0.2769	0.649445	0.195573	0.599631	0.877348	0.717704	0.46453	0.650986	0.242108	
0.684782	0.275659	0.675293	0.236225	0.63201	0.421047	0.942237	0.481124	1.03015	0.450039	0.462265	0.690687	0.450015	0.440019	0.910788	0.652102	0.963783	0.488383	0.934919	0.234109	
0.520148	0.184464	0.423312	0.596565	0.283701	0.0559064	0.696364	0.514074	1.11549	0.769769	0.0825048	0.366594	0.658895	0.260355	0.690912	0.888397	0.804563	0.508443	0.740698	0.163799	
0.0954884	0.531066	0.242854	0.814703	0.46204	0.568819	0.260502	0.343453	0.653922	0.825479	0.583284	0.392155	0.592527	0.366366	0.196173	0.739004	0.202031	0.327724	0.184327	0.700925	
2.77296
3.10913
5.02734
4.24121
4.59966
4.20354
5.00374
2.63898
5.91109
5.74863
