10	15
127.168	31.7299
3.65826	11.6822
106.614	41.8736
133.842	154.357
178.278	136.981
152.588	85.5398
36.2993	84.2642
22.1541	107.211
6.45031	70.2013
42.1883	141.426
1043.79
48.0404
686.973
810.111
324.538
395.417
853.814
177.54
619.189
798.957
954.218
511.648
310.714
322.796
794.92
0.581539	0.517387	0.81829	0.378512	0.352138	1.01916	0.476518	0.709935	0.246386	0.575196	0.175943	0.802529	0.603326	0.211046	0.530933	
0.661952	0.68598	0.831607	0.465325	0.401362	1.09158	0.640002	0.706398	0.350319	0.520205	0.370412	0.966713	0.573076	0.379882	0.725297	
0.319876	0.614654	0.261875	0.521765	0.565346	0.129397	0.597247	0.368093	0.653922	0.587877	0.882997	0.592248	0.503551	0.73774	0.903155	
0.53135	0.759012	0.543459	0.423429	0.330459	0.880136	0.706765	0.408437	0.412362	0.177564	0.626502	0.988079	0.258073	0.538464	0.923754	
0.430177	0.326616	0.674148	0.541142	0.63309	0.494216	0.354629	0.710393	0.627241	0.843746	0.717214	0.121918	0.778202	0.61502	0.553218	
0.315907	0.430176	0.528179	0.12397	0.062028	0.748571	0.377923	0.424079	0.0855918	0.334614	0.349159	0.679939	0.336687	0.22418	0.596923	
0.237823	0.236848	0.521889	0.346279	0.436437	0.455037	0.234723	0.533785	0.444218	0.648145	0.582573	0.260277	0.586104	0.45872	0.521136	
0.137912	0.305668	0.436949	0.077117	0.163131	0.573355	0.258082	0.378623	0.201612	0.408723	0.430932	0.506229	0.366724	0.283696	0.550711	
0.183144	0.365201	0.434773	0.0351195	0.0879474	0.618943	0.314763	0.354703	0.159683	0.346507	0.418339	0.580718	0.315227	0.272944	0.587799	
0.620873	0.249201	0.944332	0.575368	0.656981	0.893066	0.293178	0.919584	0.566959	0.949614	0.47042	0.329228	0.916579	0.462003	0.147173	
3.83527
5.96087
4.13859
4.05672
3.35772
3.22633
5.06104
5.89409
6.24823
5.41624
