10	15
71.5669	103.034
20.2866	69.4225
59.9855	83.8574
172.611	93.0172
101.475	31.4124
165.043	13.726
165.148	41.5689
164.371	158.63
29.0906	117.331
143.248	82.5142
40.4429
23.0275
52.3585
26.374
30.2674
34.1046
90.4925
2.69488
8.78055
14.3756
1.27004
94.1824
54.4762
26.219
30.61
0.0923671	0.363962	0.431526	0.117691	0.788621	0.402198	0.786295	0.657589	0.51274	0.560156	0.360929	0.458767	0.171617	0.451107	0.510365	
0.708505	0.573469	0.462909	0.572893	0.435712	0.833304	0.71758	0.464879	0.818373	0.575837	0.707211	0.470155	0.781008	0.281465	0.267509	
0.772583	0.832131	0.772438	0.565971	0.126134	0.626889	0.282666	0.044599	0.535108	0.228925	0.93008	0.236775	0.852549	0.279316	0.230846	
0.539756	0.717877	0.708851	0.335093	0.440916	0.312805	0.336889	0.274659	0.245837	0.116166	0.775205	0.110088	0.613192	0.298698	0.313317	
0.223621	0.266154	0.3957	0.415412	1.04476	0.679233	1.08508	0.93376	0.807144	0.857393	0.147105	0.745895	0.181404	0.688661	0.748312	
0.642195	0.744624	0.704847	0.432733	0.271905	0.483989	0.288567	0.112074	0.405671	0.115688	0.82822	0.0931007	0.721006	0.219176	0.200236	
0.868615	0.939593	0.879906	0.659852	0.12439	0.679243	0.227396	0.11915	0.567934	0.270718	1.03611	0.321045	0.947909	0.386968	0.338203	
0.138212	0.213405	0.298972	0.235815	0.839354	0.554813	0.892431	0.73019	0.65893	0.664474	0.215677	0.547049	0.185417	0.483554	0.543368	
1.02388	1.14721	1.10074	0.815315	0.35095	0.730982	0.159516	0.327978	0.587121	0.372943	1.2305	0.482357	1.0991	0.605058	0.564527	
0.71232	0.757594	0.696339	0.509215	0.167277	0.608244	0.343197	0.090758	0.533857	0.236767	0.857924	0.200808	0.792703	0.204581	0.154666	
6.74098
8.46693
7.12675
4.42569
5.96266
4.05923
4.67523
4.56054
7.64009
4.57036
