10	20
168.932	49.4759
2.35131	32.35
66.5836	122.654
69.9026	88.8882
78.788	112.306
160.94	147.467
87.4715	38.0804
68.9123	52.1045
33.2928	96.2764
173.542	92.9631
574.415
530.007
733.656
57.8484
303.922
203.707
325.104
707.626
716.714
805.049
595.583
156.593
556.149
155.42
481.357
56.4268
581.481
337.898
432.277
14.427
0.304443	0.491659	0.502087	0.320839	0.524833	0.641113	0.106697	0.489715	0.472363	0.727388	0.219349	0.164646	0.318407	0.407959	0.678991	0.559404	0.337401	0.485962	0.123302	0.429665	
0.627079	0.839566	0.783786	0.0507782	0.328581	0.927172	0.256203	0.770519	0.685689	0.786588	0.561532	0.506293	0.655913	0.0613949	0.923981	0.694022	0.557281	0.797089	0.249556	0.277176	
0.082843	0.23053	0.211459	0.667406	0.773303	0.312018	0.47908	0.205746	0.325653	0.691038	0.252545	0.208726	0.266931	0.765998	0.406657	0.485935	0.285472	0.433287	0.495176	0.680189	
0.288717	0.31337	0.506492	0.536127	0.751135	0.620214	0.298568	0.497538	0.555811	0.878306	0.0574538	0.178392	0.105173	0.610097	0.703122	0.685989	0.446882	0.259361	0.305206	0.655287	
0.681294	0.922953	0.807958	0.126231	0.208865	0.948757	0.362651	0.794791	0.683941	0.719371	0.656027	0.579994	0.754332	0.128623	0.924785	0.660161	0.569154	0.909108	0.36088	0.18808	
0.751234	1.03532	0.65175	0.782545	0.555269	0.708407	0.849321	0.646824	0.483795	0.118366	0.932706	0.801826	1.01146	0.860874	0.580796	0.320422	0.540994	1.2045	0.864824	0.559845	
0.259669	0.540072	0.195463	0.59362	0.574297	0.318016	0.51212	0.184923	0.0446936	0.381863	0.467913	0.345439	0.531716	0.698716	0.282349	0.177064	0.0929837	0.720329	0.531064	0.498776	
0.447338	0.74275	0.476594	0.392823	0.291873	0.602241	0.433386	0.46492	0.314731	0.350559	0.563718	0.436646	0.656107	0.487487	0.546966	0.260731	0.247399	0.848054	0.448617	0.227039	
0.753305	0.978584	0.892872	0.167333	0.291574	1.03491	0.398627	0.879629	0.77584	0.815951	0.702878	0.640917	0.798093	0.09459	1.01671	0.757136	0.656937	0.939548	0.392362	0.284554	
0.582075	0.878578	0.587482	0.4488	0.244223	0.701193	0.543865	0.576923	0.412607	0.30646	0.700039	0.573917	0.793331	0.526847	0.62393	0.306834	0.374522	0.98475	0.556959	0.227369	
3.90586
6.96252
5.41141
5.48203
5.5965
3.69251
5.11301
5.39761
6.58001
4.15413
