15	30
53.3022	98.3405
146.989	115.535
22.7259	12.2327
144.817	97.1107
155.673	128.466
61.3059	14.8292
34.009	36.2094
37.9286	150.978
122.055	112.86
175.432	64.6534
172.321	142.341
174.609	42.6643
0.881175	26.0623
6.74553	106.256
131.659	21.5204
715.108
592.896
683.842
579.746
191.67
160.625
532.092
206.548
752.553
570.812
357.848
91.2229
268.323
756.732
264.805
285.582
505.395
517.229
570.21
37.904
375.67
139.857
716.338
147.707
434.89
97.8576
255.582
410.487
460.852
20.1976
0.637395	0.246223	0.547805	0.224235	0.315266	0.491281	0.329263	0.303281	0.678115	0.22892	0.305923	0.544495	0.4137	0.391116	0.769582	0.596316	0.414223	0.480512	0.631166	0.250327	0.674864	0.534357	0.251961	0.406693	0.629179	0.416206	0.330418	0.132354	0.610359	0.539984	
0.84734	0.579766	0.0967005	0.813349	0.834957	0.108388	0.828815	0.726017	0.742678	0.693429	0.704557	0.443955	0.535507	0.983102	0.857647	0.467266	0.205573	0.71964	0.748704	0.825994	1.249	1.12767	0.638086	0.981661	0.821955	0.37532	0.888664	0.471732	0.0376989	0.395507	
1.09655	0.701082	0.779384	0.562151	0.723634	0.701721	0.248332	0.168321	1.12614	0.68064	0.156059	0.938133	0.849747	0.521066	1.22375	0.989255	0.573694	0.0823551	1.0843	0.392868	0.932848	0.745261	0.209523	0.718187	1.08795	0.400843	0.693916	0.447046	0.801765	0.916986	
0.273681	0.329301	0.810412	0.393375	0.220945	0.796694	0.733372	0.764952	0.433492	0.265509	0.776475	0.559368	0.387761	0.582699	0.453875	0.587128	0.791392	0.966307	0.366988	0.582635	0.499177	0.513443	0.736311	0.351773	0.288695	0.876024	0.289517	0.581641	0.890333	0.59515	
0.432065	0.19758	0.336517	0.515587	0.465581	0.33614	0.701866	0.652637	0.375382	0.326516	0.645957	0.169117	0.111728	0.734313	0.488221	0.220995	0.37394	0.772272	0.356489	0.619108	0.889271	0.809814	0.577396	0.640255	0.409589	0.530468	0.539953	0.333841	0.416686	0.169567	
0.663494	0.487831	0.956225	0.213517	0.230099	0.911569	0.477109	0.563205	0.802548	0.359163	0.58589	0.829048	0.649474	0.232433	0.842031	0.87193	0.849165	0.782186	0.737048	0.329173	0.238165	0.129197	0.581883	0.0473504	0.674491	0.842439	0.146482	0.569736	1.0272	0.847707	
0.248445	0.367538	0.539641	0.676198	0.559147	0.569346	0.934406	0.904707	0.106955	0.461267	0.902005	0.193106	0.195268	0.903814	0.222894	0.184993	0.637303	1.04296	0.124221	0.82443	0.941195	0.916436	0.836975	0.740137	0.219732	0.805706	0.646295	0.59873	0.612382	0.242153	
0.682113	0.365565	0.757883	0.0685555	0.241029	0.702953	0.274663	0.331563	0.772561	0.266873	0.350747	0.70852	0.54818	0.189998	0.843008	0.757913	0.623766	0.549464	0.714481	0.121139	0.484116	0.32704	0.337259	0.230661	0.682817	0.597388	0.196654	0.341068	0.821869	0.714081	
0.697638	0.563212	1.03984	0.301579	0.296865	0.996834	0.548869	0.641819	0.848553	0.434288	0.6655	0.898204	0.716958	0.287413	0.87777	0.939124	0.936504	0.859777	0.782186	0.407166	0.150214	0.0995896	0.665293	0.123771	0.711666	0.930151	0.221674	0.657613	1.11174	0.919573	
0.740652	0.531292	0.0813283	0.807641	0.798988	0.159286	0.881238	0.79068	0.618946	0.655711	0.772614	0.321544	0.44572	0.999548	0.731777	0.336259	0.288253	0.818288	0.632693	0.852949	1.22197	1.11935	0.702401	0.961114	0.713806	0.48274	0.863403	0.498306	0.109889	0.272558	
0.88975	0.66663	0.168747	0.921708	0.929963	0.219883	0.950906	0.848641	0.764081	0.786898	0.827188	0.468936	0.59363	1.09905	0.875365	0.479378	0.328118	0.837915	0.780469	0.944151	1.34945	1.23589	0.760676	1.08451	0.86279	0.493048	0.989103	0.588214	0.100467	0.420226	
0.625897	0.556314	1.0494	0.35187	0.288167	1.01357	0.639325	0.723178	0.788326	0.431472	0.745101	0.872529	0.690712	0.389005	0.80553	0.909364	0.966109	0.942423	0.721719	0.490198	0.146258	0.207383	0.736774	0.168951	0.642975	0.98107	0.238186	0.695658	1.12452	0.899025	
0.864525	0.463738	0.535638	0.432072	0.557958	0.460412	0.291148	0.181575	0.874927	0.475194	0.160422	0.674852	0.59543	0.505005	0.977438	0.725817	0.339211	0.254814	0.837876	0.339015	0.87078	0.703324	0.0944912	0.615433	0.85255	0.226339	0.557806	0.190397	0.57092	0.653358	
1.03237	0.653585	0.832662	0.45212	0.622336	0.757822	0.110956	0.120399	1.08599	0.606398	0.137237	0.934919	0.820348	0.373907	1.17474	0.987062	0.636113	0.233932	1.03746	0.267169	0.787694	0.598315	0.2076	0.588969	1.02749	0.493977	0.579212	0.441713	0.868023	0.921406	
0.31484	0.225367	0.437634	0.549134	0.45948	0.45012	0.783195	0.748154	0.251377	0.338522	0.744626	0.148387	0.0426019	0.775924	0.363021	0.184461	0.498355	0.884134	0.231141	0.681771	0.870373	0.817391	0.678899	0.641878	0.29041	0.655288	0.542946	0.439892	0.516278	0.182844	
5.8173
4.17561
6.79701
3.93658
3.94083
6.10619
7.06866
6.21025
4.10786
3.72407
4.00429
4.1399
6.99016
7.82602
4.02684
