15	30
63.7795	103.351
68.1541	117.173
143.226	129.626
155.962	29.7983
20.9211	104.996
34.8419	44.1274
41.9345	118.115
68.261	111.035
53.3552	122.996
44.4818	81.1359
106.813	125.383
50.2721	18.4181
166.63	145.48
84.4044	136.617
151.872	88.5733
656.028
900.899
412.495
255.968
142.378
798.231
852.362
368.57
435.093
3.48113
778.363
479.365
130.118
814.576
78.2844
898.147
115.687
521.604
857.744
685.194
522.69
793.263
11.8409
384.91
425.69
867.195
523.579
318.427
232.665
503.395
0.59535	0.198702	0.315854	0.648424	0.330422	0.444993	0.573294	0.621791	0.202197	0.383943	0.439452	0.588082	0.500649	0.347197	0.431998	0.544009	0.633525	0.443733	0.0817379	0.360447	0.218878	0.569614	0.397683	0.118201	0.337366	0.229576	0.436718	0.386683	0.460042	0.24739	
0.811974	0.297308	0.564706	0.998113	0.445332	0.328847	0.91715	0.918514	0.540416	0.653631	0.689304	0.881681	0.853929	0.690257	0.387604	0.716545	0.897686	0.133235	0.431544	0.473622	0.569325	0.920333	0.453503	0.237991	0.421931	0.24273	0.205238	0.513998	0.623102	0.365227	
1.00075	0.244394	0.236909	0.764887	0.0842158	0.770044	0.663138	0.539519	0.561395	0.30351	0.840059	0.950125	0.714831	0.658814	0.79134	0.233572	1.01625	0.6306	0.459505	0.0572259	0.460231	0.805442	0.791822	0.390746	0.734942	0.573493	0.688416	0.0595149	0.149996	0.172733	
0.358382	0.4347	0.502085	0.631682	0.561843	0.419158	0.588868	0.723385	0.142857	0.543056	0.204652	0.379928	0.443247	0.246109	0.362199	0.743275	0.406925	0.54102	0.189231	0.590226	0.284423	0.478273	0.268739	0.319911	0.217259	0.274646	0.48755	0.611937	0.669385	0.483318	
0.997761	0.493334	0.233245	0.486937	0.365663	0.983632	0.388834	0.186743	0.565002	0.160224	0.840813	0.868088	0.525572	0.577679	0.97494	0.173677	0.959681	0.91726	0.530358	0.348403	0.419691	0.613166	0.931337	0.597867	0.870572	0.767215	0.946539	0.313253	0.217183	0.427608	
1.11221	0.325305	0.375853	0.902139	0.207425	0.815823	0.800044	0.661477	0.683604	0.439534	0.953998	1.07685	0.853345	0.790196	0.850171	0.321636	1.13801	0.639222	0.573919	0.1906	0.592834	0.943713	0.868204	0.467274	0.814993	0.639203	0.713339	0.197802	0.26209	0.271144	
0.132532	0.686244	0.706131	0.640797	0.799769	0.578798	0.638614	0.83829	0.324476	0.72359	0.0543917	0.164703	0.447746	0.294548	0.498962	0.944727	0.154139	0.759971	0.425458	0.825739	0.456056	0.431043	0.379484	0.575379	0.364054	0.503573	0.687088	0.84216	0.88278	0.728599	
0.238265	0.584504	0.680214	0.763934	0.7268	0.377034	0.736949	0.89372	0.315846	0.72206	0.155158	0.366251	0.56783	0.376472	0.29659	0.92085	0.344164	0.571741	0.363937	0.756609	0.460734	0.578807	0.177158	0.450411	0.166315	0.331989	0.49176	0.78135	0.844852	0.642395	
0.787101	0.702299	0.475602	0.0688205	0.66373	1.02668	0.0467071	0.26698	0.49421	0.40226	0.664877	0.59117	0.216247	0.394293	0.983362	0.585017	0.695706	1.06255	0.554213	0.6646	0.400864	0.264072	0.895935	0.726959	0.843233	0.830228	1.05049	0.646055	0.59332	0.672443	
0.796638	0.236934	0.0437874	0.537487	0.184762	0.708863	0.439432	0.388938	0.346925	0.124273	0.63439	0.717732	0.469255	0.420582	0.702936	0.282201	0.792236	0.651286	0.275766	0.194244	0.222859	0.559379	0.667691	0.323755	0.60696	0.492637	0.673831	0.191382	0.212302	0.190671	
0.932108	0.878549	0.636497	0.178473	0.823233	1.21153	0.231235	0.342209	0.677825	0.554125	0.825151	0.719367	0.375106	0.567823	1.16627	0.69932	0.823762	1.24781	0.740385	0.81977	0.586837	0.389003	1.07558	0.911108	1.0244	1.01633	1.23666	0.79617	0.727274	0.842625	
0.398685	0.395892	0.490177	0.667195	0.532453	0.375652	0.617963	0.735978	0.164502	0.53932	0.251622	0.433774	0.48328	0.28856	0.325415	0.729144	0.45718	0.487157	0.172001	0.561991	0.293392	0.5241	0.244299	0.272962	0.187241	0.220706	0.436063	0.586383	0.651155	0.449727	
0.69437	0.531671	0.32695	0.215214	0.510934	0.860554	0.129175	0.276049	0.335988	0.272143	0.552369	0.532708	0.175995	0.27075	0.822444	0.489528	0.630957	0.887582	0.382061	0.516747	0.227407	0.265348	0.742772	0.551622	0.687177	0.659232	0.877707	0.504607	0.47354	0.507845	
0.782817	0.0733566	0.196777	0.678629	0.13898	0.57835	0.585813	0.5524	0.35602	0.286159	0.623861	0.751346	0.577418	0.475397	0.586889	0.379196	0.808681	0.49256	0.243603	0.169771	0.288614	0.6613	0.57503	0.18533	0.516708	0.368612	0.524269	0.199534	0.288017	0.0605551	
0.834433	0.766523	0.533803	0.0769835	0.721894	1.09246	0.112962	0.286614	0.559187	0.456538	0.718663	0.630583	0.266877	0.453784	1.04805	0.625682	0.735533	1.12949	0.6211	0.721156	0.46785	0.298317	0.958953	0.793649	0.906996	0.896917	1.11738	0.70067	0.641592	0.734517	
5.34042
4.5855
3.88976
3.54788
6.74135
5.94346
5.40677
4.56068
5.51827
5.16277
4.08771
5.57008
3.59186
4.52913
3.93619
