10	20
150.528	96.5043
58.0863	46.1514
84.6191	129.29
136.406	80.4021
149.288	56.5633
174.071	140.873
22.0371	126.648
177.718	20.8038
123.976	78.3656
36.7712	24.9366
2.26594
31.6334
9.65336
13.0138
31.9716
2.94739
24.645
28.212
38.0337
31.2946
29.0821
44.3897
37.6579
32.5948
14.4036
27.1244
6.62952
44.1091
38.3618
45.669
0.912641	0.293235	0.634957	0.793264	0.32855	0.677092	0.490023	0.604098	0.24638	0.656066	0.869861	0.61264	0.449502	0.653825	0.897781	0.541244	0.846546	0.148081	0.177392	0.952218	
0.444087	0.585836	1.17156	0.794817	0.49403	0.667777	0.911703	0.220948	0.684886	0.71171	0.350432	0.609261	0.749249	0.268324	0.45187	0.785178	0.618729	0.724789	0.712513	0.698975	
0.806581	0.937388	0.291915	0.356686	0.871223	0.42064	0.269704	0.877505	0.956335	0.36763	0.846462	0.463189	0.37001	0.80144	0.784681	0.297562	0.582428	0.644275	0.89824	0.613159	
0.422595	1.0913	0.895639	0.311258	0.981742	0.401401	0.723426	0.778837	1.16079	0.429254	0.512365	0.46813	0.652306	0.653514	0.410167	0.57794	0.266515	0.930272	1.132	0.162911	
0.736769	0.235341	0.651975	0.664445	0.203432	0.534501	0.44519	0.432693	0.255986	0.523811	0.69179	0.462744	0.349051	0.475699	0.722561	0.440614	0.68656	0.0905423	0.208633	0.794937	
0.691015	0.650464	0.32769	0.361577	0.587578	0.311431	0.0687667	0.638002	0.670702	0.261377	0.700467	0.300667	0.0996483	0.588752	0.669825	0.100949	0.515759	0.361195	0.614368	0.593495	
0.243673	0.602881	0.993959	0.566622	0.490149	0.446327	0.733567	0.186036	0.69777	0.494393	0.157172	0.396654	0.57198	0.0970066	0.244362	0.589733	0.388459	0.633438	0.703276	0.473803	
0.57181	0.444863	0.545667	0.42734	0.364056	0.300862	0.291393	0.412061	0.487997	0.28679	0.551995	0.234855	0.14174	0.386939	0.55372	0.22035	0.471442	0.229879	0.445497	0.575281	
0.546033	0.27692	0.797233	0.612016	0.162784	0.466024	0.55033	0.201586	0.361373	0.480546	0.485951	0.386619	0.402224	0.257268	0.53569	0.471402	0.556994	0.307755	0.356294	0.667037	
0.727166	0.0982813	0.823748	0.761232	0.0395796	0.619276	0.606832	0.347648	0.179703	0.622929	0.6636	0.540811	0.488931	0.432003	0.717325	0.574321	0.732642	0.261891	0.184676	0.843113	
8.57392
11.4083
11.395
8.31559
8.38486
7.89691
15.2114
8.37472
8.28152
12.0822
