10	15
41.7898	81.4277
23.0311	149.69
104.41	67.9418
76.6558	80.8851
88.048	97.9197
52.6578	36.4469
114.619	51.2406
94.2408	100.246
174.043	14.6646
26.3275	66.0071
326.87
216.699
47.0989
52.5809
185.685
190.48
243.437
50.2725
104.37
206.694
167.052
298.41
109.787
258.304
30.4908
0.373443	0.415877	0.242466	0.555313	0.783974	0.167381	0.445793	0.622562	0.573247	0.542596	0.2152	0.758559	0.87452	0.213157	0.562033	
0.524528	0.280874	0.380294	0.469084	0.809388	0.31466	0.50826	0.677645	0.553923	0.553577	0.063703	0.821616	0.900959	0.363821	0.711917	
0.126099	0.891842	0.313827	0.958079	0.902876	0.334459	0.57435	0.695374	0.851922	0.762807	0.705542	0.763646	0.972839	0.281977	0.121425	
0.699432	0.285951	0.510867	0.141358	0.482983	0.590315	0.350798	0.441193	0.180273	0.242902	0.391413	0.579185	0.568506	0.569844	0.837988	
0.951115	0.846415	0.80982	0.612994	0.139144	0.974755	0.494131	0.346413	0.383264	0.368246	0.931632	0.31889	0.0881895	0.903863	0.986729	
0.945805	0.768701	0.791743	0.527114	0.163059	0.946738	0.478587	0.357197	0.31386	0.323597	0.86991	0.367874	0.163914	0.882985	0.999796	
0.339572	0.483557	0.152621	0.497604	0.557566	0.286784	0.205782	0.382349	0.406769	0.341075	0.380304	0.515541	0.64574	0.229299	0.481022	
0.684785	0.913592	0.604625	0.762644	0.283512	0.790055	0.357837	0.208026	0.508225	0.409287	0.901767	0.0807495	0.297716	0.698247	0.662217	
0.854081	0.676939	0.694607	0.44639	0.139593	0.845785	0.385151	0.286666	0.215012	0.220837	0.768618	0.33546	0.194927	0.784452	0.919244	
0.473555	0.341663	0.285538	0.359793	0.555449	0.361398	0.259702	0.422613	0.329277	0.304027	0.285815	0.567907	0.647015	0.338098	0.626479	
6.46496
6.3994
4.78502
5.1186
4.6998
5.06763
4.01384
4.63134
3.96326
6.43716
