10	15
91.112	127.444
129.256	116.991
85.4344	35.4329
40.5077	135.476
88.6235	116.411
1.11056	123.047
110.962	82.0873
110.014	85.7536
36.2162	154.044
17.4089	159.334
44.2201
62.3982
56.5292
62.9879
60.4706
25.9901
70.3036
63.4077
43.3699
21.0028
88.0059
6.07994
86.5329
26.5547
39.4943
0.530357	0.480076	0.816106	0.406246	0.68234	0.404015	0.193384	0.917967	0.121257	0.330154	0.198569	0.884351	0.27813	0.57297	0.48306	
0.391697	0.322562	0.59042	0.427894	0.442187	0.3279	0.437601	0.662736	0.276535	0.328893	0.451602	0.669881	0.159326	0.481252	0.227935	
0.751459	0.383965	0.599181	0.946129	0.13636	0.797768	0.999834	0.313651	0.767735	0.855736	0.982191	0.692042	0.5423	0.873197	0.383171	
0.439729	0.539619	0.755502	0.292991	0.698108	0.303436	0.200472	0.901086	0.232359	0.219806	0.265413	0.815372	0.33727	0.469107	0.474087	
0.168102	0.528542	0.461327	0.268933	0.543398	0.120988	0.493418	0.660184	0.451972	0.187711	0.559234	0.518498	0.38713	0.254298	0.297261	
0.584678	0.215241	0.751304	0.587612	0.462475	0.512219	0.454972	0.745118	0.197545	0.491184	0.414599	0.838036	0.0437075	0.671667	0.336737	
0.535222	0.707093	0.886292	0.296238	0.872975	0.387115	0.122627	1.06542	0.345712	0.278283	0.24585	0.934335	0.503418	0.525626	0.645051	
0.663649	0.288751	0.561709	0.842618	0.045361	0.69797	0.887676	0.345389	0.658367	0.750366	0.87175	0.658363	0.432651	0.784939	0.280509	
0.659893	0.0854693	0.758977	0.706583	0.377715	0.612094	0.59247	0.684626	0.327362	0.608121	0.543571	0.852168	0.139618	0.759953	0.332922	
0.251389	0.772173	0.167776	0.531137	0.618696	0.399385	0.869241	0.528736	0.827665	0.509336	0.943089	0.159366	0.708309	0.308386	0.463513	
3.3173
2.69104
3.49074
3.99735
3.16461
5.93332
3.34549
3.36145
4.15967
4.85715
