10	15
163.559	98.1442
5.07136	21.3473
17.3052	55.7856
158.063	14.0077
17.8983	120.65
172.343	125.317
91.3421	105.243
5.71262	128.966
59.7738	145.863
131.679	100.814
448.416
148.591
315.979
255.458
128.191
584.931
253.929
145.515
449.965
195.084
399.206
207.427
357.114
581.164
109.717
0.237203	0.207025	0.543118	0.616854	0.676811	0.340225	0.771649	0.273644	0.37246	0.421002	0.635902	0.745204	0.122032	0.137664	0.135686	
0.445623	0.434713	0.429165	0.371153	0.400752	0.481048	0.513449	0.170683	0.368544	0.300668	0.523442	0.578542	0.404877	0.221039	0.164344	
0.601203	0.590182	0.502486	0.339243	0.308178	0.63112	0.44771	0.304136	0.388355	0.391309	0.587508	0.602132	0.546247	0.335894	0.297187	
0.809898	0.813191	0.470984	0.171559	0.0301175	0.787456	0.142468	0.475135	0.718342	0.439515	0.511242	0.435027	0.828528	0.647519	0.59399	
0.591423	0.58119	0.487084	0.327191	0.30178	0.619051	0.439012	0.290763	0.396845	0.376011	0.572216	0.587916	0.5418	0.334606	0.293258	
0.116569	0.0985278	0.471635	0.607358	0.693767	0.210347	0.765904	0.252344	0.500704	0.36634	0.557533	0.684682	0.172438	0.259674	0.233756	
0.304531	0.265407	0.691508	0.764105	0.814059	0.431983	0.916853	0.425249	0.364416	0.571758	0.782747	0.896086	0.0752938	0.208917	0.250263	
0.610012	0.647271	0.344126	0.626577	0.777384	0.479759	0.715342	0.580811	1.08278	0.450129	0.284518	0.398798	0.821061	0.850974	0.790872	
0.205054	0.2306	0.290039	0.498983	0.618292	0.140542	0.652953	0.205296	0.648184	0.220045	0.36591	0.506626	0.375196	0.407033	0.354169	
0.878366	0.883521	0.50802	0.213934	0.10805	0.848601	0.111561	0.545382	0.796395	0.494385	0.535025	0.436796	0.905571	0.727262	0.673087	
3.292
6.99591
5.92431
3.26563
6.10897
3.5182
4.42016
6.95759
4.9172
3.66532
