10	15
154.112	127.217
84.6751	85.2564
86.6757	126.887
67.4844	90.861
146.569	28.1193
119.891	23.7096
136.472	62.7893
130.09	13.5792
11.2838	138.034
16.1136	64.0115
883.756
403.451
686.768
555.14
815.424
762.033
133.476
62.2202
94.3036
779.612
589.763
172.679
440.539
891.444
334.045
0.397537	0.532942	0.635991	0.644045	0.26723	0.51275	0.64476	0.405035	0.293098	0.260715	0.377702	0.52672	0.278695	0.847622	0.502884	
0.153828	0.502951	0.390481	0.522568	0.374065	0.255625	0.565457	0.575788	0.546717	0.410669	0.637131	0.59581	0.180627	0.706515	0.41596	
0.941535	0.375789	0.898664	0.562623	0.447242	0.882654	0.461948	0.339174	0.601031	0.446302	0.648788	0.20334	0.625026	0.67806	0.497993	
0.534832	0.271483	0.297596	0.0869308	0.484121	0.358926	0.189675	0.64531	0.796839	0.54586	0.892067	0.478794	0.354686	0.22915	0.17364	
0.619705	0.544432	0.809068	0.712856	0.250441	0.704006	0.679232	0.244961	0.0744661	0.195768	0.171312	0.449517	0.418523	0.914731	0.566272	
0.430216	0.477046	0.0909387	0.313288	0.609663	0.218678	0.415856	0.801775	0.898079	0.670822	0.995321	0.675958	0.406774	0.379425	0.358063	
0.399504	0.340412	0.520898	0.455198	0.127729	0.427517	0.450678	0.331567	0.365131	0.167965	0.462352	0.368343	0.128875	0.659922	0.311111	
0.173865	0.51097	0.423476	0.542604	0.361865	0.288857	0.580566	0.559505	0.518881	0.394424	0.608179	0.592436	0.186773	0.730055	0.430115	
0.223881	0.555124	0.50418	0.608551	0.362965	0.367846	0.637678	0.545005	0.467985	0.383365	0.552299	0.61071	0.237153	0.801012	0.486909	
0.436151	0.195066	0.347312	0.199823	0.301766	0.327567	0.230206	0.482504	0.610142	0.364088	0.706212	0.366327	0.177869	0.401439	0.0828982	
4.193
4.90384
4.405
5.52174
4.02815
4.5515
3.73131
4.35463
6.98477
6.78762
