10	20
123.204	70.7659
179.627	89.488
69.1868	129.533
37.3829	69.0343
9.33269	94.0003
164.701	93.5311
24.845	77.1428
98.8852	18.6953
55.959	150.266
1.92689	20.782
39.1736
5.36472
28.0855
12.908
24.1023
31.3644
10.0686
9.64823
20.9894
25.2577
6.18072
24.77
28.1536
2.33454
10.9099
27.4966
29.8179
11.8504
36.1079
22.0355
0.670031	0.57804	0.424988	0.310989	0.641104	0.680384	0.66521	0.701303	0.432449	0.603772	0.346793	0.282836	0.198298	0.742371	0.603677	0.554286	0.513394	0.60482	0.471485	0.287228	
0.864335	0.239098	0.385112	0.614716	0.442589	0.438685	0.349731	0.581573	0.312293	0.295254	0.373985	0.486229	0.761636	0.481009	0.220571	0.411562	0.313986	0.297706	0.361196	0.823483	
0.801305	0.66442	0.494947	0.31041	0.794405	0.72214	0.725439	0.854526	0.573931	0.751103	0.486568	0.434778	0.11793	0.778288	0.691665	0.602055	0.589386	0.752317	0.540438	0.175893	
0.471128	0.582688	0.622122	0.772773	0.029204	0.808293	0.72798	0.149352	0.29989	0.147113	0.371839	0.384518	0.821951	0.865206	0.581858	0.728895	0.612803	0.144332	0.631517	0.908934	
0.962087	0.56577	0.39138	0.158365	0.8597	0.561618	0.586292	0.947602	0.593919	0.779939	0.511044	0.509656	0.104268	0.609174	0.593341	0.456365	0.482311	0.781802	0.428999	0.0699016	
0.502632	0.511861	0.413714	0.426156	0.418457	0.679459	0.636071	0.4789	0.253204	0.397858	0.187376	0.0761194	0.40109	0.745347	0.531598	0.557614	0.475115	0.39843	0.452675	0.492038	
0.515281	0.493466	0.531823	0.688676	0.0885012	0.718764	0.639449	0.228013	0.213156	0.0634795	0.29049	0.321702	0.749315	0.776405	0.493658	0.63805	0.522003	0.0609553	0.540669	0.834362	
0.825622	0.407757	0.235344	0.102805	0.672783	0.46864	0.465843	0.768768	0.401395	0.587255	0.320216	0.335813	0.177299	0.528183	0.435351	0.345176	0.330185	0.589168	0.280349	0.24005	
1.18217	0.251231	0.371515	0.55808	0.805844	0.154724	0.131396	0.945563	0.582631	0.65585	0.591534	0.705674	0.755964	0.141781	0.237844	0.255021	0.288117	0.65859	0.325138	0.778161	
0.413561	0.588957	0.501705	0.514503	0.394287	0.765681	0.718534	0.429233	0.297969	0.407434	0.251993	0.133773	0.471392	0.831598	0.606869	0.645359	0.558438	0.407382	0.539194	0.562394	
7.83685
6.72846
9.09355
9.18352
12.0433
6.25856
10.3537
7.82414
9.2597
12.5692
