15	30
168.774	67.0105
23.4701	88.9644
20.0119	122.633
10.6747	144.476
103.566	74.1346
39.412	118.386
126.591	134.148
18.6549	64.5115
62.7021	91.1254
28.4017	89.4393
79.8071	16.5834
78.7802	15.8422
120.558	14.5406
79.9695	98.7596
150.355	124.843
50.6687
155.815
148.673
101.643
181.681
224.712
153.878
30.9369
59.0098
41.3838
129.303
261.222
164.261
66.6424
184.872
265.355
262.507
50.1853
17.3093
139.604
165.901
154.197
238.131
76.7852
180.455
53.7921
176.293
132.137
82.5786
268.056
0.642511	0.403735	0.670996	0.667605	0.335321	0.340026	0.63019	0.471256	0.445553	0.165976	0.591099	0.379517	0.259711	0.472278	0.147042	0.361927	0.137909	0.394595	0.646396	0.230196	0.266618	0.61045	0.556105	0.409858	0.524723	0.366562	0.364705	0.206198	0.0998386	0.446352	
0.667627	0.477152	0.743262	0.741005	0.38509	0.39712	0.705988	0.546972	0.519987	0.228045	0.644208	0.366261	0.230815	0.475956	0.165652	0.43929	0.200678	0.317609	0.717056	0.152458	0.317245	0.676518	0.607114	0.459142	0.602816	0.394121	0.442125	0.134089	0.0932701	0.481049	
0.617507	0.176606	0.404539	0.130233	0.544012	0.341469	0.0653563	0.273494	0.306083	0.433434	0.362406	0.820788	0.686883	0.828528	0.55273	0.268071	0.508546	0.943609	0.160387	0.794439	0.410195	0.215571	0.608471	0.375736	0.134752	0.50688	0.205658	0.749984	0.599494	0.476358	
1.04946	0.546713	0.202396	0.653325	0.288625	0.679552	0.572964	0.266981	0.248069	0.610315	0.846463	0.558029	0.849611	0.478658	0.706062	0.350641	0.462843	0.957834	0.692063	0.779828	0.683349	0.735468	0.123961	0.759503	0.396948	0.82763	0.453808	0.794365	0.694242	0.855224	
1.27007	0.829009	0.595864	1.00449	0.37622	0.903719	0.92797	0.603809	0.56921	0.76915	1.12489	0.386988	0.922189	0.250754	0.81392	0.62869	0.556307	0.89775	1.02966	0.742734	0.871168	1.05195	0.278865	0.989456	0.746115	1.00686	0.731868	0.79784	0.767071	1.06482	
1.00209	0.500528	0.195213	0.615973	0.256592	0.631923	0.536114	0.223523	0.202212	0.563625	0.80103	0.539683	0.805344	0.470608	0.660884	0.30326	0.42151	0.921631	0.65232	0.743443	0.635793	0.692978	0.133279	0.712033	0.357567	0.780029	0.406963	0.754724	0.650991	0.807577	
0.137141	0.377097	0.858192	0.484914	0.762249	0.23747	0.519167	0.659484	0.667638	0.379223	0.179217	0.905413	0.42471	0.983486	0.397251	0.561737	0.594078	0.73239	0.421264	0.665496	0.27149	0.332875	0.935474	0.153465	0.582244	0.171899	0.460677	0.582728	0.47135	0.0816592	
0.522977	0.201452	0.566809	0.464998	0.372338	0.161609	0.433453	0.351614	0.34096	0.0665741	0.408164	0.541595	0.336145	0.601579	0.189458	0.232504	0.211538	0.572034	0.441707	0.425818	0.127717	0.407403	0.559086	0.24552	0.357331	0.271555	0.185354	0.378309	0.228059	0.317976	
0.905559	0.395058	0.129317	0.485716	0.305628	0.544837	0.405493	0.11008	0.108719	0.509323	0.688695	0.610399	0.769365	0.564605	0.620136	0.219371	0.416022	0.927941	0.524537	0.751708	0.563678	0.570324	0.260296	0.619301	0.229519	0.704338	0.309626	0.747551	0.625067	0.719423	
0.772075	0.512968	0.695788	0.773625	0.300337	0.469739	0.72782	0.518414	0.485781	0.295503	0.721483	0.252276	0.347424	0.358936	0.27038	0.426094	0.161832	0.370529	0.75922	0.192686	0.398715	0.730906	0.517902	0.541772	0.599762	0.496282	0.456982	0.223207	0.204815	0.578139	
0.952029	0.674372	0.761737	0.927594	0.33687	0.648841	0.873856	0.620307	0.58275	0.475354	0.90065	0.0977328	0.503414	0.23315	0.449125	0.551598	0.302822	0.416375	0.920327	0.273312	0.580017	0.899952	0.513177	0.722767	0.72626	0.67675	0.605588	0.345379	0.379381	0.759753	
1.14073	0.714895	0.550696	0.908582	0.253028	0.777727	0.835154	0.514709	0.477155	0.637905	1.00541	0.276254	0.78833	0.150974	0.679846	0.520614	0.423663	0.776533	0.927795	0.615915	0.741329	0.942727	0.22952	0.863245	0.655285	0.875199	0.619476	0.667262	0.632862	0.935494	
0.435781	0.550071	0.964034	0.774549	0.686886	0.384499	0.773742	0.749348	0.736067	0.334859	0.543965	0.689077	0.0987614	0.804795	0.227662	0.63	0.486013	0.357805	0.725768	0.349798	0.314429	0.652917	0.904556	0.382666	0.745428	0.244521	0.575199	0.26316	0.254656	0.327366	
0.594414	0.511522	0.839915	0.768995	0.504802	0.391331	0.746087	0.634355	0.611949	0.252607	0.61902	0.476495	0.115146	0.593794	0.138248	0.519455	0.31153	0.260098	0.735101	0.158934	0.30578	0.681223	0.726741	0.433547	0.668862	0.335463	0.499148	0.0767585	0.0904913	0.428482	
1.01328	0.503998	0.126883	0.587734	0.323879	0.649139	0.507023	0.218907	0.209998	0.598964	0.798618	0.611729	0.850179	0.542622	0.703076	0.319833	0.475722	0.982085	0.630028	0.80401	0.662136	0.678886	0.196926	0.725623	0.336303	0.80477	0.416183	0.810435	0.699363	0.824509	
3.48023
5.53475
5.92253
6.60373
3.76706
5.80683
3.40547
6.24041
4.57362
5.8591
4.8212
4.83319
4.17671
4.53121
3.46039
