15	30
42.7163	120.194
104.437	127.13
99.3132	12.5981
20.146	73.8737
165.519	82.6579
118.426	137.688
30.0776	10.346
131.423	67.1401
72.9844	37.7311
141.433	41.5655
4.6654	75.4404
78.272	40.3356
20.6815	119.366
29.5708	156.308
102.099	120.395
727.285
546.594
474.611
451.751
658.716
227.7
520.658
247.934
188.63
673.543
234.735
340.458
338.147
356.545
376.573
197.041
739.696
301.624
781.962
610.201
120.511
170.448
600.442
634.196
638.575
153.047
272.648
136.948
10.6291
495.852
0.0251463	0.132218	0.600743	0.824024	0.0374741	0.166733	0.457615	0.721037	0.476641	0.161225	0.334386	0.822522	0.339423	0.297023	0.424831	0.967815	0.169787	0.14428	0.320295	0.760399	0.413138	0.181264	0.765651	0.129456	0.513456	0.767941	0.542123	0.605974	0.359918	0.736286	
0.532059	0.568011	0.0891335	0.291436	0.496194	0.688779	0.185376	0.246088	0.168311	0.523878	0.523034	0.293113	0.45294	0.2385	0.442829	0.485024	0.599843	0.565719	0.546443	0.239619	0.244077	0.609981	0.47217	0.597919	0.628354	0.537073	0.564208	0.467111	0.207038	0.260185	
0.401694	0.506309	0.272743	0.492318	0.38064	0.531706	0.0823291	0.334721	0.360473	0.332052	0.272396	0.526567	0.199677	0.234488	0.554296	0.743955	0.408236	0.51069	0.300231	0.406912	0.383261	0.415171	0.36056	0.423887	0.727855	0.383868	0.307171	0.252156	0.110111	0.523614	
0.220585	0.144958	0.523871	0.725256	0.184717	0.357083	0.439771	0.669164	0.330557	0.329365	0.473509	0.704661	0.449715	0.220232	0.223655	0.811564	0.363827	0.137447	0.470535	0.680124	0.249128	0.376041	0.79146	0.328511	0.334099	0.816497	0.65498	0.671805	0.337607	0.589436	
0.539935	0.5776	0.078371	0.282719	0.504349	0.696246	0.184344	0.235402	0.178436	0.529626	0.525444	0.286686	0.454942	0.247401	0.453458	0.48273	0.605838	0.575424	0.549287	0.229409	0.254771	0.615868	0.463992	0.604591	0.638944	0.529856	0.562457	0.462659	0.211456	0.259957	
0.717759	0.83413	0.383957	0.482354	0.702369	0.826503	0.328882	0.285595	0.607698	0.62064	0.486663	0.558178	0.431698	0.550311	0.854509	0.808169	0.68743	0.839074	0.518841	0.393355	0.662747	0.690584	0.031451	0.715576	1.0365	0.0975411	0.341989	0.177265	0.424902	0.648096	
0.908893	0.898729	0.403431	0.264218	0.869204	1.06882	0.587885	0.451711	0.428912	0.925926	0.934753	0.180421	0.864108	0.61409	0.631189	0.0747285	0.999174	0.891837	0.958392	0.344843	0.50529	1.01015	0.747694	0.990439	0.775068	0.834762	0.953951	0.826519	0.617671	0.167707	
0.615509	0.703612	0.178834	0.324194	0.590557	0.750498	0.170866	0.131102	0.407534	0.551137	0.469615	0.384867	0.399126	0.386385	0.667195	0.630135	0.626928	0.705773	0.500692	0.23018	0.470287	0.633504	0.228394	0.643083	0.852114	0.298575	0.414711	0.271527	0.274061	0.449521	
0.224832	0.344519	0.762988	0.991659	0.26462	0.117136	0.586949	0.852595	0.693918	0.191212	0.299262	1.00611	0.352353	0.497598	0.666674	1.17861	0.11385	0.358497	0.268447	0.915065	0.641992	0.10473	0.812545	0.122834	0.741645	0.787087	0.498375	0.620549	0.511926	0.944584	
0.0952439	0.165241	0.691966	0.916602	0.130841	0.0783114	0.541443	0.807584	0.570477	0.189253	0.362482	0.916552	0.385035	0.391182	0.498001	1.06174	0.155063	0.179201	0.341107	0.851101	0.504793	0.162185	0.831919	0.108836	0.562307	0.826064	0.575827	0.660533	0.44724	0.830564	
0.143929	0.032598	0.665554	0.879662	0.141614	0.208925	0.544913	0.798733	0.499657	0.279941	0.454104	0.867021	0.457756	0.35225	0.376478	0.985282	0.275038	0.0453335	0.43939	0.825262	0.422073	0.284854	0.871148	0.229293	0.42616	0.879088	0.661584	0.719717	0.44243	0.760686	
0.697377	0.762312	0.12992	0.188002	0.667184	0.84337	0.256091	0.0292711	0.383612	0.653061	0.59314	0.254015	0.520965	0.430194	0.661262	0.503034	0.730463	0.762117	0.623012	0.0938972	0.462946	0.738352	0.320189	0.740549	0.846416	0.404766	0.551249	0.405809	0.344947	0.346876	
0.349469	0.413335	0.247483	0.474183	0.316941	0.502316	0.128413	0.370353	0.227018	0.332776	0.350181	0.483859	0.286178	0.0949597	0.408353	0.66803	0.408717	0.414344	0.369314	0.406393	0.237394	0.418837	0.485564	0.407901	0.584989	0.521832	0.442755	0.399064	0.0376779	0.436027	
0.157942	0.315209	0.581213	0.809659	0.176715	0.212512	0.403037	0.668662	0.536857	0.0236819	0.158818	0.827486	0.186494	0.336609	0.568473	1.0105	0.0740552	0.327123	0.139632	0.731725	0.498762	0.0801787	0.64527	0.102559	0.683438	0.630661	0.372016	0.46362	0.331431	0.776847	
0.442166	0.416567	0.314614	0.475792	0.401252	0.599704	0.334775	0.471944	0.0660716	0.492983	0.566136	0.44203	0.510797	0.183434	0.216875	0.540765	0.556068	0.409754	0.578777	0.450249	0.0239228	0.568167	0.678973	0.536655	0.402242	0.731787	0.679551	0.628043	0.274433	0.317115	
4.62377
3.78706
4.06433
5.17013
3.0876
3.42891
5.22127
3.25688
4.51229
3.41564
6.56307
4.14105
5.78594
4.75668
3.99807
