15	30
23.303	56.497
137.474	117.909
127.694	152.487
131.899	30.5105
9.45635	120.264
144.724	38.9437
81.2951	50.4587
47.839	115.691
119.551	104.215
110.309	98.6857
135.202	82.6507
36.4618	109.15
179.175	74.3664
163.778	87.1426
149.191	21.0377
183.532
340.58
889.099
182.638
559.906
31.7974
42.1891
331.666
713.952
443.694
457.271
892.128
947.383
622.131
999.744
64.0357
44.3071
212.045
105.423
163.137
901.082
708.482
169.164
231.056
558.392
937.011
304.79
508.372
10.118
44.9627
0.60454	0.240009	0.795889	0.939284	0.589915	0.792687	0.755902	0.499316	0.75893	0.324914	0.780857	0.529657	0.309572	0.958188	0.828018	0.478829	0.849754	1.0942	1.04089	0.302929	0.783095	0.61693	0.720969	0.684732	0.472622	0.246359	0.742474	0.166569	0.0463034	0.247095	
0.117577	0.487705	0.304	0.540171	0.12382	0.642733	0.154821	0.414031	0.134844	0.420696	0.137213	0.191158	0.430604	0.268045	0.290852	0.225473	0.434663	0.417742	0.358	0.546617	0.235114	0.241891	0.416592	0.0828619	0.669399	0.483319	0.545967	0.542766	0.678414	0.465049	
0.45449	0.830815	0.381363	0.526121	0.486125	0.755678	0.397308	0.67647	0.377676	0.783357	0.353987	0.530173	0.766657	0.217962	0.464806	0.584388	0.470588	0.0960336	0.0600324	0.906554	0.336322	0.487915	0.552188	0.412411	0.926528	0.825574	0.674087	0.901516	1.02954	0.825526	
0.441935	0.732717	0.178018	0.184901	0.530554	0.441552	0.563778	0.493001	0.539696	0.781336	0.526239	0.488514	0.663214	0.497412	0.68354	0.572111	0.163564	0.28076	0.283532	0.920775	0.215078	0.359812	0.29135	0.516895	0.697642	0.726259	0.378375	0.843931	0.932797	0.784814	
0.567712	0.260901	0.642041	0.713111	0.608762	0.507924	0.79496	0.314018	0.787928	0.480448	0.803224	0.49569	0.278713	0.952417	0.905867	0.498565	0.64791	0.992062	0.950446	0.546432	0.659012	0.497537	0.511767	0.704588	0.154696	0.260016	0.483619	0.354764	0.28259	0.391447	
0.390004	0.764453	0.427743	0.622487	0.387851	0.813296	0.255098	0.662827	0.240136	0.678235	0.2153	0.466246	0.706887	0.05323	0.302408	0.499453	0.544213	0.258875	0.20674	0.789696	0.36316	0.47307	0.591367	0.297208	0.920689	0.760078	0.722585	0.813583	0.953438	0.734167	
0.419522	0.76219	0.543005	0.75799	0.376714	0.919886	0.195553	0.718118	0.196439	0.632633	0.178819	0.486808	0.714482	0.108539	0.16757	0.49223	0.669297	0.419229	0.367586	0.723496	0.472218	0.540271	0.692325	0.278545	0.973385	0.758963	0.825136	0.78432	0.933803	0.70382	
0.516222	0.571958	0.336924	0.243292	0.615258	0.0491451	0.749566	0.306052	0.729729	0.727283	0.729541	0.501555	0.516769	0.791169	0.885671	0.576464	0.241649	0.668557	0.653921	0.856055	0.402198	0.364446	0.179399	0.66534	0.36461	0.565699	0.0509389	0.707895	0.731904	0.683212	
0.612148	0.262517	0.816728	0.968991	0.589284	0.831824	0.748602	0.530051	0.753172	0.31083	0.775798	0.539078	0.331464	0.955264	0.81353	0.481771	0.876719	1.10457	1.04994	0.26949	0.799899	0.636103	0.75036	0.681739	0.518344	0.269106	0.778291	0.164131	0.091311	0.242856	
0.422107	0.777179	0.263016	0.377327	0.483084	0.617214	0.451616	0.58415	0.428428	0.770337	0.4089	0.4898	0.709218	0.329026	0.549871	0.560057	0.330259	0.0989859	0.0900899	0.903385	0.240092	0.407988	0.428027	0.43471	0.821594	0.771308	0.541201	0.866637	0.979988	0.796402	
0.439313	0.583359	0.215948	0.137896	0.541385	0.177481	0.653728	0.310852	0.632284	0.703378	0.628926	0.442944	0.519654	0.67271	0.788912	0.525773	0.109936	0.536869	0.523161	0.839479	0.285924	0.293313	0.101513	0.576117	0.451534	0.57676	0.11004	0.714002	0.764775	0.675292	
0.216412	0.468378	0.0876064	0.292469	0.318067	0.375528	0.426205	0.249468	0.405347	0.526038	0.403667	0.238706	0.398804	0.472187	0.561954	0.324966	0.182595	0.430069	0.393057	0.665968	0.0991823	0.0956785	0.147462	0.347364	0.4917	0.46198	0.279831	0.579046	0.669669	0.521853	
0.23335	0.150525	0.448941	0.635407	0.236438	0.582833	0.419883	0.247357	0.416438	0.178888	0.43489	0.158228	0.105178	0.601691	0.523494	0.120629	0.531646	0.723463	0.669566	0.313411	0.422854	0.267828	0.425441	0.334963	0.4255	0.146743	0.500987	0.22126	0.342027	0.158369	
0.100115	0.424705	0.356658	0.591304	0.0423196	0.6613	0.157462	0.395667	0.147827	0.339228	0.163049	0.148941	0.373463	0.328505	0.284692	0.155056	0.482657	0.500964	0.441138	0.463547	0.293916	0.251212	0.442245	0.0645537	0.642181	0.420952	0.564942	0.467657	0.608207	0.388579	
0.398929	0.572298	0.65673	0.892794	0.298121	0.957511	0.234084	0.660164	0.257162	0.374925	0.277296	0.416345	0.553049	0.423398	0.183825	0.358962	0.785157	0.708373	0.647899	0.417111	0.589786	0.549772	0.744042	0.272445	0.876042	0.571931	0.862365	0.537536	0.69135	0.465282	
7.89504
5.15321
4.93785
5.02277
7.82492
5.00172
6.17249
7.13562
4.90753
5.57484
4.99501
7.51186
4.32042
4.81906
4.45622
