10	15
18.6062	66.1063
101.119	64.1197
137.453	60.487
6.6103	138.203
157.45	126.569
71.6416	58.0294
165.073	152.26
109.754	156.435
58.7226	123.878
84.0612	45.5472
9.76396
2.4092
46.2098
38.0341
32.6984
81.5499
47.8942
47.2978
55.3101
4.33802
38.2698
19.2232
53.9163
4.59309
14.3092
0.781148	0.561107	0.373248	0.723423	0.701933	0.885077	0.811558	0.323869	0.872121	0.696027	0.738878	0.920508	0.430137	0.274226	0.940015	
0.78247	0.384996	0.394925	0.570353	0.726404	0.766123	0.657472	0.141736	0.682379	0.533174	0.704184	0.733552	0.268154	0.0940954	0.8598	
0.389001	0.364519	0.341477	0.276056	0.413991	0.280669	0.330725	0.442052	0.766557	0.31496	0.2448	0.638277	0.326047	0.562399	0.327702	
0.736769	0.170311	0.604053	0.0903205	0.7629	0.344272	0.135135	0.40903	0.434079	0.0355446	0.586446	0.289316	0.286875	0.518888	0.542591	
0.847099	0.422914	0.455641	0.61921	0.788992	0.824062	0.705174	0.1838	0.682507	0.577769	0.769962	0.754918	0.318209	0.0841482	0.923381	
0.0862166	0.818178	0.439494	0.739754	0.105361	0.623389	0.777458	0.805503	1.23264	0.783765	0.240649	1.10478	0.736884	0.897247	0.464387	
0.706002	0.434439	0.305251	0.591816	0.640744	0.758126	0.67995	0.206556	0.771593	0.565105	0.643413	0.800155	0.300338	0.199627	0.825456	
0.632396	0.347596	0.256572	0.487051	0.580344	0.648505	0.57498	0.158642	0.719976	0.46483	0.553932	0.720599	0.207935	0.219135	0.721076	
0.787349	0.266446	0.693628	0.136911	0.825218	0.33083	0.106261	0.508183	0.433446	0.126438	0.633492	0.239558	0.387839	0.615001	0.5452	
0.337641	0.466248	0.422202	0.328679	0.394842	0.220881	0.355373	0.5636	0.846648	0.382701	0.182848	0.691233	0.444581	0.684283	0.207586	
12.1906
8.49603
7.68258
13.6928
7.47351
10.9383
7.4237
8.40238
11.3376
10.4156
