10	20
44.7398	57.1362
78.7107	69.7189
65.5045	137.271
91.8175	31.7793
151.322	94.4377
85.5396	32.2072
67.8515	40.6353
92.173	23.3684
104.978	46.9385
169.493	26.5534
26.5553
26.5286
26.7349
0.710516
34.3708
27.6233
12.6767
12.5354
5.26417
24.7072
16.9276
18.7959
19.2999
27.9258
12.1822
12.3829
5.58569
34.4098
13.9781
14.1692
0.131718	0.754903	0.701102	0.472776	0.203921	0.298504	0.408991	0.734656	0.805939	0.298778	0.422331	0.316725	0.696867	0.449924	0.681823	0.67361	0.195177	0.38806	0.444055	0.785285	
0.716335	0.869554	0.413048	0.190873	0.794503	0.88831	0.24442	0.971895	0.442589	0.305224	0.937578	0.826269	0.458644	0.286116	0.824437	0.814906	0.649491	0.847683	0.838309	0.941194	
0.566011	0.946181	0.582105	0.284237	0.643878	0.732848	0.0605053	1.0121	0.637135	0.248762	0.865399	0.752507	0.616201	0.0656401	0.888548	0.878772	0.581589	0.796494	0.812483	1.008	
0.836602	0.251329	0.292635	0.503654	0.882697	0.959362	0.750565	0.419546	0.365811	0.582227	0.723881	0.664838	0.23617	0.830406	0.250349	0.245045	0.577774	0.608176	0.527048	0.331686	
0.516492	0.34015	0.457972	0.442029	0.553838	0.625721	0.599123	0.363064	0.569889	0.403433	0.408186	0.333189	0.422714	0.675092	0.268781	0.259924	0.247097	0.291871	0.235134	0.380797	
0.197004	0.889953	0.979971	0.780176	0.120172	0.0605458	0.706003	0.805023	1.09011	0.609281	0.334729	0.304339	0.96582	0.732388	0.817746	0.81207	0.361168	0.39362	0.487784	0.893206	
0.350318	0.7599	0.542562	0.265209	0.428077	0.522304	0.194728	0.794665	0.633835	0.0871256	0.610641	0.497675	0.554265	0.256697	0.693969	0.684458	0.32729	0.543002	0.565275	0.810777	
0.375209	0.92298	0.672885	0.371926	0.451124	0.536713	0.15573	0.952459	0.751937	0.227839	0.717849	0.60846	0.692783	0.161547	0.856592	0.847125	0.454492	0.668479	0.70484	0.972858	
0.108987	0.916352	0.841897	0.5839	0.166547	0.241414	0.446241	0.886781	0.941538	0.40398	0.516644	0.428204	0.84336	0.459558	0.842964	0.834937	0.34863	0.512761	0.58325	0.943942	
0.285886	0.807558	0.621705	0.344991	0.364475	0.457043	0.227611	0.826447	0.714067	0.167565	0.59137	0.480511	0.631689	0.269812	0.738957	0.7297	0.323014	0.53766	0.573236	0.853124	
6.56697
5.27234
5.60296
4.57544
3.99241
4.90151
5.81826
5.13359
4.5349
3.66443
