15	30
87.1297	126.761
118.996	158.539
122.158	62.9971
83.9143	147.708
169.841	111.376
40.4912	158.864
147.473	146.989
108.248	117.46
8.60509	104.304
140.935	94.5746
131.422	42.7604
171.423	60.2565
117.088	54.0196
21.6047	115.112
161.954	140.341
94.3278
88.5932
58.8599
253.118
517.274
76.6434
340.762
350.241
8.13168
169.744
380.573
533.258
146.774
338.95
367.1
387.724
525.571
426.73
257.876
32.5414
227.022
79.4376
386.037
98.2933
558.411
497.938
255.509
204.084
214.412
334.371
1.02591	0.356436	0.782054	0.498528	0.7729	0.740226	1.12115	0.87305	0.920893	1.0432	0.901111	0.80281	0.906435	0.864467	0.723056	1.10973	0.0794959	0.0827353	0.513652	0.70273	1.02967	0.869501	1.01044	0.815789	0.770419	0.734507	0.963933	0.0922051	1.00445	0.995816	
0.648772	0.132921	0.582448	0.063085	0.379549	0.287217	0.752728	0.549776	0.863114	0.706572	0.697259	0.75768	0.475239	0.41557	0.314577	0.782822	0.491165	0.536849	0.117092	0.251735	0.629286	0.423868	0.663144	0.556866	0.322472	0.394071	0.704838	0.372623	0.726892	0.823606	
0.703194	0.431733	0.319176	0.522595	0.553892	0.743393	0.767788	0.513614	0.384096	0.659734	0.414073	0.265684	0.720767	0.86804	0.841909	0.703506	0.487144	0.586164	0.47682	0.649675	0.746443	0.740412	0.647301	0.40054	0.794262	0.45499	0.511649	0.473064	0.562492	0.478673	
0.342002	0.691389	0.184464	0.6645	0.424727	0.73116	0.347376	0.221027	0.374384	0.232655	0.0896957	0.374536	0.522821	0.804872	0.892716	0.237403	0.935901	1.03055	0.605698	0.633814	0.418665	0.596211	0.254149	0.165302	0.778699	0.345978	0.0390081	0.878396	0.0844686	0.164363	
0.854003	0.753086	0.444204	0.834101	0.79218	1.03306	0.884565	0.674766	0.203149	0.767731	0.457058	0.171763	0.948884	1.14923	1.14856	0.780963	0.751205	0.846142	0.783407	0.933485	0.91787	0.989929	0.775869	0.546058	1.08519	0.684355	0.576712	0.768323	0.627706	0.427729	
0.532345	0.738637	0.21957	0.750131	0.57075	0.866914	0.537846	0.388224	0.186594	0.424229	0.131238	0.220095	0.693382	0.956371	1.01764	0.420679	0.908634	1.00714	0.69056	0.765297	0.607305	0.758419	0.445328	0.283276	0.917366	0.473621	0.230325	0.874779	0.273684	0.056731	
0.0921622	0.734079	0.39146	0.649342	0.336125	0.609734	0.0703441	0.195883	0.655561	0.0489846	0.360409	0.643789	0.336735	0.64112	0.780109	0.0965983	1.05733	1.14198	0.601031	0.533901	0.169087	0.425119	0.0550747	0.29871	0.646278	0.33349	0.244015	0.973562	0.200339	0.43969	
0.953529	0.273556	0.785918	0.379406	0.687118	0.590988	1.05482	0.825756	0.986741	0.992914	0.907913	0.86922	0.797125	0.706776	0.548599	1.06542	0.261461	0.255484	0.413314	0.573058	0.943244	0.746166	0.954114	0.795866	0.613674	0.674371	0.948718	0.165677	0.98188	1.01864	
0.141809	0.627653	0.276596	0.557512	0.261237	0.561047	0.190359	0.0767985	0.567764	0.0933634	0.269553	0.541066	0.321406	0.616484	0.729599	0.16443	0.939098	1.02545	0.504857	0.472877	0.212565	0.401442	0.0697739	0.179179	0.603957	0.228282	0.170744	0.858827	0.150178	0.373317	
0.762055	0.597352	0.347832	0.68065	0.663787	0.887328	0.808078	0.57455	0.253122	0.692877	0.399366	0.147058	0.826117	1.00697	0.997061	0.720317	0.620524	0.71813	0.631303	0.789493	0.81807	0.859074	0.692081	0.447573	0.939142	0.557593	0.515337	0.624922	0.56832	0.41683	
0.438863	0.267429	0.29025	0.241111	0.212889	0.398519	0.532063	0.287442	0.593407	0.456832	0.403271	0.500505	0.377045	0.516349	0.524654	0.527051	0.585701	0.667031	0.181397	0.299154	0.452698	0.385119	0.421838	0.265611	0.450703	0.146257	0.416927	0.49745	0.445012	0.530396	
0.680379	0.313678	0.346735	0.412598	0.492546	0.645567	0.757434	0.497463	0.489638	0.658288	0.459916	0.372196	0.658576	0.773716	0.733	0.712498	0.409386	0.506822	0.371391	0.556951	0.712097	0.665963	0.63749	0.404369	0.695107	0.405578	0.538514	0.374077	0.585078	0.547801	
0.285269	0.748817	0.273063	0.703841	0.431255	0.73604	0.266853	0.223931	0.462161	0.161736	0.188485	0.47152	0.498846	0.79503	0.902977	0.144878	1.01653	1.10936	0.647054	0.64433	0.365523	0.579969	0.197406	0.224685	0.780334	0.37312	0.0790673	0.952267	0.0373587	0.235419	
0.596324	0.653026	0.201176	0.689869	0.569965	0.844143	0.62331	0.423928	0.13682	0.506492	0.195852	0.0910883	0.714524	0.947502	0.981448	0.520644	0.782708	0.881678	0.632153	0.74167	0.663433	0.766849	0.51603	0.298023	0.896127	0.463756	0.315618	0.758785	0.367087	0.196334	
0.694105	0.322282	0.35615	0.424481	0.507299	0.659025	0.770557	0.510665	0.488744	0.67078	0.46794	0.370845	0.673344	0.787431	0.744879	0.724311	0.402914	0.500829	0.384164	0.570881	0.726319	0.680628	0.650487	0.416043	0.708408	0.42009	0.548611	0.371791	0.595638	0.553269	
5.79222
5.84945
5.9448
5.66203
4.81044
7.7604
4.76126
5.84637
8.29759
5.37408
5.50807
4.82417
5.65533
8.90602
4.54314
