10	15
71.5567	62.3623
42.4077	26.9597
86.0069	54.6056
83.2283	98.2907
32.2202	41.1831
170.687	115.691
69.328	121.907
3.57868	58.3412
105.804	153.522
174.052	66.4179
437.552
414.721
319.508
444.98
311.298
288.342
176.61
2.46351
188.695
139.271
241.698
312.713
218.159
138.101
362.286
0.713297	0.547469	0.567746	0.261303	0.65578	0.541388	0.239092	0.318813	0.316369	0.234926	0.368035	0.69489	0.515682	0.415722	0.371019	
0.462632	0.448422	0.646974	0.0384492	0.693809	0.539472	0.0665819	0.512434	0.146819	0.342654	0.615087	0.435034	0.659388	0.181269	0.314539	
0.585039	0.79306	0.293489	0.317839	0.342598	0.203856	0.39589	0.287879	0.495764	0.131071	0.459977	0.602739	0.338885	0.528995	0.636271	
0.586797	0.153822	1.00269	0.394121	1.04937	0.892356	0.323416	0.832703	0.222699	0.685714	0.891101	0.522699	1.00361	0.198402	0.208354	
0.801652	0.800598	0.344603	0.419105	0.453067	0.388632	0.448996	0.0686423	0.5443	0.131597	0.213356	0.805727	0.263172	0.621927	0.625084	
0.817845	1.18099	0.166304	0.699245	0.0497142	0.201847	0.7832	0.483202	0.881675	0.470243	0.641845	0.8631	0.31887	0.901539	1.0249	
0.29445	0.868081	0.552407	0.431738	0.509164	0.363934	0.527019	0.664649	0.588735	0.496354	0.836206	0.348919	0.669534	0.541115	0.767094	
0.0687568	0.806903	0.820782	0.505635	0.784386	0.6348	0.575353	0.88233	0.592347	0.697476	1.03901	0.138551	0.924631	0.499339	0.760822	
0.305112	0.608252	0.591902	0.174156	0.604286	0.439591	0.263798	0.562779	0.322251	0.374102	0.705586	0.303108	0.651937	0.286769	0.500411	
0.425074	0.314158	0.890255	0.286443	0.923078	0.761265	0.252883	0.765531	0.181114	0.597486	0.854829	0.364451	0.913191	0.075313	0.292268	
5.03433
5.03682
4.49498
4.73141
5.84983
3.10926
5.12585
6.56483
4.07471
3.04746
