15	30
68.2701	30.3492
74.3998	77.273
100.77	72.7759
168.697	17.2568
3.70736	85.2595
153.588	11.9888
20.3258	11.4314
149.057	94.4372
89.0254	14.9002
13.4664	149.772
66.6695	116.104
30.6955	80.1423
23.103	112.782
33.5995	111.832
39.1478	67.1355
18.7861
37.5598
4.91713
0.853746
20.4375
31.1334
31.2444
43.7709
23.0093
11.5924
1.76663
1.53303
24.5545
39.2004
16.4905
19.9089
28.1123
23.7404
2.44659
35.7305
15.5793
35.8017
37.3996
42.7253
9.18604
27.8374
23.0627
42.243
19.1119
32.5577
0.506966	0.198252	0.932863	0.91248	0.841054	0.826321	0.893833	0.746735	0.484803	0.229444	0.297697	0.93515	0.462344	0.68201	0.699139	0.494729	0.309334	0.680345	0.69873	0.476958	0.322656	0.333977	0.421355	0.353533	0.503153	0.604041	0.388054	0.787507	0.730009	0.585901	
0.343268	0.476232	0.688101	0.538204	0.619161	0.409934	0.692432	0.628912	0.389286	0.521278	0.362593	0.517133	0.091613	0.409778	0.334998	0.100975	0.649365	0.472251	0.299805	0.189435	0.184417	0.577899	0.106269	0.119494	0.511253	0.426959	0.142191	0.457806	0.311498	0.243942	
0.198529	0.584603	0.23881	0.425912	0.143172	0.667071	0.195725	0.142377	0.218462	0.604273	0.412045	0.650716	0.594094	0.151484	0.328497	0.437123	0.708494	0.0459353	0.423876	0.323507	0.670768	0.565809	0.61915	0.616187	0.284653	0.937565	0.651109	0.26433	0.583407	0.71922	
0.540568	0.205601	0.966011	0.951327	0.873503	0.86475	0.92474	0.773714	0.515239	0.230221	0.325191	0.974389	0.499677	0.718045	0.738048	0.534222	0.29404	0.713472	0.738204	0.51538	0.35607	0.336069	0.457756	0.389876	0.525546	0.62791	0.422984	0.825162	0.768848	0.620421	
0.0763633	0.470937	0.356989	0.462781	0.263886	0.631704	0.319219	0.217971	0.103431	0.494563	0.293806	0.643993	0.497518	0.161063	0.30922	0.348819	0.606555	0.105726	0.39045	0.224685	0.557149	0.468848	0.516466	0.505993	0.212219	0.837913	0.543901	0.298088	0.537673	0.633821	
0.232458	0.54219	0.496682	0.362387	0.434881	0.373677	0.510858	0.481003	0.302137	0.581905	0.378872	0.425049	0.258515	0.222385	0.149485	0.0990218	0.711912	0.303613	0.160365	0.0918887	0.379308	0.605831	0.294638	0.315185	0.442468	0.599077	0.336867	0.262619	0.272753	0.371343	
0.6863	0.65623	1.03454	0.827959	0.969412	0.548656	1.04342	0.975369	0.720315	0.698882	0.62877	0.698262	0.279844	0.7583	0.654459	0.439055	0.80084	0.823681	0.58596	0.540485	0.219094	0.789453	0.245733	0.254545	0.821897	0.109726	0.214084	0.787033	0.498421	0.238709	
0.46825	0.104154	0.852105	0.946064	0.755589	0.970955	0.787006	0.606608	0.409516	0.0599997	0.246652	1.04711	0.648723	0.661284	0.747571	0.610617	0.0943222	0.614809	0.784083	0.532337	0.557125	0.0654575	0.622937	0.562119	0.344389	0.867987	0.606372	0.792293	0.867317	0.795829	
0.367017	0.77093	0.297748	0.119394	0.289341	0.414207	0.360622	0.443466	0.434522	0.803754	0.591435	0.356543	0.515818	0.182656	0.138198	0.371149	0.926907	0.275482	0.213504	0.341679	0.656516	0.798838	0.560261	0.591461	0.555708	0.832453	0.606935	0.0466158	0.361993	0.583725	
0.355794	0.694587	0.480936	0.238097	0.44648	0.261032	0.523754	0.548698	0.429757	0.734205	0.529649	0.278647	0.327539	0.255775	0.0815764	0.206461	0.864073	0.361323	0.017527	0.243048	0.482176	0.755444	0.375588	0.417184	0.569355	0.633343	0.424585	0.208224	0.179962	0.384122	
0.0503665	0.448616	0.382019	0.472142	0.289535	0.624514	0.345597	0.240733	0.0839461	0.473477	0.270239	0.643037	0.476741	0.172593	0.308791	0.330827	0.58757	0.129843	0.38549	0.205115	0.532375	0.451731	0.494207	0.482028	0.205753	0.81589	0.520555	0.309003	0.528631	0.615275	
0.511142	0.758274	0.689229	0.397471	0.655281	0.123309	0.732716	0.744623	0.579684	0.80247	0.62294	0.252405	0.248279	0.457662	0.290262	0.246122	0.932177	0.558656	0.192337	0.357329	0.415886	0.848408	0.297667	0.361341	0.719121	0.462755	0.344847	0.415267	0.0457167	0.216324	
0.543367	0.930556	0.436156	0.072845	0.456509	0.339738	0.518412	0.626956	0.614233	0.966728	0.755541	0.223174	0.576978	0.368815	0.256656	0.466069	1.09353	0.463669	0.261672	0.481674	0.738361	0.971932	0.627183	0.673991	0.740688	0.8458	0.677072	0.234833	0.33776	0.596926	
0.408097	0.823359	0.162101	0.205816	0.189458	0.556981	0.244194	0.378579	0.461161	0.850307	0.642691	0.481745	0.64844	0.218965	0.274096	0.495368	0.964932	0.260616	0.359119	0.437711	0.777392	0.827183	0.689743	0.713511	0.556359	0.973909	0.734105	0.140112	0.508996	0.727102	
0.254135	0.459861	0.428694	0.649915	0.337377	0.845132	0.346859	0.155845	0.199473	0.463969	0.330666	0.853891	0.679637	0.355501	0.519938	0.54531	0.540896	0.256528	0.603789	0.418257	0.702517	0.395367	0.688606	0.663036	0.121025	1.0077	0.706315	0.48522	0.750337	0.825595	
5.51757
5.2516
5.02394
4.51868
7.39
4.75318
7.1425
4.04202
5.24122
8.38371
6.29437
6.31176
7.68256
6.91833
7.08628
