10	15
132.192	135.184
25.3033	111.173
86.5584	15.6331
34.7244	46.4058
105.369	94.576
70.3591	36.9957
1.72587	100.074
16.2898	97.4993
122.849	142.319
81.9161	142.494
22.7154
16.1689
16.2517
70.4351
35.7165
69.2863
31.6296
48.4151
53.4653
55.0132
72.2468
4.0936
43.3177
25.7227
50.4247
1.01394	0.908813	0.585181	0.678291	0.914172	0.453751	0.238357	0.559157	0.803096	0.852522	0.559808	0.203886	0.166559	0.597682	0.365955	
0.601678	0.596555	0.467471	0.67261	0.370493	0.346969	0.638025	0.264973	0.656991	0.693284	0.148825	0.818294	0.706166	0.70964	0.938647	
1.00356	0.870316	0.573589	0.554411	0.989395	0.548029	0.234578	0.661575	0.709957	0.751881	0.791459	0.14569	0.192679	0.440608	0.0736089	
0.723736	0.579839	0.449097	0.263997	0.832102	0.583511	0.4958	0.646661	0.388201	0.404736	0.908225	0.603934	0.565458	0.20256	0.530685	
0.825694	0.796917	0.586098	0.786967	0.609005	0.40964	0.598908	0.393135	0.814703	0.85818	0.109289	0.731256	0.633476	0.789047	0.876716	
0.302185	0.176205	0.350311	0.255264	0.490284	0.536274	0.689985	0.513084	0.110502	0.0610353	0.799974	0.880855	0.792955	0.369888	0.877154	
0.461218	0.330034	0.0795204	0.129322	0.486868	0.252434	0.383946	0.283859	0.204029	0.253969	0.565147	0.586785	0.489045	0.177148	0.615043	
0.643527	0.58037	0.325001	0.521419	0.486726	0.142698	0.388602	0.159534	0.563076	0.609469	0.188205	0.569093	0.456128	0.522794	0.68843	
0.98962	0.905094	0.596039	0.735795	0.847768	0.425376	0.348541	0.50699	0.834979	0.884973	0.42211	0.382839	0.319969	0.678926	0.543635	
0.0904707	0.220939	0.476321	0.549999	0.193366	0.578053	0.86064	0.483701	0.410907	0.402843	0.685012	1.07298	0.96375	0.660027	1.12179	
2.66193
4.4244
2.97857
3.89404
3.26434
3.37302
5.09577
4.88939
2.70639
3.55296
