10	20
164.827	137.761
40.0971	43.6537
46.2462	79.1307
10.6091	40.7647
22.9206	85.0983
53.1217	24.9082
21.4791	18.1998
149.552	120.125
20.2526	100.421
105.157	104.598
9.3184
218.66
219.715
171.353
91.4044
170.167
201.483
33.2809
6.73423
62.1017
135.293
127.605
212.445
59.6071
182.256
91.9728
64.3494
108.506
207.347
141.937
0.404884	0.413785	0.520827	0.30327	0.145713	0.492608	0.210781	0.768911	0.600682	0.385787	0.633058	0.541395	1.01932	0.3735	0.558785	0.0840292	0.222093	0.0827098	0.655859	0.446692	
0.552225	0.690113	0.633808	0.626801	0.980051	0.825187	0.91371	0.112821	0.340196	0.766186	0.251203	0.409394	0.190614	0.540856	0.532152	0.831375	0.866005	0.799129	0.640556	0.424913	
0.520695	0.567192	0.503877	0.577901	0.886473	0.696831	0.859285	0.145809	0.340241	0.64457	0.157454	0.399128	0.229538	0.495519	0.401361	0.760011	0.758898	0.723564	0.670968	0.34939	
0.712638	0.346247	0.23235	0.704778	0.77044	0.382214	0.907898	0.567219	0.655122	0.408414	0.423353	0.676165	0.570323	0.658535	0.194112	0.764118	0.594611	0.719	0.972855	0.492858	
0.156743	0.39851	0.426585	0.179072	0.534824	0.553165	0.457211	0.357804	0.205802	0.448055	0.248161	0.170537	0.626976	0.107228	0.378615	0.367405	0.461682	0.336738	0.43319	0.0667574	
0.411733	0.588391	0.690248	0.320341	0.281148	0.675484	0.0526009	0.834248	0.632757	0.566865	0.727176	0.564292	1.10989	0.406158	0.714958	0.142759	0.404013	0.187858	0.588943	0.534856	
0.195639	0.664681	0.683686	0.297383	0.741494	0.819637	0.550411	0.342255	0.128239	0.714207	0.369429	0.10162	0.639089	0.234892	0.620137	0.529765	0.70756	0.517821	0.208181	0.305907	
0.631879	0.611236	0.530575	0.684087	0.964214	0.724649	0.961385	0.248978	0.454574	0.68964	0.257871	0.513407	0.164409	0.603625	0.428338	0.854628	0.824125	0.816083	0.783857	0.448642	
0.151807	0.374674	0.428861	0.110691	0.439883	0.522216	0.363948	0.458469	0.292447	0.408672	0.341144	0.241598	0.724531	0.0939267	0.40439	0.266879	0.385527	0.236242	0.451205	0.149034	
0.454355	0.535957	0.643467	0.355378	0.190609	0.60749	0.140956	0.855211	0.667931	0.504685	0.732399	0.602749	1.11872	0.437171	0.68014	0.130578	0.329224	0.166989	0.662635	0.541424	
2.33635
3.76821
3.61791
4.78031
4.15054
3.47032
4.20346
2.49257
4.48963
3.15456
