15	30
142.248	28.3254
66.9401	36.4929
1.60385	55.3477
17.1745	120.518
122.382	78.3031
124.539	136.333
49.4504	127.815
171.722	51.0925
30.7482	42.9278
102.494	132.071
112.335	159.066
50.8549	67.6937
25.9827	47.1018
40.8719	82.431
100.484	32.5292
4.48579
24.384
20.3225
16.2354
17.7344
14.1164
44.5792
47.4269
49.033
10.0072
2.74024
43.6123
6.8778
4.36945
35.7039
13.5044
43.201
7.86239
18.8295
57.4038
33.0157
48.4253
5.6423
17.4203
31.6816
19.5497
53.2724
41.1371
17.2354
48.8895
0.504943	0.344527	0.0818163	0.348126	0.524887	0.688607	0.621041	0.619562	0.799537	0.762185	0.700185	0.449429	0.19471	0.257328	0.0582661	0.363058	0.67947	0.4816	0.586159	0.558859	0.350125	0.517478	0.891825	0.122959	0.397679	0.555339	0.0989379	0.682113	0.0487343	0.773355	
0.604968	0.374346	0.159217	0.272706	0.541848	0.77652	0.677086	0.686546	0.843499	0.846462	0.796779	0.500093	0.169092	0.357956	0.158275	0.377725	0.754831	0.475231	0.686454	0.617111	0.428369	0.477462	0.934944	0.215126	0.365102	0.559806	0.168846	0.743414	0.113391	0.804279	
0.79152	0.320287	0.557445	0.187679	0.325143	0.834776	0.582505	0.642597	0.658979	0.870123	0.920369	0.444634	0.281963	0.691619	0.526275	0.266351	0.740394	0.19833	0.863852	0.550023	0.526476	0.0627684	0.733639	0.485823	0.0990149	0.283961	0.573521	0.658325	0.516734	0.571128	
0.883326	0.716065	1.11355	0.993861	0.557902	0.672493	0.462979	0.513598	0.264934	0.613632	0.811492	0.610036	0.933415	1.07798	1.06337	0.71616	0.539688	0.663354	0.888643	0.523756	0.757738	0.784885	0.178121	0.95828	0.810656	0.56727	1.13172	0.437511	1.10156	0.287067	
0.649829	0.523915	0.900514	0.84182	0.39872	0.450255	0.235082	0.279567	0.0580338	0.40293	0.591068	0.398615	0.74992	0.849398	0.850369	0.536816	0.310932	0.521687	0.658312	0.297863	0.532182	0.670449	0.0570417	0.743564	0.664007	0.433322	0.918123	0.203385	0.893118	0.16333	
0.529	0.216099	0.618984	0.530907	0.103472	0.459774	0.162083	0.237188	0.258402	0.471679	0.577909	0.13437	0.438113	0.617992	0.569228	0.22299	0.336529	0.22851	0.575325	0.15172	0.305144	0.391249	0.347356	0.467501	0.358592	0.16655	0.637518	0.235208	0.603729	0.217279	
0.661042	0.428463	0.193874	0.276081	0.590541	0.836705	0.73534	0.746383	0.898832	0.90697	0.854863	0.557857	0.212481	0.401123	0.205382	0.42753	0.815319	0.515818	0.742323	0.675852	0.488973	0.501002	0.989892	0.273684	0.395343	0.603823	0.198527	0.802437	0.151497	0.8561	
0.409888	0.451391	0.745927	0.805693	0.417728	0.202062	0.152701	0.0967159	0.248359	0.172639	0.342883	0.304305	0.667706	0.65074	0.698036	0.488397	0.0613025	0.539022	0.410271	0.184736	0.362869	0.703122	0.306656	0.592486	0.652826	0.480476	0.761481	0.0853812	0.749796	0.336612	
0.607682	0.422085	0.809725	0.734992	0.291832	0.444392	0.165838	0.235577	0.0496443	0.416556	0.583392	0.305652	0.646601	0.775145	0.759502	0.431921	0.299136	0.415278	0.628874	0.222201	0.453874	0.566166	0.139478	0.653806	0.557124	0.328372	0.827734	0.170728	0.79946	0.0918758	
0.622001	0.494047	0.868969	0.815291	0.373465	0.428635	0.203529	0.250195	0.0399207	0.385755	0.569574	0.367394	0.720419	0.818132	0.818833	0.508213	0.287076	0.497697	0.632609	0.266248	0.500624	0.648982	0.085468	0.711996	0.638625	0.411207	0.886559	0.174555	0.861747	0.153453	
0.32105	0.44733	0.200162	0.585523	0.623521	0.55995	0.612729	0.577306	0.810175	0.644413	0.526823	0.480798	0.409472	0.00980878	0.190223	0.49049	0.602269	0.628159	0.393952	0.551354	0.318128	0.711207	0.899348	0.196881	0.590566	0.675299	0.201317	0.651949	0.240218	0.818843	
0.554061	0.571794	0.16239	0.563183	0.755407	0.791621	0.80707	0.785507	0.998442	0.875057	0.759529	0.651179	0.434407	0.237741	0.207715	0.598264	0.823032	0.722218	0.624792	0.743906	0.511918	0.756817	1.09014	0.304803	0.638351	0.791912	0.143984	0.856655	0.196622	0.988162	
0.08259	0.559542	0.542222	0.840557	0.673216	0.290423	0.516162	0.441118	0.696632	0.373615	0.195172	0.489823	0.655526	0.347809	0.515292	0.615348	0.403823	0.740708	0.0602148	0.476614	0.349194	0.876847	0.768064	0.456003	0.77292	0.74202	0.548008	0.511939	0.573672	0.753767	
0.271633	0.63893	0.759526	0.974683	0.686377	0.13672	0.451103	0.365508	0.578426	0.17083	0.066963	0.518088	0.801158	0.587989	0.723194	0.691144	0.278856	0.787522	0.205962	0.443274	0.452321	0.944993	0.626032	0.640058	0.863362	0.756251	0.769088	0.408757	0.782477	0.66653	
0.651223	0.173581	0.509031	0.270539	0.176291	0.676185	0.423863	0.482175	0.517162	0.709817	0.766725	0.285165	0.247608	0.599958	0.467744	0.117791	0.579876	0.0626131	0.719486	0.389639	0.383991	0.145653	0.598232	0.399143	0.0890848	0.157967	0.527209	0.500044	0.476482	0.441755	
3.50856
4.53748
6.70076
5.75562
3.72932
3.85353
4.68991
3.02243
5.22775
4.23882
3.54192
4.77256
5.62258
4.58841
4.2571
