10	15
25.1642	97.3092
129.004	109.179
91.1626	128.793
25.7036	67.7077
2.15327	77.4722
135.456	137.768
73.3613	14.0206
130.467	65.122
162.325	150.739
136.53	44.2334
30.7541
16.9996
9.4426
16.0516
31.1456
31.8102
5.35082
23.688
45.4006
13.2006
49.5109
51.7297
50.2041
43.7704
27.1126
0.269837	0.00804692	0.392131	0.62201	0.262834	0.146982	0.105261	0.525761	0.490689	0.738008	0.236469	0.302228	0.503299	0.428173	0.520671	
0.365567	0.626925	0.237687	0.845146	0.646493	0.507872	0.613809	0.467508	0.363748	0.312093	0.730161	0.40888	0.291216	0.497799	0.7293	
0.147214	0.370726	0.0713804	0.638612	0.385247	0.24228	0.346938	0.446184	0.347946	0.388335	0.463306	0.253817	0.182503	0.29332	0.516731	
0.676515	0.62108	0.680113	0.0620243	0.366567	0.544559	0.523883	1.02972	0.944544	0.633255	0.430288	0.792818	0.511956	0.316724	0.109026	
0.195387	0.0737741	0.315643	0.616245	0.259277	0.086306	0.111519	0.479466	0.432837	0.667567	0.264394	0.243781	0.434503	0.382527	0.506638	
0.604358	0.425245	0.670211	0.283216	0.228809	0.426475	0.346395	0.934608	0.875839	0.811403	0.195497	0.692611	0.611483	0.40542	0.262693	
0.382323	0.571006	0.278154	0.602781	0.486472	0.43061	0.518316	0.644359	0.538004	0.161273	0.588146	0.48529	0.0764238	0.277569	0.495217	
0.538543	0.588183	0.499441	0.308438	0.37783	0.467875	0.499027	0.875081	0.777853	0.380811	0.479582	0.660087	0.287311	0.170991	0.228727	
0.254517	0.211705	0.314975	0.451592	0.127583	0.101314	0.130147	0.60202	0.530385	0.553901	0.203714	0.358831	0.320414	0.208797	0.335576	
0.206869	0.45869	0.0763256	0.716954	0.482296	0.33683	0.442697	0.423191	0.317282	0.349942	0.561496	0.281553	0.199704	0.366328	0.596491	
6.60027
4.26078
4.34835
6.61613
7.6074
3.67295
4.78782
4.30381
3.52937
4.05557
