15	30
65.0116	61.3271
77.0198	50.9504
135.02	76.471
141.638	43.5354
11.7526	101.994
116.627	28.733
105.009	67.2583
144.116	101.599
2.08709	105.606
144.271	115.234
56.8332	108.262
35.6094	56.7725
48.8361	41.6542
93.2989	40.0296
40.4644	99.5564
29.9014
33.7693
15.776
15.8311
12.4305
0.0920608
0.507042
34.9734
28.2849
19.3662
10.3303
34.1621
33.9748
16.8471
14.1144
5.35161
29.4091
7.31592
18.9287
7.21114
19.7915
29.4505
15.8794
14.5008
12.7338
4.67301
16.6256
30.8778
25.0278
11.3539
0.503067	0.362078	0.127607	0.463781	0.677816	0.119629	0.745419	0.591339	0.596802	0.246854	0.306006	0.636358	0.526669	0.330256	0.425307	0.687731	0.524884	0.257161	0.330028	0.554159	0.417962	0.470356	0.300055	0.508223	0.543813	0.124931	0.294076	0.529754	0.121753	0.49145	
0.225911	0.747829	0.528968	0.865841	0.794331	0.39681	0.880236	0.512638	0.738414	0.627501	0.153128	0.381291	0.812812	0.241986	0.0284211	0.353383	0.912952	0.375952	0.160465	0.281902	0.779365	0.849701	0.704423	0.177818	0.67711	0.457048	0.306899	0.623862	0.525965	0.162003	
0.799523	0.303798	0.466367	0.417696	0.372845	0.666569	0.373385	0.62268	0.311782	0.59798	0.69888	0.840059	0.0403205	0.872997	0.857045	0.962663	0.317886	0.809132	0.849424	0.816941	0.206747	0.26294	0.459492	0.848185	0.323824	0.639714	0.846916	0.385219	0.489658	0.838985	
0.697423	0.537344	0.335316	0.562034	0.966576	0.17873	1.03193	0.859956	0.884723	0.243365	0.499686	0.850539	0.780197	0.302862	0.544751	0.86215	0.66921	0.144606	0.367215	0.755408	0.623304	0.640835	0.39865	0.676621	0.832918	0.169814	0.226812	0.819301	0.311388	0.658829	
0.694328	0.671465	0.722286	0.814691	0.0663658	0.86136	0.0642293	0.395447	0.150378	0.898348	0.707066	0.651242	0.396312	0.97921	0.841954	0.794231	0.732063	0.983332	0.923371	0.680045	0.590733	0.668631	0.801307	0.760566	0.200162	0.863881	0.986012	0.230247	0.746074	0.760147	
0.60175	0.718109	0.486486	0.772144	1.02801	0.276674	1.10425	0.838082	0.953321	0.458267	0.43657	0.760004	0.912872	0.143322	0.411362	0.735003	0.866735	0.13444	0.225315	0.660113	0.790977	0.826767	0.60108	0.561103	0.894922	0.318753	0.106136	0.863894	0.467254	0.544672	
0.0590345	0.790632	0.601564	0.927117	0.699328	0.519929	0.786671	0.373975	0.657691	0.734042	0.185172	0.208182	0.78961	0.411623	0.148289	0.20016	0.951631	0.531083	0.329465	0.109517	0.801298	0.882071	0.780814	0.0193472	0.599107	0.574344	0.47072	0.536427	0.605332	0.014941	
0.743782	0.447555	0.556763	0.578208	0.209964	0.734828	0.204441	0.51327	0.166319	0.714249	0.685269	0.753728	0.151635	0.907389	0.839613	0.8873	0.485726	0.871874	0.869291	0.749493	0.357234	0.426583	0.593235	0.801071	0.202304	0.720853	0.895015	0.271654	0.581274	0.795069	
0.245898	0.545759	0.360107	0.681553	0.580562	0.324687	0.663649	0.37121	0.516547	0.508424	0.0827801	0.374868	0.57847	0.344652	0.24094	0.432863	0.707945	0.392315	0.283531	0.293859	0.56193	0.639679	0.538356	0.264505	0.45516	0.366747	0.367058	0.410022	0.366516	0.249993	
0.742972	0.0864588	0.262191	0.236067	0.525667	0.471872	0.555126	0.658529	0.44567	0.373271	0.594846	0.824137	0.218534	0.703109	0.746946	0.924175	0.200825	0.614376	0.695911	0.775385	0.0462368	0.127134	0.234588	0.776826	0.425999	0.434781	0.664371	0.462559	0.282713	0.763936	
0.180644	0.957092	0.786527	1.10147	0.743533	0.718474	0.827972	0.380965	0.723232	0.928461	0.379563	0.125135	0.908257	0.599482	0.32953	0.0186279	1.11252	0.727735	0.518037	0.138146	0.954477	1.04023	0.964333	0.186445	0.672191	0.771943	0.663484	0.603337	0.792747	0.204232	
0.712156	0.120422	0.125496	0.215202	0.652698	0.326476	0.696216	0.704076	0.568641	0.202064	0.533586	0.821199	0.383855	0.57362	0.670246	0.899094	0.274531	0.46387	0.582054	0.754854	0.204896	0.228774	0.08935	0.731825	0.534702	0.279301	0.524156	0.553151	0.136598	0.71654	
0.417773	0.611481	0.567416	0.769284	0.232284	0.653143	0.319348	0.148561	0.207503	0.750823	0.439708	0.394614	0.439571	0.726514	0.566566	0.533651	0.727862	0.756361	0.663265	0.407973	0.563329	0.654113	0.697682	0.483322	0.162697	0.671221	0.744484	0.0942621	0.587641	0.482498	
0.707767	0.28622	0.13703	0.318882	0.789034	0.209478	0.842102	0.773052	0.704494	0.0469168	0.509657	0.839574	0.550492	0.459718	0.61787	0.892123	0.418084	0.324144	0.489016	0.75873	0.376108	0.388276	0.148507	0.71136	0.661945	0.148531	0.397363	0.666466	0.116559	0.694335	
0.137792	0.733052	0.592327	0.88394	0.517755	0.579595	0.604569	0.179502	0.486776	0.755809	0.256514	0.142751	0.663386	0.549916	0.32276	0.259955	0.882076	0.634232	0.472001	0.12274	0.720329	0.808468	0.762545	0.205936	0.432484	0.621507	0.59293	0.365047	0.603641	0.209368	
4.04038
4.06011
3.35118
3.3728
6.27376
3.49695
3.91243
3.08626
6.32082
3.14127
5.01943
5.697
5.0055
4.25679
4.85689
