10	20
104.332	10.6619
30.7113	156.422
137.824	112.061
178.292	44.4646
174.41	158.416
138.264	50.4793
48.931	26.4351
61.4292	118.961
93.557	18.804
86.4219	84.8074
246.368
107.746
250.363
157.424
203.527
102.86
130.602
97.7376
0.804497
18.1853
43.0641
226.118
53.0494
133.108
222.008
222.69
157.409
143.431
41.6352
46.9106
0.481634	0.313285	0.735807	0.353954	0.31218	0.420355	0.713388	0.497345	0.714836	0.410747	0.334992	0.546308	0.851651	0.633216	0.310362	0.615944	0.69789	0.365875	0.35631	0.597917	
0.201674	0.279116	0.514899	0.164208	0.557281	0.731794	0.647995	0.712196	0.370726	0.691285	0.66324	0.155913	0.488257	0.509588	0.192143	0.701596	0.653891	0.114064	0.709527	0.525157	
0.317817	0.124292	0.806649	0.374156	0.516813	0.640609	0.847011	0.704812	0.721856	0.627374	0.555443	0.415287	0.850132	0.739346	0.182325	0.7952	0.83854	0.354464	0.577438	0.72151	
0.571413	0.619171	0.144067	0.296987	0.52482	0.68699	0.325	0.588492	0.152412	0.631137	0.655033	0.494773	0.270429	0.184769	0.526766	0.47515	0.34374	0.322961	0.71083	0.23646	
0.822298	0.756915	0.442615	0.485779	0.259293	0.324515	0.246736	0.174156	0.598669	0.270478	0.345079	0.80296	0.704162	0.290772	0.688622	0.0639533	0.215564	0.537691	0.391233	0.223591	
0.575838	0.4047	0.778374	0.427669	0.282831	0.35464	0.725971	0.455503	0.78032	0.355841	0.270394	0.639487	0.91757	0.662516	0.404597	0.59988	0.706709	0.446344	0.280823	0.619289	
0.98155	0.835043	0.870587	0.722717	0.325899	0.149484	0.691812	0.271313	0.980005	0.203251	0.211681	1.01572	1.10452	0.718859	0.811398	0.469471	0.659931	0.764692	0.172294	0.652622	
0.0709499	0.214495	0.643832	0.279009	0.64474	0.812437	0.778595	0.81269	0.483698	0.777824	0.737233	0.0831417	0.588307	0.640964	0.160803	0.821046	0.783586	0.227327	0.778191	0.654727	
0.0649293	0.20314	0.650427	0.279717	0.640952	0.807765	0.782145	0.810178	0.492666	0.773774	0.732022	0.0937516	0.598333	0.645156	0.151239	0.821386	0.786669	0.228311	0.772466	0.657806	
0.106676	0.283182	0.640832	0.31775	0.700294	0.871094	0.795909	0.862388	0.461839	0.834117	0.797998	0.0128845	0.554304	0.654927	0.232571	0.856771	0.803782	0.266274	0.840692	0.675621	
5.59507
6.55056
4.49345
4.29382
4.63772
4.28228
7.18063
6.48373
5.16475
5.53285
