10	15
140.675	63.6841
135.038	36.8111
98.5544	51.2023
128.154	89.9851
105.529	148.175
96.0055	35.735
107.545	137.325
158.178	141.843
83.1608	152.659
147.147	31.7213
58.8579
6.73236
67.0041
21.6545
86.0784
70.5502
1.2236
19.1993
39.4072
41.1265
86.6961
14.1428
74.1253
5.43429
0.527327
0.352722	0.65258	0.980241	0.893755	0.834078	0.964277	0.383055	1.02072	0.431509	0.636062	0.169736	0.571123	0.734154	0.258053	0.468043	
0.40663	0.620666	0.357038	0.188024	0.34607	0.547898	0.649814	0.331384	0.616176	0.507818	0.609532	0.314626	0.111696	0.601553	0.278878	
0.363598	0.383693	0.611059	0.409924	0.567128	0.764081	0.630047	0.499567	0.362415	0.279118	0.503458	0.0795499	0.21862	0.534329	0.293831	
0.341049	0.383563	0.625179	0.433379	0.571993	0.766722	0.606284	0.527584	0.344645	0.283768	0.474811	0.0929078	0.244401	0.507773	0.279822	
0.212148	0.590344	0.830067	0.741762	0.690794	0.833016	0.334358	0.87191	0.393442	0.549345	0.121834	0.447581	0.586885	0.1997	0.317762	
0.669684	0.970092	0.0589104	0.25739	0.253655	0.364428	0.838637	0.353701	0.978713	0.855456	0.883083	0.672691	0.427738	0.844004	0.546066	
0.206997	0.718732	0.425362	0.410138	0.286696	0.45496	0.409249	0.56981	0.630625	0.621054	0.420199	0.423856	0.346425	0.386189	0.0941552	
0.324352	0.896572	0.901257	0.906462	0.719443	0.793261	0.124982	1.05956	0.696192	0.85088	0.18452	0.724204	0.797158	0.13317	0.4495	
0.645894	1.21524	0.415797	0.659913	0.290005	0.107064	0.649403	0.802537	1.13444	1.11107	0.807572	0.909576	0.741237	0.72973	0.589743	
0.511767	0.163383	0.835101	0.608964	0.795445	0.990935	0.755427	0.659928	0.183409	0.0951509	0.573903	0.164253	0.415539	0.634674	0.487248	
8.69044
9.88802
9.36802
9.46823
9.93672
11.3341
9.36884
9.19509
11.2251
7.8482
