15	30
62.3838	53.4969
43.3077	136.581
178.942	157.189
75.7699	151.77
11.8586	127.78
19.5225	14.0254
35.5372	34.2803
69.3014	116.575
129.266	56.8664
175.059	95.3848
175.394	13.9122
168.078	67.0058
71.3752	31.9436
115.378	111.001
42.129	14.1555
29.7678
737.45
766.246
275.609
650.485
90.9879
119.15
476.702
137.861
621.369
369.404
706.703
132.962
541.28
376.937
590.144
441.154
565.214
526.721
149.17
690.902
471.353
404.081
629.461
374.013
236.491
175.546
290.67
102.868
138.957
1.18243	0.658718	0.488576	0.654413	0.0692387	0.841965	0.936338	0.433905	0.43574	0.327329	0.715331	0.913801	0.255246	0.297025	0.547198	0.356998	0.777083	0.90033	0.69746	0.749346	0.68096	0.664455	0.981191	0.707838	0.847684	0.179832	0.642762	0.258915	0.304351	0.417189	
0.423369	0.35735	0.435155	0.134795	0.841237	0.470421	0.379201	0.346677	0.408017	0.605871	0.180782	0.318879	0.778452	0.485568	0.273967	0.636852	0.035532	0.434976	0.412911	0.083163	0.308673	0.143172	0.275182	0.462071	0.731655	0.674364	0.439676	0.6349	0.746549	0.385035	
0.566822	0.339962	0.899517	0.634551	1.00378	0.139111	0.219285	0.684308	0.562939	0.989806	0.425122	0.278412	0.808878	0.778399	0.740096	0.641288	0.611972	0.141769	0.963659	0.502541	0.347159	0.665875	0.406282	0.265676	0.294979	0.798408	0.33181	0.980146	0.748895	0.768844	
1.00282	0.420738	0.541758	0.556301	0.305386	0.579454	0.702413	0.359111	0.245338	0.475568	0.531212	0.693234	0.128626	0.290914	0.506621	0.0675926	0.662378	0.649404	0.734465	0.595929	0.456563	0.57957	0.787978	0.441837	0.558291	0.111685	0.382365	0.424594	0.096757	0.402865	
1.05397	0.499624	0.481279	0.561648	0.200737	0.675099	0.781099	0.344609	0.289252	0.380624	0.580224	0.764237	0.145368	0.23638	0.483551	0.186235	0.678025	0.737967	0.685398	0.629734	0.527535	0.579211	0.844771	0.539298	0.676005	0.00804004	0.475611	0.322644	0.165425	0.362868	
0.906596	0.416222	0.307343	0.383631	0.335775	0.613599	0.679821	0.162198	0.188638	0.267722	0.44344	0.650568	0.325064	0.0566247	0.295707	0.271251	0.504406	0.657539	0.503827	0.473068	0.427346	0.397665	0.708093	0.491535	0.695289	0.191294	0.4243	0.236987	0.323212	0.175705	
0.715675	0.450884	0.144272	0.163301	0.613235	0.63569	0.615871	0.163746	0.32992	0.316	0.351709	0.564917	0.625296	0.258329	0.0279778	0.535524	0.274168	0.638066	0.231067	0.312535	0.426134	0.150917	0.560569	0.562402	0.825758	0.494039	0.508844	0.353747	0.615198	0.130528	
0.247485	0.36253	0.735851	0.429394	1.03461	0.313493	0.134905	0.584765	0.552958	0.883985	0.272571	0.0963324	0.904074	0.716586	0.567149	0.735823	0.348487	0.230452	0.728337	0.279112	0.321252	0.449733	0.0596407	0.40044	0.601834	0.838779	0.426944	0.898874	0.855411	0.650438	
1.11913	0.535428	0.607613	0.661317	0.233655	0.686424	0.816152	0.453415	0.358882	0.505659	0.647081	0.808607	0.0178344	0.359517	0.597868	0.164991	0.771519	0.759808	0.809835	0.709646	0.572404	0.682394	0.904362	0.548817	0.632478	0.121753	0.492441	0.445059	0.0646547	0.482978	
0.602262	0.140329	0.711255	0.477171	0.799579	0.0764406	0.235153	0.486334	0.354851	0.786554	0.279499	0.25871	0.616537	0.571925	0.561216	0.44536	0.489328	0.15543	0.801363	0.374325	0.16519	0.510817	0.394621	0.0615002	0.276443	0.593738	0.123838	0.773774	0.559049	0.572307	
0.210042	0.460947	0.643923	0.349352	1.04487	0.486515	0.328073	0.555832	0.586411	0.819833	0.301778	0.271556	0.958402	0.695199	0.487444	0.802935	0.231655	0.416613	0.585154	0.238678	0.410108	0.354968	0.144761	0.536585	0.77547	0.867238	0.540669	0.849455	0.919145	0.599226	
0.838073	0.764042	0.2896	0.420996	0.837774	0.931587	0.869659	0.486768	0.657828	0.450124	0.629429	0.810428	0.914477	0.538245	0.352688	0.851517	0.457864	0.915076	0.0979085	0.554804	0.730979	0.388568	0.756152	0.877939	1.14725	0.775771	0.82972	0.516663	0.916263	0.42426	
0.764974	0.366822	0.214509	0.221771	0.496216	0.565547	0.588198	0.0213332	0.194605	0.2932	0.328259	0.547757	0.480675	0.135923	0.134735	0.387805	0.344828	0.587941	0.372143	0.332084	0.357542	0.232878	0.579964	0.468359	0.715346	0.353815	0.406907	0.30177	0.467888	0.0656543	
1.0133	0.461849	0.456269	0.522852	0.237421	0.640416	0.742697	0.307503	0.248934	0.370906	0.539618	0.724887	0.170179	0.207152	0.448737	0.169824	0.638442	0.7014	0.65749	0.589124	0.488565	0.541119	0.804317	0.505576	0.653794	0.0400236	0.440969	0.317512	0.176804	0.331063	
0.586954	0.597847	0.351146	0.25366	0.885649	0.735318	0.644783	0.424936	0.56427	0.549449	0.435101	0.583424	0.894942	0.533116	0.280645	0.788928	0.232773	0.703132	0.205486	0.344646	0.555088	0.221144	0.512713	0.709851	0.983277	0.766918	0.674835	0.602412	0.879598	0.405272	
5.66241
6.08298
3.96959
5.1091
7.35154
6.22559
6.04981
5.38005
4.17728
3.72875
3.61927
3.705
5.60043
4.36951
6.03631
