10	20
125.207	18.3903
1.10555	134.839
144.929	116.873
23.0568	90.0921
36.8612	142.362
22.3562	120.881
44.1325	157.659
102.199	16.0986
166.076	145.445
59.0562	96.6016
116.855
188.245
191.392
72.2334
357.326
110.762
49.4234
64.7265
184.081
176.088
216.776
142.746
334.096
11.8798
1.42514
105.468
333.914
240.371
244.051
322.279
0.492925	0.295578	0.620624	0.365067	0.455969	0.531021	0.185307	0.405147	0.383752	0.394395	0.0896735	0.407758	0.549957	0.645266	0.246311	0.586993	0.341416	0.688715	0.343313	0.220306	
0.863803	0.603887	0.295154	0.6474	0.393757	0.391269	0.904546	0.366688	0.398821	0.393414	0.7771	0.702127	0.211551	0.394288	0.995647	0.283189	0.932121	0.626929	0.943024	0.831556	
0.479439	0.3551	0.669645	0.419095	0.50354	0.595748	0.167855	0.469149	0.438559	0.459288	0.1229	0.45644	0.611866	0.686807	0.181126	0.637859	0.349584	0.711178	0.349069	0.193172	
0.422871	0.712541	0.234482	0.799124	0.255909	0.695851	0.827856	0.510404	0.359737	0.549598	0.714143	0.866934	0.465618	0.133388	0.786205	0.259535	0.958879	0.102173	0.96445	0.558202	
0.481025	0.26313	0.55308	0.343086	0.389523	0.47715	0.24577	0.339268	0.314419	0.331448	0.127593	0.394514	0.481421	0.581739	0.309747	0.518716	0.378947	0.639338	0.382865	0.234621	
0.455308	0.404407	0.23455	0.491122	0.0700801	0.42411	0.564317	0.223947	0.062767	0.257492	0.439183	0.558876	0.260054	0.267861	0.590909	0.203331	0.667549	0.390138	0.674554	0.402536	
0.486647	0.307995	0.627461	0.376839	0.462335	0.543606	0.183337	0.416523	0.392019	0.406269	0.0963787	0.418784	0.560511	0.650268	0.23417	0.594294	0.345219	0.689488	0.346664	0.211173	
0.855144	0.132824	0.654531	0.069197	0.552369	0.225809	0.444625	0.309133	0.447972	0.267734	0.365951	0.0955647	0.435213	0.736646	0.644639	0.611714	0.369933	0.892737	0.382648	0.630376	
0.632515	0.450412	0.155013	0.519272	0.158811	0.345259	0.699393	0.199023	0.160167	0.239343	0.570141	0.584355	0.102867	0.253334	0.764095	0.114089	0.762414	0.463657	0.771705	0.590325	
0.693625	0.395909	0.242268	0.455259	0.228884	0.257959	0.677941	0.144896	0.18852	0.179097	0.549814	0.517599	0.021174	0.342715	0.76929	0.202748	0.718882	0.55148	0.729061	0.616727	
3.57374
5.71677
3.19031
4.62595
5.10411
5.45233
4.13268
3.54801
3.0828
4.25799
