15	30
177.436	53.3094
60.558	28.9194
156.171	84.5646
32.2886	46.3578
118.697	57.7918
118.363	85.0288
146.276	84.0706
112.98	13.6422
163.52	58.5742
143.392	42.0961
127.285	137.987
88.5395	40.3354
149.382	101.272
118.801	130.13
29.6847	124.162
713.533
330.95
518.438
288.481
201.803
368.949
332.271
287.171
170.407
388.318
591.38
224.163
276.051
120.259
48.9432
404.334
585.219
248.406
95.1183
718.228
547.997
587.08
222.029
590.28
279.84
637.595
580.187
21.5307
501.891
1.5697
0.607417	0.543125	0.696813	0.85684	0.470056	0.637821	0.549273	0.741355	0.424412	0.711962	0.133163	0.525375	0.249348	0.494419	0.426802	0.668246	0.221605	0.267256	0.593493	0.352405	0.688299	0.849247	0.35519	0.136745	0.54125	0.730635	0.783628	0.380891	0.0360787	0.042875	
0.908602	0.780742	0.819101	0.713305	0.899882	0.604596	0.307699	0.636802	0.613561	0.538739	0.361902	0.908984	0.39866	0.257645	0.37274	0.982658	0.268976	0.648991	0.744391	0.117744	0.715249	0.990826	0.749192	0.481438	0.512681	0.999312	1.09011	0.413671	0.414993	0.461773	
0.18613	0.350432	0.523627	0.992374	0.522612	0.764648	0.984782	0.888098	0.50129	0.967544	0.870408	0.244458	0.680107	0.965414	0.793432	0.112126	0.808811	0.470865	0.483657	1.0479	0.683208	0.512067	0.397602	0.621322	0.753159	0.208256	0.109148	0.71636	0.772278	0.739787	
0.0860605	0.0952965	0.319451	0.750538	0.517774	0.510271	0.715472	0.638667	0.231978	0.706748	0.668783	0.255203	0.425497	0.69718	0.524442	0.162622	0.561078	0.300121	0.24433	0.808652	0.448207	0.391653	0.284069	0.405651	0.487744	0.192483	0.266094	0.448194	0.574246	0.552858	
0.522617	0.358684	0.302068	0.360461	0.813934	0.120606	0.302287	0.238834	0.224107	0.269255	0.59185	0.651233	0.26838	0.307583	0.153393	0.597355	0.358439	0.490784	0.253651	0.57199	0.194315	0.471308	0.565349	0.41697	0.045341	0.559663	0.677815	0.143703	0.541489	0.557497	
0.656165	0.634229	0.820394	1.02721	0.358635	0.800084	0.725191	0.909734	0.550398	0.886556	0.219751	0.510765	0.415113	0.669666	0.600577	0.702814	0.397305	0.303635	0.715003	0.480645	0.837402	0.958185	0.351877	0.266007	0.707138	0.789444	0.815798	0.548983	0.172273	0.133856	
0.548725	0.385523	0.247462	0.274269	0.906017	0.0404404	0.371496	0.159695	0.297214	0.247844	0.717649	0.71331	0.392236	0.393559	0.2677	0.617923	0.483522	0.588044	0.246701	0.688819	0.0875638	0.399146	0.651589	0.53391	0.121466	0.555039	0.680789	0.269513	0.665682	0.679863	
0.517379	0.417801	0.541445	0.69598	0.542709	0.471163	0.427178	0.578381	0.274624	0.5598	0.263606	0.503082	0.0837463	0.380108	0.27417	0.587718	0.139002	0.248393	0.441324	0.373641	0.521512	0.701193	0.349047	0.0915043	0.376211	0.625115	0.699747	0.217641	0.194357	0.206783	
0.830944	0.687839	0.692641	0.558358	0.91106	0.457852	0.153308	0.482229	0.519589	0.383857	0.43385	0.869792	0.336593	0.102668	0.24421	0.907186	0.246258	0.623744	0.628633	0.250849	0.573859	0.863055	0.723856	0.464599	0.371943	0.906381	1.008	0.304012	0.455402	0.497792	
0.539497	0.419259	0.508766	0.620828	0.618735	0.403825	0.350027	0.504917	0.259087	0.480958	0.309088	0.556428	0.0308857	0.30556	0.194878	0.613346	0.108394	0.313527	0.415024	0.359214	0.466477	0.675078	0.412342	0.16936	0.305544	0.635077	0.721365	0.144791	0.257515	0.278078	
0.421932	0.330799	0.479373	0.700851	0.491113	0.460577	0.484114	0.57986	0.206478	0.582606	0.337946	0.414758	0.12306	0.444015	0.308315	0.491783	0.231168	0.174366	0.375323	0.469681	0.487899	0.63049	0.271101	0.0859982	0.376508	0.532489	0.604134	0.235101	0.252683	0.247916	
0.312381	0.292478	0.502415	0.822925	0.349745	0.573123	0.651677	0.701451	0.262119	0.725922	0.434245	0.245458	0.294245	0.61427	0.468243	0.368484	0.396673	0.0459306	0.399849	0.619219	0.566021	0.621233	0.103214	0.187479	0.506499	0.442661	0.483883	0.389711	0.336379	0.307495	
0.671946	0.511106	0.342349	0.144982	1.03466	0.113183	0.375404	0.0511876	0.427051	0.178924	0.809515	0.843179	0.497049	0.414457	0.337888	0.738573	0.567294	0.714825	0.366816	0.743454	0.169218	0.464756	0.781013	0.648941	0.204723	0.665711	0.793281	0.365456	0.767709	0.786652	
0.432441	0.433197	0.642808	0.93618	0.2535	0.690337	0.715263	0.814545	0.392469	0.823291	0.369402	0.29073	0.355522	0.669625	0.547767	0.476216	0.416231	0.0976618	0.539389	0.5972	0.696616	0.762141	0.125427	0.198456	0.613251	0.567181	0.588865	0.475956	0.275334	0.233383	
0.714163	0.553042	0.383685	0.10383	1.07129	0.148437	0.370309	0.0345314	0.465382	0.156925	0.829141	0.883748	0.523268	0.413961	0.355011	0.780908	0.585374	0.750257	0.409102	0.750195	0.211172	0.501641	0.818547	0.678463	0.23105	0.707768	0.835408	0.390123	0.791418	0.812225	
5.08128
6.25474
4.61755
7.57354
5.67892
5.84406
4.75215
5.9841
4.93682
4.70853
5.51667
6.50318
5.18294
5.06086
7.68637
