10	20
122.76	45.5099
35.4504	44.9866
31.0694	46.7353
80.4849	35.2539
169.053	125.321
48.0245	22.7769
13.6002	158.412
38.9188	139.401
127.355	99.3499
31.7958	55.6381
11.9068
23.4248
31.6677
0.25373
39.1554
16.279
6.94805
1.13408
44.7078
19.9898
33.9643
13.9264
38.0316
16.8558
2.71952
6.10364
13.2498
13.4162
43.6105
9.34708
0.172133	0.389642	0.558054	0.179034	0.524286	0.417952	0.284252	0.465077	0.553781	0.880726	0.359952	0.335985	0.790687	0.643124	0.317442	0.386655	0.671603	0.852959	0.0746454	0.291527	
0.792245	0.687112	0.42395	0.833937	0.676013	1.12108	0.650003	0.529312	0.498647	0.399601	0.862209	0.628428	0.15148	0.387687	0.774182	0.948713	0.341505	0.07895	0.869679	0.749384	
0.424379	0.542151	0.492248	0.479025	0.658306	0.811242	0.348675	0.140657	0.173101	0.809953	0.644118	0.411688	0.581156	0.573566	0.132817	0.713046	0.331529	0.616561	0.424094	0.137268	
0.045149	0.173667	0.365331	0.0676356	0.310396	0.393845	0.127832	0.412152	0.506402	0.671782	0.203733	0.139943	0.622778	0.443541	0.390458	0.271496	0.578518	0.691003	0.142498	0.347248	
0.318794	0.142318	0.126051	0.337473	0.156924	0.576141	0.226433	0.420677	0.492744	0.394462	0.315232	0.157161	0.397016	0.177147	0.54328	0.400838	0.481754	0.469497	0.416247	0.498303	
0.0171057	0.217547	0.38863	0.07274	0.355079	0.411517	0.127957	0.391953	0.486557	0.704493	0.243603	0.162446	0.637241	0.470619	0.34933	0.304826	0.570241	0.70367	0.105414	0.307191	
0.305343	0.439584	0.437959	0.359598	0.564122	0.691537	0.243853	0.167511	0.245609	0.771126	0.528558	0.312924	0.58217	0.525522	0.103275	0.595115	0.3836	0.629391	0.305826	0.0654234	
0.293269	0.238568	0.141724	0.335727	0.31547	0.643874	0.152451	0.255076	0.329115	0.479146	0.400883	0.135591	0.359103	0.231267	0.401339	0.487453	0.340976	0.425027	0.374586	0.358975	
0.284223	0.145349	0.12401	0.310303	0.200306	0.576549	0.177529	0.369312	0.444442	0.431603	0.319787	0.113515	0.394923	0.197526	0.489103	0.407172	0.444979	0.466481	0.379527	0.444268	
0.23412	0.0481945	0.304132	0.222383	0.126984	0.397737	0.235881	0.515064	0.601833	0.539655	0.136346	0.176169	0.576431	0.352783	0.560481	0.221263	0.627483	0.648859	0.325477	0.515108	
3.0502
4.62763
4.48666
3.71152
2.80569
4.50579
5.3107
4.56135
3.30991
4.35311
