15	30
144.06	103.553
72.4944	16.3721
70.9656	74.4962
54.7544	95.2073
112.263	105.02
113.492	125.151
163.255	94.7916
138.283	140.855
72.0033	41.7839
175.478	135.873
0.503808	152.908
106.286	76.1877
67.4399	135.636
92.124	65.6364
69.2989	70.24
179.672
144.723
136.428
322.857
451.012
356.084
220.001
376.509
302.831
35.0903
321.344
78.8343
160.804
194.194
168.954
89.0963
45.6622
256.501
123.785
179.775
407.039
459.652
105.389
284.172
421.644
208.545
403.659
52.197
422.635
259.463
0.450645	0.715004	0.752334	0.573543	0.40804	0.678969	0.201201	0.410755	0.199907	0.271225	0.122968	0.248045	0.466549	0.659412	0.407541	0.598064	0.584019	0.448941	0.571531	0.277745	0.266204	0.613113	0.493698	0.600513	0.633013	0.51395	0.147731	0.592845	0.382607	0.694641	
0.950913	0.621994	0.877076	1.02631	0.90544	0.241332	0.714094	0.195297	0.508872	0.604124	0.466258	0.760531	0.708871	0.186648	0.896366	0.919316	0.917525	0.903384	0.186196	0.237694	0.539105	0.528695	0.667082	1.02078	0.764912	0.859613	0.512576	0.289604	0.860447	0.709009	
0.811635	0.859097	1.02192	0.949316	0.772826	0.577085	0.534634	0.142272	0.502943	0.31133	0.41903	0.597121	0.775131	0.523986	0.777489	0.947421	0.93714	0.824916	0.502105	0.268857	0.563635	0.752852	0.769758	0.975084	0.899162	0.86871	0.280106	0.585191	0.756642	0.901001	
0.454851	0.541637	0.556205	0.502104	0.408227	0.622387	0.311941	0.493835	0.0170494	0.467713	0.0934822	0.319806	0.275385	0.622908	0.39045	0.436935	0.427765	0.380539	0.514624	0.304243	0.0698995	0.447238	0.297159	0.498689	0.436476	0.360808	0.340837	0.49985	0.34827	0.504236	
0.618362	0.465291	0.584679	0.664078	0.571701	0.457681	0.439981	0.379054	0.148751	0.500708	0.150734	0.463839	0.35568	0.457244	0.555393	0.556141	0.552325	0.544544	0.349443	0.180182	0.169963	0.359432	0.335836	0.652803	0.462044	0.491995	0.367963	0.343432	0.513829	0.474485	
0.917744	0.268703	0.15986	0.797254	0.884061	0.756846	0.926411	0.975779	0.639119	1.1079	0.720806	0.906043	0.414409	0.81189	0.848893	0.495023	0.51684	0.756226	0.712955	0.794636	0.574164	0.342529	0.354342	0.716126	0.225236	0.534946	0.976747	0.609429	0.803152	0.163465	
0.70486	0.432936	0.0960118	0.558895	0.67758	0.868832	0.7717	0.975556	0.545292	1.0045	0.634416	0.737141	0.268914	0.910565	0.641024	0.254233	0.277885	0.538382	0.797362	0.778298	0.478351	0.450576	0.263058	0.472323	0.155234	0.313346	0.882536	0.709943	0.59957	0.284965	
0.889634	0.298257	0.581819	0.896841	0.843364	0.233027	0.729887	0.467384	0.42189	0.754638	0.440652	0.751635	0.491178	0.271966	0.822106	0.707246	0.712875	0.789428	0.162482	0.340876	0.408278	0.209677	0.423554	0.863164	0.483688	0.67088	0.628676	0.0750185	0.776751	0.39633	
0.924762	0.0302999	0.324605	0.855322	0.883792	0.519452	0.860552	0.778877	0.540726	0.982427	0.605553	0.857214	0.416674	0.576413	0.852846	0.584181	0.599974	0.781407	0.48297	0.616461	0.488131	0.129998	0.332733	0.79137	0.284242	0.589474	0.849252	0.376669	0.804468	0.125995	
0.840691	0.458407	0.697575	0.887864	0.794122	0.239284	0.63803	0.297755	0.373977	0.609537	0.357543	0.672432	0.537956	0.232125	0.779327	0.752197	0.7524	0.769457	0.130725	0.188341	0.388699	0.35866	0.49072	0.871734	0.585332	0.698439	0.491768	0.173078	0.738573	0.533285	
0.157404	0.916787	0.708971	0.0729018	0.177362	1.13656	0.422457	0.972795	0.536504	0.72556	0.57468	0.356212	0.494256	1.14159	0.162813	0.374191	0.3506	0.142255	1.03067	0.807791	0.527504	0.860215	0.578855	0.16703	0.653185	0.329987	0.670447	1.00109	0.183818	0.805412	
0.520672	0.540741	0.26951	0.37258	0.496029	0.903555	0.617311	0.922309	0.451577	0.877233	0.537611	0.574731	0.193168	0.933332	0.459302	0.067876	0.0908394	0.353846	0.815864	0.723745	0.392234	0.521917	0.247837	0.28882	0.242122	0.132715	0.765507	0.746256	0.42045	0.403862	
0.731918	0.305071	0.0773457	0.617419	0.698211	0.741271	0.749815	0.87602	0.482126	0.951781	0.568759	0.725555	0.232826	0.78506	0.663017	0.321215	0.341138	0.570971	0.673565	0.682734	0.414788	0.320573	0.186915	0.54046	0.0476377	0.351793	0.823918	0.582963	0.617333	0.158175	
0.673236	0.384842	0.533882	0.69702	0.62675	0.411829	0.514873	0.419319	0.20323	0.582346	0.228255	0.533598	0.339822	0.422685	0.607014	0.552353	0.552148	0.583041	0.307819	0.228889	0.19762	0.278204	0.301172	0.674999	0.413812	0.498202	0.449936	0.280573	0.562824	0.405163	
1.05072	0.310144	0.648819	1.04593	1.00472	0.194813	0.895197	0.574643	0.585997	0.906442	0.60588	0.916895	0.622546	0.260951	0.982201	0.832276	0.841101	0.94351	0.211014	0.486074	0.568127	0.272093	0.545893	1.00512	0.572803	0.806851	0.784345	0.126364	0.936067	0.447124	
4.54224
5.36531
5.3629
6.16271
5.01472
4.58031
3.94148
4.20772
4.96974
3.96787
7.04719
5.16625
5.39715
5.38308
5.85409
