10	15
153.285	142.28
36.9007	99.4757
22.8058	10.7734
115.189	128.847
55.032	40.9885
62.259	76.4307
46.4259	27.0206
91.2593	77.1375
17.3955	39.8424
88.3337	73.7471
108.808
147.584
80.6615
297.54
64.5051
202.237
290.533
149.405
23.2667
199.357
61.6319
227.674
230.127
80.325
224.819
0.804028	0.577025	0.344536	0.203804	0.394737	0.806171	0.68777	0.445915	0.198467	0.28514	0.455344	0.650397	0.641665	0.505867	0.160197	
0.168349	0.226681	0.490017	0.794864	0.718578	0.727569	0.637999	0.372775	0.64351	0.853774	0.510687	0.662185	0.159172	0.439472	0.719182	
0.669	0.43874	0.247107	0.214071	0.402676	0.692364	0.568399	0.322991	0.171634	0.30011	0.317986	0.613421	0.487762	0.358728	0.126236	
0.362034	0.153585	0.265656	0.508318	0.52866	0.611093	0.492483	0.183362	0.388	0.571887	0.275654	0.58583	0.145059	0.229083	0.430833	
0.613111	0.406969	0.387637	0.320611	0.626314	0.438106	0.311342	0.37839	0.412906	0.357773	0.0505354	0.770573	0.351355	0.103515	0.273737	
0.140035	0.0988325	0.361347	0.720917	0.577546	0.775208	0.669774	0.243146	0.521078	0.789575	0.489506	0.523627	0.166238	0.430244	0.638627	
0.857951	0.635326	0.387236	0.267945	0.379907	0.887248	0.769906	0.497318	0.226976	0.33984	0.538861	0.649623	0.712796	0.58867	0.239596	
0.232821	0.351004	0.614796	0.903882	0.8403	0.757256	0.684179	0.497434	0.76795	0.957733	0.598218	0.766153	0.264301	0.5231	0.831632	
0.999917	0.769806	0.582441	0.14378	0.661446	0.731089	0.636925	0.662691	0.458911	0.115095	0.487348	0.916408	0.783795	0.560201	0.223727	
0.607984	0.395844	0.133275	0.385995	0.218078	0.851663	0.725084	0.250322	0.0322873	0.474493	0.463806	0.433154	0.507262	0.481455	0.304428	
2.81204
4.09404
5.1961
3.45601
3.69323
3.91512
3.86682
3.60519
5.14362
3.41936
