10	20
95.3707	159.34
90.9329	113.67
76.4248	133.354
67.1344	141.714
56.5627	80.1964
150.869	146.829
33.574	119.612
67.3758	70.2701
157.319	149.563
20.4755	146.471
1116.51
1206.65
1077.93
165.771
445.664
536.871
100.93
351.024
952.779
1099.01
798.078
915.485
825.577
1067.17
235.297
202.692
1118.7
27.2796
287.589
79.2021
0.0137937	0.985081	0.19751	0.747805	0.241063	0.715708	0.806647	0.894201	0.35678	0.613496	0.519542	0.417082	0.461624	0.504478	0.446299	0.654061	0.449356	0.663108	0.785027	0.526788	
0.354721	1.03858	0.484284	0.810025	0.543311	0.532427	0.602013	0.921322	0.537583	0.851001	0.80268	0.106265	0.479664	0.79014	0.124521	0.651117	0.713124	0.877797	0.953629	0.196696	
0.51374	0.633354	0.329856	0.454565	0.293943	0.805598	0.895876	0.604394	0.250843	0.0878646	0.100153	0.877464	0.446224	0.106898	0.900243	0.514539	0.0814545	0.153219	0.311941	0.885602	
1.03687	0.079378	0.886338	0.306752	0.887196	0.761362	0.797973	0.208264	0.69573	0.607847	0.759824	1.21549	0.63599	0.770316	1.22384	0.468213	0.728449	0.533501	0.373321	1.1025	
1.05958	0.0951287	0.909654	0.327883	0.910745	0.773347	0.807567	0.222388	0.718829	0.630881	0.783114	1.23456	0.656198	0.793673	1.24257	0.485983	0.752102	0.556394	0.395633	1.11924	
0.638368	0.84527	0.675732	0.663714	0.73292	0.186709	0.22829	0.716515	0.607434	0.896973	0.915851	0.43372	0.412498	0.908759	0.421872	0.47614	0.817497	0.891251	0.89997	0.234827	
0.541606	0.871423	0.594419	0.670552	0.653314	0.26325	0.323745	0.744568	0.549803	0.853186	0.856035	0.338931	0.381289	0.847569	0.330702	0.486482	0.757894	0.855829	0.883311	0.158764	
0.502999	0.70538	0.500941	0.497678	0.554409	0.212458	0.305241	0.580709	0.410635	0.69716	0.718593	0.452547	0.214032	0.712124	0.454287	0.316184	0.62046	0.692944	0.711124	0.319309	
0.582967	0.438312	0.484994	0.216062	0.515419	0.354409	0.435737	0.323608	0.307288	0.489184	0.563185	0.702108	0.132241	0.562663	0.710608	0.0643444	0.476124	0.462024	0.442733	0.599492	
0.540928	0.750619	0.366346	0.584411	0.314226	0.928225	1.02009	0.731225	0.352521	0.16845	0.0441688	0.939475	0.565836	0.0540944	0.964665	0.646493	0.142553	0.243336	0.407484	0.972531	
4.24928
4.20749
4.78751
4.74129
4.70976
3.3464
5.65435
4.24535
2.94883
6.11008
