15	30
41.9099	59.4956
28.283	47.6151
62.5892	136.096
122.483	87.4725
155.362	137.584
108.644	62.3843
168.48	98.3089
50.4757	131.209
141.954	156.096
157.781	70.3313
89.461	124.255
149.08	118.413
165.809	156.694
160.122	10.8802
42.5646	129.46
127.371
470.481
222.36
557.864
807.796
53.3084
72.6626
232.79
462.161
756.576
896.995
452.907
576.204
694.879
362.605
640.08
309.699
688.709
350.954
350.749
882.876
19.814
90.7734
745.803
793.423
955.058
519.998
807.461
335.767
1024.84
0.619882	0.518467	0.192491	0.509236	0.28514	0.440799	0.317548	0.535936	0.55495	0.497879	0.137706	0.802764	1.03839	0.641582	0.67116	0.788103	0.552184	0.310263	0.427893	0.219025	0.338447	0.703234	0.160371	0.535258	0.960485	0.790878	0.612027	0.75137	0.180381	0.526966	
0.503225	0.878545	0.714893	0.511467	0.681985	0.37419	0.340674	0.978251	0.821861	0.172097	0.585012	0.46668	0.947932	1.06124	0.869355	0.25075	0.926279	0.576461	0.779594	0.648598	0.684133	0.717754	0.706351	0.717023	0.868872	0.400869	0.680558	0.911899	0.723635	0.0747908	
0.152365	0.717015	0.819364	0.282965	1.02436	0.324514	0.455949	0.877138	0.589662	0.400651	0.68945	0.170083	0.39909	0.907968	0.545803	0.537817	0.76125	0.977624	0.657195	0.965575	0.616649	0.29113	0.890244	0.462183	0.323787	0.250093	0.335682	0.535727	0.870447	0.48191	
0.409325	0.738431	0.587104	0.391533	0.61067	0.25079	0.2005	0.838663	0.684996	0.0967301	0.452764	0.448801	0.870493	0.920959	0.73907	0.358525	0.786077	0.526473	0.63932	0.567045	0.543849	0.608938	0.591535	0.584538	0.789308	0.405321	0.560702	0.786847	0.602556	0.096613	
0.251873	0.366955	0.580219	0.188137	0.89447	0.326992	0.414054	0.533211	0.230889	0.529517	0.488206	0.516291	0.447605	0.550258	0.191082	0.799424	0.407159	0.897952	0.330342	0.828226	0.331362	0.112808	0.683035	0.114428	0.37871	0.575228	0.0275294	0.213454	0.645159	0.627265	
0.189999	0.767998	0.844127	0.319433	1.02454	0.332736	0.458632	0.925052	0.644784	0.371009	0.710044	0.101867	0.454054	0.961105	0.608172	0.475991	0.813376	0.969014	0.702776	0.968064	0.654783	0.356902	0.907485	0.515941	0.382248	0.182906	0.394643	0.60157	0.891577	0.443779	
0.669727	0.251946	0.146945	0.538573	0.532092	0.557304	0.492711	0.209725	0.357663	0.708091	0.230686	0.920024	0.972293	0.318584	0.490155	1.02641	0.265293	0.612266	0.210948	0.47264	0.205953	0.641708	0.259578	0.418246	0.907044	0.938967	0.546126	0.57707	0.203824	0.770634	
0.441888	0.772832	0.610295	0.42791	0.61151	0.287289	0.235192	0.870307	0.72127	0.11804	0.478401	0.465037	0.901095	0.954036	0.77603	0.340049	0.820276	0.520316	0.673327	0.571133	0.57704	0.644262	0.608492	0.621427	0.820188	0.415601	0.597209	0.823747	0.622388	0.0816805	
0.357787	0.543776	0.408362	0.278729	0.536099	0.165883	0.0329585	0.640361	0.503218	0.227799	0.268282	0.513836	0.811296	0.723397	0.57537	0.543786	0.590747	0.495467	0.443599	0.478356	0.346487	0.502178	0.438284	0.41854	0.729938	0.502779	0.430809	0.635213	0.436544	0.28915	
0.287316	0.719694	0.644236	0.305778	0.732222	0.180824	0.217976	0.842515	0.641317	0.048786	0.503491	0.310376	0.738405	0.911977	0.671315	0.331726	0.768555	0.659435	0.627026	0.682775	0.542384	0.502956	0.67251	0.525468	0.65817	0.277775	0.471892	0.706269	0.672984	0.141205	
0.465747	0.171327	0.281644	0.336325	0.64376	0.388548	0.369006	0.283776	0.182189	0.573636	0.236259	0.727729	0.758141	0.353317	0.306595	0.891518	0.2176	0.684169	0.0704213	0.577543	0.0357215	0.424855	0.396393	0.204333	0.691114	0.757943	0.328939	0.391705	0.350189	0.653745	
0.692861	0.828865	0.535649	0.634732	0.361266	0.505873	0.387335	0.872742	0.827795	0.409525	0.452354	0.761253	1.15663	0.974809	0.919281	0.581685	0.869145	0.241377	0.729758	0.34418	0.629675	0.859572	0.475452	0.764767	1.07478	0.712984	0.78924	0.986031	0.51346	0.368415	
0.563004	0.704296	0.448288	0.497451	0.391256	0.3727	0.249453	0.763302	0.693771	0.312042	0.341896	0.660652	1.02446	0.860979	0.781548	0.550495	0.746728	0.309016	0.603771	0.351186	0.502762	0.721713	0.416309	0.626385	0.942705	0.623818	0.650042	0.847163	0.442126	0.301673	
0.142841	0.462536	0.620148	0.121315	0.89702	0.257706	0.369229	0.625279	0.333373	0.445477	0.509196	0.405887	0.423715	0.651946	0.300927	0.697547	0.505831	0.883378	0.410419	0.832407	0.387473	0.104502	0.711388	0.206477	0.345529	0.464985	0.083292	0.312531	0.680332	0.543476	
0.373859	0.588793	0.85514	0.406029	1.16861	0.538216	0.654042	0.753049	0.449351	0.706986	0.765113	0.540755	0.185971	0.737764	0.334118	0.906799	0.616519	1.16409	0.583022	1.10275	0.603199	0.183652	0.959873	0.375954	0.144538	0.623636	0.271774	0.26918	0.921002	0.802303	
7.32136
7.05601
6.79656
5.4348
4.63017
5.23333
3.96249
6.6904
5.17893
4.66787
5.84201
5.05753
4.29639
4.46458
7.53679
