10	15
78.1937	109.823
67.7587	21.6741
74.7409	69.1815
126.702	60.3289
173.012	36.1347
158.347	112.005
26.8664	132.261
166.819	86.4688
148.241	78.4662
149.751	122.091
50.8939
64.7785
26.2746
16.0917
80.0902
29.6918
9.18978
14.9851
84.3268
6.6755
10.268
59.7203
29.3598
23.2442
46.6986
0.521001	0.431618	0.217897	0.224116	0.328	0.582753	0.138005	0.69302	0.472373	0.237747	0.401503	0.552292	0.894823	0.411311	0.692067	
0.267361	0.687238	0.0411584	0.477321	0.469925	0.422768	0.393988	0.818978	0.566295	0.226398	0.655731	0.338989	0.923141	0.34334	0.80595	
0.559205	0.780039	0.497536	0.650083	0.302869	0.299034	0.564938	0.438303	0.223369	0.673646	0.776048	0.417467	0.435356	0.153404	0.408101	
0.19837	0.764565	0.150261	0.560865	0.473616	0.311561	0.471271	0.796218	0.540339	0.339986	0.737074	0.227126	0.856443	0.268922	0.777976	
1.16473	0.379658	0.893737	0.530619	0.52594	1.0641	0.567044	0.511584	0.581101	0.904138	0.423421	1.12016	0.877728	0.848165	0.548637	
0.781854	0.773252	0.677744	0.701051	0.318007	0.517106	0.63446	0.231226	0.161698	0.830061	0.782488	0.642787	0.275051	0.370611	0.1948	
0.562731	0.553634	0.374492	0.419199	0.108526	0.435096	0.336521	0.433724	0.184711	0.508995	0.546831	0.489184	0.594254	0.217863	0.422254	
0.578998	0.834434	0.54274	0.706661	0.355222	0.291728	0.621598	0.451407	0.260345	0.723019	0.831253	0.424523	0.401484	0.189201	0.417939	
0.861717	0.223975	0.582785	0.249477	0.279495	0.803512	0.261643	0.483971	0.401146	0.598132	0.241414	0.836047	0.806875	0.587382	0.504556	
1.01603	0.262344	0.740095	0.381318	0.398003	0.936268	0.412506	0.482949	0.483016	0.749838	0.300441	0.981121	0.838453	0.719027	0.513482	
6.01542
6.79407
7.1638
5.25483
4.95641
4.86109
7.70451
4.74632
5.49214
4.58494
