10	15
42.5759	107.499
106.992	116.816
124.363	157.157
141.38	30.1241
4.64589	146.26
32.0121	74.1368
161.409	49.5497
51.0613	117.353
6.40212	91.5954
172.377	147.266
393.994
295.234
300.517
84.039
295.563
271.664
403.031
81.5153
94.3475
70.9763
407.073
153.872
283.694
185.092
138.58
0.355731	0.376153	0.442218	0.38961	0.610805	0.277736	0.426781	0.10723	0.282321	0.218441	0.433626	0.618652	0.38737	0.394228	0.488268	
0.455389	0.378993	0.251174	0.280862	0.448145	0.234681	0.636912	0.322304	0.506416	0.0391773	0.589821	0.601567	0.362933	0.504127	0.707367	
0.550203	0.867092	0.604093	0.252773	0.0645443	0.374608	0.890015	0.677925	0.841323	0.468032	0.722278	0.365284	0.333391	0.58634	0.983728	
0.844108	0.573213	0.231765	0.53903	0.505822	0.587171	1.0615	0.745515	0.926783	0.447807	0.998684	0.86477	0.678916	0.893852	1.13092	
0.16625	0.760489	0.65554	0.218931	0.402044	0.187591	0.516026	0.388964	0.505397	0.382633	0.335013	0.208318	0.0751227	0.198906	0.611697	
0.309891	0.664483	0.787851	0.594394	0.826698	0.475	0.0807678	0.239452	0.106236	0.536886	0.215305	0.642148	0.502547	0.30167	0.156823	
0.114912	0.809421	0.813499	0.459311	0.662765	0.3736	0.295452	0.351733	0.36123	0.527964	0.081243	0.382293	0.325035	0.0667914	0.388385	
0.528338	0.382142	0.178922	0.308501	0.435003	0.291759	0.717855	0.402078	0.584942	0.110075	0.668278	0.644211	0.413427	0.577664	0.78744	
0.349206	0.411965	0.367767	0.274532	0.486573	0.179605	0.51698	0.20761	0.393723	0.0992461	0.472236	0.547694	0.306032	0.396119	0.589921	
0.873493	0.56975	0.237599	0.573125	0.543113	0.617629	1.08305	0.765476	0.944995	0.471853	1.0259	0.900636	0.712092	0.923292	1.15058	
5.61878
3.96111
3.81345
3.51593
6.29091
5.55516
3.20942
5.19581
6.94168
3.1917
