15	30
145.958	104.246
6.26992	58.8379
28.535	12.5001
28.1114	150.384
30.2954	73.9664
56.323	81.8744
138.799	73.8518
114.306	22.9215
138.609	101.648
156.516	47.0748
148.372	34.6013
64.5517	29.292
159.799	51.3649
71.5568	141.295
88.2221	88.8537
188.291
143.846
57.3965
108.43
197.754
75.3479
63.8867
92.5956
17.2086
41.5261
157.533
185.67
94.1577
228.186
200.042
204.937
79.8066
168.255
160.058
111.123
125.158
29.0995
117.89
161.314
141.249
23.105
144.834
16.4604
213.398
27.1483
0.750757	0.691562	0.529022	0.699533	0.537316	0.288761	0.314019	0.786168	0.794686	1.05777	0.709388	0.490163	0.318329	0.608051	0.608061	0.976235	0.268944	0.360816	0.195069	0.430167	0.174048	0.139516	0.503853	0.834369	0.792519	0.814721	0.793996	0.195246	0.357897	0.533344	
0.271104	0.707922	0.464202	0.613843	0.977403	0.813314	0.846659	0.473153	0.988321	0.859883	0.382366	0.573057	0.512778	0.0154696	0.092667	0.886239	0.815364	0.414446	0.423282	0.776198	0.715049	0.735646	0.637685	0.932915	0.789928	0.928253	0.206596	0.618386	0.240584	0.0682113	
0.361327	0.220872	0.0922147	0.121248	0.677074	0.64848	0.678567	0.21171	0.527509	0.446394	0.196303	0.194102	0.315353	0.508212	0.41088	0.412471	0.674733	0.263266	0.452708	0.469489	0.794584	0.710244	0.24708	0.446916	0.296013	0.446158	0.538706	0.485791	0.484128	0.496784	
0.214869	0.369793	0.231139	0.246954	0.84335	0.793142	0.824845	0.0695833	0.6842	0.440659	0.0409681	0.357745	0.443995	0.43208	0.328292	0.473846	0.815289	0.3629	0.530228	0.633233	0.885674	0.825371	0.415048	0.58685	0.419637	0.590727	0.406125	0.614726	0.494665	0.446109	
0.352526	0.291048	0.27278	0.170676	0.828575	0.825042	0.854189	0.116021	0.59835	0.29665	0.188632	0.36329	0.496652	0.580539	0.476754	0.328561	0.852826	0.439358	0.624517	0.630067	0.972365	0.891449	0.403547	0.481847	0.308848	0.490754	0.545702	0.666861	0.623082	0.591647	
0.445702	0.553139	0.319838	0.508448	0.679149	0.501792	0.535092	0.514496	0.770143	0.843209	0.427316	0.362917	0.23467	0.325035	0.305411	0.805089	0.50405	0.169602	0.115611	0.490932	0.456174	0.438621	0.413773	0.754255	0.653032	0.742213	0.494968	0.307999	0.117418	0.25834	
0.616589	0.12921	0.239539	0.218582	0.443456	0.492273	0.51508	0.460914	0.290792	0.535434	0.456388	0.129983	0.282827	0.71304	0.629091	0.411541	0.5279	0.321961	0.481563	0.260509	0.749376	0.622954	0.0819271	0.265373	0.217473	0.251573	0.782878	0.396916	0.604214	0.680384	
0.529588	0.0683949	0.239669	0.0713178	0.629149	0.674509	0.69925	0.3243	0.374467	0.350711	0.354669	0.233552	0.405281	0.695628	0.59785	0.254737	0.708195	0.396877	0.584291	0.449325	0.895884	0.785033	0.23874	0.269615	0.108698	0.273827	0.715825	0.553888	0.654512	0.682766	
0.642996	0.374477	0.524617	0.341952	0.918869	0.995252	1.01855	0.406554	0.56206	0.0523996	0.492427	0.555297	0.722969	0.885748	0.781979	0.12697	1.03003	0.69646	0.887524	0.761629	1.2147	1.10849	0.562119	0.416627	0.299216	0.438658	0.832833	0.877215	0.918063	0.897424	
0.651471	0.501497	0.361277	0.517957	0.431697	0.249666	0.283425	0.637958	0.615545	0.876822	0.573127	0.302594	0.13767	0.579894	0.547359	0.787459	0.2585	0.213032	0.160337	0.270152	0.360611	0.257733	0.312745	0.645606	0.601905	0.62673	0.738044	0.0524667	0.358492	0.514316	
1.02926	0.456743	0.66268	0.581839	0.421773	0.648748	0.649761	0.839998	0.141917	0.729665	0.859719	0.5472	0.653932	1.13542	1.05274	0.55225	0.688721	0.725337	0.84429	0.443187	1.0053	0.848558	0.483864	0.269882	0.436112	0.25384	1.20325	0.682215	1.00343	1.09899	
0.871366	0.327847	0.491647	0.449756	0.304014	0.484728	0.49217	0.705784	0.122178	0.683352	0.709547	0.366752	0.46091	0.953761	0.875902	0.518169	0.525385	0.535963	0.650559	0.257849	0.826406	0.673757	0.301012	0.239025	0.349555	0.213343	1.03589	0.49293	0.811531	0.913383	
0.82969	0.597043	0.51449	0.643905	0.316115	0.0750233	0.107337	0.799562	0.620446	0.995909	0.742122	0.423551	0.294527	0.75315	0.725778	0.882775	0.0792545	0.386761	0.319624	0.24893	0.327175	0.170946	0.407104	0.688444	0.688553	0.665595	0.91663	0.12899	0.519288	0.684603	
0.984421	0.414828	0.615415	0.540295	0.391927	0.609685	0.612347	0.799024	0.102563	0.706367	0.815966	0.498712	0.605004	1.08709	1.005	0.530254	0.649958	0.676268	0.795866	0.397907	0.962669	0.806985	0.435107	0.2418	0.401395	0.222761	1.15699	0.636032	0.954357	1.05022	
0.504676	0.113911	0.24921	0.0615571	0.674511	0.7145	0.739929	0.289582	0.413442	0.312961	0.32927	0.265065	0.433094	0.685939	0.58598	0.236103	0.747439	0.41481	0.604692	0.492625	0.924831	0.818596	0.27772	0.300178	0.12966	0.307247	0.693853	0.587317	0.66167	0.678037	
3.75585
7.41517
6.78961
5.77564
6.33472
5.04602
4.17323
3.88486
4.26555
3.45682
4.14861
5.10642
3.43455
4.62524
4.3459
