10	20
22.6109	80.9796
82.1804	155.18
57.2123	96.6604
16.2135	117.142
152.435	54.9927
25.8022	30.7722
117.578	12.9774
99.5868	61.9309
80.0691	71.4747
23.0537	150.433
28.4124
2.01633
21.7773
57.6635
25.7414
51.5744
47.507
9.68205
60.5139
25.2602
10.9094
7.8884
25.6417
0.348846
35.2544
64.8498
18.6451
22.763
34.6962
3.88326
0.642119	0.221202	0.461163	0.273973	0.496799	0.712638	0.414267	0.487041	0.117023	0.226429	0.183305	0.273386	0.283743	0.521499	0.216602	0.307443	0.262262	0.625471	0.290115	0.755323	
0.37329	0.734024	0.440236	0.853545	0.917344	0.140681	0.473496	0.978785	0.491781	0.810445	0.767701	0.328263	0.626022	0.848174	0.732027	0.53685	0.732245	0.690261	0.328947	0.589877	
0.474293	0.739089	0.533122	0.893971	0.989451	0.0931964	0.431491	1.04176	0.534979	0.848554	0.790108	0.351291	0.695977	0.929119	0.784917	0.612395	0.729262	0.786849	0.388866	0.690904	
0.116737	0.736819	0.113866	0.710954	0.643722	0.486109	0.664736	0.737462	0.411402	0.681847	0.703989	0.396611	0.390814	0.543137	0.554944	0.292463	0.762578	0.335542	0.268078	0.273234	
0.66047	0.209724	0.514642	0.402697	0.641002	0.62767	0.268851	0.632284	0.17617	0.353602	0.261117	0.199054	0.405365	0.656425	0.36237	0.401261	0.217556	0.718878	0.28615	0.807874	
0.273958	0.686935	0.0778184	0.585869	0.463248	0.654468	0.719492	0.565762	0.368443	0.56631	0.621516	0.442631	0.245541	0.35726	0.424294	0.165655	0.724909	0.19541	0.302126	0.298141	
0.341044	0.630128	0.129198	0.514183	0.400689	0.68654	0.697021	0.49754	0.321536	0.495908	0.557097	0.424907	0.173318	0.306142	0.352571	0.102365	0.671125	0.222252	0.290119	0.367757	
0.790421	0.650648	0.582043	0.347087	0.0545533	1.10224	0.929472	0.0896696	0.535411	0.37763	0.516158	0.726528	0.336724	0.191092	0.300766	0.427812	0.709	0.503101	0.644247	0.755611	
0.587396	0.556868	0.567261	0.761807	0.926786	0.299993	0.220019	0.953629	0.429052	0.713538	0.630423	0.235215	0.640167	0.895398	0.682329	0.578491	0.538149	0.825742	0.343991	0.794526	
0.678112	0.309416	0.470992	0.151267	0.345664	0.838082	0.574835	0.326306	0.21973	0.119913	0.19512	0.41196	0.212082	0.394396	0.0622553	0.284615	0.364787	0.567876	0.382696	0.746639	
4.62529
3.17229
3.59954
4.57182
2.77024
4.47259
3.14732
3.24942
3.45717
4.26399
