10	20
126.095	116.115
112.088	36.9253
25.0164	147.787
98.986	137.654
27.1702	145.021
4.02068	26.6714
12.5759	54.9034
44.8737	105.835
13.4854	44.7866
113.794	90.4675
178.419
225.09
172.731
76.0407
515.856
33.9525
333.242
254.01
342.07
424.412
58.5315
26.4881
279.933
151.987
533.519
204.138
25.3099
315.713
99.3408
280.047
0.25015	0.463983	0.559216	0.560303	0.680659	0.341254	0.235588	0.343547	0.96057	0.389276	0.461115	0.529878	0.078191	0.333606	0.299781	0.802791	0.715281	0.816915	0.19488	0.809451	
0.405194	1.01918	0.0380467	0.0610589	0.281248	0.24178	0.800033	0.645942	0.960875	0.768715	0.776532	0.252407	0.655777	0.817361	0.526081	0.294585	0.587865	0.920649	0.550411	0.884758	
0.717684	0.42208	0.853375	0.869314	0.764552	0.67779	0.40589	0.215363	0.577414	0.123388	0.0790624	0.647785	0.532171	0.236057	0.334435	0.921749	0.548769	0.392639	0.706547	0.41072	
0.843418	0.335293	1.02882	1.04254	0.961224	0.838254	0.43005	0.389013	0.714534	0.266127	0.272853	0.839615	0.603875	0.277071	0.508374	1.11817	0.743061	0.525409	0.801375	0.556092	
0.686631	0.740777	0.649702	0.672576	0.456937	0.553726	0.630075	0.290952	0.377018	0.369304	0.301566	0.387765	0.654251	0.507153	0.295081	0.609581	0.189045	0.286327	0.747663	0.256048	
0.791904	0.794882	0.743324	0.767036	0.523621	0.657614	0.70767	0.371912	0.27243	0.427039	0.346551	0.475941	0.748593	0.57021	0.394587	0.66881	0.20128	0.194093	0.850526	0.156963	
0.674234	0.173019	0.912009	0.921635	0.905712	0.704634	0.226259	0.319254	0.826915	0.206913	0.277279	0.766855	0.409916	0.107101	0.418071	1.05764	0.75919	0.641595	0.613154	0.660167	
0.877657	0.996828	0.7338	0.759825	0.450711	0.710759	0.88807	0.54933	0.272251	0.625582	0.551142	0.468401	0.897544	0.765484	0.535619	0.565938	0.130047	0.33479	0.963422	0.28667	
0.726914	0.0754602	0.994338	1.00196	1.00822	0.781401	0.246456	0.426824	0.930624	0.318485	0.388557	0.86624	0.440876	0.201145	0.518468	1.15812	0.870975	0.743385	0.646048	0.764671	
0.416232	0.53262	0.530556	0.544766	0.506213	0.349812	0.360118	0.112958	0.676472	0.232365	0.252651	0.364082	0.347216	0.301484	0.0177086	0.655662	0.442203	0.543561	0.449127	0.530717	
2.25283
2.64931
3.99181
2.79978
3.99099
4.17272
4.09405
3.62264
3.98864
2.40907
