10	20
143.779	149.807
82.8961	125.598
105.72	122.18
139.627	37.9323
86.4951	30.3289
55.6928	42.6805
167.931	155.243
110.63	90.2661
9.11816	89.4278
124.102	37.7386
229.994
238.362
20.2554
14.0122
279.54
129.6
252.711
158.705
108.49
263.514
195.649
147.212
136.137
91.7912
169.635
49.4496
148.507
12.8166
44.883
246.077
0.201649	0.271219	0.488023	0.32931	0.372245	0.448755	0.627539	0.579027	0.379565	0.947348	0.780977	0.704133	0.432779	0.160874	0.778895	0.777737	0.31349	0.613639	0.432282	0.302334	
0.54007	0.370056	0.865851	0.71104	0.427712	0.0854966	0.611278	0.276919	0.723887	1.1425	0.92242	0.888012	0.806146	0.446143	0.833286	0.870423	0.348721	0.915072	0.0550728	0.421512	
0.319398	0.533117	0.202475	0.289966	0.55944	0.89905	0.707187	0.954656	0.13432	0.598791	0.566624	0.451358	0.165911	0.409958	0.696668	0.640247	0.584331	0.165133	0.895604	0.501587	
0.597429	0.479284	0.805722	0.790852	0.388071	0.783809	0.231165	0.699051	0.599373	0.404704	0.160353	0.224676	0.743419	0.568092	0.0721971	0.0674169	0.471015	0.514875	0.805974	0.432171	
0.32385	0.318885	0.604048	0.439751	0.418875	0.365682	0.668699	0.524466	0.503568	1.05204	0.871092	0.803403	0.552236	0.265627	0.84561	0.855015	0.344304	0.734868	0.34234	0.362951	
0.598169	0.364999	0.901655	0.828031	0.268393	0.529836	0.077453	0.40743	0.687683	0.709411	0.463843	0.496231	0.831805	0.522491	0.300763	0.36794	0.322853	0.711816	0.558896	0.345847	
0.481007	0.434235	0.650452	0.65134	0.366991	0.791736	0.324549	0.746234	0.45082	0.349453	0.145066	0.100737	0.590845	0.475458	0.233811	0.178394	0.445544	0.3526	0.807545	0.38184	
0.234763	0.4734	0.162749	0.197679	0.515392	0.823126	0.693547	0.893656	0.0590284	0.673188	0.60973	0.497639	0.0999967	0.332419	0.716071	0.669255	0.527581	0.24903	0.817039	0.449387	
0.628227	0.373326	0.950033	0.86047	0.291844	0.455076	0.179058	0.312985	0.739965	0.811971	0.566398	0.594061	0.879644	0.541666	0.402571	0.471098	0.322024	0.79108	0.486999	0.368575	
0.67769	0.414032	1.00979	0.90883	0.348259	0.40875	0.272194	0.241905	0.804145	0.905094	0.659517	0.686008	0.93948	0.584627	0.493061	0.563378	0.358763	0.872752	0.443358	0.420105	
4.5553
5.92539
5.13549
4.07686
5.76876
6.45029
4.46533
4.55214
8.48038
4.63198
