10	15
175.519	47.8262
9.19362	85.6583
108.654	97.3348
22.8982	32.4802
138.679	78.6303
14.6819	74.7662
52.9598	151.697
111.784	135.395
1.71575	72.4284
131.298	69.7987
2.79047
451.889
204.78
296.92
200.242
331.42
282.283
415.963
243.851
371.279
88.2091
345.443
117.114
373.322
504.571
0.743399	0.0267485	0.545368	0.8158	0.928737	0.890589	0.807437	0.745908	0.634034	0.741648	0.747128	0.485796	0.755849	0.21235	0.84003	
0.185592	0.665815	0.703736	0.66401	0.302209	0.257459	0.575835	0.384018	0.493785	0.776805	0.117521	0.662056	0.3517	0.510603	0.24063	
0.962993	0.816646	0.295773	0.146591	0.816193	0.820083	0.251816	0.43529	0.286915	0.104289	0.873322	0.344795	1.12017	0.902725	0.726467	
0.487972	0.333649	0.7168	0.881284	0.753685	0.708258	0.835553	0.705019	0.679204	0.882442	0.524794	0.655704	0.459676	0.0960195	0.686178	
0.668291	0.385667	0.234192	0.432338	0.699088	0.675554	0.427063	0.405444	0.25413	0.391515	0.615872	0.178266	0.77506	0.450774	0.597295	
0.477635	0.790362	0.582492	0.400613	0.279983	0.281481	0.297138	0.104004	0.302831	0.572851	0.372748	0.566697	0.662174	0.719876	0.187944	
0.0232692	0.763557	0.893211	0.863812	0.373333	0.325968	0.773118	0.577421	0.69464	0.976534	0.130716	0.847402	0.168322	0.561128	0.364914	
0.284295	0.651166	0.619844	0.563346	0.29687	0.261695	0.475413	0.285604	0.396085	0.680919	0.200071	0.582533	0.451795	0.529405	0.209041	
0.725874	1.19971	0.928079	0.627865	0.376742	0.423223	0.536281	0.461011	0.649807	0.845741	0.625315	0.929506	0.912625	1.11609	0.401684	
0.869185	0.306223	0.25599	0.589283	0.936344	0.910874	0.617924	0.636978	0.458276	0.457208	0.832234	0.209387	0.944747	0.489895	0.835092	
3.02208
5.39542
4.0511
5.21347
3.15416
5.92669
4.62025
4.01008
5.89943
3.37635
