15	30
15.6325	63.4905
23.6069	37.8286
78.9588	10.9717
104.444	76.8022
167.713	52.7355
87.4611	26.9323
24.9723	67.6461
172.248	92.7666
59.2538	133.592
121.158	152.128
89.8486	106.166
36.2018	55.6986
65.8173	117.448
155.485	55.1965
83.8515	107.582
37.9983
44.1913
45.7171
20.9267
31.781
44.4288
17.8514
26.2343
25.8498
42.6495
1.31152
9.83036
46.5524
32.3503
21.9022
16.2473
3.85505
18.5008
42.5387
26.1666
2.28212
1.65184
41.2055
38.9506
24.9424
23.9226
27.1302
7.30962
39.1952
7.84953
0.440173	0.58582	0.654619	0.315097	0.802776	0.554736	0.57001	0.574626	0.24856	0.627829	0.520867	0.620832	0.0632766	0.456281	0.10448	0.0151042	0.157116	0.566637	0.445231	0.661166	0.069698	0.244471	0.604703	0.663024	0.206915	0.743591	0.739692	0.624123	0.409937	0.683462	
0.171851	0.0981726	1.09615	0.472696	0.792348	0.353154	0.650802	0.945012	0.625251	0.191636	0.0668906	0.559914	0.522122	0.833776	0.569011	0.512218	0.659054	0.281926	0.167523	0.518376	0.567135	0.750227	0.837664	0.183493	0.712035	0.769078	0.638212	0.138296	0.292458	0.585395	
0.46996	0.730663	0.548085	0.717467	0.405392	0.404989	0.171799	0.345977	0.216153	0.626749	0.686288	0.306116	0.488842	0.266727	0.520666	0.440189	0.500558	0.477069	0.475598	0.392572	0.469412	0.508543	0.20996	0.694028	0.472189	0.338299	0.408819	0.770079	0.72541	0.369619	
0.347888	0.564956	0.625861	0.463951	0.617036	0.404273	0.385517	0.487433	0.155128	0.537969	0.507955	0.438861	0.248439	0.370784	0.28911	0.20097	0.305976	0.437089	0.353868	0.487487	0.244417	0.357176	0.451465	0.589409	0.314469	0.558573	0.557825	0.605672	0.488685	0.502931	
0.129867	0.155607	1.03699	0.444418	0.757159	0.325095	0.6043	0.886842	0.566103	0.210853	0.109382	0.524002	0.470532	0.775137	0.518478	0.458072	0.605611	0.263743	0.126927	0.491036	0.513834	0.695243	0.784356	0.22144	0.65649	0.729926	0.609648	0.196211	0.282993	0.554764	
0.628923	0.889552	0.730998	1.00421	0.124209	0.466429	0.168637	0.509471	0.529041	0.71664	0.863989	0.254738	0.796118	0.498187	0.831367	0.747589	0.814962	0.552612	0.632777	0.337888	0.781221	0.818634	0.258993	0.789796	0.784034	0.0634979	0.255701	0.923443	0.971447	0.267848	
0.597279	0.818235	0.372437	0.620733	0.667623	0.612509	0.439423	0.267253	0.100984	0.783668	0.759906	0.566772	0.355026	0.150654	0.362151	0.315957	0.295232	0.664226	0.603335	0.644343	0.310978	0.264887	0.356455	0.839218	0.238492	0.598394	0.675184	0.85889	0.706299	0.63224	
0.162592	0.346705	0.843932	0.392206	0.675413	0.313425	0.48056	0.70031	0.373391	0.349785	0.290257	0.452437	0.31341	0.586109	0.364186	0.288516	0.435324	0.301847	0.167413	0.45671	0.346516	0.517045	0.623239	0.388835	0.476316	0.633158	0.561048	0.387414	0.32511	0.502073	
0.805074	1.00043	0.262686	0.69588	0.877675	0.840391	0.659741	0.323341	0.32269	0.995622	0.937748	0.79605	0.445573	0.271468	0.424883	0.427481	0.320379	0.887297	0.811006	0.875318	0.390873	0.227622	0.524704	1.0457	0.241249	0.807425	0.901702	1.04019	0.833368	0.860975	
0.319491	0.496894	0.701088	0.360992	0.702836	0.427778	0.478084	0.581659	0.241537	0.510085	0.435301	0.50666	0.178616	0.462915	0.227428	0.140504	0.279863	0.440059	0.324882	0.53966	0.196796	0.356132	0.557457	0.551102	0.314846	0.648312	0.624554	0.536955	0.38627	0.567054	
0.782634	0.785306	0.937442	0.280479	1.25111	0.951299	1.01969	0.945546	0.67558	0.932042	0.725544	1.05823	0.38662	0.840724	0.352655	0.435016	0.40025	0.935206	0.78545	1.08436	0.404702	0.458602	1.03681	0.935978	0.466846	1.19304	1.17549	0.809264	0.484494	1.11744	
0.615673	0.881817	0.607275	0.93187	0.24793	0.484812	0.140839	0.385085	0.421741	0.733888	0.847697	0.296309	0.70616	0.371673	0.737016	0.65753	0.709957	0.570057	0.620391	0.392076	0.685235	0.70515	0.135554	0.806351	0.672644	0.179584	0.341795	0.918539	0.923488	0.333856	
0.601367	0.858935	0.429873	0.794176	0.452662	0.537005	0.252601	0.216928	0.239662	0.760891	0.811866	0.414259	0.544056	0.16371	0.565731	0.497291	0.520356	0.61074	0.60711	0.507455	0.512614	0.50184	0.122743	0.82793	0.472983	0.382365	0.501271	0.898796	0.829076	0.472228	
0.555109	0.778257	0.981052	1.03116	0.16529	0.355452	0.309973	0.759255	0.679979	0.567596	0.77253	0.199112	0.879763	0.721863	0.924375	0.834928	0.938825	0.424769	0.556545	0.190051	0.881711	0.969124	0.514584	0.635903	0.929139	0.210652	0.0807773	0.804118	0.942507	0.139281	
0.551181	0.813886	0.709728	0.922755	0.162217	0.397615	0.0870352	0.487637	0.461177	0.648755	0.786175	0.194023	0.718625	0.457979	0.755251	0.670277	0.743791	0.48404	0.555249	0.286417	0.705888	0.753352	0.243227	0.721878	0.717213	0.0934646	0.229969	0.848623	0.889328	0.224097	
8.7415
8.89911
7.60341
6.92711
5.25515
7.24233
9.79142
5.43511
7.10154
5.94067
6.38642
7.92096
7.00198
5.64747
6.29836
