10	20
175.372	93.4171
134.088	56.6286
101.865	142.351
45.8489	122.076
171.635	104.565
6.29945	62.3476
171.943	122.326
114.219	64.8278
171.299	156.001
10.7896	49.0157
475.323
645.691
337.13
343.855
81.3779
639.015
398.221
590.143
570.82
651.164
580.526
258.364
753.195
607.586
318.922
429.297
494.322
595.436
441.849
523.324
0.62383	0.759036	0.656398	0.498347	0.580389	1.2267	0.325926	1.06441	0.410116	0.837202	0.457517	0.642065	0.284501	0.47386	0.383697	0.564501	0.615343	0.408699	0.269746	0.83975	
0.427002	0.931141	0.372151	0.589856	0.742992	0.281332	0.755451	0.1821	0.708119	0.562849	0.888272	0.799957	0.757072	0.831074	0.640165	0.577114	0.573077	0.614459	0.904621	0.358791	
0.170929	0.425635	0.248417	0.464715	0.194297	0.672021	0.502169	0.518261	0.525356	0.750905	0.33497	0.268125	0.326324	0.277145	0.293772	0.0399327	0.575567	0.317423	0.395193	0.253986	
0.229729	0.375313	0.303835	0.538812	0.17473	0.656111	0.576517	0.510203	0.600672	0.815156	0.342007	0.229443	0.390578	0.284636	0.367886	0.10887	0.646738	0.392616	0.435053	0.237314	
0.529097	0.402621	0.582455	0.865429	0.419532	0.602104	0.921629	0.52423	0.939956	1.0867	0.587555	0.389251	0.732501	0.544164	0.71347	0.455485	0.955359	0.734936	0.739006	0.348782	
0.642756	0.232544	0.711529	0.953167	0.387326	0.8344	0.966593	0.74609	1.00414	1.22696	0.506547	0.315038	0.740733	0.482874	0.762267	0.512557	1.064	0.795523	0.688028	0.529466	
0.434824	0.595175	0.478503	0.402658	0.38895	1.03637	0.280022	0.874738	0.358963	0.765057	0.301302	0.459791	0.0933752	0.299349	0.218272	0.360815	0.538228	0.257772	0.130538	0.639874	
0.492674	0.868121	0.466856	0.741037	0.727561	0.110411	0.88843	0.052114	0.855704	0.767103	0.894779	0.764341	0.835465	0.836863	0.7362	0.598077	0.750877	0.722161	0.953125	0.316971	
0.427473	0.803075	0.429608	0.202288	0.565316	1.00235	0.0312924	0.842431	0.116206	0.541963	0.5315	0.649308	0.221032	0.513349	0.195605	0.453908	0.31755	0.183541	0.37924	0.666415	
0.490832	0.582669	0.519799	0.824018	0.527172	0.399803	0.917699	0.338007	0.917333	0.982779	0.706106	0.527107	0.772716	0.653955	0.71971	0.486984	0.888598	0.728475	0.825371	0.257178	
4.66216
5.03447
5.35527
6.95123
4.65784
8.88404
4.69502
4.86162
4.15032
8.8025
