10	20
140.591	112.995
26.5604	79.8946
107.65	137.775
58.6282	102.63
118.678	106.391
160.54	21.1553
14.6462	132.052
44.8399	126.329
144.811	103.605
40.248	114.788
679.258
632.267
664.668
534.343
858.51
264.494
339.373
27.1178
674.484
719.319
111.658
404.376
455.061
499.705
497.188
240.755
611.311
830.283
630.78
701.208
0.0915215	0.126941	0.549335	0.526725	0.713589	0.358799	0.0467292	0.251827	0.459143	0.199024	0.532189	0.172768	0.0729623	0.362748	0.797702	0.710566	0.743661	0.250828	0.579024	0.580442	
0.408492	0.388064	0.529587	0.12533	0.906111	0.375123	0.373436	0.501801	0.633001	0.218744	0.235701	0.26792	0.379708	0.56449	0.937883	0.77151	0.583653	0.651031	0.299626	0.608502	
0.748833	0.784595	0.410083	0.902149	0.0564453	1.00504	0.63883	0.40967	0.221	0.689867	0.761575	0.783192	0.60519	0.306496	0.164464	0.256806	0.621996	0.566348	0.749631	0.32874	
0.127456	0.169104	0.575615	0.596364	0.691552	0.406533	0.108639	0.246424	0.452299	0.266955	0.59393	0.240144	0.118827	0.356874	0.784595	0.715507	0.783751	0.182092	0.637905	0.596759	
0.583688	0.625405	0.621576	0.947632	0.393576	0.862747	0.519113	0.360358	0.361468	0.643965	0.865322	0.679383	0.49691	0.348351	0.523485	0.586321	0.868828	0.302075	0.880412	0.575179	
0.530937	0.567394	0.35981	0.748306	0.273518	0.791771	0.423934	0.197339	0.0994604	0.493226	0.636772	0.573958	0.391151	0.114519	0.369802	0.353869	0.606684	0.363308	0.641827	0.314645	
0.918321	0.947852	0.384599	0.924416	0.248375	1.14303	0.797312	0.579484	0.373465	0.799749	0.754692	0.916134	0.762594	0.46848	0.128694	0.138198	0.499213	0.794448	0.721718	0.301209	
0.304964	0.330028	0.3317	0.481724	0.543484	0.526093	0.181398	0.106414	0.269406	0.204644	0.412388	0.29997	0.147963	0.181456	0.607103	0.497062	0.542169	0.334577	0.440489	0.36118	
0.699233	0.710532	0.14266	0.485061	0.580485	0.831998	0.583861	0.474541	0.404039	0.495766	0.304055	0.627394	0.557043	0.42326	0.546855	0.341984	0.117827	0.74547	0.259423	0.215316	
0.425035	0.465883	0.50024	0.772377	0.422786	0.702431	0.346995	0.188958	0.264817	0.466705	0.699109	0.507818	0.322458	0.210719	0.536035	0.532636	0.746722	0.19209	0.719534	0.474559	
3.51954
6.15857
3.87154
5.12775
3.86516
3.3343
5.90234
5.71063
3.37706
5.98204
