10	15
16.5071	49.6639
73.8688	99.4734
153.19	113.042
119.886	48.5178
132.357	117.913
54.433	53.7172
82.138	43.2032
2.13711	63.2659
17.1095	30.2384
98.5874	82.5591
49.5055
222.117
136.908
239.544
119.205
155.956
226.772
19.5088
75.2872
214.968
135.122
73.4469
249.737
194.853
225.717
1.06372	0.455685	0.0968532	0.492547	0.577834	0.888711	0.828207	0.835872	0.543624	0.825541	0.663668	0.344154	0.931569	0.999406	0.908035	
0.400569	0.414799	0.726	0.276405	0.507523	0.29924	0.173937	0.157762	0.274798	0.279614	0.559361	0.645576	0.559951	0.478833	0.250062	
0.447655	0.570968	0.678746	0.43999	0.288379	0.535541	0.393411	0.330832	0.464624	0.524788	0.764985	0.506712	0.341493	0.339946	0.308181	
0.946325	0.371415	0.180175	0.386376	0.500707	0.777413	0.711973	0.71813	0.439569	0.716297	0.59742	0.318185	0.836884	0.891751	0.790621	
0.735833	0.0886237	0.620304	0.115132	0.710026	0.404902	0.414999	0.4718	0.0902994	0.332086	0.217287	0.694534	0.89213	0.840304	0.600957	
0.408757	0.727482	0.807677	0.593987	0.325337	0.622419	0.474863	0.394612	0.614124	0.627911	0.912898	0.598096	0.19302	0.198461	0.311712	
0.848921	0.608943	0.35575	0.545627	0.197073	0.843603	0.7283	0.693894	0.597862	0.804345	0.84898	0.106777	0.572159	0.687669	0.705548	
0.232881	0.717828	0.911405	0.578573	0.487783	0.495367	0.352895	0.265315	0.582722	0.5177	0.865717	0.737524	0.319685	0.175193	0.147459	
0.804827	0.398	0.293698	0.351018	0.344455	0.698835	0.607986	0.597342	0.405789	0.647852	0.638296	0.251001	0.668449	0.726365	0.650292	
0.917454	0.459379	0.184124	0.440485	0.391665	0.806639	0.720692	0.711689	0.4958	0.752649	0.695393	0.197034	0.745959	0.823343	0.763426	
5.21617
4.2452
2.86864
3.12497
3.52233
4.56537
3.8538
5.9073
5.81002
3.36531
