10	20
89.7975	29.3476
73.4983	28.8759
156.602	31.5126
3.44643	99.2809
42.2133	128.935
141.546	143.906
51.2218	80.2116
159.401	140.591
149.663	69.7095
40.9502	97.5932
23.615
2.42658
27.1107
46.3484
30.8136
1.58513
53.2679
49.7387
22.132
21.395
56.721
8.99729
9.81454
49.8321
52.072
5.88297
14.9772
26.581
53.6996
9.63206
0.120391	0.889113	0.754917	0.576831	0.567339	1.02059	0.84989	0.28435	0.438956	0.942719	0.862686	0.798522	0.885805	0.864027	0.510124	0.941567	0.81676	0.971054	0.739097	0.667285	
0.707764	0.422758	0.114548	0.690625	0.171808	0.438517	0.17859	0.441773	0.316418	0.335837	0.356419	0.274476	0.197638	0.28608	0.269164	0.404744	0.255954	0.458822	0.527512	0.321246	
0.124609	0.832826	0.692622	0.554834	0.505005	0.963771	0.787617	0.224675	0.378225	0.884213	0.807255	0.741209	0.823382	0.803709	0.451609	0.88596	0.756394	0.913988	0.696563	0.613562	
0.601252	0.394952	0.140506	0.679522	0.0565463	0.545271	0.234594	0.359644	0.202447	0.443703	0.444225	0.358877	0.268164	0.291124	0.242261	0.50216	0.248429	0.450253	0.564132	0.359545	
1.10709	0.713059	0.472109	0.854307	0.594661	0.172061	0.429403	0.806723	0.736259	0.169272	0.29624	0.315475	0.395511	0.559498	0.583257	0.243852	0.565164	0.698859	0.581102	0.471594	
0.949667	0.470152	0.247089	0.857513	0.406811	0.347974	0.188076	0.680171	0.552634	0.264848	0.367622	0.324404	0.152227	0.316002	0.484013	0.367518	0.322704	0.461191	0.630896	0.454325	
0.527738	0.296627	0.299447	0.85411	0.224551	0.79777	0.368678	0.430844	0.199599	0.695138	0.702603	0.617232	0.410754	0.310436	0.444681	0.759496	0.269204	0.380484	0.797803	0.602296	
0.134962	0.804781	0.762859	0.811808	0.590682	1.13877	0.852206	0.421553	0.444761	1.04815	0.9941	0.918045	0.892953	0.824974	0.632806	1.0701	0.780742	0.890465	0.930206	0.814334	
0.591058	0.239168	0.330298	0.938769	0.296832	0.845628	0.382045	0.51546	0.284891	0.74284	0.762158	0.677622	0.422591	0.29387	0.524831	0.814283	0.261342	0.324884	0.874485	0.67545	
0.173617	0.685438	0.646629	0.789364	0.479741	1.04454	0.734599	0.36014	0.334808	0.950725	0.906264	0.827019	0.775697	0.704387	0.55027	0.980218	0.660336	0.771043	0.871536	0.736096	
4.72423
4.68379
3.74077
6.47604
5.45335
3.54879
5.8101
3.81528
3.49917
6.28835
