10	20
32.5282	117.323
133.208	19.5643
74.8723	67.4398
38.1563	37.826
93.4331	67.8105
130.57	155.957
48.5756	14.4831
142.619	122.547
171.503	47.6206
117.766	133.613
65.3592
81.1558
178.738
18.3432
33.6068
123.673
129.539
125.963
225.228
216.541
177.586
148.809
95.5396
139.898
153.1
24.5803
223.71
130.611
101.496
220.473
0.376734	0.281454	0.446633	0.224675	0.298239	0.711406	0.515065	0.239278	0.430561	0.19551	0.376224	0.379833	0.466673	0.376003	0.211971	0.285408	0.312107	0.474424	0.477649	0.544034	
0.81922	0.424153	0.249017	0.552776	0.813261	0.247871	1.04032	0.785442	0.747213	0.827651	0.877512	0.827378	1.06861	1.00067	0.497486	0.924758	0.753384	1.04745	0.880029	0.390897	
0.633677	0.493165	0.494255	0.187932	0.0751594	0.874484	0.302869	0.483488	0.182166	0.378516	0.616938	0.635446	0.345426	0.312296	0.250689	0.28948	0.574716	0.310866	0.734741	0.480679	
0.974536	0.603495	0.301779	0.437305	0.632884	0.680118	0.806052	0.873055	0.464338	0.841399	1.00199	0.980605	0.901469	0.874802	0.437443	0.837871	0.901157	0.853134	1.06394	0.108324	
0.193549	0.313739	0.625131	0.599515	0.723703	0.586673	0.925293	0.291031	0.846121	0.427521	0.274324	0.201578	0.835241	0.72929	0.546745	0.628038	0.176637	0.865261	0.207898	0.811575	
0.625258	0.269743	0.309278	0.529521	0.775859	0.168381	1.01091	0.620634	0.77196	0.692466	0.69182	0.633752	1.00187	0.917878	0.46181	0.828827	0.566044	0.996193	0.674362	0.51188	
0.330511	0.228688	0.516161	0.560975	0.734594	0.435416	0.954718	0.38415	0.81989	0.502134	0.407602	0.339067	0.890098	0.788739	0.498364	0.688134	0.290051	0.908554	0.359145	0.715447	
0.945137	0.682883	0.498628	0.361237	0.391891	0.934643	0.490489	0.80623	0.174357	0.720072	0.943219	0.948563	0.623853	0.632214	0.414994	0.633044	0.877936	0.560856	1.0455	0.3431	
1.00626	0.70858	0.480179	0.415225	0.491718	0.909538	0.600185	0.874726	0.277479	0.800274	1.01168	1.0104	0.731747	0.735642	0.457079	0.729892	0.936494	0.669789	1.10503	0.293938	
0.485692	0.123748	0.224962	0.228981	0.462237	0.481859	0.69727	0.407709	0.487465	0.427916	0.523344	0.492377	0.689932	0.610786	0.160166	0.527842	0.41256	0.681828	0.571309	0.386725	
7.2395
4.15526
5.10661
6.40409
4.98012
4.89382
6.00801
4.57052
3.64783
4.89133
