15	30
107.713	21.681
112.337	132.322
149.432	14.0765
58.8151	83.4746
44.9408	83.4524
95.1465	105.178
10.1191	112.701
98.6925	132.71
126.823	101.443
55.6983	26.9306
129.837	124.163
88.9262	149.228
100.346	154.464
16.0726	53.8477
105.594	97.6702
200.516
77.136
295.661
278.024
268.822
86.8288
183.688
237.702
221.943
66.0187
310.59
304.312
15.223
131.716
50.8899
5.15129
110.505
53.2364
240.261
326.186
46.6467
36.1926
182.762
25.8589
78.2937
208.263
35.3445
153.482
209.335
203.886
0.223042	0.329574	0.580612	0.258578	0.590603	0.723533	0.449928	0.70806	0.550634	0.62645	0.266569	0.739053	0.495103	0.334265	0.251742	0.761701	0.693201	0.31594	0.444612	0.496635	0.779601	0.244409	0.948308	0.466362	0.540471	0.296529	0.0787044	0.68572	0.349323	0.483455	
0.114194	0.406668	0.680228	0.230239	0.677471	0.809714	0.517731	0.785153	0.65964	0.73284	0.246307	0.848095	0.555958	0.385461	0.295671	0.860079	0.75432	0.408343	0.50168	0.584489	0.883102	0.349644	1.05646	0.559161	0.61097	0.318469	0.0345249	0.785515	0.402505	0.5545	
0.0318135	0.536444	0.821734	0.285701	0.810491	0.91894	0.611361	0.883389	0.803279	0.869766	0.269397	0.991205	0.640385	0.497392	0.407925	0.98479	0.864948	0.531506	0.584049	0.71892	1.01504	0.49408	1.19628	0.679686	0.704765	0.377354	0.174711	0.91258	0.515183	0.676832	
0.198165	0.548392	0.778788	0.411131	0.804031	0.733621	0.418382	0.689725	0.702103	0.732889	0.0686061	0.880806	0.441759	0.549339	0.462687	0.818069	0.912008	0.376046	0.385291	0.710069	0.861888	0.439143	1.06455	0.512823	0.510264	0.174531	0.173334	0.751087	0.565219	0.702586	
0.622184	0.704848	0.764875	0.756681	0.860724	0.33274	0.0757271	0.266119	0.569124	0.49068	0.379172	0.683724	0.0236967	0.768506	0.711793	0.46819	1.05321	0.259276	0.0536093	0.782694	0.547865	0.523892	0.787955	0.242183	0.0988921	0.260145	0.525195	0.427196	0.777241	0.84124	
0.69532	0.203153	0.118141	0.52793	0.10616	0.767203	0.680755	0.814314	0.305149	0.478107	0.735849	0.439536	0.738163	0.294021	0.353492	0.689078	0.317617	0.499641	0.718103	0.0424531	0.636804	0.272157	0.67392	0.553303	0.727749	0.705564	0.569294	0.618048	0.281019	0.163022	
0.551195	0.481427	0.526934	0.603765	0.62045	0.364334	0.164912	0.360987	0.350744	0.327944	0.391122	0.499333	0.2223	0.558573	0.517385	0.411005	0.81704	0.0444868	0.206591	0.54351	0.44891	0.298635	0.657846	0.106864	0.222341	0.29156	0.417906	0.340099	0.564476	0.60845	
0.761313	0.733152	0.716135	0.853753	0.833475	0.154384	0.168634	0.10736	0.489926	0.367679	0.540191	0.562183	0.160164	0.815023	0.775191	0.296704	1.04873	0.297987	0.210898	0.76875	0.385882	0.552025	0.630101	0.183002	0.0814123	0.419848	0.645218	0.269238	0.820171	0.849281	
0.535575	0.167232	0.426528	0.293817	0.330531	0.970712	0.788015	0.992781	0.577518	0.735217	0.684884	0.738913	0.843456	0.0875737	0.168889	0.934169	0.30275	0.605998	0.805176	0.273241	0.903243	0.343534	0.975162	0.718323	0.861498	0.706992	0.460183	0.856733	0.0771518	0.163278	
0.571544	0.0979556	0.31958	0.358061	0.234529	0.888271	0.731767	0.917643	0.475077	0.63725	0.680707	0.632319	0.788703	0.1109	0.195273	0.840359	0.277251	0.545893	0.755585	0.167328	0.804011	0.278593	0.868443	0.643721	0.798232	0.684248	0.472201	0.764084	0.0937362	0.0755658	
0.986124	0.652882	0.417678	0.933817	0.562033	0.434712	0.589716	0.52474	0.233672	0.163554	0.876921	0.0868459	0.626072	0.760306	0.779092	0.27461	0.797762	0.518173	0.647885	0.555395	0.17574	0.552878	0.183976	0.419203	0.564206	0.781397	0.840877	0.251926	0.75389	0.675545	
0.403102	0.141173	0.386899	0.294637	0.389981	0.712391	0.509273	0.724157	0.408118	0.527756	0.452764	0.59575	0.564553	0.19393	0.157583	0.703428	0.511014	0.329057	0.52662	0.295966	0.69453	0.0892263	0.822276	0.452363	0.584608	0.447193	0.272653	0.624396	0.201802	0.295076	
0.899811	0.397076	0.257461	0.688657	0.143674	0.982011	0.927416	1.03989	0.498641	0.668492	0.974977	0.564245	0.984461	0.44258	0.526962	0.87765	0.18014	0.748467	0.966553	0.233026	0.805679	0.517137	0.771299	0.790813	0.969147	0.952494	0.788904	0.815584	0.424966	0.256724	
1.05568	0.723752	0.478792	1.00596	0.621789	0.45074	0.638622	0.545125	0.305555	0.222169	0.93955	0.140931	0.670949	0.83116	0.851011	0.280438	0.855279	0.580665	0.697003	0.62082	0.175441	0.624926	0.112893	0.472201	0.604721	0.840835	0.910615	0.277994	0.824442	0.741731	
0.773847	0.522171	0.400233	0.756399	0.533622	0.324322	0.373666	0.387829	0.160443	0.0695475	0.649365	0.24484	0.417066	0.624962	0.621053	0.246696	0.765519	0.290423	0.430513	0.489226	0.227607	0.378226	0.400823	0.19988	0.367152	0.553121	0.63027	0.170898	0.623247	0.593736	
3.69514
3.89373
3.59138
4.66989
5.83739
4.53412
7.04252
4.45562
3.91527
4.7186
3.90355
4.67489
4.40937
6.12763
3.95215
