10	20
139.34	97.1302
83.3757	66.6701
137.491	157.82
52.9691	125.913
80.3805	37.1867
85.0992	128.242
10.6931	95.4477
161.879	98.5068
72.4324	12.0392
86.0054	12.9947
19.197
28.9284
33.2293
46.339
46.1717
1.23603
0.211366
34.8445
35.8333
21.4487
43.6878
56.569
6.61925
33.9411
11.1444
54.5176
2.09569
46.9104
3.16339
28.5455
0.25572	0.410539	0.517874	0.444388	0.518514	0.677013	0.337568	0.331941	0.584705	0.808373	0.261342	0.362143	0.369339	0.443869	0.349975	0.403813	0.610654	0.540116	0.244501	0.414189	
0.435995	0.333683	0.633118	0.624091	0.69962	0.854434	0.291907	0.488664	0.630782	0.960214	0.405079	0.252671	0.549193	0.616836	0.520885	0.482023	0.755012	0.704551	0.292474	0.595733	
0.449603	1.06627	0.865934	0.475387	0.329197	0.558735	0.984647	0.337095	0.524898	0.87125	0.419217	1.02927	0.365625	0.559388	0.575117	0.449045	0.79911	0.14138	0.845176	0.378271	
0.588562	0.825343	0.293959	0.394816	0.509864	0.299947	0.75488	0.723382	1.15086	0.08576	0.760178	0.871325	0.558193	0.330008	0.395933	0.965442	0.123519	0.722359	0.623767	0.505638	
0.253303	0.816313	0.73506	0.407479	0.337436	0.595923	0.739652	0.0941421	0.358762	0.86177	0.146165	0.768013	0.243803	0.475847	0.442548	0.204226	0.727436	0.194694	0.616978	0.298501	
0.449292	0.175245	0.418948	0.556116	0.678675	0.755194	0.090007	0.570578	0.837783	0.781392	0.51314	0.180819	0.552316	0.515124	0.424622	0.662058	0.572332	0.758882	0.0752448	0.575641	
0.533865	1.0139	0.557891	0.320243	0.309859	0.0954153	0.9309	0.600876	1.00237	0.350507	0.672726	1.02948	0.442429	0.336596	0.431594	0.845379	0.397861	0.496751	0.775831	0.380466	
0.47924	0.550537	0.0189451	0.382025	0.536827	0.451819	0.483224	0.637441	1.04063	0.35912	0.641434	0.601849	0.505324	0.29856	0.289668	0.84732	0.160845	0.719588	0.365369	0.477917	
0.472451	1.07007	0.728317	0.354562	0.21665	0.312455	0.984249	0.456023	0.786559	0.627907	0.544836	1.05896	0.3588	0.425993	0.488407	0.664097	0.61145	0.271753	0.828839	0.321339	
0.435365	1.05792	0.813589	0.419241	0.265491	0.47604	0.974253	0.352158	0.602872	0.791453	0.440821	1.02883	0.336409	0.502859	0.531789	0.507083	0.732698	0.134692	0.828228	0.334294	
6.37575
8.87049
7.34148
9.23504
8.22573
7.92648
11.0257
6.37785
8.39786
7.78366
