10	15
83.2462	137.444
23.9255	40.1436
9.43609	80.6378
151.677	110.905
123.25	54.4893
96.7098	105.371
137.295	137.776
139.908	130.706
88.0472	132.496
73.426	59.9836
486.073
385.696
573.529
263.677
203.444
389.992
456.221
112.363
290.444
129.91
557.508
459.313
365.294
225.001
51.2981
0.088633	0.501958	0.184885	0.67209	0.195385	0.391892	0.651498	0.532051	0.404015	0.62098	0.456697	0.67601	0.450534	0.118221	0.44902	
0.111657	0.3852	0.22817	0.702568	0.078864	0.302256	0.550585	0.438966	0.292433	0.516111	0.342002	0.682608	0.52449	0.231913	0.331426	
0.542204	0.577594	0.653286	0.290566	0.488249	0.720409	0.50787	0.389771	0.461722	0.517549	0.517055	0.226399	0.34845	0.463887	0.58337	
0.342527	0.218783	0.455326	0.667055	0.190942	0.364764	0.320125	0.208728	0.0956274	0.28899	0.158381	0.601808	0.595506	0.422531	0.206166	
0.375154	0.490388	0.48661	0.414395	0.333954	0.573303	0.502119	0.370489	0.367103	0.494683	0.428934	0.385051	0.330782	0.311521	0.477588	
0.206168	0.678638	0.117368	0.852262	0.372259	0.458788	0.866302	0.754296	0.603005	0.830509	0.645573	0.880183	0.578212	0.23407	0.613866	
0.772503	0.609448	0.890685	0.447687	0.667198	0.858531	0.412154	0.361543	0.532351	0.449526	0.56303	0.309417	0.631844	0.738907	0.648377	
0.209782	0.292563	0.321623	0.69577	0.0645951	0.292445	0.450659	0.342421	0.192609	0.415541	0.244941	0.655861	0.561385	0.317211	0.246741	
0.137688	0.35069	0.217585	0.803457	0.071104	0.199912	0.558929	0.464056	0.287603	0.517592	0.321797	0.777027	0.627271	0.314287	0.28544	
0.565888	0.187796	0.6737	0.754329	0.403699	0.496315	0.095767	0.0834376	0.176155	0.0616305	0.163441	0.652425	0.766298	0.647694	0.246519	
5.0785
6.60287
8.13638
4.37629
4.86548
5.38494
4.42127
4.5286
4.94117
5.69531
