15	30
165.294	40.5481
6.34547	91.3613
122.668	87.9688
63.0799	22.5458
118.203	61.546
87.8072	36.2033
146.613	131.507
115.399	138.586
27.4937	23.2547
53.8488	157.097
29.8011	97.0818
102.394	70.9113
57.1138	62.3808
26.4634	49.4177
148.578	130.637
0.108765
93.8282
186.832
8.63107
238.783
356.355
210.778
406.957
86.7235
7.91184
112.582
354.953
114.028
50.069
269.317
287.601
164.271
21.7271
303.629
241.407
120.358
84.4873
335.406
302.869
206.662
132.498
368.111
392.354
235.742
310.25
0.474869	0.259371	0.818686	0.349932	0.276848	0.851595	0.444513	0.0276217	0.715427	0.557549	0.243803	0.976886	0.232577	0.496541	0.681159	0.737598	0.629418	0.697898	0.944233	0.0963404	0.608925	0.458291	0.223622	0.844726	0.184235	0.664658	0.561098	0.659175	0.344505	0.081886	
0.434966	0.295353	0.697614	0.23951	0.167276	0.725691	0.470528	0.140326	0.560514	0.594738	0.352717	0.838734	0.104024	0.360911	0.616083	0.584965	0.527106	0.611299	0.802314	0.231816	0.490056	0.320637	0.35839	0.734669	0.0599854	0.509333	0.433055	0.504399	0.227917	0.186538	
0.266806	0.347601	0.688138	0.859057	0.518407	0.737695	0.161676	0.627919	0.896249	0.071947	0.820876	0.910492	0.726269	0.934901	0.358337	0.872336	1.13824	0.45528	0.915213	0.679607	1.08333	0.606221	0.492945	0.646237	0.579165	0.870362	0.592631	0.948355	0.519129	0.524845	
0.38836	0.182327	0.744237	0.374167	0.208838	0.779225	0.368081	0.101646	0.674523	0.485923	0.329879	0.911386	0.242215	0.503044	0.595054	0.690327	0.661245	0.614207	0.881944	0.180959	0.629586	0.397661	0.219865	0.766031	0.139733	0.625954	0.492321	0.635885	0.275467	0.0493335	
0.166092	0.291962	0.598961	0.776274	0.429129	0.648197	0.122635	0.56934	0.795251	0.131393	0.777932	0.82014	0.646133	0.843351	0.279831	0.771644	1.05097	0.369821	0.821965	0.631581	0.992931	0.506346	0.472656	0.56371	0.499273	0.769479	0.491866	0.848634	0.424001	0.471705	
0.220196	0.0743595	0.682859	0.605277	0.298418	0.727654	0.112728	0.353829	0.758213	0.230081	0.553181	0.887563	0.469779	0.704073	0.431827	0.752455	0.891192	0.489269	0.874179	0.408298	0.845943	0.44944	0.257112	0.674915	0.326689	0.720094	0.489865	0.770065	0.328667	0.251067	
0.310032	0.475991	0.234926	0.562869	0.307913	0.267288	0.497902	0.582864	0.339372	0.590608	0.813602	0.407815	0.490451	0.535178	0.29302	0.306722	0.758922	0.218996	0.388951	0.678426	0.678174	0.159763	0.684183	0.27529	0.410534	0.32606	0.0456965	0.431709	0.24048	0.554384	
0.0287239	0.236786	0.501298	0.652015	0.299875	0.548646	0.164881	0.485179	0.657189	0.253134	0.711089	0.715953	0.526977	0.707865	0.23284	0.636642	0.919781	0.292729	0.710621	0.561395	0.858351	0.364905	0.452777	0.48307	0.383442	0.629685	0.357355	0.70716	0.286191	0.401087	
0.581074	0.662959	0.402617	0.455225	0.423029	0.395328	0.747498	0.640078	0.0613332	0.857552	0.829056	0.416974	0.461357	0.344776	0.594382	0.0970397	0.541113	0.512009	0.363481	0.729369	0.452064	0.252109	0.826636	0.483949	0.475358	0.024073	0.264408	0.143978	0.374855	0.66247	
0.424712	0.199817	0.882922	0.647436	0.429718	0.926427	0.275044	0.332842	0.912709	0.336133	0.452044	1.08189	0.518158	0.779528	0.634236	0.916683	0.931966	0.693818	1.06437	0.336522	0.904881	0.610186	0.102225	0.878502	0.405522	0.86885	0.6723	0.897072	0.480826	0.236835	
0.191066	0.163662	0.542008	0.457095	0.110893	0.58109	0.267023	0.308942	0.561128	0.390866	0.54407	0.727069	0.329862	0.527786	0.382867	0.558859	0.731368	0.398161	0.705654	0.396491	0.675664	0.253003	0.364877	0.555501	0.186217	0.521805	0.311457	0.572225	0.129821	0.248897	
0.092029	0.158891	0.550512	0.594695	0.248625	0.595832	0.143894	0.408074	0.657562	0.260082	0.632118	0.757804	0.465233	0.664787	0.308458	0.644459	0.869913	0.357864	0.746876	0.482505	0.813449	0.352975	0.37795	0.541942	0.31889	0.624628	0.371688	0.690159	0.251551	0.321893	
0.438396	0.187664	0.857747	0.516493	0.350471	0.897126	0.341985	0.196541	0.828795	0.434763	0.32964	1.04085	0.391882	0.656239	0.654892	0.840849	0.798167	0.696015	1.01636	0.201354	0.775251	0.54026	0.0605708	0.867029	0.298365	0.781422	0.62184	0.795018	0.411887	0.111821	
0.156957	0.211511	0.483573	0.483948	0.131615	0.523485	0.277464	0.365251	0.528937	0.395375	0.601178	0.672446	0.36376	0.537322	0.330159	0.521036	0.748793	0.339612	0.65321	0.454524	0.687554	0.221054	0.421308	0.495716	0.227829	0.493333	0.26156	0.555116	0.117572	0.308681	
0.281661	0.0376406	0.724389	0.550888	0.278628	0.766932	0.191515	0.279161	0.757146	0.301888	0.472938	0.920461	0.415488	0.662594	0.497656	0.758087	0.83857	0.545736	0.902295	0.328743	0.799223	0.451456	0.188201	0.724653	0.280377	0.7152	0.510132	0.752756	0.323397	0.17402	
3.4202
6.04812
3.55768
4.9098
3.91411
4.15189
3.71204
4.15001
6.07722
5.34958
6.13719
4.28984
5.38414
5.44779
3.32531
