10	20
69.7142	54.5902
106.329	138.104
39.186	90.4855
173.965	64.0955
117.846	22.404
61.8615	65.9085
170.545	134.41
142.57	114.292
71.451	143.903
66.1171	41.027
2.77682
25.9309
17.4666
33.3162
28.693
25.0922
36.1007
33.3694
15.5237
12.8859
32.9107
20.4905
32.3494
31.5481
15.7422
27.5641
9.38965
1.39885
24.091
7.97007
0.512895	0.366148	0.441807	0.343653	0.494883	0.574967	0.310996	0.387141	0.247202	0.385038	0.304939	0.520411	0.405567	0.084956	0.65963	0.198005	0.673853	0.217408	0.456253	0.642257	
0.396624	0.309232	0.596254	0.534227	0.685237	0.741361	0.120015	0.564322	0.055577	0.24482	0.208226	0.496859	0.415821	0.225413	0.843912	0.389214	0.803816	0.0855097	0.49853	0.831878	
0.728787	0.369669	0.498086	0.227611	0.358242	0.369112	0.476089	0.201038	0.424725	0.59579	0.520669	0.449479	0.601687	0.148388	0.608112	0.191931	0.748363	0.351804	0.322823	0.560289	
0.586466	0.229513	0.572123	0.396603	0.54028	0.555119	0.288376	0.392854	0.24432	0.439605	0.384272	0.377728	0.534286	0.082776	0.754968	0.289718	0.810977	0.16105	0.326204	0.722399	
0.813224	0.235918	0.712337	0.428162	0.532129	0.439584	0.480134	0.351941	0.454348	0.662585	0.614024	0.243112	0.756859	0.267582	0.811359	0.405094	0.962154	0.354994	0.109497	0.753309	
0.497337	0.639735	0.213762	0.373917	0.493777	0.677475	0.502597	0.485585	0.43698	0.443277	0.342998	0.794087	0.240434	0.346835	0.513344	0.242261	0.409255	0.459759	0.713879	0.536472	
1.07097	0.886795	0.441036	0.300049	0.161454	0.356877	0.947796	0.340591	0.884461	0.986137	0.888075	0.934248	0.818307	0.624285	0.21308	0.441335	0.592331	0.841027	0.772613	0.116112	
1.10739	0.879623	0.498208	0.311529	0.161185	0.307352	0.96286	0.325311	0.901307	1.01536	0.918987	0.913552	0.86417	0.633237	0.279672	0.463646	0.658329	0.851032	0.747881	0.18272	
0.337505	0.799775	0.41892	0.660624	0.776313	0.963424	0.556949	0.770072	0.509823	0.38323	0.320178	0.979451	0.0813663	0.56675	0.736432	0.52298	0.46669	0.581288	0.937157	0.782999	
0.260321	0.440684	0.587368	0.606143	0.756113	0.845978	0.163589	0.659104	0.124511	0.114981	0.0774245	0.630309	0.316074	0.33343	0.86908	0.449087	0.763091	0.218027	0.6361	0.872226	
12.3841
9.62692
12.9018
8.03172
9.15965
12.7256
7.65885
8.73387
12.5963
12.817
