10	15
88.355	154.136
27.0313	71.3965
29.7071	15.8173
62.387	54.3594
164.127	39.3847
159.859	110.181
175.042	152.537
113.373	118.309
36.6161	150.665
71.1035	80.7982
52.5485
11.8234
36.6254
43.1119
53.2843
18.4119
42.5736
14.934
47.6199
4.09214
2.60707
23.9925
31.6505
52.6652
37.8515
0.0329749	0.701682	0.384093	0.277794	0.542053	0.143637	0.257706	0.481484	0.377439	0.249447	0.385654	0.354881	0.113607	0.338338	0.256066	
0.796723	0.724575	0.50145	0.861765	0.328329	0.670142	0.577263	0.997364	0.749774	0.774078	0.408007	1.11993	0.832946	1.10037	0.608749	
0.147614	0.582858	0.521682	0.454142	0.650349	0.294815	0.397051	0.300925	0.241101	0.42993	0.44244	0.28468	0.0692889	0.264324	0.237292	
0.19903	0.54449	0.312711	0.416931	0.414281	0.165587	0.207735	0.478429	0.278489	0.350538	0.202629	0.511243	0.224246	0.491752	0.0761086	
0.2576	0.825977	0.64597	0.415242	0.810048	0.408751	0.522263	0.443671	0.485924	0.442044	0.645678	0.108985	0.229667	0.102682	0.472106	
0.671733	0.435011	0.534098	0.838451	0.434573	0.597527	0.546119	0.755699	0.514874	0.754264	0.325916	0.954364	0.681263	0.933974	0.438813	
0.317534	0.823825	0.716149	0.495458	0.875167	0.476642	0.590786	0.407477	0.491004	0.52116	0.69828	0.0294105	0.273063	0.0318617	0.510353	
0.488986	0.907233	0.890645	0.660508	1.04699	0.650654	0.764821	0.443721	0.59872	0.692823	0.860674	0.152334	0.435625	0.169547	0.66076	
0.306684	0.794381	0.118697	0.254267	0.301456	0.142693	0.0638749	0.722474	0.544713	0.166398	0.276846	0.630594	0.38257	0.615411	0.340863	
0.587158	0.0915822	0.706479	0.865788	0.706613	0.618594	0.641443	0.425554	0.258889	0.803491	0.479711	0.743304	0.547465	0.724112	0.377966	
5.32579
6.84214
6.36873
5.1999
4.16402
3.51838
3.57565
4.21914
5.94103
5.53228
