10	15
167.359	34.9549
60.6024	76.6004
49.8793	47.2179
159.799	39.0188
77.0931	145.504
176.021	57.4021
134.422	35.4689
53.5823	101.533
130.052	24.1066
17.6348	55.9113
36.4769
4.59327
32.261
4.883
32.7838
32.4473
43.466
0.703982
32.7145
6.08735
1.25307
39.7732
6.79644
22.8487
11.7708
0.388739	0.872068	0.247007	0.271898	0.412975	0.961342	0.671474	0.862612	0.482439	0.695896	0.30984	0.468787	0.562998	0.195593	0.773572	
0.631911	1.21513	0.494623	0.506265	0.646389	1.30401	0.99964	1.20217	0.824049	0.985011	0.650651	0.733181	0.83901	0.515381	1.10734	
0.188593	0.621466	0.195258	0.470898	0.551434	0.715507	0.538491	0.651482	0.226227	0.668423	0.124974	0.191586	0.252423	0.13947	0.602735	
0.548525	0.463081	0.506291	0.347183	0.318587	0.540964	0.217341	0.42324	0.221966	0.307792	0.241058	0.540099	0.560631	0.378828	0.321827	
0.400958	0.967657	0.255825	0.361655	0.507139	1.0583	0.777637	0.963891	0.571252	0.802238	0.397903	0.495089	0.597463	0.258872	0.87808	
0.30238	0.62463	0.241073	0.336781	0.415005	0.716038	0.470466	0.628481	0.228366	0.563838	0.0552337	0.326756	0.387598	0.115043	0.555658	
0.488873	0.85664	0.355045	0.154788	0.300055	0.941224	0.619185	0.830435	0.492519	0.609725	0.333088	0.557029	0.642035	0.270968	0.729423	
0.250782	0.609077	0.219133	0.402743	0.479367	0.702226	0.49052	0.625755	0.206541	0.605588	0.0586805	0.263756	0.32148	0.117494	0.564897	
0.362867	0.607111	0.496237	0.847149	0.905954	0.686903	0.719135	0.699165	0.415645	0.91623	0.475369	0.258507	0.151718	0.514529	0.72104	
0.448754	0.426272	0.434038	0.417248	0.424008	0.514961	0.277404	0.421259	0.0959831	0.423286	0.162508	0.425879	0.437022	0.319434	0.350591	
4.58025
6.69116
5.85741
4.36553
5.30385
4.16923
4.83947
6.10174
4.44697
6.82557
