15	30
92.0652	63.3959
130.977	76.9183
124.453	150.297
133.952	147.155
29.9454	100.292
13.4563	151.558
104.941	156.766
57.1577	148.963
108.268	67.2343
151.001	37.7103
17.3454	24.3168
141.826	115.325
97.9908	107.784
4.13457	35.6432
141.055	29.463
16.1474
33.3551
27.4391
12.4819
14.6954
18.7787
5.6281
7.39388
16.3573
40.9695
28.3805
18.2564
20.3607
32.8859
10.4124
33.6478
34.1801
3.26512
36.7069
19.3446
41.1634
15.3747
34.9087
30.8978
30.7232
28.5202
25.4642
25.0318
18.9922
24.6484
0.109952	0.546951	0.900738	0.708315	0.647376	0.367415	0.35473	0.774197	0.678953	0.725725	0.469654	0.18869	0.771788	0.520204	0.15771	0.281578	0.250816	0.650365	0.773453	0.723707	0.449909	0.581151	0.385526	0.0963516	0.41832	0.212168	0.560576	0.153705	0.451918	0.251904	
0.787319	0.698671	0.15362	0.575865	0.672588	0.5118	0.424792	0.370226	0.34946	0.101484	0.720866	0.745227	0.058725	0.613763	0.850742	0.829	0.52067	0.497703	0.38339	0.344947	0.638314	0.324743	0.598444	0.783699	0.742036	0.656687	0.632808	0.772552	0.402263	0.568238	
0.059549	0.595874	0.863016	0.738576	0.689922	0.387444	0.314996	0.780883	0.685201	0.704658	0.391711	0.253513	0.735797	0.559911	0.125998	0.215833	0.218599	0.673837	0.781521	0.728968	0.493957	0.525185	0.423558	0.171659	0.340881	0.255563	0.483991	0.0859805	0.456681	0.27068	
0.193432	0.678368	1.08504	0.866911	0.788151	0.543638	0.536847	0.954911	0.860494	0.914711	0.550044	0.314844	0.956875	0.669298	0.161941	0.307716	0.435751	0.817898	0.953253	0.905579	0.594472	0.748719	0.542238	0.217043	0.490295	0.374143	0.668238	0.234167	0.636071	0.432712	
0.0727983	0.671377	0.854165	0.800123	0.76079	0.44589	0.316555	0.821726	0.726624	0.717656	0.309971	0.338208	0.730474	0.629753	0.116651	0.138231	0.238351	0.730471	0.823655	0.768974	0.567207	0.495007	0.493855	0.257056	0.256947	0.332261	0.411642	0.0341	0.500663	0.332418	
0.6941	0.818318	0.264938	0.754764	0.82374	0.573	0.362543	0.587563	0.539758	0.319466	0.524127	0.748867	0.193787	0.733667	0.748282	0.68639	0.46716	0.667934	0.599278	0.550383	0.733764	0.137645	0.673083	0.754695	0.558761	0.667273	0.413185	0.665685	0.488368	0.58039	
0.631194	0.0835388	0.921361	0.316545	0.189049	0.30854	0.582604	0.523228	0.464031	0.675239	0.922266	0.336814	0.808092	0.157695	0.680938	0.796904	0.52829	0.328211	0.513369	0.498608	0.139347	0.802228	0.20926	0.438932	0.887647	0.330519	0.958747	0.667185	0.385265	0.364104	
0.742886	1.02949	0.4748	0.995908	1.05122	0.764728	0.502982	0.841892	0.788766	0.575453	0.44606	0.885055	0.442488	0.948185	0.780524	0.673995	0.590587	0.907567	0.853279	0.802769	0.934691	0.271768	0.865136	0.862346	0.500388	0.815953	0.305813	0.702033	0.701289	0.739149	
0.652825	0.997034	0.542687	0.988046	1.03013	0.725956	0.452313	0.856497	0.793472	0.602331	0.339894	0.818932	0.487499	0.919069	0.686095	0.572807	0.52825	0.899209	0.866819	0.813091	0.897426	0.255092	0.824234	0.786681	0.395418	0.756104	0.199294	0.609806	0.676446	0.685461	
0.743724	0.201119	0.700667	0.0535274	0.122375	0.301084	0.541186	0.246192	0.211503	0.455714	0.934692	0.502101	0.607064	0.155139	0.806338	0.883297	0.539444	0.0592424	0.234799	0.233549	0.229791	0.694483	0.272845	0.598176	0.917155	0.44466	0.928689	0.764633	0.283139	0.415204	
0.0986832	0.623803	0.979456	0.794975	0.728111	0.457839	0.431183	0.865384	0.770159	0.812363	0.47444	0.257492	0.851463	0.60332	0.101293	0.25096	0.330745	0.739328	0.864592	0.814918	0.53105	0.644397	0.470538	0.154523	0.417422	0.297449	0.582567	0.146264	0.54308	0.342882	
0.918425	0.653498	0.290598	0.469678	0.592999	0.551116	0.570422	0.230583	0.269833	0.174387	0.916047	0.806832	0.274137	0.577541	0.985007	0.990216	0.647482	0.41481	0.243959	0.237984	0.625669	0.533204	0.611834	0.868542	0.929602	0.720692	0.840641	0.913485	0.441212	0.641324	
0.842394	0.462003	0.467457	0.26544	0.391591	0.420463	0.536741	0.0264571	0.101693	0.25145	0.924163	0.673832	0.404428	0.393187	0.909485	0.945461	0.585207	0.217614	0.040228	0.0564778	0.451794	0.58979	0.455674	0.751402	0.924279	0.594662	0.877691	0.848203	0.328011	0.529219	
0.812161	0.666028	0.18878	0.526642	0.630728	0.501623	0.452371	0.31099	0.3012	0.0663817	0.771836	0.745267	0.124569	0.582582	0.877063	0.865683	0.541847	0.452689	0.324481	0.290785	0.614116	0.381652	0.581479	0.79189	0.789574	0.656707	0.68995	0.801054	0.389391	0.570304	
0.436614	0.886941	0.668373	0.930367	0.942864	0.614839	0.342696	0.852661	0.772197	0.64229	0.122834	0.6446	0.575385	0.818921	0.463067	0.344324	0.379112	0.844289	0.860188	0.80257	0.780816	0.287835	0.703039	0.594159	0.170522	0.597241	0.0524957	0.390718	0.59975	0.543794	
4.0772
3.48832
3.91016
3.9229
5.90936
7.13272
4.52679
5.64638
4.31924
3.62743
6.27918
3.84758
4.5646
7.11516
3.44987
