10	20
88.0156	138.993
16.5654	104.244
100.819	37.8127
145.63	26.6432
33.3233	125.04
156.946	35.1572
35.2395	153.069
162.952	86.783
90.9332	24.9497
95.6357	114.126
88.7339
49.8688
46.9977
227.404
97.5626
191.967
311.011
237.11
133.959
16.2323
57.6475
17.3941
220.378
16.1317
278.115
275.07
293.624
43.1399
102.055
118.325
0.408285	0.180851	0.208063	0.438663	0.286425	0.661872	0.131793	0.685567	0.336104	0.360974	0.778235	0.577285	0.784221	0.151611	0.407926	0.450807	0.244672	0.752997	0.195826	0.673294	
0.991381	0.627244	0.941269	0.299108	0.974412	0.77939	0.715473	1.1567	0.409946	0.977871	0.852949	1.18386	1.03085	0.729425	0.476575	1.04424	0.790787	0.912562	0.548784	0.827456	
0.644694	0.564717	0.757892	0.311854	0.692363	0.353353	0.468242	0.752792	0.295672	0.650272	0.436046	0.824899	0.603971	0.642831	0.153704	0.69442	0.479997	0.487432	0.456054	0.400818	
0.79915	0.97928	1.08038	0.762093	0.931075	0.296047	0.796931	0.732882	0.735287	0.835744	0.221912	0.915074	0.437728	1.03851	0.556628	0.830587	0.738828	0.317145	0.874682	0.319664	
0.218342	0.382314	0.211059	0.587561	0.092999	0.599763	0.167298	0.504846	0.473229	0.164889	0.708211	0.376145	0.659517	0.339705	0.468559	0.254584	0.149145	0.659946	0.378357	0.59614	
0.224867	0.779678	0.5347	0.939697	0.31966	0.663733	0.535234	0.259835	0.824328	0.248291	0.728839	0.0352464	0.561627	0.732147	0.748683	0.171959	0.43061	0.641472	0.766382	0.630598	
0.258527	0.429827	0.432809	0.468651	0.304249	0.369626	0.169354	0.454854	0.357535	0.255775	0.483644	0.449506	0.48747	0.445681	0.268257	0.310939	0.0932951	0.452414	0.362305	0.375348	
0.843001	1.08259	1.15701	0.882397	0.990353	0.356428	0.88256	0.732836	0.849003	0.885587	0.251292	0.936117	0.421087	1.1356	0.666362	0.868023	0.811197	0.327087	0.98043	0.363441	
0.144366	0.468146	0.267005	0.657477	0.04947	0.588365	0.237336	0.431003	0.541844	0.0865422	0.690109	0.290208	0.615092	0.424439	0.513389	0.172911	0.172326	0.63176	0.45999	0.577585	
0.697595	0.666829	0.848289	0.405765	0.765331	0.325949	0.555838	0.768897	0.397846	0.710474	0.385144	0.86805	0.579701	0.743485	0.24906	0.744612	0.551926	0.452908	0.558222	0.376244	
4.88829
6.61859
4.5619
4.08087
5.80975
3.84162
5.73104
3.43842
4.85893
4.66619
