15	30
32.7408	158.533
37.7495	59.2559
126.283	113.86
46.0797	44.6945
28.1892	56.9551
32.6736	93.2153
30.584	131.679
39.3171	14.2258
79.8528	67.6263
178.637	101.734
59.7871	65.9418
83.9799	101.465
93.1376	13.0716
80.3726	124.301
165.752	41.544
217.182
165.295
198.777
186.459
209.314
90.3955
104.33
138.139
171.141
182.648
125.041
64.5805
193.942
24.274
164.589
31.6927
13.7238
221.49
79.156
3.18478
134.963
224.546
227.376
17.6124
52.8275
230.515
16.143
71.4502
244.991
154.571
0.203876	0.858052	0.700766	0.927412	0.949167	0.764994	0.494983	0.16259	0.713568	0.496018	0.488686	0.852252	0.118778	0.763438	0.40128	0.894124	0.572208	0.371479	0.496294	0.656532	0.775214	0.45697	0.473017	0.395519	0.435287	0.387733	0.737056	0.594978	0.250281	0.796971	
0.576758	0.500438	0.223917	0.306306	0.321181	0.51053	0.3789	0.537462	0.443233	0.372666	0.540944	0.185665	0.673762	0.24284	0.49003	0.362079	0.215144	0.375723	0.311411	0.113064	0.515129	0.307521	0.451432	0.66423	0.261903	0.395456	0.226179	0.368801	0.479219	0.38609	
0.6512	0.293836	0.313422	0.535568	0.796178	0.183176	0.14072	0.566619	0.859854	0.685401	0.122567	0.639309	0.670879	0.722102	0.186874	0.426811	0.602659	0.583606	0.630938	0.574063	0.193307	0.592307	0.735002	0.293976	0.327176	0.230756	0.344006	0.744837	0.3485	0.848692	
0.525864	0.889556	0.611478	0.659223	0.382279	0.88596	0.684614	0.548476	0.0550806	0.214755	0.829442	0.415988	0.645692	0.194842	0.746177	0.746788	0.217317	0.344665	0.226603	0.278404	0.891962	0.272288	0.255782	0.894835	0.502698	0.642292	0.617265	0.11586	0.644798	0.0996585	
0.533436	0.351055	0.164318	0.405592	0.588254	0.302316	0.110117	0.461257	0.643788	0.486742	0.271546	0.437865	0.590197	0.499942	0.236873	0.352131	0.385224	0.407315	0.427433	0.351546	0.310422	0.394271	0.546853	0.410686	0.141913	0.168729	0.202257	0.534244	0.298155	0.626438	
0.43911	1.13333	0.865201	0.970659	0.725967	1.09925	0.844715	0.509762	0.295527	0.313613	0.951787	0.746865	0.53379	0.532706	0.853403	1.03329	0.458254	0.401802	0.376512	0.56807	1.10727	0.40351	0.250777	0.955617	0.662785	0.76415	0.882148	0.307147	0.701889	0.431467	
0.382644	0.64707	0.37769	0.514063	0.436482	0.622743	0.400671	0.360065	0.322106	0.175076	0.544163	0.356471	0.490117	0.256296	0.462755	0.552823	0.0730856	0.171931	0.111578	0.147713	0.629916	0.0991009	0.249501	0.618207	0.217333	0.358375	0.396179	0.208693	0.380117	0.334036	
0.280462	0.687044	0.433861	0.599663	0.537995	0.645328	0.392793	0.257963	0.357261	0.153482	0.516181	0.458492	0.387064	0.350031	0.424601	0.62157	0.158743	0.0768574	0.109493	0.250753	0.653561	0.0640861	0.20409	0.563111	0.20826	0.324783	0.458673	0.230781	0.310923	0.402693	
0.391722	1.05481	0.786515	0.894641	0.663445	1.02173	0.769638	0.454946	0.240063	0.235074	0.880724	0.675167	0.495925	0.464941	0.783251	0.955206	0.380436	0.328789	0.29786	0.491781	1.02966	0.325565	0.175083	0.892091	0.586494	0.691736	0.803564	0.232135	0.636095	0.376408	
0.134638	0.995733	0.767114	0.94516	0.833995	0.930539	0.651279	0.221415	0.485418	0.315409	0.713709	0.787613	0.202098	0.626829	0.613612	0.960517	0.460693	0.268894	0.355404	0.576855	0.940023	0.341649	0.250053	0.67387	0.504537	0.549098	0.795745	0.397426	0.444652	0.602108	
0.854583	0.0423163	0.277975	0.39312	0.747043	0.0775458	0.332749	0.776241	0.936427	0.807868	0.376134	0.588573	0.8951	0.741947	0.432909	0.250916	0.683767	0.737648	0.745947	0.611762	0.0696261	0.717715	0.873019	0.545202	0.472449	0.441792	0.281251	0.841268	0.576458	0.887886	
0.724616	0.508675	0.269236	0.208364	0.226461	0.552417	0.491408	0.688212	0.506938	0.493263	0.650997	0.0663141	0.824101	0.263204	0.615146	0.317642	0.33201	0.518508	0.437191	0.212152	0.554361	0.442798	0.573136	0.790235	0.405965	0.528698	0.249	0.465102	0.624445	0.412287	
0.619167	0.404126	0.128937	0.246628	0.380848	0.418697	0.323638	0.56832	0.538822	0.452312	0.483708	0.225647	0.705498	0.335921	0.448088	0.274256	0.301861	0.433205	0.389256	0.209001	0.422727	0.377228	0.52879	0.622999	0.255537	0.365005	0.12988	0.459128	0.47079	0.481568	
0.657747	0.297611	0.325503	0.546289	0.808869	0.184641	0.151452	0.572802	0.871695	0.696207	0.118788	0.651911	0.675368	0.734797	0.189415	0.435946	0.614678	0.593359	0.642071	0.586709	0.194646	0.603178	0.745164	0.288828	0.338222	0.238492	0.355772	0.756328	0.353399	0.861151	
0.454038	0.426442	0.245896	0.483071	0.624552	0.362903	0.102292	0.379151	0.621133	0.443185	0.25016	0.4835	0.506243	0.509394	0.186807	0.436786	0.367155	0.347255	0.388615	0.360899	0.371984	0.350011	0.495161	0.360749	0.0847827	0.0955786	0.283302	0.503593	0.215028	0.622009	
5.3551
5.14903
4.12691
5.11523
5.16655
5.1976
5.49863
4.84211
4.3982
3.0888
5.23247
4.22694
4.52487
4.51332
3.35815
