10	15
63.2074	30.1302
3.47778	77.831
33.5181	76.4525
118.939	34.8609
70.0402	45.6246
160.352	145.148
110.227	153.52
34.0576	116.039
56.7614	156.184
73.8879	109.546
386.999
39.1579
125.751
277.414
229.137
201.682
240.718
162.789
204.502
152.451
285.551
255.2
319.8
255.65
14.3154
0.789542	0.698488	0.776413	0.109427	0.747266	0.894597	0.828049	0.809193	0.704066	1.07733	0.640522	0.333814	0.666397	0.770808	0.678276	
0.524841	0.9563	0.329552	0.638964	0.0212009	0.930702	0.449221	0.511537	0.212143	0.594192	0.146109	0.503573	0.151539	0.684382	0.572764	
0.204393	0.554561	1.03581	0.870761	0.693902	0.336721	0.266397	0.207536	0.907505	0.304953	0.614081	0.636458	0.8283	0.203697	0.276778	
0.443594	0.209953	0.985914	0.48087	0.753481	0.373866	0.536959	0.473798	0.864941	0.754968	0.620505	0.332765	0.790389	0.319466	0.298864	
0.338398	0.327806	0.865343	0.440573	0.61988	0.409256	0.42041	0.366601	0.741401	0.65286	0.487585	0.241047	0.664838	0.265017	0.19742	
0.526027	0.488672	0.758175	0.202033	0.607214	0.640452	0.577084	0.548107	0.651103	0.825789	0.47829	0.110873	0.588034	0.499707	0.407911	
0.531586	0.204014	1.28436	0.844308	0.995185	0.123938	0.639269	0.558591	1.15614	0.762703	0.875251	0.676475	1.07623	0.344405	0.44106	
0.471909	0.0799929	1.12684	0.642788	0.867335	0.240932	0.577938	0.502568	1.00216	0.759288	0.738635	0.489479	0.924751	0.299816	0.342629	
0.612318	0.69708	0.57369	0.13476	0.504692	0.823109	0.628224	0.62597	0.482435	0.872491	0.399424	0.175156	0.434307	0.644025	0.530995	
0.79281	0.718204	0.754629	0.102028	0.734018	0.909583	0.828075	0.81169	0.68457	1.07695	0.630034	0.334876	0.648809	0.780038	0.684803	
5.18389
6.57107
5.59325
3.66989
4.97611
3.29544
3.82536
4.98312
4.66922
5.0134
