15	30
24.2882	84.4398
115.957	118.947
50.8384	103.571
136.025	73.4827
145.993	119.465
154.113	30.5765
75.8982	157.904
142.03	23.0669
12.4751	18.9839
25.2756	151.498
156.585	65.4966
105.545	39.8951
55.1837	147.607
49.4361	44.6572
97.3101	22.2584
88.9526
151.393
110.147
38.415
125.102
230.063
161.181
192.452
33.4945
116.661
182.443
145.285
224.872
55.7394
48.725
168.693
181.908
207.583
48.5035
214.318
199.668
163.099
141.67
214.312
203.842
18.1844
44.1172
184.862
70.1616
40.3161
0.934638	0.597531	0.695436	0.226667	0.160535	0.462415	0.715809	0.199429	0.371601	0.251746	0.908576	0.502995	1.00247	0.238406	0.386021	0.480383	0.168257	0.755494	0.770533	0.507681	0.0691932	0.880768	0.414921	0.0111536	0.672275	0.406733	0.316205	0.671774	0.223972	0.393305	
0.207022	0.279772	0.629333	0.583043	0.80591	0.31739	0.0400025	0.53057	0.357777	0.616287	0.199407	0.748414	0.274499	0.956666	0.753	0.256408	0.655067	0.696542	0.0814954	0.293988	0.796756	0.15706	0.660442	0.736678	0.310344	0.669201	0.534204	0.460213	0.52052	0.552233	
0.716843	0.295651	0.31418	0.44516	0.355472	0.451664	0.509914	0.266965	0.281309	0.140784	0.663671	0.229006	0.794305	0.530448	0.684352	0.393908	0.223673	0.380289	0.612058	0.246732	0.428591	0.692922	0.124493	0.39705	0.661293	0.131121	0.489854	0.295253	0.353928	0.0153657	
0.743643	0.519695	0.754165	0.0543163	0.426592	0.228262	0.541224	0.196286	0.246973	0.38477	0.737794	0.656133	0.800895	0.508958	0.247223	0.287633	0.341509	0.826196	0.559928	0.426472	0.33995	0.676094	0.547473	0.279842	0.407364	0.545344	0.0407314	0.666136	0.103847	0.470306	
0.200429	0.446531	0.796498	0.651118	0.927301	0.37534	0.206641	0.640039	0.474044	0.754313	0.252495	0.908914	0.222636	1.06525	0.776667	0.351174	0.781712	0.863163	0.0861791	0.45124	0.89856	0.117947	0.816498	0.836225	0.253795	0.82443	0.584091	0.626838	0.608705	0.706675	
0.499386	0.348145	0.664373	0.290009	0.578788	0.0262213	0.301788	0.288033	0.154957	0.440804	0.496142	0.66339	0.557203	0.704709	0.460159	0.0648002	0.444782	0.739375	0.316699	0.274288	0.535992	0.432434	0.555321	0.473237	0.232687	0.558922	0.236817	0.532698	0.24423	0.450001	
0.118651	0.473533	0.807748	0.745118	1.00261	0.46889	0.235221	0.720146	0.549727	0.818709	0.19066	0.949008	0.121007	1.1472	0.878447	0.433527	0.85367	0.869681	0.143673	0.497591	0.982971	0.0607382	0.863529	0.921324	0.356094	0.872524	0.681584	0.636052	0.696702	0.755891	
0.472434	0.088637	0.277762	0.607537	0.644259	0.460307	0.312104	0.461697	0.345838	0.425759	0.404477	0.440751	0.550091	0.817738	0.839305	0.370483	0.499076	0.345719	0.433073	0.167744	0.69484	0.474555	0.382224	0.650054	0.596661	0.394181	0.610295	0.110553	0.513813	0.299111	
0.884706	0.675349	0.892023	0.141817	0.45959	0.368668	0.690077	0.317169	0.402353	0.487434	0.884871	0.761773	0.937164	0.486747	0.100429	0.438847	0.424006	0.961918	0.696668	0.581589	0.338721	0.812989	0.658356	0.295161	0.505623	0.653893	0.152165	0.815628	0.237728	0.596616	
0.890021	0.464021	0.253335	0.644564	0.41994	0.679789	0.701889	0.469289	0.509428	0.287598	0.825746	0.0273789	0.968241	0.576162	0.874317	0.619885	0.3588	0.279738	0.813924	0.448458	0.53868	0.880459	0.117944	0.53161	0.887515	0.12118	0.702073	0.358306	0.561567	0.212799	
0.259482	0.185559	0.477897	0.668834	0.804002	0.442227	0.15546	0.566645	0.406199	0.59202	0.19056	0.652404	0.336586	0.970398	0.872886	0.357513	0.651591	0.537437	0.264409	0.25896	0.826931	0.272434	0.584681	0.773082	0.494904	0.595763	0.642177	0.30677	0.587598	0.488785	
0.0856414	0.350196	0.650405	0.752379	0.945038	0.490619	0.171295	0.683913	0.512443	0.741627	0.0261402	0.825309	0.16143	1.10415	0.926536	0.424931	0.79207	0.706851	0.193404	0.404159	0.950326	0.128005	0.752746	0.892271	0.460294	0.763284	0.706863	0.480423	0.68455	0.652173	
1.15321	0.823721	0.891853	0.390356	0.265268	0.660296	0.936279	0.423578	0.593077	0.45477	1.13099	0.661825	1.21861	0.149822	0.424404	0.692894	0.371642	0.944754	0.982369	0.734163	0.168257	1.09532	0.595674	0.216369	0.851235	0.585013	0.472932	0.888058	0.427841	0.599921	
0.816104	0.406522	0.410881	0.399776	0.235139	0.480552	0.601935	0.229047	0.316701	0.0409755	0.768498	0.233816	0.892289	0.410099	0.627656	0.442865	0.119152	0.46859	0.693961	0.342737	0.319797	0.784414	0.131401	0.298124	0.70187	0.125777	0.462894	0.414894	0.321711	0.121518	
0.826941	0.446704	0.513844	0.298263	0.180183	0.427098	0.607376	0.144168	0.282334	0.0715433	0.788711	0.341239	0.900199	0.346512	0.519496	0.409467	0.0271703	0.574901	0.684581	0.36625	0.224724	0.785004	0.24198	0.192814	0.65097	0.235822	0.369533	0.495604	0.231233	0.21173	
6.5017
4.18375
5.26301
4.15465
3.9488
3.78646
5.04154
3.54082
7.07
5.80557
3.42591
4.03433
4.89946
5.77154
4.75216
