10	20
92.8722	123.084
130.496	33.6157
98.9963	138.062
176.359	78.6987
123.753	23.9832
130.747	70.2742
32.942	141.187
45.1785	57.5824
132.033	84.526
68.9475	118.621
235.8
686.14
252.62
624.693
166.007
265.359
512.716
742.945
581.334
302.044
527.55
128.561
257.475
717.994
839.449
228.438
582.749
10.0819
706.843
327.546
0.609303	0.626402	0.269126	0.794435	0.346382	0.848657	1.05818	0.653327	0.343347	0.162885	0.458164	0.430884	0.832336	0.935491	0.759226	0.928465	0.39624	0.838535	0.972326	0.939687	
0.230514	0.372054	0.41676	0.236398	0.259995	0.471768	0.509151	0.182116	0.412163	0.600685	0.20835	0.675317	0.650184	0.598023	0.497493	0.336601	0.244614	0.389995	0.527353	0.606973	
0.313444	0.359861	0.796803	0.170316	0.607328	0.217366	0.144249	0.271777	0.61387	0.853665	0.46471	0.796854	0.481435	0.31073	0.34985	0.19355	0.633598	0.122729	0.159579	0.320438	
0.451403	0.561946	0.170079	0.525081	0.188804	0.724912	0.797688	0.440339	0.430485	0.500222	0.318274	0.683531	0.844344	0.845529	0.70937	0.616488	0.0872432	0.66096	0.803066	0.853385	
0.138337	0.193061	0.645345	0.15021	0.449429	0.175288	0.322726	0.122227	0.434833	0.67491	0.296787	0.625867	0.395553	0.30204	0.240796	0.282978	0.493517	0.0996094	0.242831	0.311307	
0.837512	0.802554	0.598362	1.04886	0.646021	1.02163	1.28941	0.898882	0.532651	0.299735	0.714132	0.423443	0.9193	1.07729	0.900368	1.19351	0.714667	1.04301	1.15861	1.07866	
0.444904	0.569131	0.254429	0.482246	0.238087	0.710333	0.748487	0.419557	0.479025	0.574515	0.334671	0.740816	0.854486	0.834434	0.711746	0.558344	0.136898	0.636211	0.775426	0.842854	
0.540846	0.664009	0.268864	0.569985	0.31369	0.805756	0.830686	0.514643	0.556416	0.622735	0.426732	0.811132	0.949162	0.930123	0.807358	0.63456	0.209767	0.729934	0.868057	0.938583	
0.219339	0.305253	0.67951	0.0592788	0.49279	0.248006	0.243256	0.162249	0.52448	0.759743	0.357377	0.732816	0.49622	0.367365	0.345916	0.169424	0.514843	0.140274	0.253485	0.377257	
0.334909	0.453645	0.246984	0.407843	0.141525	0.606253	0.682252	0.319971	0.37116	0.498146	0.217072	0.63756	0.738605	0.728127	0.598212	0.508495	0.0752839	0.540461	0.682481	0.736193	
5.31611
4.98602
5.51437
4.47579
4.68489
5.16627
6.70582
6.42581
5.43723
5.71901
