10	15
0.289978	156.224
6.62278	95.2252
61.9369	86.2764
43.9002	97.9168
66.267	131.626
152.646	84.3946
41.5755	112.764
78.3143	86.5521
140.894	89.2397
37.8159	136.568
467.55
666.574
92.2908
725.342
1278.44
1310.55
508.04
962.636
1285.89
378.353
1071.03
10.8907
1252.67
520.225
237.387
0.463082	1.03271	0.981353	0.114642	0.21303	0.528311	0.149829	0.247433	0.848337	0.736415	0.373298	0.207458	0.208365	0.444037	0.682179	
0.286527	0.665151	0.670561	0.772855	0.780129	0.674656	0.56248	0.881931	0.748522	0.184646	0.488476	0.710943	0.480523	0.716131	0.455168	
0.309348	0.839869	0.785112	0.27261	0.22027	0.339776	0.264397	0.439001	0.649462	0.594255	0.175507	0.14941	0.0956881	0.277253	0.489583	
0.525504	0.341762	0.256252	0.889409	0.75601	0.337639	0.876915	1.06471	0.0265632	0.577159	0.472057	0.689083	0.665643	0.455997	0.268083	
0.531674	0.242808	0.157203	0.949615	0.826072	0.415593	0.913205	1.12311	0.116805	0.532483	0.515676	0.755599	0.704177	0.535217	0.254193	
0.429466	0.81336	0.82601	0.837515	0.874678	0.824456	0.600882	0.919487	0.913032	0.334237	0.623805	0.812526	0.574366	0.854116	0.619663	
0.717084	0.752068	0.666242	0.788612	0.619532	0.32572	0.893848	0.954279	0.393131	0.893656	0.549146	0.587575	0.708369	0.354224	0.581305	
0.216658	0.821867	0.790887	0.430147	0.459907	0.517061	0.228444	0.541202	0.743624	0.441445	0.29213	0.401624	0.164551	0.500888	0.494174	
0.359296	0.264142	0.263545	0.902837	0.828951	0.514214	0.784542	1.05901	0.403028	0.22901	0.467782	0.750791	0.603961	0.613603	0.180407	
0.576096	0.974569	0.901985	0.320058	0.151587	0.351532	0.499279	0.473664	0.68612	0.851825	0.381377	0.166483	0.39648	0.232054	0.65357	
5.62313
4.58665
3.51442
3.98556
3.70074
2.44913
4.41003
3.58075
2.79493
4.39147
