15	30
115.445	86.0367
52.2528	50.7615
123.619	112.526
5.96708	87.8587
67.6772	56.0359
141.406	14.309
166.84	106.546
56.1329	158.288
123.348	20.6567
170.022	63.0824
127.376	44.2036
75.9891	133.174
140.135	151.466
135.758	147.945
68.0188	112.808
453.595
357.447
48.0866
432.91
4.91458
186.324
356.113
322.436
113.907
282.324
181.315
1.58272
204.567
12.462
310.532
287.724
410.531
368.93
182.227
266.017
438.129
339.427
334.714
136.296
226.351
208.49
162.442
15.917
56.0598
26.7221
0.725051	0.0565415	0.611499	0.266778	0.294002	0.241869	0.0233459	0.770069	0.665018	0.522268	0.199654	0.341031	0.361001	0.542803	0.312956	0.2994	0.608037	0.380551	0.36584	0.197771	0.447025	0.333469	0.654605	0.609199	0.827133	0.584686	0.290981	0.213611	0.685674	0.451296	
0.560591	0.262971	0.36355	0.457181	0.094529	0.0592816	0.23328	0.516938	0.586745	0.350498	0.0915366	0.584318	0.482152	0.296294	0.198965	0.33547	0.569025	0.481616	0.610458	0.362673	0.684408	0.132264	0.530959	0.367667	0.744267	0.446855	0.449542	0.461669	0.621361	0.211386	
0.342819	0.768112	0.839327	0.597626	0.757605	0.723116	0.717551	0.815338	0.104926	0.395851	0.734344	0.788968	1.07202	0.637322	0.46801	0.41678	0.106003	1.08694	0.809742	0.911278	0.81164	0.787158	0.22656	0.621795	0.14348	0.289245	1.00501	0.757756	0.0587207	0.786999	
0.380538	0.660077	0.210297	0.788739	0.408582	0.433415	0.626743	0.154842	0.568291	0.289971	0.47956	0.952796	0.847895	0.10201	0.403305	0.581644	0.619861	0.837394	0.979787	0.753214	1.04173	0.396542	0.452146	0.0542673	0.671593	0.384419	0.832786	0.840278	0.614456	0.285803	
0.375632	0.678699	0.222877	0.803965	0.427879	0.452557	0.645032	0.146181	0.569844	0.296245	0.498647	0.969399	0.867166	0.120285	0.417687	0.594763	0.624274	0.856602	0.996407	0.772387	1.05767	0.415764	0.452214	0.0642168	0.669167	0.387029	0.852062	0.857528	0.616054	0.304316	
0.437275	0.329971	0.482181	0.363238	0.287513	0.246757	0.280656	0.574781	0.406718	0.237125	0.255962	0.537718	0.616004	0.332636	0.0269363	0.166981	0.378229	0.624901	0.564704	0.466881	0.619537	0.322798	0.373559	0.378592	0.568293	0.298755	0.561996	0.438437	0.437158	0.365142	
0.97703	0.311664	0.918473	0.274893	0.596353	0.547725	0.330044	1.07904	0.855588	0.792285	0.502735	0.121862	0.426662	0.848791	0.584711	0.483592	0.772056	0.463701	0.125246	0.318804	0.211918	0.632737	0.882103	0.912202	1.00612	0.828634	0.342379	0.121955	0.861801	0.75653	
0.805284	0.579457	1.03048	0.265383	0.773762	0.718125	0.551151	1.11668	0.593655	0.701177	0.693274	0.342217	0.836682	0.877565	0.568106	0.384644	0.490075	0.867668	0.348993	0.683927	0.304228	0.816118	0.678553	0.911255	0.69926	0.669856	0.750353	0.40227	0.575843	0.898491	
0.638087	0.266562	0.34292	0.514524	0.0189124	0.0440949	0.253613	0.523746	0.677881	0.430887	0.077004	0.617565	0.424994	0.330838	0.291567	0.420499	0.661631	0.418464	0.642463	0.331011	0.722675	0.0573095	0.617632	0.406489	0.834223	0.53244	0.407152	0.490165	0.713167	0.179704	
0.752177	0.644454	1.03932	0.337269	0.807796	0.753753	0.610058	1.10549	0.525193	0.674489	0.734785	0.445505	0.918214	0.87213	0.571667	0.391808	0.42197	0.947192	0.454404	0.760358	0.413373	0.849392	0.62242	0.897231	0.614131	0.62667	0.833225	0.491505	0.501173	0.918878	
0.341541	0.434332	0.516227	0.411121	0.379576	0.345621	0.384056	0.569145	0.300567	0.162689	0.360362	0.600858	0.723944	0.336332	0.0916397	0.179297	0.282975	0.733059	0.627255	0.573309	0.670696	0.410232	0.266886	0.361731	0.461166	0.196614	0.668598	0.515715	0.33337	0.426655	
0.504968	0.740879	0.170591	0.904696	0.466193	0.503796	0.714262	0.0407188	0.705539	0.429419	0.550877	1.05775	0.887661	0.215468	0.526712	0.708804	0.759231	0.871508	1.08447	0.815264	1.1518	0.442509	0.587413	0.193441	0.801703	0.522716	0.885766	0.939507	0.751752	0.314145	
0.641252	0.254262	0.355033	0.503456	0.0309387	0.0359907	0.241364	0.534878	0.67649	0.433207	0.0648459	0.60537	0.417149	0.33951	0.288468	0.413153	0.658385	0.411518	0.630239	0.320292	0.710582	0.069274	0.618302	0.414939	0.833553	0.533434	0.397517	0.477914	0.711246	0.191866	
0.42547	0.596262	0.789234	0.403213	0.637605	0.594192	0.547263	0.815179	0.206835	0.373012	0.595413	0.594652	0.901394	0.599377	0.349645	0.241868	0.104772	0.919702	0.61573	0.737943	0.621126	0.673079	0.295693	0.607629	0.333837	0.30562	0.829473	0.564985	0.195363	0.702323	
0.834916	0.145342	0.74795	0.22602	0.42711	0.377302	0.158896	0.908213	0.743115	0.640226	0.332972	0.219598	0.356759	0.679631	0.429769	0.363981	0.671743	0.387113	0.24143	0.205079	0.329165	0.464655	0.751434	0.74462	0.901287	0.689375	0.271374	0.0933016	0.75676	0.586547	
5.23892
6.86891
4.81577
7.77956
6.24336
4.39042
4.22994
6.00174
4.63593
4.33831
5.09078
5.49132
4.7522
4.22836
6.34977
