10	20
97.4375	27.4769
111.574	24.0153
130.063	152.082
24.4901	56.9551
175.343	81.2718
120.715	53.1979
88.6717	78.5823
142.288	44.116
129.269	141.338
154.733	159.161
227.166
327.27
248.777
150.604
372.576
134.642
183.205
83.2204
214.575
323.59
299.676
220.169
58.7255
38.7164
63.5334
275.608
281.698
100.564
214.646
272.02
0.601202	0.505746	0.106928	0.564563	0.42291	0.66953	0.420076	0.875174	0.381523	0.621511	0.369602	0.797041	0.849128	0.634827	0.101282	0.587851	0.566755	0.856258	0.286552	0.168061	
0.155573	0.310082	0.374968	0.219066	0.234775	0.570364	0.116118	0.446215	0.175976	0.248594	0.580037	0.33418	0.850344	0.324828	0.498947	0.240155	0.53959	0.617402	0.229624	0.387772	
0.564355	0.437541	0.87712	0.372482	0.792028	0.474813	0.531156	0.199995	0.738628	0.322473	0.807964	0.4022	0.705413	0.793612	0.91146	0.717759	0.561558	0.267665	0.781237	0.781153	
0.335154	0.722728	0.555491	0.619938	0.249299	0.983128	0.522889	0.721218	0.316271	0.631181	0.926688	0.521665	1.26041	0.102382	0.744269	0.183707	0.945588	1.01293	0.391707	0.686726	
0.186743	0.315132	0.333558	0.242694	0.210999	0.57495	0.112999	0.486113	0.145267	0.278491	0.556446	0.375433	0.850121	0.328641	0.461716	0.247156	0.535799	0.638091	0.189686	0.354273	
0.383964	0.10144	0.53628	0.0817783	0.522149	0.305458	0.211957	0.342952	0.453963	0.105137	0.494347	0.389227	0.594616	0.604527	0.563619	0.51851	0.319804	0.327309	0.469135	0.432994	
0.498294	0.111544	0.417456	0.252618	0.53105	0.258801	0.240525	0.555648	0.455948	0.303863	0.281994	0.576316	0.508444	0.677241	0.383992	0.594791	0.190532	0.428487	0.426394	0.262264	
0.708492	0.40986	0.359178	0.535682	0.626763	0.457908	0.455063	0.85056	0.562081	0.591942	0.0802854	0.842951	0.575719	0.822887	0.195028	0.754758	0.34161	0.689407	0.485922	0.18954	
0.612709	0.313181	0.787095	0.333328	0.785459	0.259391	0.478314	0.367925	0.719094	0.313006	0.626154	0.52635	0.486659	0.844568	0.777745	0.760424	0.358606	0.071001	0.734928	0.653895	
0.238711	0.317761	0.27823	0.271471	0.201703	0.573077	0.119874	0.535466	0.127825	0.314367	0.517943	0.430942	0.840312	0.353288	0.408074	0.277376	0.523099	0.65773	0.14506	0.304859	
6.26866
5.32083
5.55582
7.5735
4.34958
5.38208
6.48616
5.32321
5.38212
5.39421
