15	30
19.0294	54.9076
32.7576	98.8132
2.93839	126.727
41.939	147.412
144.617	81.2309
23.9695	31.6644
37.7275	66.8383
35.7557	124.716
122.081	14.6469
56.9897	133.753
44.8948	100.879
161.146	56.7729
80.4487	128.369
35.5409	134.211
173.238	82.8176
29.3282
12.7614
1.94333
17.4131
26.5276
23.7035
47.8411
33.0883
46.6739
18.0236
25.2985
37.9342
54.964
20.8855
45.7959
53.0104
19.4177
24.0665
47.5704
40.5915
32.6072
22.8627
51.3458
10.4087
42.7626
27.0675
30.2535
42.2772
25.1357
10.9465
0.39784	0.374134	0.676135	0.275161	0.555716	0.305695	0.343446	0.112838	0.316439	0.816021	0.136287	0.341532	0.583809	0.60113	0.154706	0.343248	0.701941	0.562197	0.237077	0.310825	0.431507	0.629625	0.448389	0.22789	0.460582	0.558548	0.586168	0.477527	0.591668	0.0365877	
0.293706	0.271512	0.330202	0.569968	0.169476	0.939494	0.447176	0.562833	0.958731	0.467954	0.689487	0.398075	0.825618	0.279488	0.687811	0.59685	0.521736	1.01139	0.509979	0.945368	1.02964	0.61471	0.933771	0.636104	0.509646	0.763682	0.97944	0.845155	0.933225	0.66369	
0.229346	0.247135	0.437261	0.59561	0.0709813	0.89889	0.485462	0.522605	0.925901	0.581365	0.640492	0.431857	0.883762	0.376858	0.635527	0.512775	0.620907	1.04238	0.52603	0.905106	0.973251	0.697827	0.955345	0.651168	0.408496	0.82409	1.01951	0.884146	0.980349	0.642142	
0.218668	0.276451	0.543102	0.642804	0.0904165	0.877922	0.546243	0.511563	0.912401	0.690063	0.615999	0.491493	0.952162	0.478374	0.607627	0.451202	0.721145	1.08666	0.567565	0.884396	0.934891	0.786779	0.992367	0.687923	0.326244	0.894897	1.07177	0.936951	1.03887	0.645612	
0.217349	0.161914	0.479081	0.2381	0.356251	0.525028	0.206137	0.167355	0.537934	0.630512	0.298324	0.17206	0.580322	0.398931	0.304487	0.349784	0.548037	0.663828	0.15861	0.530468	0.636239	0.521183	0.564644	0.263426	0.391918	0.534527	0.659167	0.528208	0.638321	0.240385	
0.204307	0.157917	0.317111	0.456876	0.151452	0.823258	0.339532	0.448383	0.840589	0.473384	0.577356	0.287574	0.733071	0.244597	0.577163	0.510504	0.484148	0.901794	0.393306	0.82902	0.919025	0.549223	0.820145	0.519666	0.448276	0.673002	0.874522	0.739391	0.832604	0.544341	
0.612613	0.573296	0.789868	0.320454	0.764754	0.256591	0.441682	0.336206	0.215077	0.90576	0.305475	0.466048	0.499188	0.7271	0.326127	0.55035	0.759307	0.378704	0.339651	0.257111	0.421256	0.645086	0.263556	0.237654	0.679892	0.4986	0.426193	0.355615	0.456184	0.189068	
0.666819	0.641156	0.891591	0.426846	0.825081	0.15964	0.542677	0.373625	0.106293	1.01235	0.301993	0.561719	0.604041	0.825607	0.319961	0.551034	0.869164	0.447882	0.436638	0.158367	0.322665	0.756835	0.339537	0.345236	0.694049	0.607244	0.508212	0.455401	0.548112	0.243557	
0.643117	0.547551	0.249356	0.406045	0.658619	0.941709	0.335594	0.682837	0.919835	0.244242	0.796086	0.361655	0.378913	0.278371	0.809172	0.880788	0.0652777	0.657826	0.434504	0.944727	1.09176	0.0952455	0.640114	0.481349	0.889484	0.32067	0.589023	0.488012	0.517979	0.661151	
0.243227	0.28287	0.501372	0.642764	0.0864731	0.912033	0.538045	0.54014	0.943327	0.643968	0.650945	0.483731	0.94011	0.441317	0.64398	0.499878	0.685344	1.08908	0.570367	0.918408	0.976208	0.760447	0.998668	0.693743	0.380792	0.881246	1.06963	0.934331	1.033	0.66808	
0.890234	0.805301	0.728322	0.447133	0.986705	0.774244	0.528743	0.738031	0.720054	0.751974	0.781793	0.583464	0.135419	0.716885	0.802156	0.984287	0.57338	0.21562	0.52681	0.773564	0.938326	0.413298	0.284779	0.439754	1.06879	0.199082	0.12862	0.175207	0.0676249	0.620048	
0.808207	0.716825	0.581623	0.389969	0.884729	0.820627	0.435889	0.706897	0.775879	0.594721	0.775821	0.489343	0.066029	0.57925	0.794726	0.948473	0.416932	0.346979	0.464899	0.821227	0.985008	0.25829	0.377323	0.412715	1.01219	0.0860052	0.264025	0.221252	0.187304	0.613395	
0.876659	0.802864	0.814569	0.436733	0.995473	0.636078	0.549011	0.673761	0.576053	0.866108	0.689915	0.600586	0.254011	0.786774	0.710904	0.915736	0.688177	0.0424756	0.511829	0.634421	0.796655	0.530032	0.137987	0.397617	1.02044	0.304733	0.0447711	0.151934	0.119965	0.537386	
0.318027	0.259401	0.510393	0.157089	0.455453	0.468178	0.181956	0.170979	0.470137	0.650339	0.280578	0.175532	0.501076	0.436378	0.293113	0.402412	0.542069	0.564329	0.0877243	0.47289	0.597434	0.485991	0.463897	0.165142	0.471756	0.461293	0.563115	0.43461	0.546858	0.170979	
0.274436	0.194508	0.414879	0.172825	0.38826	0.566605	0.118196	0.239786	0.569485	0.559601	0.364185	0.087937	0.50429	0.338912	0.373644	0.43769	0.465344	0.616295	0.0970538	0.571435	0.691777	0.433242	0.525739	0.221329	0.475106	0.455123	0.601989	0.467922	0.573682	0.270008	
4.95436
4.23839
5.3165
4.70198
3.21728
5.15454
4.04668
4.8968
3.35763
3.80917
4.50889
2.88042
3.67862
4.6319
2.72444
