10	15
41.8313	73.6214
2.05594	42.2442
4.29453	65.8325
19.0817	128.682
47.3951	105.704
88.7934	113.745
168.678	76.3791
98.5946	155.696
142.119	109.199
43.1276	73.6545
190.599
287.503
192.976
82.1692
252.333
342.463
69.4343
119.28
315.851
223.794
219.168
264.733
139.965
232.532
216.394
0.181013	0.639745	0.63081	0.737484	0.781201	0.430611	0.433149	0.44737	0.232288	0.0494562	0.161667	0.251089	0.154461	0.783784	0.425872	
0.635258	0.22985	0.208421	0.538642	0.610363	0.454085	0.60365	0.230966	0.708534	0.501994	0.469188	0.616312	0.595559	0.70104	0.956198	
0.169656	0.499919	0.612113	0.804054	0.859349	0.241046	0.577955	0.305034	0.241778	0.189027	0.0302184	0.150719	0.338232	0.887717	0.590628	
0.148382	0.786152	0.812344	0.903789	0.941903	0.510952	0.558131	0.590409	0.129232	0.230959	0.274416	0.242395	0.256982	0.929983	0.314027	
0.525653	0.671196	0.431538	0.406585	0.441319	0.649847	0.137223	0.53455	0.577926	0.307029	0.435458	0.581307	0.252538	0.437693	0.591545	
0.416534	0.880869	0.748479	0.719877	0.739164	0.712607	0.317121	0.700323	0.427483	0.293248	0.443815	0.507749	0.149191	0.695141	0.261398	
0.571162	1.11241	0.979801	0.910169	0.916407	0.911567	0.49957	0.927148	0.553406	0.511711	0.646024	0.666781	0.381699	0.847625	0.158269	
0.273427	0.599163	0.540202	0.638313	0.683162	0.45064	0.354569	0.416386	0.330268	0.0543654	0.197156	0.32931	0.134893	0.690405	0.480039	
0.413241	0.304062	0.378816	0.632061	0.697066	0.287452	0.53923	0.133435	0.486487	0.305129	0.247033	0.395088	0.428175	0.755805	0.766996	
0.803733	0.595395	0.178071	0.171318	0.243506	0.76761	0.424002	0.566298	0.869881	0.598739	0.66243	0.827011	0.60206	0.347027	0.953979	
4.38989
6.03794
5.85889
5.12919
4.40128
4.12662
2.91058
4.08978
3.45862
5.20596
