10	20
115.246	60.5529
76.3849	153.483
82.4694	17.4749
51.4419	14.3555
37.3758	110.691
4.54947	57.0375
80.7292	83.1689
113.224	11.1945
10.8755	145.838
7.77885	100.088
56.734
28.2769
176.556
293.605
79.2839
316.898
135.328
350.029
77.7969
144.582
248.187
245.589
140.666
339.616
216.085
66.0624
331.39
88.6161
60.9069
373.214
0.506333	0.351298	0.155057	1.07943	0.713358	0.382679	0.963225	0.909912	0.260321	0.857368	0.456577	0.666589	0.199316	0.920549	0.907927	0.581203	0.506338	0.610197	0.70166	0.234204	
0.429053	0.272824	0.222936	0.990478	0.686284	0.284646	0.888393	0.858768	0.300549	0.794796	0.357538	0.605002	0.128553	0.829872	0.841443	0.604418	0.52725	0.525681	0.695814	0.157245	
0.494491	0.431818	0.651911	0.831588	0.887287	0.3147	0.842635	0.940988	0.702659	0.83218	0.304009	0.68692	0.344171	0.677734	0.850831	0.947668	0.873747	0.502616	0.960007	0.30931	
0.0881342	0.219948	0.526238	0.567106	0.314148	0.287886	0.411442	0.383539	0.465141	0.30673	0.278496	0.119787	0.559218	0.428945	0.353602	0.498235	0.449852	0.143971	0.418128	0.55916	
0.287106	0.437632	0.787656	0.29572	0.489559	0.434565	0.218797	0.379068	0.737554	0.253023	0.377706	0.244856	0.737954	0.15406	0.245263	0.753374	0.714811	0.178427	0.626457	0.72608	
0.512076	0.481492	0.395457	0.998387	0.328384	0.601233	0.787448	0.597481	0.279105	0.623788	0.646482	0.491147	0.68571	0.882451	0.687166	0.0457986	0.0315652	0.610057	0.223924	0.709553	
0.0432671	0.199613	0.541901	0.541456	0.388186	0.237483	0.416308	0.432647	0.495434	0.339851	0.214494	0.171252	0.527435	0.392461	0.377226	0.563443	0.51039	0.0814295	0.492442	0.522998	
0.0941799	0.0986198	0.409751	0.673828	0.381391	0.197039	0.536202	0.503344	0.36455	0.434039	0.219035	0.24459	0.437181	0.524744	0.481568	0.474368	0.411538	0.209515	0.450597	0.440213	
0.23993	0.167838	0.287847	0.809204	0.370658	0.287226	0.64942	0.563037	0.222515	0.522273	0.335744	0.335229	0.42503	0.665493	0.578068	0.356668	0.285536	0.35427	0.390703	0.439722	
0.331015	0.268028	0.265782	0.881642	0.351523	0.386275	0.703808	0.580914	0.167306	0.561496	0.436756	0.386063	0.484878	0.745061	0.621414	0.262037	0.187855	0.442063	0.334235	0.504924	
2.52153
3.01176
2.83665
3.40183
3.67069
5.24095
2.87304
2.78678
4.48147
5.19687
