10	15
128.99	84.0856
176.645	67.6164
157.718	46.0473
14.7329	151.462
105.176	95.1221
52.1289	10.6321
118.864	94.3151
168.458	150.719
74.9601	21.7364
100.951	59.3646
26.1586
16.9096
23.8265
29.3917
25.249
25.1348
46.1226
45.3355
8.83053
6.53021
35.0398
12.9811
18.0649
36.2471
34.7285
0.524212	0.430788	0.413994	0.234007	0.375096	0.529548	0.49749	0.0766683	0.427458	0.413145	0.382467	0.364962	0.507872	0.167242	0.551152	
1.04567	0.440716	0.550983	0.301467	0.841975	0.962099	0.202714	0.519762	0.915739	0.914913	0.275938	0.458235	0.912961	0.520716	0.889398	
0.89402	0.171384	0.280661	0.286503	0.769053	0.723888	0.117591	0.434986	0.82446	0.808725	0.399297	0.5383	0.667463	0.315934	0.628626	
0.487734	0.393846	0.293922	0.487489	0.536422	0.254943	0.596823	0.373364	0.540958	0.500561	0.65576	0.665069	0.215419	0.19198	0.252403	
0.976754	0.389966	0.493759	0.237878	0.78045	0.893123	0.178695	0.453856	0.852253	0.849704	0.244593	0.421206	0.845025	0.450545	0.825028	
0.441287	0.681524	0.662278	0.386923	0.158894	0.649536	0.714945	0.194832	0.240295	0.255235	0.455947	0.32915	0.653903	0.412044	0.732169	
0.712354	0.389016	0.265727	0.676202	0.809471	0.309331	0.646254	0.623161	0.80819	0.764599	0.845001	0.895835	0.238623	0.391847	0.123017	
0.900225	0.694373	0.756598	0.296974	0.609334	0.996657	0.553202	0.408692	0.696744	0.717339	0.146078	0.133765	0.972646	0.584298	1.00147	
0.336754	0.55199	0.453436	0.576476	0.457315	0.193917	0.741073	0.408701	0.438353	0.391047	0.734371	0.704425	0.204612	0.313499	0.308688	
1.18627	0.394725	0.520329	0.506351	1.03799	1.00116	0.180861	0.701524	1.1011	1.09021	0.534173	0.711994	0.939629	0.609724	0.880768	
5.3059
4.67116
4.9049
7.67496
5.09896
6.53678
5.39137
4.62931
5.65431
5.11874
