10	15
70.0153	158.863
15.5386	38.267
37.7028	88.7273
179.556	15.6155
62.0957	95.9359
61.4469	105.896
26.7392	134.952
67.4076	70.4128
174.616	116.812
134.158	122.426
2.47332
81.3008
74.1457
3.13467
36.6949
30.5823
8.51721
49.8517
43.4464
45.9538
53.8087
61.3371
65.5678
65.6109
9.51358
0.446215	0.856812	0.714974	0.634244	0.472388	0.653231	0.484642	0.668916	0.0542665	0.278555	0.0589741	0.744682	0.961172	0.475293	0.281825	
0.0885559	0.876138	0.27916	0.758492	0.387814	0.31528	0.516846	0.762257	0.496127	0.590725	0.555594	0.686293	0.998462	0.817021	0.318428	
0.798579	0.0571858	0.788736	0.200581	0.494517	0.651401	0.383784	0.159635	0.773607	0.563222	0.809347	0.224758	0.133714	0.511891	0.975749	
0.260353	0.54917	0.27023	0.467126	0.111002	0.14407	0.239346	0.4591	0.500906	0.452267	0.564764	0.356174	0.671218	0.629362	0.525606	
0.0807342	0.732299	0.227972	0.623717	0.249007	0.200411	0.38252	0.624192	0.463693	0.503066	0.528274	0.542078	0.854607	0.71728	0.383027	
0.840488	0.435019	0.951551	0.252543	0.576395	0.817836	0.442491	0.292278	0.611943	0.391022	0.618099	0.507468	0.466773	0.199859	0.894663	
0.79959	0.823691	1.02284	0.584566	0.676086	0.921503	0.598486	0.632896	0.391954	0.328934	0.349492	0.807071	0.888477	0.26402	0.690183	
0.296338	0.501226	0.348354	0.396122	0.0347178	0.221381	0.162404	0.392298	0.455223	0.38181	0.516907	0.318933	0.623458	0.551754	0.525081	
0.0869367	0.837397	0.22621	0.731615	0.357118	0.261597	0.490199	0.732303	0.516568	0.590332	0.578318	0.644607	0.959583	0.811775	0.365214	
0.91051	0.12522	0.892025	0.294418	0.606589	0.756071	0.495059	0.261124	0.874277	0.65799	0.906515	0.324705	0.0535893	0.576792	1.08546	
4.85363
6.63039
6.0142
3.07619
4.70472
5.20068
5.83199
4.95044
3.63236
4.1653
