10	15
40.4129	99.5809
144.234	28.0084
133.651	150.666
123.068	110.875
7.31047	48.5641
55.2167	63.4319
66.5816	43.359
163.758	68.0245
148.7	105.036
64.1283	41.2965
20.129
3.77302
7.3532
6.27785
40.8471
48.5146
50.1179
4.67698
30.0438
25.3039
7.29033
43.621
30.4293
4.3844
56.6585
0.473478	0.35709	0.502539	0.211734	0.150406	0.589237	0.165059	0.240746	0.200979	0.335988	0.198359	0.0188538	0.641104	0.399359	0.263794	
0.440881	0.637811	0.631629	0.252677	0.143704	0.577428	0.199275	0.421289	0.271827	0.568989	0.454934	0.277943	0.372977	0.631515	0.366179	
0.257136	0.609524	0.446405	0.36746	0.151351	0.740298	0.297837	0.486993	0.118927	0.602558	0.355828	0.272688	0.415065	0.666289	0.469406	
0.366043	0.390035	0.284895	0.436474	0.294473	0.813245	0.38297	0.437928	0.178922	0.473576	0.0946332	0.244365	0.712013	0.527441	0.483528	
0.751143	0.00455839	0.627284	0.459215	0.504331	0.692641	0.462767	0.307568	0.507801	0.19313	0.294932	0.358385	0.99512	0.205774	0.407529	
0.350429	0.568758	0.512751	0.276041	0.0687715	0.646685	0.207187	0.408216	0.151259	0.535939	0.350086	0.211965	0.430692	0.599942	0.381259	
0.424059	0.403125	0.47563	0.23109	0.110075	0.617147	0.17238	0.288459	0.152	0.388754	0.20776	0.0615187	0.596423	0.452143	0.300234	
0.114253	0.658615	0.328413	0.50473	0.287085	0.885321	0.434829	0.599556	0.16151	0.69242	0.370948	0.373011	0.474209	0.754069	0.598499	
0.652535	0.547351	0.77141	0.0868785	0.258315	0.344516	0.127343	0.252953	0.416225	0.413301	0.486467	0.271162	0.582054	0.467114	0.161843	
0.806042	0.636636	0.927764	0.225184	0.415738	0.199768	0.282159	0.32454	0.574058	0.468175	0.628595	0.418104	0.670649	0.508038	0.225256	
6.67961
3.69177
4.17578
4.522
7.79354
5.61052
5.2608
3.9034
3.64712
5.2108
