10	20
92.6588	80.1918
66.7875	25.8174
14.1613	129.96
83.7309	63.2274
89.0829	25.7889
98.2038	80.5008
90.4194	14.8777
116.777	87.6508
134.954	124.176
101.32	136.286
134.218
9.45087
269.39
139.343
28.5529
89.5439
209.127
12.241
173.919
182.781
269.915
141.595
145.719
109.741
145.959
98.9004
21.5829
1.17538
212.136
166.302
0.215644	0.554489	0.370211	0.524684	0.221581	0.354324	0.433251	0.0768916	0.627563	0.613227	0.633498	0.692175	0.683354	0.77533	0.43539	0.0182818	0.286785	0.458701	0.28013	0.596507	
0.358487	0.361237	0.247874	0.603343	0.561564	0.220188	0.561252	0.639185	0.399251	0.269672	0.573673	0.419176	0.112678	0.251097	0.194756	0.591284	0.516857	0.368852	0.795977	0.65894	
0.408089	0.774401	0.534292	0.0889065	0.623977	0.415019	0.0104268	0.432695	0.842958	0.386259	0.210744	0.891931	0.652371	0.804393	0.563908	0.448967	0.150209	0.193604	0.430577	0.950839	
0.400758	0.790804	0.552825	0.188242	0.574677	0.449173	0.116165	0.342924	0.86284	0.494244	0.33042	0.917608	0.729022	0.871972	0.594753	0.373963	0.118495	0.29354	0.307811	0.927626	
0.225804	0.266907	0.0917977	0.594227	0.405948	0.116433	0.53188	0.510224	0.326504	0.357817	0.603297	0.368598	0.25249	0.338361	0.0513247	0.455936	0.449281	0.372948	0.685467	0.531357	
0.506134	0.168418	0.336094	0.903816	0.56638	0.429316	0.845098	0.769348	0.133085	0.601038	0.896099	0.10636	0.310399	0.214529	0.284243	0.7061	0.760837	0.675175	0.964207	0.451289	
0.467548	0.813821	0.630334	0.57192	0.441138	0.596529	0.49407	0.185956	0.886058	0.798792	0.71231	0.95137	0.928004	1.03151	0.694398	0.248923	0.384911	0.610793	0.0877449	0.811774	
0.196236	0.207379	0.101316	0.678828	0.237343	0.217763	0.599974	0.426037	0.28136	0.52985	0.723428	0.344481	0.425046	0.465221	0.148013	0.361492	0.480046	0.491165	0.626001	0.369405	
0.277619	0.268598	0.247503	0.768523	0.141949	0.350375	0.682739	0.408052	0.330861	0.669787	0.833078	0.396781	0.568173	0.589946	0.294782	0.342683	0.546995	0.607	0.613197	0.271462	
0.658892	0.444952	0.592515	1.14973	0.460668	0.714146	1.06323	0.738891	0.444045	1.02053	1.21265	0.477443	0.83612	0.78685	0.613718	0.681321	0.92474	0.983628	0.930399	0.134601	
4.18623
4.98389
6.38173
4.82096
3.86679
4.2236
4.60405
4.03023
3.21885
4.06974
