10	20
69.1544	159.282
28.9875	43.6173
16.8332	60.1939
127.812	19.7464
68.2637	73.1116
177.147	57.6354
44.6194	55.1895
127.469	81.5348
177.225	145.48
28.3382	102.796
38.7551
15.2216
2.29949
39.2622
36.6857
2.69853
14.1349
35.1903
50.5989
17.9914
40.5964
5.47626
5.1112
34.4124
52.3498
24.3957
29.8087
56.1815
7.1301
24.091
0.227877	0.781791	0.0639736	0.556625	0.46762	0.637255	0.802408	0.545563	0.372169	0.3831	0.475155	0.462446	0.57824	0.423923	0.48176	0.543334	0.220813	0.596215	0.42843	0.107563	
0.427055	0.414429	0.544157	0.427507	0.603217	0.171844	0.349594	0.43438	0.554086	0.757117	0.151881	0.574414	0.452061	0.352086	0.154869	0.164568	0.722741	0.0626601	0.354351	0.621648	
0.740117	0.902942	0.730772	0.894902	1.01842	0.319807	0.825381	0.250454	0.479018	1.09634	0.447979	0.99309	0.922273	0.366665	0.43325	0.360671	0.761054	0.553259	0.783687	0.731611	
0.469592	0.966713	0.310868	0.795225	0.769262	0.595781	0.952388	0.358858	0.126293	0.710517	0.502961	0.757751	0.821818	0.322286	0.499817	0.519297	0.175571	0.676337	0.651133	0.222284	
0.412963	0.9669	0.233537	0.73979	0.630013	0.771906	0.98562	0.61404	0.394914	0.492855	0.626143	0.629398	0.760514	0.522917	0.63001	0.680499	0.121676	0.765518	0.613524	0.148881	
0.308521	0.358242	0.486355	0.103783	0.126724	0.652732	0.4333	0.787862	0.752571	0.357025	0.500003	0.100493	0.102949	0.646669	0.514733	0.588884	0.724547	0.446713	0.164714	0.600494	
0.324586	0.874551	0.136817	0.660064	0.580384	0.658216	0.886182	0.513014	0.30749	0.485075	0.512739	0.574871	0.682964	0.413045	0.51637	0.566635	0.108151	0.655643	0.526109	0.0349783	
0.723437	0.924259	0.700011	0.899633	1.0108	0.340688	0.851558	0.210889	0.431903	1.07627	0.448919	0.986387	0.927525	0.340202	0.434273	0.366902	0.715466	0.570293	0.782147	0.693104	
0.658603	0.647639	0.725013	0.701622	0.873913	0.15265	0.557388	0.390042	0.599013	1.00924	0.327573	0.845521	0.725553	0.405252	0.31686	0.246423	0.842343	0.334121	0.624844	0.770458	
0.490468	0.0988821	0.677983	0.171042	0.38645	0.607499	0.196483	0.831715	0.868818	0.620841	0.511983	0.363013	0.161618	0.709995	0.524941	0.578797	0.915279	0.373665	0.288721	0.790577	
8.98734
9.71947
10.5427
6.55591
7.98217
5.87943
8.84162
6.4312
6.09355
11.2301
