10	15
117.262	119.976
79.5093	99.7138
116.923	96.7308
142.949	11.267
163.778	20.2583
72.8128	89.4141
41.1148	83.6738
86.2811	30.1769
34.7384	98.8635
73.5454	147.434
22.2652
34.0301
43.2212
28.9358
5.86066
40.1757
39.5322
25.8511
16.3852
30.9512
11.0285
22.6344
32.9419
9.73389
35.2069
0.333967	0.477173	0.576118	0.320385	0.565943	0.368534	0.38079	0.592759	0.612358	0.57266	0.519587	0.399206	0.0818446	0.0181776	0.00565607	
0.467567	0.170343	0.519332	0.541935	0.354912	0.550931	0.587164	0.573092	0.386615	0.36809	0.549974	0.705496	0.230791	0.288683	0.3053	
0.501767	0.858141	0.829637	0.369982	0.901723	0.422211	0.384657	0.8127	0.95198	0.904368	0.713163	0.0512425	0.460296	0.399305	0.382986	
0.8232	0.398513	0.910272	0.85513	0.112516	0.502791	0.555544	0.964953	0.152744	0.100645	0.937608	0.88381	0.511158	0.529862	0.544618	
0.762054	0.336424	0.843357	0.799743	0.0957583	0.495167	0.546891	0.898297	0.146574	0.093597	0.872037	0.847858	0.4546	0.478166	0.493609	
0.719614	0.540089	0.908507	0.702298	0.382323	0.214634	0.26758	0.943555	0.431614	0.376978	0.887055	0.638844	0.403725	0.385415	0.393397	
0.634508	0.145496	0.664764	0.702069	0.194706	0.577125	0.622698	0.725113	0.220901	0.209533	0.711268	0.827444	0.370233	0.416325	0.433491	
0.755926	0.63307	0.970872	0.72008	0.474945	0.146956	0.197451	1.00027	0.52323	0.468541	0.936515	0.608446	0.45375	0.4231	0.427559	
0.605342	0.18981	0.666127	0.662473	0.208567	0.51669	0.561794	0.721874	0.245572	0.220669	0.699292	0.771536	0.323421	0.364768	0.381806	
0.377108	0.802586	0.707918	0.239055	0.892833	0.492883	0.465805	0.686032	0.941099	0.897871	0.584907	0.105772	0.403927	0.35223	0.33505	
8.54972
10.8827
9.26149
8.5395
6.93156
10.0692
12.6129
9.07172
11.4913
9.28957
