10	20
176.74	42.2186
143.527	139.385
28.9589	108.333
126.743	151.471
89.6344	95.7266
13.8635	65.4399
75.5479	68.5013
80.8294	47.9836
23.286	79.9174
90.6824	99.8732
18.4099
12.8849
46.1688
48.4171
42.4331
46.8611
17.2436
46.5611
13.9487
34.7633
48.316
1.64647
11.8467
45.3201
45.5811
15.2084
40.3244
41.1254
2.76995
19.4023
0.687016	0.699002	0.489214	0.497801	0.749994	0.541412	0.461072	0.208143	0.348494	0.95928	0.690324	1.09892	0.391221	0.123177	1.0207	0.0433819	0.840444	0.903448	0.175932	0.547424	
1.06641	0.556635	0.869923	0.225636	0.122544	0.797713	0.692674	0.542987	0.444493	0.665233	0.427987	0.861633	0.297122	0.527331	0.882536	0.602454	0.254965	0.898547	0.563691	0.514872	
0.965568	0.286355	0.828917	0.398899	0.42361	0.695493	0.630685	0.681311	0.528223	0.20779	0.190985	0.404626	0.489935	0.74343	0.467617	0.858373	0.30363	0.564093	0.888875	0.393104	
0.71415	0.0366738	0.583252	0.351286	0.541283	0.445616	0.389246	0.502412	0.359113	0.255491	0.107842	0.400882	0.394078	0.589944	0.367728	0.709365	0.47821	0.372894	0.773169	0.167853	
0.758683	0.242557	0.692206	0.601224	0.750334	0.542077	0.533934	0.72186	0.592699	0.179279	0.336562	0.176619	0.645053	0.820473	0.120948	0.938697	0.65227	0.235217	1.0144	0.384621	
0.691345	0.397329	0.683446	0.767029	0.946418	0.541903	0.573845	0.813286	0.708505	0.375268	0.519581	0.266437	0.791734	0.921639	0.109819	1.0344	0.854732	0.130717	1.12786	0.504981	
0.707364	0.105953	0.554498	0.263995	0.48465	0.429849	0.354468	0.423111	0.274659	0.336377	0.0902045	0.492406	0.30155	0.504394	0.458073	0.623651	0.445391	0.442247	0.682738	0.114711	
1.08757	0.488358	0.90686	0.273853	0.0983272	0.809364	0.713539	0.628718	0.499532	0.531247	0.347085	0.729065	0.377223	0.640821	0.774464	0.73296	0.0863399	0.82594	0.714837	0.496699	
0.923108	0.635408	0.713787	0.289786	0.438218	0.695227	0.588243	0.34133	0.33918	0.839141	0.557916	1.01748	0.232005	0.27041	0.989056	0.306789	0.558376	0.937812	0.248329	0.520589	
0.57682	0.238432	0.398417	0.274484	0.566052	0.300697	0.202191	0.254723	0.128932	0.505904	0.267517	0.637096	0.240635	0.351427	0.566066	0.469507	0.570485	0.483198	0.550534	0.0856798	
3.20358
3.5935
5.94065
4.20736
4.45717
6.88064
4.58323
4.59976
5.62127
4.77618
