10	20
100.417	127.353
15.8993	123.819
29.1534	50.4818
153.904	159.126
35.4512	146.587
141.226	100.521
109.213	39.9099
111.425	153.707
21.5094	89.4497
87.0425	17.1174
37.0471
1.33991
39.9084
7.14624
35.8546
14.9979
28.0843
47.1724
30.6669
21.42
30.5557
6.3533
39.9705
35.0197
23.0373
5.64722
19.2809
26.2235
38.002
16.3078
0.461952	0.171607	0.469004	0.377527	0.268511	0.0868543	0.661892	0.490071	0.723399	0.210123	0.282888	0.512627	0.117418	0.782073	0.934216	0.604424	0.162212	0.428349	0.10072	0.308957	
0.195662	0.198471	0.418924	0.598517	0.161662	0.24989	0.361692	0.742945	0.484415	0.181285	0.584751	0.551902	0.283892	0.511847	0.735348	0.349682	0.379665	0.569281	0.234349	0.597296	
0.498918	0.733142	0.46421	0.846361	0.641027	0.847282	0.836083	0.971391	0.219621	0.856643	0.977322	0.553415	0.780794	0.255492	0.0409586	0.350495	1.02019	0.714883	0.827743	0.95852	
0.438193	0.678585	0.424652	0.813121	0.585252	0.792189	0.776104	0.942937	0.157801	0.797768	0.936662	0.527552	0.729357	0.201115	0.102494	0.28876	0.964273	0.685054	0.772558	0.919696	
0.145498	0.42256	0.429805	0.753541	0.334868	0.509164	0.358651	0.903717	0.268428	0.455105	0.794842	0.589871	0.504857	0.258569	0.526667	0.155863	0.652947	0.67677	0.49096	0.796738	
0.263362	0.553922	0.487344	0.849244	0.461013	0.647413	0.444867	0.99779	0.201049	0.599169	0.911405	0.643496	0.632281	0.143438	0.432788	0.168959	0.795874	0.755868	0.628679	0.909077	
0.329201	0.413955	0.616122	0.818612	0.381854	0.433923	0.143576	0.961245	0.565817	0.317344	0.790543	0.761068	0.495435	0.553766	0.825045	0.441506	0.506309	0.789963	0.423874	0.807309	
0.433202	0.329304	0.177737	0.216581	0.320442	0.409128	0.833074	0.354452	0.541817	0.510368	0.355886	0.11876	0.297682	0.63314	0.661691	0.484717	0.559108	0.104273	0.397815	0.331504	
0.548826	0.515165	0.24375	0.330086	0.488134	0.601779	0.975647	0.417338	0.558336	0.697073	0.506605	0.0920999	0.490945	0.65654	0.597481	0.547725	0.752857	0.195812	0.589646	0.473374	
0.736546	0.525091	0.512631	0.128266	0.572053	0.535763	1.08147	0.0224023	0.876728	0.66613	0.212264	0.402383	0.446775	0.967365	0.981623	0.813078	0.604241	0.240438	0.537028	0.173453	
8.48449
10.6994
10.0169
6.17881
11.2132
7.14526
6.92223
7.39646
10.9968
8.96906
