15	30
92.0549	76.6664
49.1036	117.119
89.0121	95.6108
37.5989	51.9193
46.8594	134.21
9.55889	32.6299
125.169	84.1459
70.2543	121.118
93.2594	156.166
150.799	140.167
19.0613	43.8563
122.773	154.413
25.4461	101.158
167.578	112.615
1.2045	123.25
334.499
461.682
244.769
150.908
244.538
194.438
218.204
289.816
0.390462
97.8322
335.144
478.625
280.221
415.92
122.637
553.48
225.13
502.095
289.557
236.134
212.031
266.104
252.772
228.478
1.2367
317.496
43.2904
272.84
162.791
292.159
0.244245	0.460898	0.936687	0.694815	0.366545	0.460731	0.134531	0.590793	0.683669	1.05867	0.686761	0.337982	0.740799	0.846903	0.826318	0.691736	0.333451	0.742536	0.804225	0.873155	0.0796437	0.97546	0.733372	0.832013	0.408785	0.816784	0.997355	0.776778	0.571308	0.638628	
0.486462	0.428827	0.41883	0.236974	0.555488	0.122341	0.669903	0.112455	0.17043	0.510253	0.584961	0.220942	0.41184	0.469627	0.276423	0.298173	0.287317	0.189787	0.750751	0.465701	0.557244	0.429396	0.714729	0.279533	0.381929	0.271712	0.444417	0.224707	0.562226	0.658905	
0.768969	0.612981	0.277729	0.237953	0.821671	0.38415	0.95139	0.264341	0.180138	0.260934	0.757628	0.510633	0.418003	0.500276	0.103277	0.317139	0.543429	0.102512	0.91408	0.467917	0.846838	0.141709	0.897889	0.0272828	0.63651	0.0389506	0.173429	0.0666449	0.776198	0.865272	
0.471205	0.607694	0.325213	0.406415	0.493833	0.293388	0.747418	0.298132	0.322007	0.476346	0.420888	0.292714	0.596377	0.283873	0.274332	0.479265	0.435327	0.256104	0.583766	0.288427	0.595603	0.481625	0.558595	0.32437	0.305868	0.351119	0.443777	0.286646	0.429114	0.519354	
0.735306	0.63866	0.216487	0.281304	0.778639	0.381592	0.942561	0.276066	0.207134	0.241652	0.69453	0.490056	0.472526	0.429854	0.0330979	0.364723	0.546548	0.0894263	0.848877	0.397489	0.825949	0.189169	0.835149	0.0432989	0.591467	0.0994477	0.171821	0.0665758	0.719361	0.806291	
0.876102	0.457574	0.618026	0.196371	0.969106	0.432975	0.924216	0.325416	0.273858	0.561553	1.01233	0.596452	0.141644	0.818941	0.438248	0.159817	0.516013	0.36713	1.17723	0.793809	0.886408	0.349364	1.1456	0.364697	0.809109	0.306325	0.466311	0.355545	0.995502	1.09212	
0.706259	0.630346	0.210504	0.284676	0.747892	0.363084	0.920048	0.264745	0.204552	0.260239	0.663752	0.464817	0.480381	0.405453	0.0276482	0.369238	0.529165	0.0787009	0.818781	0.375194	0.799948	0.22081	0.804304	0.0698108	0.560534	0.118951	0.197561	0.0690788	0.687754	0.774842	
0.412865	0.198433	0.703436	0.356367	0.532072	0.163041	0.430521	0.272626	0.362857	0.782795	0.717144	0.190292	0.401273	0.718141	0.551729	0.346695	0.0126078	0.45196	0.873773	0.725317	0.385065	0.660573	0.818423	0.53553	0.432039	0.506632	0.706606	0.481342	0.644722	0.738361	
0.797341	0.492221	0.464509	0.118918	0.875645	0.360005	0.905767	0.23199	0.151066	0.424716	0.880072	0.518229	0.240005	0.667097	0.283451	0.162694	0.485308	0.216638	1.04313	0.640432	0.836762	0.227519	1.01661	0.210438	0.703262	0.151767	0.329294	0.201757	0.875321	0.970114	
0.656217	0.559888	0.27498	0.22726	0.707534	0.293333	0.854242	0.193688	0.141179	0.329429	0.656563	0.403876	0.427147	0.433214	0.0990599	0.312035	0.458817	0.0189729	0.816564	0.40972	0.740293	0.255429	0.79572	0.0976882	0.52257	0.11229	0.259584	0.0487173	0.667339	0.758242	
0.84197	0.799173	0.109362	0.437401	0.864912	0.532707	1.08233	0.435183	0.367405	0.103498	0.715501	0.621955	0.62026	0.392831	0.14352	0.518645	0.699238	0.247947	0.854095	0.347966	0.951906	0.220301	0.854368	0.185574	0.677631	0.241155	0.10678	0.227018	0.766701	0.843176	
0.0983385	0.639447	0.892258	0.777003	0.157404	0.528294	0.326469	0.653761	0.740171	1.04349	0.504301	0.367533	0.871624	0.737666	0.824298	0.797428	0.462769	0.762292	0.598943	0.773756	0.146698	1.00626	0.525591	0.850213	0.282703	0.850658	0.999766	0.798178	0.379265	0.430303	
0.471355	0.55894	0.339467	0.356133	0.507859	0.244612	0.725178	0.245499	0.273543	0.474589	0.465871	0.264308	0.544263	0.333176	0.257549	0.427515	0.392995	0.220766	0.63013	0.333969	0.582569	0.456498	0.601671	0.297299	0.320677	0.316817	0.431917	0.253918	0.464372	0.557233	
0.637002	0.0683642	0.897323	0.442484	0.765553	0.382624	0.502312	0.432814	0.496894	0.935072	0.97624	0.449646	0.354561	0.959639	0.722606	0.38216	0.267239	0.616807	1.1315	0.960637	0.551376	0.767079	1.0743	0.682951	0.687793	0.637226	0.846411	0.636446	0.899803	0.991456	
0.128742	0.643212	0.923214	0.796352	0.18715	0.547737	0.303842	0.674716	0.762302	1.07285	0.535533	0.389	0.884748	0.770813	0.852239	0.813865	0.473288	0.788181	0.626491	0.806748	0.134317	1.03183	0.55276	0.876531	0.315529	0.875528	1.02775	0.824044	0.409876	0.457696	
3.44692
4.31619
3.52884
4.57397
4.20698
5.11989
3.51952
4.02166
4.07492
2.9964
5.19416
3.22975
5.06971
2.87358
5.35005
