10	20
40.0412	16.1272
125.924	85.9395
117.987	124.944
60.2068	132.056
174.781	37.8548
102.815	132.724
170.956	114.992
50.3984	125.251
88.5913	88.94
134.257	29.2793
595.712
418.38
497.937
427.367
187.946
564.891
390.925
485.142
683.514
688.555
670.89
244.11
527.899
528.99
419.644
553.503
190.162
195.421
602.421
7.65888
0.597034	0.611588	0.283906	0.39042	0.367809	0.169326	0.0491425	0.213351	0.206043	0.40699	0.278908	0.149442	0.505098	0.337034	0.487832	0.749242	0.240965	0.541085	0.392677	0.337345	
0.494124	0.209204	0.633427	0.0956417	0.771524	0.363202	0.41646	0.238296	0.268617	0.80496	0.612088	0.484503	0.36146	0.740786	0.890919	0.890597	0.520067	0.769962	0.796438	0.626437	
0.34195	0.264003	0.573358	0.242384	0.755626	0.30144	0.39856	0.313201	0.212061	0.809361	0.657991	0.522092	0.508566	0.725998	0.868676	0.752041	0.444441	0.655431	0.784656	0.541413	
0.777719	0.414648	0.731513	0.19823	0.77294	0.516364	0.488181	0.243652	0.448285	0.763969	0.514092	0.432898	0.0716062	0.743611	0.893021	1.11786	0.660046	0.952174	0.787394	0.767819	
0.0870605	0.467638	0.666308	0.552085	0.906285	0.463066	0.595268	0.605896	0.421887	0.987793	0.900459	0.765855	0.818932	0.881112	0.99962	0.582258	0.532738	0.594106	0.939627	0.585142	
0.989059	1.0712	0.400462	0.831695	0.14165	0.584004	0.466837	0.640306	0.656792	0.0571915	0.312284	0.392895	0.848443	0.159921	0.144672	0.921357	0.514244	0.676348	0.108004	0.510475	
0.231707	0.394877	0.490692	0.366502	0.705868	0.244941	0.371046	0.37913	0.189373	0.77635	0.669174	0.533689	0.625114	0.678313	0.809911	0.611221	0.354655	0.525316	0.737676	0.437343	
0.473689	0.760705	0.142288	0.62297	0.401395	0.232087	0.275214	0.499364	0.321323	0.504073	0.538054	0.447068	0.806656	0.383573	0.47333	0.435312	0.084134	0.217125	0.435626	0.0463513	
0.378164	0.691627	0.231793	0.580847	0.488005	0.205794	0.293361	0.483395	0.277862	0.585828	0.587762	0.480958	0.788244	0.467774	0.566289	0.410438	0.121226	0.237074	0.522316	0.140933	
0.712579	0.448477	0.601769	0.188996	0.644148	0.400591	0.359159	0.123008	0.344939	0.641197	0.400829	0.30629	0.187848	0.614479	0.764878	1.01099	0.536748	0.833246	0.659892	0.643004	
7.49655
5.46279
4.93098
6.11986
4.26465
6.04741
4.71946
7.17458
6.44578
5.22274
