10	15
113.851	31.2999
144.729	54.6984
174.297	112.696
24.2518	133.879
94.5805	105.802
1.70202	39.4914
174.311	159.647
34.0346	123.759
75.2437	60.7033
66.4176	118.119
467.805
146.69
163.605
258.108
354.93
431.791
202.261
256.297
283.658
525.383
482.749
163.696
488.791
20.0767
454.638
0.505307	0.48188	0.328443	0.488194	0.614566	0.484966	0.372096	0.54391	0.293621	0.563685	0.670848	0.334761	0.603007	0.399321	0.305047	
0.982103	0.996907	0.906906	1.00088	0.0444976	0.566422	0.486366	0.288653	0.925481	0.604587	0.153735	0.810572	0.291635	0.914977	0.368348	
0.8056	0.830394	0.71604	0.819287	0.181585	0.472765	0.335396	0.267131	0.733593	0.500095	0.27162	0.629087	0.275926	0.746123	0.184777	
0.523006	0.940403	0.543013	0.560973	0.529136	0.783524	0.0895544	0.649073	0.696791	0.12267	0.642871	0.391341	0.277629	0.857406	0.253952	
0.395144	0.826975	0.395995	0.425687	0.601612	0.74911	0.112484	0.670236	0.559564	0.220069	0.704835	0.247391	0.405541	0.746979	0.258296	
0.959184	1.17432	0.945569	0.993379	0.306336	0.807026	0.459337	0.545453	1.03171	0.480014	0.409817	0.81317	0.162423	1.08907	0.43811	
0.90177	0.608607	0.739651	0.893116	0.377655	0.161224	0.55716	0.173485	0.644764	0.758007	0.359927	0.721403	0.587151	0.534358	0.381989	
1.06565	0.730793	0.907961	1.05921	0.369829	0.202567	0.686371	0.128265	0.807794	0.875448	0.299859	0.884259	0.650887	0.66526	0.509756	
0.883313	0.694674	0.743446	0.882255	0.274677	0.266263	0.48905	0.122644	0.685728	0.680902	0.275546	0.701088	0.484924	0.616157	0.312283	
0.506984	0.568774	0.36454	0.50136	0.543414	0.496691	0.28538	0.504082	0.378994	0.48385	0.610532	0.326399	0.511504	0.484831	0.215441	
4.3288
3.80776
3.31709
6.73721
5.11741
6.56346
3.70937
5.54114
4.6156
5.55721
