10	20
170.867	58.4772
157.909	138.932
47.8516	104.47
50.9643	55.6203
98.7105	71.748
70.035	70.346
124.839	20.2531
23.4139	139.531
32.1932	117.88
55.5365	16.7995
143.953
289.113
342.058
248.138
268.254
265.26
89.876
303.228
3.00038
188.264
299.029
145.563
43.2977
24.6158
268.856
286.075
287.372
148.154
158.659
167.519
0.368331	0.143987	0.228162	0.361575	0.203556	0.445928	0.323948	0.267668	0.286308	0.576833	0.406607	0.0822311	0.207233	0.321658	0.184274	0.477492	0.619465	0.285976	0.548836	0.388641	
0.192374	0.675009	0.344824	0.489965	0.758992	0.216304	0.588167	0.688345	0.482354	1.11974	0.242501	0.622155	0.742246	0.708256	0.618298	0.0795866	1.15322	0.445813	0.299775	0.241253	
0.432783	0.0627047	0.271455	0.337781	0.17356	0.523104	0.404158	0.187313	0.2654	0.55287	0.436808	0.0204697	0.130135	0.381894	0.250977	0.534002	0.602447	0.373605	0.631475	0.421428	
0.846999	0.916483	0.900256	1.13722	0.830954	0.751986	0.497109	1.07586	1.06805	0.870064	1.03076	0.872418	0.944862	0.516767	0.637985	0.935579	0.841262	0.60211	0.680936	1.01039	
0.261348	0.405616	0.275526	0.517308	0.413661	0.250136	0.15643	0.522212	0.452438	0.718516	0.417721	0.344703	0.463875	0.27031	0.204193	0.376831	0.74119	0.0248748	0.311565	0.396593	
0.658824	0.452506	0.59964	0.771973	0.333457	0.652555	0.27339	0.620034	0.696712	0.384543	0.776837	0.430032	0.458785	0.136247	0.245039	0.777713	0.381092	0.40258	0.681118	0.75618	
0.760356	0.27432	0.604513	0.616828	0.204158	0.834519	0.592174	0.35505	0.558591	0.292795	0.765774	0.323143	0.210932	0.488921	0.431361	0.865841	0.357706	0.633418	0.925752	0.751671	
0.175808	0.636778	0.349243	0.570095	0.68566	0.0518366	0.425279	0.699067	0.535828	1.01392	0.352192	0.576578	0.703079	0.559298	0.49894	0.192505	1.03795	0.294726	0.10608	0.338984	
0.150808	0.353658	0.0305766	0.27568	0.44501	0.273073	0.402984	0.38392	0.225193	0.817456	0.178579	0.30179	0.42089	0.477022	0.353804	0.241775	0.857617	0.279662	0.403047	0.158072	
0.255386	0.728658	0.434024	0.642621	0.777601	0.144153	0.501281	0.78676	0.61449	1.10175	0.410901	0.668632	0.795103	0.638969	0.586932	0.234143	1.12398	0.37853	0.112351	0.401011	
3.35734
3.4518
5.66155
5.93876
4.21789
4.8756
4.55938
6.40444
6.54664
5.57243
