10	20
165.85	131.267
27.1485	117.559
17.8321	139.828
100.92	93.1969
126.308	90.3896
79.0983	108.15
98.812	53.5849
170.349	93.3714
14.5945	158.408
89.389	53.8673
1.71958
7.53158
36.1801
22.8638
22.3108
14.5817
50.6552
38.2793
45.3789
10.6022
48.2009
29.1001
18.4496
40.0824
1.63071
54.1935
34.3891
4.19342
14.8325
24.635
0.283803	0.581643	0.144877	0.364689	0.466533	0.109375	0.384656	0.300531	0.40275	0.217353	0.686844	0.282176	0.378441	0.610574	0.163713	0.570373	0.195413	0.308042	0.573768	0.357931	
0.556126	0.651721	0.311883	0.414771	0.604669	0.191986	0.618804	0.545446	0.142406	0.480741	0.703665	0.484923	0.394344	0.335372	0.37485	0.322239	0.320965	0.461159	0.435755	0.299556	
0.720974	0.705987	0.454691	0.488102	0.699767	0.366773	0.792198	0.720001	0.134261	0.641139	0.721708	0.619329	0.523981	0.181394	0.521963	0.251815	0.487999	0.624583	0.375981	0.33934	
0.265189	0.719781	0.295389	0.519384	0.582956	0.204791	0.225668	0.148933	0.496121	0.248755	0.836881	0.379498	0.310753	0.716157	0.28433	0.63918	0.132221	0.165816	0.738707	0.523791	
0.388919	0.192029	0.285473	0.180573	0.045027	0.508722	0.689179	0.608038	0.699148	0.328288	0.336874	0.172038	0.801762	0.8375	0.26415	0.877942	0.617564	0.709349	0.496727	0.335114	
0.850101	0.896171	0.610787	0.674551	0.88233	0.466228	0.857907	0.798327	0.163643	0.778372	0.911141	0.782506	0.509208	0.0976947	0.674721	0.0807987	0.543541	0.661074	0.551521	0.528877	
0.656089	0.454434	0.368401	0.275209	0.489747	0.429688	0.832155	0.747612	0.378516	0.568113	0.452394	0.482542	0.692684	0.422377	0.429863	0.522924	0.583271	0.723244	0.135607	0.127788	
0.756965	0.254867	0.529602	0.309895	0.402329	0.692747	1.01826	0.93145	0.716051	0.678441	0.150004	0.533891	0.987625	0.746604	0.559628	0.86143	0.841919	0.969279	0.254645	0.329526	
0.336151	0.642063	0.20662	0.417827	0.53322	0.0555061	0.380131	0.302326	0.358667	0.278482	0.740757	0.351243	0.312114	0.573998	0.23236	0.518176	0.137148	0.265525	0.594954	0.389209	
0.0396428	0.559558	0.249968	0.422247	0.396282	0.353231	0.324766	0.249735	0.649274	0.0505865	0.698466	0.199382	0.5541	0.852829	0.188357	0.817091	0.366875	0.399277	0.721305	0.499109	
6.96728
12.6018
13.7807
9.24383
8.9925
9.84757
8.32632
7.55926
12.7129
9.67239
