10	20
163.247	39.8361
178.196	62.3492
25.4902	66.7578
4.39189	21.8988
97.1765	59.6621
18.7854	66.3085
21.9259	50.9513
154.463	31.9703
3.92806	45.3074
102.596	100.13
124.301
108.393
64.7051
52.7379
78.3201
203.856
282.338
147.734
228.974
8.183
116.67
16.3882
276.541
19.2552
213.082
203.891
278.573
97.1451
106.145
98.6252
0.565412	0.377196	0.328594	0.367101	0.617402	0.50728	0.338643	0.406042	0.497139	0.256617	0.91657	0.456491	0.628451	0.651822	0.473001	0.36197	0.552025	0.560867	0.372772	0.371824	
0.332553	0.626705	0.435401	0.253876	0.315932	0.767543	0.0524566	0.73972	0.734625	0.600529	0.866943	0.632636	0.548225	0.32171	0.764735	0.58595	0.804592	0.623375	0.374249	0.65758	
0.583165	0.527655	0.447902	0.413213	0.603065	0.658508	0.304081	0.544341	0.647656	0.392534	1.01374	0.367552	0.708106	0.618733	0.62255	0.298454	0.703237	0.680997	0.462406	0.522652	
0.739988	0.209598	0.36558	0.589197	0.863003	0.130044	0.74911	0.368062	0.0964426	0.435091	0.62919	0.993082	0.544299	0.937486	0.218107	0.884339	0.101954	0.308284	0.459446	0.247674	
0.416676	0.229885	0.0188243	0.241771	0.528899	0.352728	0.403712	0.441334	0.305529	0.377503	0.580415	0.800662	0.327897	0.59819	0.385198	0.703573	0.379261	0.216977	0.121002	0.295747	
0.199565	0.680311	0.456896	0.231538	0.156786	0.81635	0.148355	0.831683	0.77437	0.705215	0.7713	0.791934	0.46214	0.170299	0.830014	0.743656	0.847535	0.594103	0.363783	0.72584	
0.129002	0.77078	0.53339	0.319054	0.0473348	0.894376	0.342238	0.956914	0.844038	0.847888	0.661496	0.993614	0.394875	0.10811	0.926058	0.941584	0.91743	0.592903	0.421724	0.82971	
0.731585	0.3046	0.395107	0.524555	0.802105	0.39493	0.539589	0.221253	0.408571	0.0759623	0.97542	0.491934	0.727909	0.844861	0.332407	0.382362	0.440888	0.593528	0.482579	0.258204	
0.66895	0.572743	0.52049	0.499466	0.684665	0.696018	0.385661	0.554387	0.691829	0.404785	1.09513	0.2813	0.792202	0.696093	0.650521	0.213846	0.741783	0.754268	0.543767	0.556947	
0.485268	0.701152	0.544811	0.397306	0.452525	0.841061	0.200704	0.769615	0.816921	0.620398	1.01814	0.514635	0.699093	0.439402	0.822926	0.488626	0.882139	0.753393	0.504886	0.716843	
3.37075
3.07812
5.13037
6.20954
4.28476
5.17548
5.1605
3.03129
6.52064
3.5611
