15	30
8.3098	126.635
51.1883	45.5997
68.8865	120.852
166.69	117.658
76.2957	88.639
53.7912	82.8397
164.339	113.659
169.962	90.8922
36.0255	130.627
75.421	33.2784
118.978	86.4843
42.2761	16.182
139.032	135.43
164.336	80.0963
24.5572	30.8284
20.8622
32.5639
23.9743
20.9699
36.5314
25.0589
21.2648
29.822
23.7699
10.695
34.6785
17.8465
0.665489
31.3651
4.81457
11.6053
14.3481
41.3947
34.6057
20.5175
29.6772
21.043
39.8476
6.7227
3.21301
17.1704
32.3751
24.5319
6.79641
11.1196
0.467499	0.641628	0.581472	1.05987	0.391681	1.08566	0.536693	0.676414	0.771989	0.429662	0.576526	0.556172	0.388485	0.974558	0.632025	1.01307	1.14827	0.307576	0.4794	0.769919	0.790361	0.389908	0.545504	0.854304	0.701458	0.746347	0.700119	0.902009	0.380713	0.548403	
0.18142	0.599531	0.406651	0.645662	0.430694	0.768018	0.389194	0.609542	0.379267	0.447862	0.211338	0.0924065	0.415645	0.651557	0.670375	0.586004	0.806651	0.484293	0.0924756	0.308138	0.630384	0.228182	0.597681	0.798126	0.663319	0.294994	0.342354	0.480847	0.378985	0.151832	
0.575532	0.654879	0.518566	0.10729	0.746101	0.205306	0.560284	0.623106	0.279882	0.724072	0.765214	0.586232	0.737046	0.168291	0.769082	0.163548	0.18334	0.867739	0.591896	0.440866	0.487173	0.652147	0.767838	0.684299	0.669672	0.401611	0.341434	0.739089	0.718094	0.720121	
0.103394	0.397864	0.243743	0.691782	0.207436	0.71878	0.208674	0.416052	0.403857	0.225433	0.430456	0.280881	0.192359	0.605251	0.454556	0.650534	0.777572	0.274384	0.165283	0.456936	0.476599	0.0177825	0.377582	0.6098	0.46396	0.415026	0.327898	0.696868	0.155679	0.373359	
0.36589	0.743206	0.530076	0.460578	0.649346	0.681336	0.536646	0.738166	0.297505	0.654319	0.270205	0.188392	0.6344	0.577938	0.839341	0.388028	0.690944	0.73072	0.292476	0.0722659	0.698084	0.452424	0.784494	0.901232	0.796912	0.125356	0.331277	0.284305	0.59887	0.243416	
0.184397	0.272922	0.162158	0.70275	0.103102	0.673314	0.116876	0.29474	0.425798	0.106371	0.555485	0.389577	0.0891793	0.567031	0.326995	0.673826	0.741686	0.212029	0.272997	0.535516	0.377517	0.118501	0.252215	0.488365	0.339285	0.483657	0.340161	0.806439	0.0599389	0.497093	
0.206616	0.626187	0.425587	0.610031	0.472121	0.751001	0.41328	0.633117	0.354693	0.486678	0.188278	0.0454113	0.456949	0.63553	0.702995	0.547612	0.784694	0.532163	0.112244	0.25919	0.641545	0.267778	0.633524	0.818188	0.688493	0.252057	0.329204	0.432883	0.420155	0.127176	
0.285764	0.167614	0.156828	0.732239	0.0943447	0.65315	0.12111	0.196148	0.474709	0.0585395	0.666269	0.493069	0.0958371	0.557434	0.215226	0.714055	0.728883	0.211403	0.378398	0.619047	0.309791	0.230325	0.145275	0.385919	0.233333	0.562159	0.388268	0.907116	0.110659	0.607301	
0.542438	0.212148	0.317665	0.653452	0.453379	0.430501	0.346618	0.172345	0.520317	0.415521	0.923059	0.717856	0.456556	0.391566	0.286184	0.67374	0.516337	0.555893	0.629297	0.744601	0.0975782	0.539247	0.339296	0.127145	0.172811	0.679548	0.46523	1.07984	0.468528	0.862026	
0.649679	0.246883	0.426002	0.808958	0.495005	0.571514	0.442617	0.224936	0.669869	0.458027	1.03911	0.84012	0.502648	0.544358	0.25395	0.829977	0.656444	0.572886	0.74163	0.888274	0.245795	0.627392	0.33489	0.0339732	0.18122	0.8233	0.608615	1.21921	0.524492	0.977976	
0.251451	0.586731	0.443017	0.819114	0.358692	0.895585	0.408093	0.609148	0.53736	0.389111	0.328404	0.287697	0.346331	0.779452	0.62626	0.765321	0.946461	0.362382	0.227001	0.502944	0.676165	0.216217	0.541872	0.802838	0.653063	0.484651	0.478876	0.645005	0.315931	0.289191	
0.450804	0.746754	0.543295	0.280277	0.716281	0.539471	0.564903	0.731443	0.230122	0.711318	0.458803	0.338437	0.702573	0.451883	0.85501	0.205674	0.532946	0.817202	0.408644	0.127089	0.652993	0.543904	0.817095	0.865849	0.789346	0.140323	0.305125	0.390346	0.670882	0.42888	
0.290569	0.245355	0.103846	0.494731	0.331305	0.409587	0.149728	0.225205	0.277791	0.303805	0.657128	0.44998	0.325176	0.308498	0.358881	0.48801	0.481649	0.454586	0.36896	0.484476	0.173185	0.315629	0.343127	0.370804	0.282445	0.419734	0.206289	0.814668	0.315301	0.596451	
0.0955557	0.450971	0.239742	0.499723	0.360865	0.575	0.24017	0.450833	0.212467	0.360909	0.387235	0.180355	0.346552	0.458151	0.54263	0.454131	0.620614	0.457812	0.113145	0.278029	0.442762	0.187061	0.486632	0.627725	0.508618	0.226097	0.151377	0.571452	0.3133	0.326748	
0.333685	0.40855	0.372372	0.90711	0.160623	0.885477	0.326492	0.443832	0.62301	0.198156	0.60105	0.497343	0.159738	0.78024	0.403351	0.872122	0.954847	0.0878288	0.388944	0.686754	0.564053	0.240687	0.315738	0.621432	0.468347	0.646168	0.540812	0.901072	0.16112	0.55354	
7.55956
5.36074
5.27385
3.43118
4.56481
5.98634
3.36191
3.33832
5.40098
5.32949
4.27153
5.81215
3.62344
3.34898
6.89273
