10	20
118.345	124.179
82.4875	125.353
146.457	155.076
147.015	152.318
91.2343	73.2861
152.947	87.8919
70.137	104.091
80.9431	45.4161
120.405	113.417
59.0582	29.6518
178.459
195.469
306.925
246.813
98.86
169.243
168.388
305.675
185.407
40.4168
14.2868
9.40758
269.331
23.4502
60.9223
229.006
273.781
139.699
192.134
261.258
0.284302	0.813353	0.750923	1.01923	0.778469	0.910498	0.965049	0.132959	0.66664	0.902816	0.896467	0.711215	0.614059	0.751004	0.430278	1.0136	0.960955	0.536255	0.71053	1.11821	
0.436152	0.243088	0.228143	0.316711	0.285142	0.510077	0.39168	0.693964	0.559923	0.505395	0.724006	0.080628	0.370942	0.12989	0.317804	0.399757	0.25383	0.370016	0.442475	0.418731	
0.68125	0.482958	0.450523	0.741545	0.927211	0.300082	0.504029	0.649673	0.116554	0.295467	0.127418	0.72646	0.293064	0.781903	0.719431	0.574415	0.832757	0.336028	0.213378	0.792332	
0.74845	0.542282	0.513889	0.794831	0.996863	0.334291	0.54814	0.700673	0.186107	0.330969	0.0897224	0.795328	0.363794	0.850384	0.789885	0.61767	0.893847	0.406888	0.279582	0.83992	
0.309586	0.501547	0.43867	0.753582	0.706726	0.536578	0.628784	0.280055	0.286334	0.528939	0.520994	0.549083	0.252842	0.604782	0.397696	0.688077	0.756888	0.184584	0.334213	0.841105	
0.762172	0.509236	0.48637	0.754572	0.981022	0.284916	0.502248	0.735532	0.197596	0.282274	0.0413906	0.777402	0.356537	0.83119	0.792974	0.570926	0.861413	0.408882	0.260596	0.795205	
0.716981	0.172145	0.234649	0.127585	0.5449	0.354912	0.14087	0.920906	0.574567	0.354982	0.633967	0.379444	0.438171	0.398051	0.622795	0.101447	0.280087	0.490613	0.429814	0.176642	
0.228383	0.345603	0.290637	0.527554	0.405099	0.534048	0.508949	0.464997	0.449735	0.527208	0.663645	0.250677	0.276037	0.304106	0.171766	0.544537	0.482479	0.227796	0.383641	0.626924	
0.533683	0.557915	0.505317	0.828014	0.890106	0.474278	0.636527	0.436356	0.167282	0.467688	0.348371	0.709015	0.295689	0.766681	0.612102	0.705164	0.87588	0.281668	0.299656	0.89917	
0.609345	0.373023	0.390203	0.259177	0.227801	0.644886	0.46745	0.889245	0.755101	0.64209	0.893186	0.183406	0.570401	0.144867	0.46917	0.442162	0.091644	0.578078	0.625859	0.344036	
4.72887
5.63092
4.69971
4.39528
5.63345
4.078
5.83296
5.04104
4.91916
5.66484
