15	30
54.4827	83.7889
51.3613	81.4311
50.3924	152.953
27.0451	93.7491
13.0343	78.5334
12.2321	31.0206
77.6063	122.159
116.464	95.0596
89.8182	94.8475
103.541	63.8935
32.2626	148.64
5.07967	49.1417
80.7308	123.326
37.4004	127.556
121.615	146.397
543.701
148.425
154.87
130.756
287.009
335.814
54.717
373.885
132.441
344.69
166.476
128.467
63.2838
36.6518
193.605
139.603
218.138
302.837
148.192
269.676
60.3132
339.603
303.941
126.72
471.077
331.973
346.381
427.797
472.848
408.596
0.796337	0.757794	0.513209	0.457823	0.243895	0.819257	0.219078	0.648668	0.645503	0.984218	0.496723	0.386691	0.378802	0.0970861	0.897659	0.570903	0.66438	0.694525	0.374524	0.252709	0.374041	0.351452	0.433804	0.467217	0.470414	0.457162	0.033705	0.624713	0.960691	0.463846	
0.406285	0.253451	0.498415	0.476654	0.89049	0.232431	0.953584	0.347315	0.529968	0.35013	0.97514	0.882687	0.893326	0.913796	0.03322	0.362528	0.484156	0.39095	0.555682	0.8658	0.909365	0.777243	0.528026	0.479407	0.498478	0.538283	0.896156	0.365514	0.0407493	0.809872	
0.82402	0.548581	0.284587	0.427206	0.15255	0.59982	0.22126	0.439456	0.736338	0.714334	0.799492	0.103364	0.669358	0.437539	0.749966	0.44658	0.370176	0.436401	0.355918	0.129927	0.67212	0.0167221	0.472254	0.463955	0.293764	0.523967	0.348991	0.610304	0.821468	0.705407	
0.170639	0.381484	0.531225	0.394113	0.865409	0.397795	0.918482	0.420584	0.315549	0.566445	0.782062	0.89579	0.719458	0.802438	0.230083	0.348445	0.588354	0.502346	0.481852	0.843518	0.736551	0.782434	0.408178	0.375836	0.500981	0.395175	0.808331	0.216964	0.230782	0.619852	
0.64291	0.879108	0.727909	0.525594	0.645486	0.938219	0.635575	0.798994	0.463614	1.13577	0.0777009	0.778951	0.0615292	0.322182	0.92137	0.667974	0.894521	0.881196	0.497043	0.645924	0.0533746	0.708183	0.44549	0.499669	0.66278	0.416445	0.412644	0.581089	0.96297	0.150498	
0.667796	0.194492	0.178756	0.391778	0.546117	0.222722	0.616243	0.145076	0.67382	0.311314	0.958511	0.487247	0.838453	0.717114	0.41863	0.276214	0.038789	0.0576524	0.402939	0.5207	0.849009	0.405307	0.476991	0.429676	0.238892	0.525415	0.657356	0.476685	0.487709	0.812889	
0.705729	0.549547	0.291449	0.314714	0.16272	0.609114	0.211834	0.437301	0.593102	0.76273	0.622549	0.249608	0.492297	0.277626	0.715861	0.387554	0.436731	0.472151	0.22899	0.14485	0.495455	0.160675	0.33395	0.342039	0.259284	0.379346	0.201849	0.502395	0.783821	0.529714	
0.642443	0.3232	0.0575123	0.272708	0.350666	0.377236	0.419309	0.212552	0.592377	0.514546	0.787784	0.3269	0.66162	0.511514	0.523164	0.236411	0.188383	0.224813	0.241663	0.32501	0.670005	0.2229	0.346379	0.314982	0.0925624	0.400988	0.448264	0.428049	0.594828	0.656957	
0.665339	0.765709	0.569662	0.417349	0.434714	0.827601	0.425448	0.669983	0.495208	1.01483	0.288551	0.569701	0.166589	0.116274	0.855834	0.556665	0.735828	0.739529	0.359585	0.43584	0.162804	0.505033	0.357179	0.406752	0.509996	0.35451	0.202454	0.536453	0.909348	0.258366	
0.681324	0.622163	0.385233	0.323692	0.232285	0.683906	0.2482	0.514262	0.544081	0.853258	0.502637	0.354724	0.373246	0.156895	0.760726	0.433576	0.543399	0.565372	0.238609	0.226494	0.374852	0.282214	0.30946	0.336888	0.337479	0.341048	0.103999	0.497604	0.824283	0.42476	
0.403343	0.143714	0.375387	0.371264	0.768205	0.146696	0.831885	0.225857	0.488226	0.322393	0.903772	0.759745	0.811513	0.806487	0.0902759	0.245773	0.372456	0.279658	0.444756	0.743398	0.826722	0.654106	0.432761	0.380812	0.376124	0.452062	0.782953	0.297623	0.162012	0.739316	
0.33756	0.356646	0.578866	0.50956	0.955106	0.34457	1.01468	0.437011	0.488302	0.464264	0.952162	0.961574	0.883629	0.939942	0.136164	0.41988	0.586744	0.493738	0.594786	0.931302	0.900432	0.852295	0.544643	0.502584	0.567761	0.543096	0.933664	0.361425	0.0854436	0.788678	
0.411229	0.559044	0.436087	0.208736	0.514906	0.617765	0.540988	0.483684	0.254615	0.816046	0.367894	0.61196	0.262162	0.329065	0.610417	0.348894	0.5968	0.570828	0.204249	0.502728	0.276745	0.511328	0.125578	0.179486	0.36903	0.0995238	0.362175	0.278836	0.658506	0.216528	
0.919811	0.626092	0.36933	0.52299	0.164402	0.673698	0.216772	0.520455	0.830776	0.77082	0.869108	0.0262066	0.740104	0.489613	0.834313	0.538846	0.429226	0.505324	0.450796	0.153512	0.741253	0.10922	0.566666	0.559553	0.385689	0.617739	0.396597	0.705967	0.906122	0.785533	
0.515764	0.846248	0.747523	0.513672	0.756517	0.900453	0.759887	0.784705	0.34518	1.10179	0.141822	0.877918	0.184551	0.460526	0.845462	0.645074	0.907282	0.875963	0.515012	0.751833	0.195775	0.791331	0.428301	0.477822	0.680467	0.382716	0.540741	0.508983	0.87624	0.102671	
3.44185
3.0073
3.35651
3.97461
4.18806
4.10172
2.98146
2.22888
2.56928
2.47735
3.63778
4.27368
2.8728
3.31811
2.14924
