10	20
73.5444	77.8013
50.6443	134.509
71.3978	71.8221
54.0607	48.4438
143.063	94.3925
81.0789	60.8455
82.5185	11.3502
112.79	41.417
68.5691	87.8703
161.061	154.348
176.194
361.382
74.0854
255.435
25.2297
60.7313
164.816
137.025
174.908
138.658
170.446
281.695
377.752
139.135
30.4144
344.788
347.94
374.789
138.268
140.307
0.332666	0.265403	0.334334	0.568925	0.417189	0.702222	0.349253	0.201133	0.639465	0.618331	0.204827	0.422855	0.248635	0.510893	0.435568	0.511443	0.637018	0.245221	0.794204	0.534199	
0.752633	0.633438	0.271658	0.107573	0.697793	0.181623	0.190164	0.666449	0.234	0.633111	0.421546	0.526397	0.627288	0.411494	0.100936	0.521563	0.72035	0.277758	0.809018	0.887312	
0.62041	0.612724	0.129749	0.261233	0.547538	0.296892	0.0978708	0.616022	0.202654	0.481486	0.404856	0.571599	0.60272	0.26219	0.0742801	0.366771	0.565561	0.228305	0.66208	0.739703	
0.351133	0.278885	0.589641	0.813262	0.521551	0.957656	0.608599	0.158165	0.897744	0.800846	0.39497	0.531916	0.266176	0.741378	0.69381	0.713842	0.790634	0.498362	0.954051	0.548173	
0.413797	0.925775	0.603464	0.961842	0.251091	0.969588	0.702022	0.828921	0.764877	0.281713	0.837528	1.07111	0.908435	0.471602	0.766507	0.349932	0.179994	0.735573	0.275186	0.26797	
0.0989206	0.647669	0.569063	0.917708	0.198723	0.994711	0.647302	0.531228	0.844043	0.516454	0.635288	0.851633	0.630717	0.580055	0.735502	0.488882	0.460216	0.611616	0.612388	0.122694	
0.795404	0.247377	0.673329	0.625502	0.898101	0.811507	0.611969	0.371299	0.881867	1.06154	0.326903	0.137904	0.263188	0.898052	0.644035	0.942328	1.09956	0.492651	1.24756	1.00392	
0.454903	0.907388	0.512168	0.857047	0.265581	0.847984	0.610372	0.824265	0.636603	0.143108	0.789788	1.02182	0.890482	0.348593	0.66455	0.230483	0.0399256	0.664662	0.176281	0.36532	
0.327046	0.478514	0.165026	0.509578	0.292747	0.589668	0.237776	0.425226	0.467882	0.403959	0.337401	0.569172	0.462965	0.289091	0.326171	0.290605	0.439378	0.228006	0.587406	0.469181	
0.821551	0.820166	0.342026	0.287678	0.718572	0.168644	0.315402	0.834057	0.058127	0.556937	0.607934	0.736216	0.811778	0.350424	0.242085	0.472113	0.657153	0.440236	0.705921	0.913265	
5.37108
6.08431
5.25243
5.53585
3.77283
5.01745
5.33842
4.80379
5.78378
3.8148
