10	20
176.191	13.3475
70.3163	105.954
59.5319	141.286
47.3599	19.4171
91.5606	42.6977
159.472	126.775
144.893	94.5734
72.3804	68.6833
53.2216	79.9211
127.524	24.252
187.768
7.41081
153.467
37.636
76.8061
155.908
217.139
15.7963
103.23
240.792
158.655
113.31
241.972
8.02871
264.384
12.097
68.683
87.8919
165.594
73.1228
0.201441	0.371866	0.355341	0.299035	0.40073	0.394729	0.0177204	0.58554	0.253031	0.19454	0.54866	0.136796	0.636104	0.366659	0.518266	0.455566	0.361975	0.353988	0.289122	0.560042	
0.31698	0.771776	0.856577	0.807993	0.886533	0.331531	0.529966	1.07664	0.638947	0.483607	0.385611	0.559028	0.275058	0.232298	0.923932	0.717947	0.155894	0.254701	0.254774	0.396745	
0.602461	0.512332	0.0527091	0.11126	0.0639524	0.690022	0.401299	0.426787	0.319195	0.449748	0.940835	0.45396	0.963044	0.774027	0.278387	0.4568	0.757115	0.696327	0.695999	0.82231	
0.34946	0.84004	0.766291	0.733227	0.776534	0.126827	0.514752	1.08228	0.503668	0.367016	0.620262	0.596098	0.147677	0.407037	0.754977	0.510685	0.265549	0.146577	0.367337	0.132601	
0.455158	0.607572	0.233729	0.238681	0.215208	0.44907	0.323994	0.656882	0.081993	0.236976	0.853295	0.434014	0.721604	0.644226	0.210695	0.201684	0.5832	0.478855	0.558299	0.563448	
0.341587	0.634803	0.376248	0.359526	0.373769	0.282907	0.292129	0.762476	0.101245	0.107035	0.752125	0.414363	0.555302	0.527313	0.35654	0.186536	0.442957	0.319356	0.441854	0.402228	
0.220299	0.545745	0.743186	0.684862	0.789065	0.435627	0.39362	0.876108	0.594343	0.454721	0.198103	0.371672	0.506292	0.0362492	0.884019	0.741149	0.175935	0.339096	0.118503	0.566574	
0.337017	0.218552	0.32589	0.262181	0.389331	0.560598	0.148425	0.430915	0.359497	0.351769	0.584862	0.0977064	0.795369	0.458133	0.563933	0.574151	0.49445	0.515045	0.398614	0.726146	
0.386539	0.6206	0.891033	0.830399	0.941191	0.58722	0.543975	0.969704	0.759003	0.621361	0.0594283	0.497988	0.603701	0.200731	1.04716	0.907731	0.321931	0.490942	0.285296	0.701164	
0.183547	0.440876	0.368826	0.319602	0.404251	0.33155	0.0862867	0.642538	0.210451	0.12646	0.569	0.203541	0.582046	0.366926	0.492808	0.399755	0.335613	0.300161	0.283153	0.495065	
3.83008
5.47294
6.09102
5.97361
5.24446
4.4811
4.41801
6.20301
6.1037
4.30699
