15	30
55.5749	87.2716
58.2649	72.154
81.2982	153.515
154.182	37.9319
112.821	88.4205
44.7991	127.262
61.5724	158.278
169.997	82.6202
124.723	80.1658
70.1175	153.852
156.415	13.3154
115.255	62.2832
112.817	77.3884
158.53	105.024
104.128	61.7603
25.6762
46.7614
27.4414
30.3275
33.2371
48.9362
2.84416
31.3817
5.01422
10.2042
31.2745
35.9023
19.9159
17.7825
54.8111
40.3121
60.0729
15.2607
32.4319
36.4465
0.136981
19.285
8.32655
51.8999
24.0291
58.4211
18.7191
17.39
45.7574
57.4956
0.109292	0.952498	1.06781	0.426585	0.714664	0.344445	0.500386	0.554606	1.16895	0.164737	0.891091	0.921111	0.182125	0.911764	0.5945	0.947976	0.442252	1.02937	0.75751	0.326174	0.683528	0.36836	0.60963	0.508767	0.951344	0.822274	0.499195	0.978507	0.83305	0.24286	
0.354948	0.52043	0.628284	0.0564616	0.262888	0.486036	0.200714	0.265791	0.71492	0.332122	0.439085	0.718158	0.34523	0.482956	0.131339	0.489971	0.380138	0.56739	0.330785	0.302262	0.380981	0.317945	0.285737	0.0654972	0.499799	0.361626	0.398441	0.532436	0.658008	0.266847	
0.666678	0.401595	0.503336	0.447921	0.39016	0.490335	0.673615	0.732679	0.643033	0.576409	0.672174	0.24463	0.726846	0.368874	0.469772	0.513416	0.315704	0.688846	0.312803	0.750281	0.825483	0.372714	0.737162	0.41909	0.476113	0.472225	0.873441	0.467394	0.203529	0.505085	
0.696607	0.215697	0.300552	0.376702	0.0946808	0.740936	0.437137	0.45953	0.371275	0.658235	0.223858	0.668333	0.687949	0.193034	0.220196	0.145619	0.577443	0.262109	0.137256	0.620952	0.487811	0.560585	0.430039	0.294537	0.161122	0.0244799	0.649372	0.200544	0.650619	0.582568	
0.195626	0.657351	0.772247	0.137634	0.420669	0.322307	0.313947	0.38363	0.873962	0.148285	0.624723	0.710541	0.235404	0.616837	0.313658	0.654765	0.273126	0.748826	0.462169	0.27859	0.515961	0.189151	0.423472	0.218024	0.656255	0.531431	0.440625	0.68285	0.633663	0.0822211	
0.651773	0.251274	0.342611	0.332215	0.0593719	0.704358	0.396089	0.421916	0.416537	0.614796	0.233139	0.6672	0.642664	0.224002	0.175227	0.190874	0.54471	0.296094	0.133386	0.576787	0.458871	0.523441	0.395699	0.250129	0.205101	0.0639982	0.610013	0.242966	0.643302	0.539732	
0.617372	0.272262	0.388841	0.332507	0.200734	0.545228	0.523376	0.574734	0.51716	0.545808	0.48322	0.423713	0.650869	0.231799	0.298777	0.347022	0.365037	0.51257	0.127279	0.639896	0.653594	0.381074	0.570447	0.276877	0.319437	0.28611	0.735121	0.324149	0.393047	0.466472	
0.692522	0.177953	0.295088	0.390167	0.176713	0.639289	0.548278	0.591031	0.422567	0.627392	0.429041	0.462948	0.716001	0.137253	0.312503	0.261012	0.459527	0.434516	0.0777121	0.689092	0.652368	0.472623	0.577443	0.321619	0.228599	0.225078	0.764716	0.230193	0.449246	0.547629	
0.0579033	0.837366	0.949472	0.300582	0.587646	0.38997	0.346604	0.401791	1.04163	0.143786	0.742928	0.888706	0.0578576	0.797849	0.456011	0.8172	0.422501	0.886181	0.642672	0.185417	0.532206	0.336791	0.456263	0.380863	0.825467	0.688877	0.366778	0.856122	0.806935	0.183124	
0.64625	0.267783	0.356426	0.327908	0.069206	0.708068	0.381405	0.405555	0.42575	0.612019	0.220069	0.684003	0.634215	0.241486	0.165477	0.199286	0.551022	0.292812	0.150858	0.565044	0.440599	0.526943	0.378328	0.246242	0.217242	0.0695772	0.59444	0.256488	0.658873	0.537863	
0.44553	0.408198	0.521005	0.129412	0.168868	0.490638	0.312061	0.369085	0.620574	0.39795	0.415596	0.608241	0.456403	0.368768	0.120783	0.402927	0.345754	0.513319	0.213727	0.427578	0.465303	0.309772	0.374642	0.061093	0.40286	0.283924	0.520268	0.429856	0.556033	0.321073	
0.881845	0.357839	0.360509	0.578789	0.339167	0.979476	0.537462	0.525588	0.32747	0.863816	0.11219	0.897622	0.847549	0.364779	0.402404	0.206357	0.824004	0.0586216	0.385661	0.746888	0.485	0.798329	0.474906	0.502218	0.257351	0.228624	0.712599	0.29458	0.890971	0.794645	
0.677862	0.883039	0.94528	0.59268	0.661016	0.969195	0.348959	0.280626	0.954436	0.737194	0.534136	1.24987	0.578236	0.862725	0.538484	0.763857	0.912025	0.692717	0.760432	0.435354	0.1849	0.835896	0.268097	0.591636	0.805775	0.665502	0.262485	0.850833	1.19798	0.719791	
0.748365	0.322899	0.36964	0.443261	0.216969	0.846815	0.41953	0.418838	0.387652	0.72844	0.0768383	0.815151	0.718324	0.31411	0.266937	0.188349	0.695566	0.172727	0.283757	0.624985	0.406576	0.665886	0.374651	0.366825	0.233699	0.12739	0.610926	0.278665	0.797383	0.659098	
0.327225	0.528711	0.644754	0.0869489	0.304685	0.362127	0.330821	0.399115	0.751715	0.266567	0.543153	0.609847	0.360992	0.487797	0.231225	0.537798	0.241758	0.649136	0.334291	0.372661	0.518851	0.185356	0.423413	0.126908	0.53444	0.420577	0.506771	0.558129	0.541186	0.187694	
6.42709
6.04433
6.16641
4.66006
5.42341
7.32387
5.62123
3.84345
4.39955
6.10932
4.09024
5.4355
5.04689
4.28976
4.96795
