10	15
36.1755	147.798
115.866	125.371
134.34	137.02
50.2374	30.9807
127.459	68.152
168.739	90.8515
2.73329	85.8351
96.2255	58.8164
72.9733	127.683
152.988	57.5961
407.74
326.921
263.348
456.363
464.73
242.426
375.482
548.848
39.0366
542.617
507.013
68.2125
172.587
211.28
23.9156
0.499435	0.560977	0.802598	1.21353	0.626615	0.342928	0.532182	0.367061	1.10681	0.379092	0.889914	0.961575	0.64761	0.600883	0.696901	
0.227848	0.15138	0.136554	0.849737	0.505048	0.446367	0.211644	0.463007	0.808418	0.349957	0.659056	0.823558	0.287942	0.312233	0.363931	
0.714089	0.610177	0.589796	0.393486	0.222287	0.526457	0.537895	0.488691	0.274497	0.579188	0.0666703	0.166187	0.378192	0.375047	0.296099	
0.171652	0.208319	0.451373	0.968547	0.424225	0.159264	0.187664	0.199095	0.883447	0.065011	0.67858	0.801024	0.339894	0.305619	0.411976	
0.502078	0.386534	0.165972	0.580851	0.462589	0.584538	0.384169	0.578909	0.568688	0.53312	0.482499	0.653036	0.284553	0.335922	0.289421	
0.49692	0.444413	0.27124	0.920658	0.74718	0.738871	0.502548	0.753177	0.919862	0.643357	0.828295	0.999697	0.527919	0.567624	0.579421	
0.658475	0.655829	0.844279	1.02183	0.474483	0.355908	0.589735	0.338728	0.899923	0.463256	0.692661	0.710855	0.611486	0.560599	0.617892	
0.546607	0.43452	0.400622	0.462747	0.158812	0.424317	0.369608	0.395696	0.377896	0.444655	0.191293	0.352899	0.197476	0.208402	0.111552	
0.666429	0.631096	0.776478	0.85409	0.343403	0.352297	0.55416	0.318084	0.729918	0.464636	0.528636	0.534875	0.524442	0.477737	0.508417	
0.484182	0.373442	0.136337	0.626811	0.494244	0.593154	0.381145	0.590877	0.616402	0.533367	0.528164	0.699054	0.303014	0.353574	0.319611	
5.84476
4.46403
3.87253
6.32739
4.66348
4.01491
8.20668
4.94044
5.55647
3.66038
