15	30
119.211	132.94
167.092	101.512
16.2336	10.8166
119.074	34.3194
100.594	103.515
33.2851	132.919
59.2	35.5654
140.548	147.616
76.7093	142.08
83.8638	53.1518
45.8408	142.672
66.0033	55.3564
145.276	138.727
77.3876	51.2276
128.9	137.023
21.2999
7.77305
0.952346
31.8536
41.7784
14.3258
40.268
25.5155
41.1129
10.5466
24.0597
38.3512
11.0873
28.0789
0.762972
7.28115
20.8942
32.485
39.1118
40.0823
6.29736
29.4922
34.205
36.4222
29.8417
23.7375
43.5272
3.05143
8.68889
16.8362
0.27461	0.491792	0.612	0.266619	0.316746	0.149421	0.150173	0.434251	0.322239	0.165463	0.515608	0.71551	0.486775	0.372234	0.351467	0.312981	0.226861	0.424931	0.678763	0.327529	0.29138	0.651071	0.252186	0.173536	0.484531	0.579103	0.257503	0.613651	0.360494	0.524856	
0.327276	0.553858	0.676215	0.328514	0.358919	0.180315	0.153634	0.476375	0.262142	0.227107	0.534202	0.779926	0.505309	0.364147	0.375641	0.250188	0.167669	0.474822	0.73569	0.386972	0.355484	0.715254	0.24515	0.236181	0.507367	0.63666	0.218852	0.677438	0.406637	0.533619	
0.597524	0.837561	0.962341	0.612755	0.583498	0.411949	0.346568	0.690703	0.0892789	0.511724	0.707188	1.06374	0.640281	0.476561	0.58129	0.101701	0.172144	0.734789	1.00781	0.655489	0.638464	0.997549	0.398415	0.516331	0.656889	0.911013	0.27845	0.957748	0.637777	0.629578	
0.732547	0.814379	0.839897	0.660261	0.327994	0.39156	0.385789	0.31375	0.532417	0.605838	1.03912	0.85663	0.112371	0.900763	0.872505	0.676759	0.650469	0.87049	1.03972	0.485052	0.567549	0.785375	0.780681	0.507429	0.146685	0.946593	0.745413	0.735459	0.349688	0.0270706	
0.316789	0.161577	0.164488	0.235585	0.363065	0.436178	0.506098	0.38135	0.774605	0.319267	0.625634	0.249892	0.576915	0.665244	0.506629	0.776187	0.685457	0.338659	0.373701	0.206017	0.176899	0.188542	0.587595	0.300005	0.548022	0.296839	0.67333	0.160214	0.333403	0.659679	
0.26362	0.382221	0.535855	0.353798	0.691547	0.605306	0.635762	0.780951	0.758444	0.385672	0.125924	0.680942	0.917562	0.313361	0.158361	0.649936	0.567539	0.175911	0.379849	0.578497	0.475923	0.656656	0.343809	0.487938	0.902738	0.326645	0.471452	0.653458	0.703295	0.977437	
0.382973	0.537347	0.691878	0.48004	0.800166	0.687061	0.703532	0.899113	0.769865	0.486957	0.0409722	0.836977	1.01615	0.260713	0.206449	0.63523	0.567191	0.32845	0.523817	0.704885	0.604331	0.811693	0.34281	0.592768	1.00536	0.479994	0.45497	0.806903	0.819505	1.06783	
0.220759	0.156402	0.239513	0.135302	0.330687	0.364249	0.431248	0.379688	0.688963	0.220711	0.544399	0.346579	0.559681	0.567363	0.41467	0.680725	0.588998	0.270444	0.381263	0.175532	0.10066	0.28834	0.487359	0.21725	0.53475	0.288642	0.573326	0.26042	0.31556	0.637517	
0.488554	0.686083	0.786198	0.466636	0.348494	0.193587	0.122496	0.451441	0.166706	0.370278	0.710896	0.868847	0.407187	0.526142	0.553399	0.273621	0.244579	0.63953	0.886009	0.443628	0.452206	0.798823	0.41222	0.331584	0.420532	0.785735	0.347991	0.75489	0.403411	0.410029	
0.304041	0.235116	0.26195	0.208577	0.265468	0.345742	0.416545	0.292898	0.691421	0.267254	0.637739	0.330324	0.483384	0.640853	0.500358	0.707006	0.619267	0.368594	0.458234	0.108114	0.105717	0.261325	0.550138	0.221584	0.455723	0.372545	0.621284	0.220532	0.238333	0.564931	
0.458183	0.642241	0.73651	0.427024	0.29148	0.139992	0.0698368	0.395695	0.223635	0.334656	0.703739	0.815482	0.364221	0.534186	0.541964	0.318543	0.276326	0.609572	0.84731	0.388696	0.402687	0.744977	0.416424	0.284569	0.374553	0.746992	0.368922	0.700476	0.346366	0.376368	
0.397988	0.655759	0.809008	0.465264	0.638206	0.468256	0.44561	0.755351	0.400242	0.391635	0.370595	0.939369	0.797844	0.130981	0.283136	0.247824	0.199163	0.487773	0.766176	0.623053	0.554437	0.887189	0.115741	0.466148	0.799753	0.682075	0.0832831	0.860674	0.679852	0.823162	
0.233107	0.386651	0.54442	0.327888	0.658778	0.563896	0.591383	0.752363	0.707918	0.348723	0.118541	0.689213	0.881752	0.268159	0.10743	0.599108	0.516606	0.176134	0.411591	0.553557	0.451828	0.659816	0.293081	0.452965	0.868246	0.348729	0.420931	0.652759	0.673675	0.939253	
0.439416	0.533608	0.675814	0.530036	0.867107	0.773342	0.798061	0.957238	0.887841	0.558692	0.148476	0.818601	1.09162	0.386844	0.2991	0.758764	0.687199	0.341903	0.466874	0.754402	0.651744	0.804186	0.460225	0.66236	1.0776	0.446678	0.577703	0.807271	0.879539	1.14946	
0.522331	0.642711	0.701043	0.460341	0.18327	0.171208	0.166172	0.253411	0.378449	0.393271	0.818429	0.751093	0.190309	0.680163	0.651955	0.492405	0.449054	0.666602	0.863959	0.331089	0.388529	0.67823	0.5599	0.303073	0.200258	0.766345	0.533484	0.62968	0.232165	0.214917	
6.89782
6.02834
11.0258
7.71581
7.95376
10.578
9.41793
6.20385
7.63676
8.85326
10.2263
8.93448
6.57229
8.30393
7.16696
