10	15
27.9604	54.0734
150.591	119.456
159.1	123.586
9.265	99.8013
51.1985	44.8656
44.1781	101.644
32.2216	98.6125
96.9896	101.553
50.3448	152.379
34.9163	44.7564
67.1448
175.243
193.735
66.2465
68.145
112.169
35.5148
329.892
345.697
14.5825
383.517
365.685
261.147
392.382
324.66
0.266946	0.269485	0.671628	0.772795	0.101346	0.797149	0.97653	0.658977	0.590676	0.719784	0.802879	0.673667	0.746812	0.480093	0.937866	
0.733017	0.718675	0.385409	0.532454	0.934825	0.436497	0.348422	0.360431	0.65025	0.250782	0.566027	0.760933	0.252665	0.502152	0.412913	
0.639269	0.542641	0.161525	0.312486	0.770141	0.537456	0.528025	0.383769	0.424468	0.0727607	0.34992	0.795665	0.0392631	0.315687	0.569728	
0.490312	0.268056	0.161327	0.244639	0.493585	0.677434	0.75434	0.485866	0.153596	0.280875	0.281512	0.808259	0.283608	0.106245	0.765765	
0.778106	0.59063	0.206678	0.13617	0.815298	0.770826	0.758552	0.607032	0.336504	0.281833	0.151756	1.00691	0.243429	0.389936	0.804132	
0.286538	0.579553	0.738802	0.928892	0.612887	0.398622	0.608132	0.394524	0.845932	0.677871	0.971547	0.145025	0.718864	0.602614	0.537198	
0.374882	0.391268	0.284823	0.486901	0.587149	0.357903	0.45897	0.166132	0.473257	0.211333	0.530628	0.531412	0.251929	0.2298	0.455617	
0.678158	0.795597	0.607936	0.79664	0.967994	0.178689	0.0487614	0.2735	0.854225	0.466078	0.836479	0.526863	0.49308	0.633745	0.090958	
0.484521	0.224134	0.236682	0.280747	0.438731	0.731724	0.820767	0.539949	0.121811	0.357102	0.310639	0.834353	0.360482	0.145816	0.827583	
0.111292	0.203656	0.535041	0.672125	0.234942	0.61542	0.79064	0.472429	0.523951	0.557943	0.708313	0.53736	0.589284	0.345527	0.754207	
4.24241
2.51998
2.393
4.69497
4.11674
3.84747
4.24349
3.15384
4.32731
3.92676
