10	20
51.0365	14.8029
101.273	131.515
156.595	75.8894
14.7662	65.2425
48.4492	77.3291
56.2679	66.9527
40.3588	148.965
147.149	32.6074
169.904	31.2526
101.376	64.311
34.6518
5.58593
30.153
0.495125
27.577
20.7649
4.15639
10.5714
5.18339
13.4558
27.5172
7.5706
22.289
21.8102
10.316
28.912
22.684
18.3842
32.2583
10.0972
0.418489	0.402132	0.649696	0.75286	0.509577	0.432195	0.135903	0.721753	0.374249	0.564034	0.459995	0.187077	0.888134	0.935432	0.823677	0.817189	1.00795	0.888467	0.484783	0.373531	
0.637454	0.782338	0.287844	0.180156	0.441543	0.790068	0.511831	0.249052	0.522529	0.460346	0.440402	0.572451	0.444528	0.604062	0.390085	0.370574	0.643325	0.374446	0.302378	0.493699	
0.365294	0.53929	0.515021	0.562268	0.456221	0.561585	0.205679	0.561578	0.271333	0.398347	0.302232	0.291135	0.746021	0.833269	0.681763	0.609089	0.897415	0.72266	0.286333	0.25483	
0.803308	0.610936	0.0767075	0.324	0.183937	0.606985	0.457515	0.186991	0.693433	0.706372	0.655083	0.476016	0.31171	0.377911	0.248361	0.6589	0.441137	0.342696	0.540056	0.668356	
0.070996	0.828427	0.80257	0.748037	0.791346	0.856794	0.510839	0.813189	0.0683781	0.220174	0.153092	0.592012	1.01006	1.13389	0.949705	0.586904	1.18913	0.951725	0.290393	0.0909912	
0.616646	0.363197	0.381183	0.552933	0.221807	0.373092	0.157342	0.473804	0.527729	0.63476	0.54814	0.172549	0.616855	0.646902	0.55388	0.752168	0.720697	0.639598	0.49181	0.511302	
0.67561	0.279371	0.42865	0.627219	0.220944	0.286552	0.172516	0.532018	0.594815	0.716574	0.62652	0.140597	0.655956	0.658359	0.595464	0.841004	0.735688	0.693906	0.577934	0.580953	
0.576849	0.58661	0.275905	0.347984	0.299259	0.595836	0.320825	0.319413	0.466377	0.493985	0.432741	0.376269	0.503062	0.60331	0.438989	0.536704	0.662469	0.483094	0.330605	0.441247	
0.078059	0.75481	0.839912	0.825898	0.788235	0.785724	0.462241	0.868083	0.140629	0.349609	0.268175	0.534841	1.06136	1.16496	0.998617	0.708251	1.22624	1.01758	0.389361	0.167827	
0.662231	1.03618	0.54254	0.301797	0.718758	1.04787	0.733823	0.463151	0.562822	0.3934	0.439193	0.807295	0.625912	0.819796	0.589523	0.0998345	0.839792	0.511163	0.317824	0.536001	
5.02047
4.13323
3.55687
6.25642
5.26103
5.11287
5.87351
4.05372
3.49636
4.33235
