15	30
152.867	79.7098
104.226	97.4705
87.5745	106.036
82.0795	102.591
90.962	107.923
124.761	120.683
64.2456	95.3185
10.4465	62.2382
116.963	39.0765
32.0999	15.5997
168.654	57.9182
106.411	60.356
40.8155	115.742
5.78393	121.631
137.439	103.971
38.5023
9.81512
12.9191
28.1889
11.2641
36.4258
13.4957
5.5136
13.4988
22.1811
29.2597
30.834
28.0314
12.5334
25.8808
31.9255
23.3731
12.3444
1.84214
31.6472
24.9264
10.5743
24.5123
16.0169
34.7321
20.3005
5.82948
28.7696
29.2301
28.7645
0.547532	0.377946	0.367265	0.522166	0.807007	0.402597	0.153687	0.631827	0.858984	0.918788	0.372092	0.70886	0.701739	0.735293	0.115266	0.393307	0.408337	0.255995	0.556857	0.875568	0.208552	0.818519	0.719837	0.372296	0.500785	0.604617	0.740122	0.417144	0.608554	0.60422	
0.118657	0.696486	0.278422	0.865394	0.726818	0.277936	0.652698	0.149943	0.730353	0.678105	0.824744	0.720623	0.21232	0.519253	0.495483	0.222916	0.193298	0.548117	0.206654	0.599598	0.393749	0.728978	0.902007	0.386965	0.51895	0.528681	0.712681	0.241068	0.0742282	0.108472	
0.869827	0.28454	0.805956	0.236998	0.308483	0.564486	0.517275	0.718532	0.378508	0.522563	0.396569	0.1883	0.729516	0.448786	0.608799	0.770878	0.727275	0.416755	0.942271	0.543193	0.643646	0.322205	0.0804336	0.460702	0.302924	0.324187	0.235655	0.601458	0.766273	0.906068	
0.469762	0.54364	0.52908	0.670747	0.365693	0.284437	0.632654	0.225988	0.360901	0.314898	0.709994	0.390685	0.203087	0.148803	0.558282	0.466045	0.406105	0.474101	0.561227	0.242948	0.498403	0.365639	0.613533	0.301306	0.277733	0.216169	0.36896	0.290689	0.297945	0.478328	
0.153266	0.55592	0.159089	0.729555	0.684753	0.155448	0.490507	0.221314	0.703984	0.687157	0.671589	0.650736	0.298723	0.50616	0.331215	0.0940649	0.0376642	0.397506	0.22342	0.616848	0.229871	0.689991	0.799914	0.261204	0.424578	0.46574	0.653539	0.11972	0.176296	0.199506	
0.76263	0.439409	0.578316	0.522617	0.930631	0.607248	0.233464	0.843373	0.990889	1.07402	0.342159	0.816925	0.910758	0.900453	0.32667	0.609025	0.625439	0.394976	0.765654	1.04164	0.42513	0.943583	0.76274	0.55664	0.646145	0.754553	0.85615	0.626237	0.823951	0.819373	
0.890638	0.486005	0.878424	0.478723	0.108501	0.608415	0.703691	0.68157	0.162318	0.317335	0.626347	0.116517	0.666197	0.326022	0.749294	0.829263	0.775252	0.567988	0.975363	0.363659	0.753322	0.116415	0.262761	0.530351	0.351144	0.290951	0.102881	0.63903	0.745972	0.913831	
0.684699	0.607207	0.738544	0.686499	0.218594	0.478453	0.757295	0.43382	0.179542	0.100771	0.776106	0.308157	0.391745	0.0923528	0.723474	0.677031	0.617121	0.595468	0.776365	0.0538236	0.682218	0.211067	0.549609	0.459192	0.347394	0.240175	0.265657	0.492934	0.50853	0.690733	
0.822303	0.174262	0.736443	0.136545	0.395777	0.517959	0.406865	0.703501	0.465864	0.597828	0.280455	0.268949	0.726763	0.491338	0.514461	0.708699	0.671316	0.324908	0.887434	0.604957	0.561919	0.409945	0.168083	0.408654	0.285423	0.344266	0.317365	0.55594	0.74137	0.863714	
0.946	0.300276	0.866799	0.189641	0.403635	0.640301	0.528605	0.809812	0.472553	0.620336	0.368534	0.288286	0.82492	0.550999	0.645236	0.83725	0.797846	0.456504	1.01399	0.644121	0.693644	0.416904	0.0683002	0.532636	0.390039	0.423126	0.33436	0.678021	0.853735	0.98528	
0.620429	0.701533	0.710167	0.802984	0.365915	0.478681	0.818383	0.35942	0.324736	0.201329	0.871302	0.447391	0.298465	0.182337	0.753046	0.64551	0.586521	0.657129	0.711969	0.122785	0.693295	0.358542	0.688995	0.493199	0.430691	0.335895	0.408157	0.481889	0.434752	0.615163	
0.7474	0.383654	0.730727	0.425696	0.120115	0.461121	0.582548	0.550496	0.184769	0.308537	0.542035	0.0467751	0.544762	0.230508	0.610189	0.681882	0.62833	0.436148	0.830683	0.321127	0.608268	0.13343	0.283085	0.38317	0.205004	0.147613	0.0491536	0.492305	0.610615	0.773094	
0.714107	0.640668	0.772749	0.715071	0.228595	0.514413	0.79386	0.460278	0.179428	0.0684986	0.809062	0.328855	0.41396	0.129692	0.760805	0.710788	0.650827	0.632173	0.80598	0.0282206	0.719095	0.219193	0.568598	0.496491	0.383195	0.275434	0.284047	0.528099	0.535596	0.718194	
0.290854	0.566944	0.367386	0.722786	0.530237	0.183207	0.586431	0.0747555	0.534547	0.492595	0.716893	0.529031	0.12184	0.324621	0.467875	0.302373	0.244282	0.44788	0.38236	0.417665	0.384993	0.532351	0.724246	0.263061	0.346045	0.337649	0.518226	0.166222	0.127396	0.301479	
0.135472	0.690587	0.0996101	0.866065	0.877109	0.337988	0.565254	0.376714	0.897207	0.877008	0.77524	0.837673	0.45053	0.698411	0.387038	0.119632	0.170608	0.521681	0.0970988	0.804504	0.29204	0.88263	0.96944	0.43107	0.605921	0.656296	0.843278	0.306932	0.307842	0.181356	
6.33297
6.80494
8.49889
8.49306
7.11546
7.06937
8.67376
10.6625
7.53586
10.1273
5.47016
7.83862
9.69059
12.1907
6.0658
