15	30
74.6074	110.073
179.344	87.8686
137.234	92.7734
126.581	41.4704
63.6094	54.7407
174.679	76.913
101.201	120.106
149.205	29.4739
27.326	154.668
162.743	147.706
10.3906	21.6902
30.2429	121.849
59.6259	43.7565
94.3113	132.917
72.0059	132.7
11.2375
41.1387
32.6846
24.1729
11.8995
34.6271
31.755
29.3641
8.12205
15.8256
45.422
56.9782
55.8013
11.0265
46.9383
56.8846
51.3113
6.62952
18.6269
22.4158
34.6961
20.2803
18.6611
55.3935
21.5492
26.4051
51.3693
21.3423
41.4549
8.45791
0.623778	0.499747	0.342785	0.564276	0.256752	0.317608	0.320062	0.314789	0.598836	0.074592	0.369155	0.255276	0.483424	0.0167033	0.428889	0.111629	0.23176	0.183473	0.234584	0.587029	0.562146	0.44373	0.472808	0.382157	0.104724	0.526905	0.230528	0.514928	0.263819	0.495724	
0.320225	0.542754	0.840308	0.0775541	0.283793	0.501393	0.82278	0.774712	0.519578	0.473048	0.866268	0.261522	0.981608	0.510915	0.449104	0.47079	0.318723	0.451438	0.745287	0.42281	0.206409	0.767977	0.0630662	0.213958	0.612673	0.435579	0.732342	0.152434	0.598261	0.140319	
0.281155	0.55485	0.749203	0.130887	0.235143	0.398712	0.733275	0.678385	0.556464	0.385177	0.796348	0.195646	0.911846	0.428679	0.45612	0.407782	0.269264	0.352884	0.668257	0.470939	0.174121	0.736919	0.112214	0.112598	0.536311	0.467594	0.643549	0.111028	0.555933	0.199847	
0.494313	0.379709	0.840522	0.249914	0.241365	0.588746	0.818086	0.797327	0.343957	0.481568	0.808726	0.257993	0.920812	0.500631	0.294083	0.420689	0.267757	0.500053	0.708294	0.246717	0.380366	0.645827	0.124545	0.332677	0.580489	0.262195	0.728396	0.321949	0.50005	0.0359745	
1.08951	0.61427	0.416253	0.996085	0.64821	0.753268	0.391513	0.513241	0.749762	0.538946	0.13891	0.677816	0.132862	0.479661	0.620297	0.465298	0.613287	0.639413	0.272067	0.805182	1.02051	0.291057	0.877394	0.842409	0.366771	0.72854	0.400664	0.967911	0.352551	0.864278	
0.741894	0.953708	0.295848	0.8364	0.661442	0.330275	0.31667	0.194677	1.04986	0.425636	0.567711	0.628269	0.629135	0.440999	0.880883	0.565544	0.650672	0.383609	0.456	1.02672	0.751266	0.836298	0.809916	0.6153	0.457626	0.97334	0.318791	0.739123	0.69303	0.868151	
1.05492	0.72406	0.271089	1.00267	0.66993	0.676149	0.25282	0.381898	0.857355	0.501896	0.091358	0.685858	0.0622626	0.448937	0.709008	0.480288	0.637134	0.585095	0.207273	0.896052	1.00162	0.434311	0.899556	0.821758	0.337397	0.820903	0.293667	0.955908	0.43001	0.903607	
0.373566	0.559489	0.544261	0.33577	0.191345	0.223647	0.529898	0.470841	0.60908	0.189499	0.621255	0.136149	0.735098	0.2425	0.463161	0.269523	0.205154	0.14601	0.483492	0.552963	0.310862	0.63958	0.28668	0.131157	0.356811	0.520506	0.441464	0.267672	0.447585	0.347511	
0.471483	0.388966	0.613784	0.322718	0.0277276	0.395239	0.592269	0.569131	0.431606	0.253352	0.609796	0.0414456	0.724829	0.27399	0.290367	0.213431	0.0622719	0.284089	0.494656	0.378148	0.375444	0.530195	0.206934	0.227365	0.363086	0.343024	0.502019	0.314603	0.348676	0.223144	
0.857971	0.399071	0.416062	0.742484	0.392989	0.579088	0.385436	0.461187	0.530349	0.336295	0.237512	0.427768	0.338401	0.27867	0.380421	0.220493	0.357903	0.445883	0.21506	0.567577	0.779162	0.192526	0.620093	0.605701	0.195999	0.492198	0.334816	0.723213	0.101471	0.605312	
0.634367	0.235729	0.82965	0.397769	0.262031	0.659416	0.803833	0.806887	0.1984	0.499059	0.748933	0.305431	0.854997	0.500422	0.162988	0.393745	0.271505	0.547516	0.670607	0.11626	0.521297	0.532916	0.264635	0.44266	0.554442	0.113454	0.718449	0.460313	0.417321	0.183742	
0.479685	0.4523	0.512297	0.387245	0.104437	0.306263	0.492381	0.462332	0.516677	0.146945	0.538144	0.0793361	0.65361	0.176131	0.359903	0.158327	0.101172	0.182083	0.411078	0.475665	0.401715	0.522289	0.295259	0.226922	0.278652	0.431741	0.401684	0.348377	0.330792	0.327044	
0.4244	0.741466	0.453335	0.499432	0.388475	0.0151174	0.45039	0.349899	0.807007	0.233305	0.621971	0.339665	0.724223	0.28803	0.650825	0.385255	0.392049	0.125609	0.476178	0.75875	0.417097	0.747402	0.485558	0.279359	0.384071	0.720674	0.379293	0.401662	0.562303	0.554288	
0.515442	0.681161	0.355673	0.546761	0.356528	0.120822	0.348951	0.26362	0.761669	0.145863	0.510608	0.319711	0.613472	0.190991	0.597457	0.303601	0.350181	0.0743768	0.364795	0.727201	0.489777	0.650294	0.504145	0.327404	0.276401	0.679838	0.272209	0.462333	0.471191	0.559192	
0.784757	0.325463	0.466053	0.654158	0.30497	0.544691	0.436139	0.489835	0.450909	0.297745	0.327305	0.345032	0.432407	0.24786	0.292737	0.153451	0.270095	0.405885	0.274102	0.478828	0.700024	0.220081	0.528373	0.531519	0.204647	0.404773	0.369938	0.642042	0.0328822	0.510351	
6.05592
3.57405
4.73594
4.7232
5.5539
3.70723
4.67129
4.06321
7.09381
3.75842
7.40193
6.92522
6.3356
5.55387
5.59196
