15	30
4.20014	111.674
151.103	67.1999
50.228	98.7554
74.4794	11.4036
155.638	44.6709
79.0534	135.888
160.016	93.9
0.0127934	113.911
14.2281	108.26
28.9592	74.1564
155.528	89.0622
18.1689	66.3042
66.2976	142.638
2.44401	18.2564
119.534	107.126
5.69036
29.797
43.5351
33.014
5.80817
41.7416
50.5873
40.7719
18.8843
5.86935
36.2257
39.3185
21.2833
26.1929
39.5727
44.0666
31.1754
47.2115
6.34711
7.52654
21.1633
26.8403
32.133
14.2986
6.41824
43.0689
38.7471
37.5742
10.6067
50.0007
0.508105	0.502919	0.354848	0.170057	0.626891	0.450796	0.610694	0.202812	0.24341	0.477499	0.784139	0.557564	0.405495	0.31126	0.475985	0.479176	0.748374	0.401068	0.38754	0.224019	0.611461	0.236405	0.701457	0.596892	0.286703	0.23745	0.205677	0.68133	0.256328	0.65644	
0.536993	0.558322	0.383139	0.186308	0.670575	0.461796	0.667961	0.253924	0.297259	0.533933	0.842108	0.578838	0.435238	0.301784	0.533956	0.530795	0.806002	0.4281	0.444718	0.166836	0.664466	0.285662	0.721678	0.631203	0.339198	0.223559	0.1714	0.738488	0.211838	0.71189	
0.242662	0.188631	0.726732	0.460671	0.0846341	0.880581	0.468514	0.362261	0.496221	0.227111	0.469042	0.326079	0.749278	0.528367	0.334552	0.115985	0.391762	0.762813	0.281475	0.766923	0.610026	0.327424	1.03426	0.189609	0.512504	0.775508	0.618695	0.315809	0.684182	0.227851	
0.744106	0.697945	0.295513	0.398092	0.855967	0.301477	0.729939	0.426467	0.357574	0.664984	0.930181	0.790367	0.344313	0.506225	0.632719	0.692737	0.910618	0.327443	0.570617	0.19947	0.676512	0.462289	0.573828	0.832862	0.381132	0.0403366	0.35436	0.854135	0.36342	0.847459	
0.791815	0.743545	0.311673	0.44447	0.904303	0.292412	0.765934	0.474772	0.398427	0.709914	0.968905	0.836988	0.357163	0.547105	0.674374	0.740072	0.951646	0.338286	0.615527	0.221361	0.704692	0.510633	0.563063	0.881105	0.419071	0.0688333	0.391788	0.896716	0.394696	0.89225	
0.583777	0.36251	0.217574	0.381219	0.592868	0.37369	0.34721	0.252307	0.0465888	0.321735	0.547245	0.663241	0.239582	0.54705	0.260056	0.395969	0.532734	0.252507	0.235416	0.488518	0.323711	0.27522	0.536791	0.630098	0.00270794	0.352848	0.486538	0.483706	0.542924	0.495164	
0.159002	0.509135	0.936619	0.496738	0.280663	1.07462	0.793775	0.509224	0.710586	0.539426	0.800739	0.107422	0.972415	0.450392	0.643145	0.418111	0.721745	0.979948	0.557819	0.795916	0.921099	0.476867	1.27715	0.144581	0.742798	0.896401	0.602364	0.648287	0.649361	0.557658	
0.164437	0.281607	0.784296	0.452031	0.0663313	0.934371	0.564734	0.387227	0.551722	0.316794	0.56576	0.237511	0.811583	0.488501	0.423889	0.197099	0.487459	0.823215	0.356206	0.766206	0.701746	0.351002	1.10498	0.0913105	0.5742	0.80409	0.600382	0.412908	0.662275	0.323146	
0.731119	0.796702	0.509954	0.38578	0.893174	0.517534	0.891466	0.49053	0.511658	0.772184	1.07497	0.752803	0.560581	0.418973	0.76738	0.766423	1.04215	0.545041	0.68223	0.0729545	0.864979	0.520449	0.789057	0.835011	0.547076	0.259236	0.258622	0.975976	0.225476	0.950264	
0.725545	0.416008	0.260109	0.568294	0.681386	0.395486	0.25214	0.426841	0.236331	0.373645	0.466722	0.811793	0.240587	0.733654	0.272032	0.482748	0.480659	0.263259	0.322277	0.661744	0.152283	0.4423	0.452159	0.750294	0.190626	0.487236	0.675847	0.458767	0.73097	0.504601	
0.331312	0.340786	0.455778	0.121914	0.43431	0.587132	0.520284	0.0440586	0.248783	0.325832	0.656915	0.395567	0.496876	0.273576	0.360496	0.298208	0.607498	0.501063	0.25214	0.396318	0.572335	0.054868	0.804946	0.410045	0.291079	0.420073	0.278852	0.53314	0.346867	0.491714	
0.687298	0.520151	0.0975124	0.409322	0.733264	0.2307	0.492997	0.336944	0.159341	0.480663	0.701055	0.756586	0.146276	0.566348	0.421855	0.543157	0.691867	0.144197	0.390582	0.398738	0.429271	0.369724	0.44926	0.750718	0.159317	0.210384	0.461783	0.645218	0.503234	0.656606	
0.357834	0.101034	0.678859	0.508848	0.19095	0.835557	0.354892	0.378135	0.459014	0.143852	0.34776	0.444869	0.693704	0.60544	0.242039	0.104605	0.272142	0.709907	0.227567	0.795796	0.505438	0.348701	0.962103	0.312239	0.464674	0.767481	0.671219	0.194456	0.738913	0.111623	
0.442235	0.518145	0.462135	0.0892691	0.593856	0.556215	0.670409	0.209558	0.327791	0.500613	0.825579	0.478721	0.512424	0.204408	0.521227	0.475464	0.780773	0.508464	0.419766	0.227451	0.691957	0.232698	0.809002	0.541148	0.373353	0.326412	0.114453	0.708241	0.178047	0.669787	
0.846742	0.640262	0.0691242	0.5719	0.875037	0.103414	0.542763	0.497582	0.300601	0.598132	0.757776	0.918396	0.0523156	0.725887	0.519068	0.678482	0.765307	0.0316072	0.516563	0.511491	0.431115	0.528946	0.286642	0.904578	0.280306	0.283002	0.61025	0.732647	0.643718	0.761263	
5.92994
2.68146
4.81284
3.89835
3.04316
3.91114
2.66019
5.93799
5.15601
5.01851
2.73
5.3699
4.3997
5.20532
3.40048
