10	20
49.911	155.016
54.1542	144.01
35.9341	73.1237
111.756	87.7253
125.911	86.0901
142.535	51.259
145.575	108.643
112.475	52.0994
98.8518	115.696
164.287	136.958
7.86194
41.9592
48.3218
46.6057
66.0299
4.63809
59.2987
50.4719
36.4125
20.7812
23.5027
32.5203
37.9624
21.7626
2.69421
31.2043
55.1303
30.4212
50.322
5.8466
0.192565	0.706988	0.280895	0.255005	0.156251	0.421562	0.651708	0.212132	0.523092	0.168172	0.65645	0.0295482	0.143687	0.0382413	0.240378	0.712266	0.205533	0.842509	0.613294	0.498526	
0.234322	0.493405	0.404073	0.211961	0.37418	0.302162	0.457673	0.312094	0.303699	0.0865061	0.484528	0.248804	0.0765531	0.254359	0.459242	0.623513	0.425186	0.625782	0.393679	0.300443	
0.467412	0.335815	0.874114	0.684	0.766831	0.710484	0.664528	0.525849	0.421539	0.469682	0.751247	0.645133	0.528984	0.663121	0.838043	0.227854	0.792367	0.626151	0.431804	0.56527	
0.860243	0.358546	0.93419	0.692888	1.01342	0.551682	0.258098	0.945197	0.364889	0.733257	0.334519	0.897801	0.726866	0.898191	1.09815	0.916712	1.07079	0.0680276	0.291842	0.378714	
0.267001	0.526134	0.358052	0.157591	0.356519	0.259484	0.446153	0.338278	0.321562	0.120351	0.461749	0.238601	0.0738304	0.239189	0.441893	0.6778	0.412027	0.635019	0.412409	0.290874	
0.35287	0.977534	0.538984	0.615274	0.292121	0.785074	1.00561	0.270947	0.841332	0.469803	1.0182	0.338454	0.486575	0.350574	0.264812	0.755812	0.239623	1.16786	0.92581	0.849193	
0.29529	0.622945	0.768448	0.662614	0.582633	0.764082	0.839659	0.301083	0.602251	0.400769	0.900748	0.493062	0.468303	0.51595	0.631341	0.261301	0.584224	0.888523	0.654723	0.698987	
0.612464	0.142674	0.784831	0.538985	0.808851	0.45343	0.261538	0.697193	0.133996	0.501316	0.362876	0.684075	0.511568	0.689315	0.89414	0.66193	0.860479	0.215258	0.0438101	0.24904	
0.347984	0.656117	0.219613	0.0568858	0.297582	0.230675	0.49604	0.39661	0.435763	0.230018	0.480601	0.221592	0.161397	0.20808	0.376312	0.813686	0.360327	0.723806	0.524276	0.358222	
0.636578	0.825605	0.274235	0.255554	0.504301	0.250134	0.520712	0.679134	0.593049	0.516176	0.45007	0.483525	0.448189	0.463616	0.55644	1.08925	0.562939	0.79021	0.66341	0.454621	
6.39879
6.58858
6.84558
4.7723
5.01505
4.739
4.50764
5.06168
4.72337
4.5228
