10	20
98.2632	125.222
19.4913	72.3038
147.092	153.228
28.3345	120.165
100.454	53.9724
174.894	150.751
74.357	72.0342
108.997	126.793
131.756	27.6195
173.957	56.3218
33.0364
39.159
13.7324
41.5342
12.4488
2.24603
34.4902
30.5487
20.8653
23.2426
12.591
12.1374
29.5723
16.0631
1.82127
44.0832
28.032
32.5649
6.63362
44.403
0.307215	0.536243	0.29045	0.309352	0.226509	0.252121	0.538655	0.468107	0.523499	0.202435	0.753991	0.643048	0.0985514	0.487502	0.759574	0.356522	0.0167783	0.521049	0.705919	0.223665	
0.63243	0.147635	0.267815	0.429871	0.283798	0.504362	0.14363	0.176258	0.205166	0.333754	0.332465	0.322484	0.574913	0.273669	0.265135	0.302958	0.518908	0.256899	0.36026	0.561126	
0.248331	0.671655	0.523002	0.346237	0.620679	0.798893	0.677148	0.848702	0.907116	0.512947	0.778657	0.624756	0.474905	0.52577	1.01458	0.820516	0.537416	0.56388	1.0989	0.327718	
0.30274	0.574459	0.327139	0.331741	0.266411	0.266558	0.576976	0.506122	0.560913	0.239157	0.791051	0.677504	0.0793066	0.521327	0.799288	0.390209	0.0326686	0.555859	0.741567	0.225104	
0.348552	0.308183	0.0649134	0.192914	0.0928162	0.350362	0.310801	0.324509	0.384346	0.0318868	0.525625	0.42075	0.276994	0.269601	0.565158	0.291705	0.233954	0.29858	0.578542	0.26772	
0.192235	0.628951	0.468777	0.292117	0.562943	0.739801	0.634361	0.794008	0.852763	0.455322	0.748775	0.594763	0.418121	0.485694	0.969053	0.762459	0.47907	0.525222	1.04525	0.269157	
0.225092	0.4761	0.346568	0.177912	0.462803	0.682348	0.4816	0.669853	0.726677	0.357576	0.591736	0.437854	0.408853	0.330389	0.819659	0.662072	0.446765	0.369026	0.915431	0.255468	
0.442301	0.615787	0.563887	0.414633	0.693056	0.926136	0.621317	0.870496	0.92292	0.592637	0.649819	0.507485	0.64937	0.470795	0.957443	0.887424	0.691775	0.4962	1.1012	0.493635	
0.302174	0.281745	0.0938052	0.0917895	0.223162	0.479513	0.286236	0.417077	0.474547	0.134306	0.46925	0.338806	0.325918	0.182477	0.598949	0.415816	0.313926	0.221812	0.665238	0.246058	
0.681385	0.480783	0.398812	0.559496	0.274869	0.237337	0.478677	0.183625	0.197936	0.382195	0.683462	0.654239	0.510617	0.551355	0.484787	0.0751859	0.429471	0.556353	0.321365	0.592007	
5.43998
8.31844
4.97622
7.26038
5.42491
4.20432
5.88209
4.95365
4.36001
4.04002
