15	30
41.9413	93.5601
160.213	55.9944
124.08	22.0763
73.8898	134.797
70.9983	155.709
56.3855	157.28
38.6684	154.226
103.733	32.7116
170.598	97.3946
43.8917	118.147
62.7728	12.6951
53.4157	103.487
44.9752	136.346
144.27	149.732
88.2448	13.0392
60.6178
5.1294
6.18975
69.6658
45.131
51.0189
34.4152
50.62
9.71825
17.6074
13.5513
18.8177
41.7987
41.1148
6.53431
67.3311
34.2527
19.8692
29.0803
66.9949
40.8118
25.7616
10.346
52.7276
33.3814
9.66128
10.455
10.4387
15.2333
59.8562
0.327134	0.540939	0.795565	0.620157	0.588691	0.22401	0.813648	0.276891	0.582387	0.502739	0.563945	0.76672	0.244058	0.605535	0.848437	0.855759	0.636854	0.761711	0.74986	0.315089	0.353234	0.766014	0.93069	0.128057	0.179516	0.358611	0.798903	0.450605	0.177754	0.380986	
0.798023	0.74398	0.834487	0.433929	0.106358	0.346013	0.785965	0.72329	0.828246	0.675529	0.0841771	0.9993	0.422363	0.304588	0.851446	0.828316	0.76469	0.497561	0.644184	0.608936	0.530057	0.575788	0.679572	0.592244	0.654976	0.320331	0.455077	0.723598	0.345903	0.17105	
0.461482	0.101017	0.384471	0.584089	0.88822	0.750008	0.470685	0.38442	0.0311269	0.165197	0.896099	0.209736	0.411774	0.696619	0.456095	0.494486	0.207248	0.716755	0.531787	0.246274	0.288036	0.635513	0.79706	0.617301	0.481367	0.500745	0.827601	0.107738	0.694848	0.647096	
0.645038	0.417948	0.496833	0.188163	0.39291	0.466501	0.463709	0.548124	0.508642	0.347396	0.410555	0.667069	0.211616	0.212269	0.522295	0.507698	0.42271	0.331937	0.34944	0.351969	0.236908	0.337794	0.498812	0.559193	0.53589	0.0749176	0.390267	0.427181	0.424387	0.184777	
0.400975	0.223344	0.471279	0.422873	0.632941	0.49082	0.502875	0.299997	0.288009	0.175765	0.635128	0.472048	0.140472	0.490165	0.52851	0.542454	0.309015	0.57334	0.475327	0.0755336	0.0483512	0.532279	0.706413	0.424439	0.333437	0.249488	0.657128	0.170254	0.435747	0.385878	
0.397496	0.112432	0.419934	0.515822	0.780914	0.630251	0.483817	0.306514	0.141755	0.121458	0.785646	0.327867	0.293175	0.611046	0.487645	0.515884	0.235523	0.658707	0.506951	0.12781	0.177346	0.593256	0.763294	0.512317	0.386675	0.393647	0.759191	0.0192815	0.575043	0.536061	
0.486279	0.579416	0.782108	0.52019	0.42435	0.139866	0.777116	0.42235	0.641821	0.525219	0.399079	0.827382	0.22406	0.473937	0.824153	0.821035	0.64963	0.648413	0.683769	0.378391	0.360235	0.67415	0.827097	0.277279	0.340116	0.264966	0.666275	0.515025	0.0890441	0.233802	
0.982361	0.68913	0.61341	0.204468	0.361638	0.703259	0.523019	0.885768	0.782685	0.622861	0.410497	0.902896	0.547137	0.137931	0.597098	0.555067	0.639328	0.124237	0.360261	0.683166	0.561899	0.241225	0.281056	0.870919	0.868372	0.397497	0.0556449	0.733876	0.679387	0.379139	
0.671934	0.677144	0.815258	0.46185	0.239458	0.221326	0.784047	0.602171	0.754231	0.612687	0.211352	0.933347	0.329844	0.365526	0.843022	0.827895	0.718202	0.558468	0.659543	0.513523	0.454432	0.615127	0.743313	0.459192	0.526947	0.270931	0.543107	0.63905	0.214418	0.140497	
0.802101	0.325448	0.216898	0.636387	1.04397	1.02949	0.326007	0.724938	0.310118	0.367608	1.06707	0.201903	0.667378	0.78502	0.262702	0.316616	0.243993	0.715358	0.473644	0.553203	0.531411	0.601572	0.712532	0.944103	0.816801	0.691756	0.84432	0.42947	0.975044	0.83823	
0.664748	0.368611	0.415981	0.150127	0.460212	0.542764	0.381539	0.564928	0.461943	0.298674	0.482642	0.608288	0.249163	0.234394	0.440068	0.425573	0.354891	0.301347	0.273274	0.349468	0.226562	0.280832	0.450575	0.610937	0.569356	0.146743	0.384494	0.398422	0.498253	0.266342	
0.595229	0.225545	0.318845	0.26422	0.598354	0.603114	0.322025	0.494484	0.319343	0.156912	0.616447	0.464342	0.251844	0.376751	0.36197	0.36459	0.21704	0.405118	0.27902	0.263642	0.151834	0.344935	0.518043	0.60371	0.527713	0.236091	0.508346	0.271751	0.552032	0.382109	
1.03513	0.609264	0.40417	0.269278	0.654414	0.909392	0.293106	0.93417	0.691149	0.56202	0.699334	0.753217	0.641392	0.372779	0.359827	0.30757	0.511708	0.186168	0.176119	0.704434	0.586895	0.114525	0.094348	1.004	0.955385	0.527119	0.29153	0.695796	0.872021	0.589182	
0.723546	0.401137	0.402228	0.0934412	0.461023	0.589654	0.352734	0.62345	0.495009	0.333313	0.489163	0.629365	0.308779	0.205646	0.416895	0.39587	0.36905	0.243731	0.227174	0.404937	0.281653	0.221786	0.390689	0.669516	0.629302	0.196057	0.334654	0.443439	0.547399	0.294733	
0.404341	0.189465	0.473071	0.664214	0.941797	0.760271	0.561899	0.341343	0.115493	0.246359	0.945412	0.237078	0.44658	0.768566	0.544871	0.584715	0.298729	0.800955	0.622388	0.264182	0.338571	0.723604	0.886996	0.595028	0.44994	0.554926	0.908332	0.142615	0.705949	0.695943	
7.39794
5.24297
6.20596
7.63179
7.16972
7.25408
9.05537
6.60138
5.04962
7.46549
7.06788
7.27728
8.62868
5.21385
7.09542
