10	15
79.7391	90.2865
87.7123	56.2651
115.801	153.508
18.0066	60.0295
154.768	41.7146
169.395	78.0359
68.1281	58.7412
19.7277	51.3336
27.9284	89.0291
97.6317	89.6286
133.531
234.94
210.728
10.7827
176.517
169.155
227.003
174.056
230.576
237.842
70.4371
75.3968
158.443
205.306
247.192
0.892152	0.552451	0.615918	0.397856	0.468782	0.819241	0.481004	0.458441	0.605272	0.253796	0.730422	0.713844	0.405356	0.783645	0.594072	
0.607605	0.972552	0.698545	0.214002	0.142564	0.217687	0.473638	0.36484	0.514585	0.357802	0.16899	0.109261	0.669946	0.257509	0.317165	
0.837523	0.492444	0.545872	0.396394	0.464474	0.805686	0.421872	0.496672	0.545454	0.256371	0.71098	0.711396	0.333451	0.79658	0.624998	
0.642206	0.491783	0.385583	0.314244	0.365241	0.665465	0.228013	0.511309	0.352245	0.223864	0.561026	0.599607	0.22216	0.720109	0.607571	
1.03044	1.086	0.982778	0.378289	0.395604	0.628874	0.761381	0.120374	0.85442	0.405912	0.614668	0.474112	0.851431	0.401763	0.149189	
1.1281	0.918354	0.949358	0.4754	0.532764	0.85912	0.766002	0.306058	0.883481	0.395424	0.809814	0.713157	0.76113	0.693496	0.440172	
0.223202	0.980206	0.56575	0.552412	0.500911	0.338192	0.447237	0.782967	0.37234	0.65322	0.279648	0.450529	0.683869	0.622136	0.749844	
0.487629	0.466377	0.205965	0.419087	0.444271	0.658649	0.0839477	0.658567	0.186134	0.380736	0.546729	0.636202	0.157117	0.787066	0.729758	
1.01934	0.908354	0.879387	0.355422	0.407915	0.728388	0.679606	0.178558	0.791186	0.299789	0.681335	0.582157	0.71145	0.56787	0.319357	
0.683229	0.660469	0.528233	0.152924	0.217221	0.558481	0.32122	0.340828	0.434264	0.0590494	0.467767	0.463719	0.394872	0.561898	0.433408	
4.33124
4.4722
3.64573
6.04875
3.8547
3.51027
4.86448
5.41534
6.24571
4.42785
