15	30
166.63	66.8991
172.064	62.0667
146.469	79.225
133.623	129.193
84.8008	133.79
91.6433	47.4062
75.411	91.5635
128.629	40.49
65.6732	38.0931
137.307	74.4516
90.8344	133.568
149.417	88.3129
7.74715	42.8489
32.5012	94.0742
54.2029	153.46
387.736
344.899
188.644
116.307
313.875
282.988
34.3253
82.4588
283.638
91.8743
9.40226
196.188
172.521
85.0848
83.187
251.259
139.682
406.223
264.015
137.116
354.907
151.851
190.89
318.267
5.81991
130.359
406.417
411.212
284.344
251.719
0.348332	0.484134	0.329351	0.36378	0.29175	0.606041	0.417233	0.262653	0.394014	0.425088	0.504868	0.288847	0.650318	0.263212	0.379976	0.671849	0.336157	0.446722	0.298287	0.280325	0.637228	0.474046	0.38595	0.334428	0.48329	0.495626	0.512451	0.583483	0.282544	0.468714	
0.365054	0.365459	0.519402	0.78248	0.893149	0.348759	0.758039	0.884239	0.839354	0.539228	0.186446	0.530463	0.217672	0.358692	0.546856	0.321262	0.359935	0.817274	0.919865	0.451251	0.193239	0.152339	0.716074	0.912574	0.367578	0.948826	0.672985	0.401579	0.463358	0.225249	
0.259414	0.120558	0.321195	0.568949	0.893652	0.67895	0.509618	0.834079	0.625084	0.761282	0.478865	0.357264	0.578822	0.426331	0.307781	0.101479	0.542184	0.968725	0.867029	0.604882	0.19322	0.316525	0.476897	0.938894	0.12155	0.716059	0.901422	0.715324	0.32846	0.212224	
0.283061	0.197463	0.402177	0.668356	0.912807	0.558557	0.622057	0.872622	0.726134	0.686915	0.365778	0.42896	0.442797	0.393802	0.407883	0.0963303	0.473989	0.927709	0.907387	0.551753	0.0416554	0.218973	0.584547	0.948448	0.19964	0.826158	0.82749	0.602554	0.378611	0.156541	
0.768397	0.910326	0.778453	0.764904	0.27369	0.723836	0.838133	0.396985	0.77249	0.435967	0.74929	0.7384	0.844439	0.612964	0.829809	1.07628	0.563533	0.153229	0.401798	0.47239	1.00959	0.808817	0.815391	0.206039	0.909948	0.842805	0.381096	0.66802	0.724288	0.851116	
0.83764	0.979063	0.867581	0.880251	0.403422	0.701624	0.949468	0.525474	0.891856	0.419899	0.762098	0.829109	0.836414	0.66708	0.921181	1.13092	0.589586	0.127557	0.531862	0.503968	1.05221	0.845559	0.923825	0.336815	0.978948	0.966953	0.326399	0.640861	0.806366	0.902398	
0.230566	0.367375	0.319641	0.496896	0.492543	0.405776	0.515101	0.486825	0.54402	0.320553	0.279496	0.296332	0.427973	0.0516334	0.374679	0.516085	0.137001	0.493254	0.522246	0.144187	0.4506	0.261225	0.473718	0.516118	0.367553	0.655992	0.450476	0.398321	0.239893	0.289783	
0.361739	0.316609	0.503572	0.772248	0.950379	0.46605	0.735173	0.927111	0.830117	0.643479	0.295162	0.523297	0.332214	0.412594	0.51958	0.218438	0.448868	0.910831	0.962623	0.536899	0.0951745	0.200547	0.695381	0.977058	0.318852	0.93501	0.78026	0.518257	0.463023	0.212825	
0.195747	0.310216	0.133838	0.26344	0.469892	0.637598	0.278423	0.404586	0.314557	0.539572	0.482387	0.0934145	0.634899	0.234669	0.185126	0.509377	0.373932	0.630154	0.437759	0.365202	0.502446	0.389966	0.237752	0.521826	0.308919	0.427462	0.654132	0.634569	0.101977	0.341712	
0.555726	0.600154	0.403659	0.139791	0.570769	1.037	0.178016	0.447452	0.0878761	0.899777	0.883137	0.390441	1.03526	0.635837	0.389567	0.787961	0.767952	0.888651	0.455984	0.740166	0.832582	0.775384	0.212951	0.642054	0.598008	0.0287266	0.98844	1.02934	0.458907	0.700629	
0.629831	0.753135	0.726845	0.860627	0.585283	0.307192	0.899263	0.662462	0.896046	0.0880589	0.413938	0.700174	0.451697	0.44225	0.782456	0.852267	0.302417	0.291887	0.688317	0.265347	0.747744	0.542894	0.861268	0.555299	0.753871	0.999381	0.0776035	0.244374	0.647998	0.632138	
0.341931	0.459708	0.269442	0.244585	0.331928	0.702303	0.303423	0.255819	0.274217	0.542082	0.577541	0.228421	0.728346	0.323232	0.309921	0.658978	0.429303	0.557269	0.288456	0.387734	0.647475	0.514747	0.276156	0.390769	0.458376	0.377493	0.632375	0.686112	0.251625	0.482836	
0.552577	0.599697	0.401438	0.135444	0.559117	1.03022	0.179456	0.435772	0.0813098	0.890751	0.877715	0.387095	1.02997	0.629595	0.388948	0.788747	0.760699	0.877674	0.4443	0.731895	0.831629	0.771574	0.212805	0.630406	0.597565	0.0317025	0.978608	1.02198	0.455115	0.698103	
0.637833	0.773597	0.70442	0.791351	0.446801	0.443535	0.842619	0.5372	0.818931	0.159169	0.505783	0.671508	0.575738	0.452701	0.760586	0.903212	0.346141	0.141825	0.559279	0.272065	0.813002	0.604285	0.808646	0.409317	0.773896	0.914598	0.106581	0.384644	0.631499	0.675085	
0.766883	0.872109	0.885714	1.04809	0.790859	0.287774	1.07866	0.869549	1.08733	0.27556	0.470234	0.864596	0.437033	0.589985	0.939235	0.93158	0.439208	0.46993	0.89539	0.436978	0.812743	0.627657	1.03865	0.75751	0.873269	1.1937	0.244492	0.234472	0.805038	0.732708	
4.31241
4.46902
4.11292
4.27706
5.88577
5.80922
5.82079
5.12652
5.8563
4.73688
5.07749
4.18265
7.10351
6.85516
5.99145
