10	15
38.1141	125.665
95.8213	13.5452
152.486	29.2548
170.12	121.17
44.4491	159.407
24.9833	52.8006
44.112	43.427
18.2598	31.5061
33.4847	54.1381
113.801	139.396
30.4227
6.36858
4.68455
29.7198
72.0486
13.9649
44.4458
25.1069
56.6556
22.7923
7.35472
67.4359
64.6507
9.61411
58.275
0.564778	0.576448	0.835605	0.504161	0.969489	0.0845341	0.637146	0.198099	0.559612	0.855806	0.853091	0.772901	0.241831	0.834735	1.08028	
0.592026	0.407481	0.646125	0.6826	0.268669	0.999088	0.584421	0.7691	0.406721	0.792049	0.530422	0.906051	0.694627	0.254716	0.385261	
0.975153	0.53105	0.30232	0.270046	0.706563	0.686615	1.03445	0.550024	0.554489	0.207732	0.41162	0.0685563	0.650321	0.632063	0.733393	
0.951244	0.450653	0.0709342	0.399702	0.397675	0.913407	0.990975	0.705922	0.48269	0.188086	0.105172	0.354863	0.747268	0.38168	0.384581	
0.553439	0.382556	0.613254	0.28388	0.768313	0.249872	0.624424	0.0419433	0.373034	0.641252	0.631047	0.577641	0.171489	0.636317	0.871194	
0.898086	0.397099	0.0532755	0.353433	0.377441	0.866005	0.938685	0.655138	0.429114	0.199408	0.0702505	0.350873	0.693754	0.345051	0.38307	
0.51901	0.404801	0.662164	0.335551	0.795774	0.220643	0.591094	0.0187068	0.391366	0.694334	0.674525	0.63228	0.135637	0.662039	0.903346	
0.555758	0.304667	0.528883	0.205679	0.684023	0.338027	0.62333	0.115167	0.299403	0.566167	0.542777	0.519375	0.198436	0.553552	0.784251	
0.722621	0.223414	0.206174	0.284592	0.305604	0.762604	0.762132	0.534271	0.2554	0.339316	0.138239	0.441731	0.54773	0.216463	0.373537	
0.745348	0.275935	0.263239	0.403154	0.188073	0.866339	0.774727	0.632832	0.304439	0.410192	0.148036	0.538722	0.628191	0.129631	0.257733	
4.77692
3.43164
3.02882
2.96459
4.71756
5.48253
4.65027
5.29255
4.77031
3.67798
