10	15
44.1135	80.0483
127.565	81.0015
123.52	15.6686
56.3885	114.722
130.699	125.772
80.243	96.5317
146.594	17.4017
2.86137	27.5953
129.502	68.4835
25.6439	46.077
2.30073
42.8782
14.8688
8.85598
35.5768
38.8609
10.6666
24.9212
16.8659
33.7733
18.3072
14.3312
22.5337
42.497
9.41314
0.917719	0.18592	0.670884	0.602838	0.694344	0.649463	1.05942	0.572794	0.615334	0.964658	0.824131	0.622176	0.312791	0.86661	0.428714	
0.376227	0.376906	0.538746	0.48954	0.909818	0.289846	0.701645	0.769215	0.104876	0.554976	0.294932	0.242874	0.374382	0.346168	0.270964	
0.143639	0.734661	0.517922	0.52183	1.00129	0.636865	0.366106	0.886858	0.454456	0.20712	0.430841	0.306186	0.641609	0.0903338	0.505178	
0.0715081	0.663927	0.591038	0.574724	1.05349	0.473122	0.533719	0.926073	0.305818	0.372386	0.25845	0.301662	0.609322	0.0847375	0.474867	
0.377261	0.596467	0.781953	0.740108	1.17202	0.173404	0.845201	1.03142	0.160776	0.684601	0.0938641	0.466602	0.630231	0.405292	0.533188	
0.769605	0.138825	0.668303	0.599225	0.819388	0.449062	0.997421	0.683633	0.434009	0.879411	0.637732	0.524788	0.306648	0.730759	0.36425	
0.437549	0.631171	0.218452	0.247023	0.702142	0.768367	0.26414	0.60173	0.56943	0.201734	0.651769	0.243633	0.483182	0.355181	0.376923	
0.293257	0.43905	0.467363	0.428568	0.881754	0.387299	0.588647	0.7458	0.188199	0.440793	0.313855	0.151853	0.390636	0.246931	0.26209	
0.853041	0.332869	0.375248	0.321872	0.355546	0.81568	0.81071	0.217843	0.690087	0.762897	0.886065	0.502166	0.22156	0.779078	0.331278	
0.804939	0.35313	0.306785	0.254654	0.350816	0.807871	0.742929	0.208039	0.668822	0.698655	0.857802	0.453474	0.213	0.728727	0.298859	
5.25718
3.71141
3.8855
5.30556
3.82528
4.64887
3.42922
7.3661
3.99957
5.69134
