15	30
86.8328	105.202
44.0069	84.2126
74.5279	63.3698
125.791	119.336
155.788	149.556
163.607	53.1938
52.1134	147.121
143.083	74.3183
122.759	65.2056
103.894	37.1064
70.5364	40.9182
140.213	81.9762
179.098	45.918
21.414	44.3315
112.069	35.9303
12.32
15.211
9.59011
2.50066
22.708
28.3713
30.719
14.2627
2.54764
26.0078
26.949
11.9609
19.143
34.4034
33.6592
25.0227
24.6532
1.00381
33.0068
7.47559
2.04924
15.317
28.875
11.1127
13.708
23.0948
27.9268
11.3123
33.267
25.6697
1.06833	0.959333	1.21941	0.134438	0.570035	0.767015	0.548495	1.02263	0.388254	0.961612	0.970707	0.736533	0.865105	0.360952	0.488793	0.965189	0.316784	0.92342	0.261933	1.1337	0.552523	0.5573	0.864906	0.0496232	0.645018	0.720337	0.926929	0.571077	0.887615	0.5303	
0.722976	0.602942	0.849273	0.279099	0.364771	0.471562	0.260241	0.685834	0.241867	0.593532	0.600072	0.524758	0.577918	0.0669106	0.345057	0.602974	0.163219	0.702705	0.114144	0.760959	0.290019	0.262173	0.493829	0.349131	0.34873	0.483955	0.58065	0.288713	0.55306	0.205764	
0.503836	0.607791	0.694567	0.440133	0.586857	0.604303	0.0248668	0.726978	0.213352	0.440694	0.462059	0.273437	0.311287	0.231499	0.594252	0.588595	0.432329	0.439066	0.358296	0.632323	0.0605672	0.0127702	0.449539	0.528774	0.0808707	0.224127	0.614796	0.032027	0.615445	0.380674	
0.617907	0.175721	0.581776	0.720273	0.338732	0.15488	0.524047	0.239894	0.642268	0.405753	0.382983	0.754865	0.67385	0.496811	0.425454	0.195659	0.479874	0.871168	0.537224	0.469876	0.567279	0.514385	0.188248	0.778226	0.537981	0.697456	0.136732	0.540314	0.110441	0.260034	
0.936469	0.401439	0.857176	0.854499	0.307214	0.183782	0.795209	0.326716	0.864718	0.721687	0.694896	1.05041	0.991311	0.693773	0.395149	0.443612	0.5723	1.18292	0.675549	0.745356	0.838444	0.788065	0.503295	0.883533	0.831552	0.994851	0.335946	0.817008	0.276326	0.427895	
0.481653	0.30722	0.239075	1.12397	0.81146	0.595699	0.789762	0.361999	0.965998	0.349645	0.317448	0.900724	0.726114	0.87626	0.899847	0.278989	0.92997	0.923477	0.957455	0.179175	0.821948	0.777241	0.354485	1.19715	0.741916	0.84817	0.369298	0.789274	0.4334	0.710094	
0.259501	0.682504	0.530395	0.760531	0.864091	0.806188	0.349939	0.818369	0.511042	0.357876	0.394374	0.240756	0.0371488	0.564909	0.893635	0.646038	0.758232	0.228257	0.691719	0.523202	0.340876	0.343525	0.517824	0.849866	0.253062	0.21035	0.719943	0.324571	0.749574	0.654594	
0.863933	0.30349	0.751279	0.9298	0.409406	0.20914	0.806032	0.200555	0.903365	0.649217	0.618363	1.04384	0.958511	0.741081	0.504657	0.347509	0.654588	1.15851	0.745515	0.642252	0.849617	0.797191	0.438985	0.969294	0.826321	0.986536	0.244456	0.824344	0.200896	0.474511	
0.607705	0.806128	0.841452	0.430807	0.746547	0.794981	0.182947	0.926568	0.183776	0.602862	0.6301	0.172629	0.336681	0.328064	0.734594	0.785294	0.539887	0.359115	0.434793	0.796035	0.139827	0.192784	0.644956	0.516309	0.202112	0.167377	0.814432	0.168713	0.814672	0.553179	
0.928568	0.695433	1.02157	0.290088	0.27387	0.475428	0.480805	0.741649	0.415999	0.776143	0.775613	0.738673	0.799695	0.267423	0.19979	0.708737	0.0607733	0.920497	0.157249	0.9229	0.507499	0.483447	0.631855	0.304107	0.570612	0.701522	0.654325	0.509153	0.608107	0.268636	
0.442637	0.132649	0.325711	0.908868	0.604918	0.40586	0.599985	0.253349	0.765864	0.239568	0.203463	0.754742	0.609811	0.663078	0.689133	0.089308	0.710258	0.81625	0.739307	0.213128	0.636503	0.58776	0.13826	0.980061	0.568491	0.69832	0.196945	0.604225	0.257667	0.49082	
0.659063	0.589504	0.799629	0.310309	0.417212	0.493833	0.188791	0.683972	0.204584	0.541575	0.551377	0.456196	0.505808	0.061119	0.408257	0.584331	0.235384	0.632035	0.173874	0.716462	0.220582	0.190232	0.464636	0.389588	0.276473	0.413683	0.574959	0.217274	0.555019	0.233473	
0.484987	0.384873	0.581785	0.537004	0.430473	0.387586	0.247632	0.49827	0.390679	0.328839	0.332663	0.480948	0.432487	0.288095	0.471342	0.37158	0.390489	0.613982	0.382145	0.49274	0.290243	0.237305	0.241722	0.61402	0.262179	0.424522	0.385922	0.262264	0.384837	0.225732	
0.609519	0.175876	0.576081	0.716308	0.342359	0.162872	0.51599	0.245114	0.635624	0.397691	0.375284	0.745975	0.66459	0.49139	0.42804	0.193833	0.478181	0.861954	0.533688	0.464399	0.559172	0.506259	0.18066	0.775035	0.529227	0.688538	0.140065	0.532063	0.117385	0.257615	
0.609949	0.492034	0.723884	0.399684	0.36962	0.409011	0.220504	0.587063	0.294643	0.469354	0.474679	0.490714	0.500509	0.154926	0.383019	0.487577	0.258358	0.652798	0.239802	0.634859	0.261593	0.216234	0.371289	0.473753	0.284703	0.441034	0.477627	0.246208	0.459227	0.16446	
6.19078
6.54425
6.00357
5.4023
4.59393
4.70834
6.22675
4.59084
4.66276
5.3052
5.55636
4.9538
4.26269
8.32492
5.35392
