10	20
167.666	135.938
157.842	24.0818
23.721	111.258
53.3938	80.9235
95.1714	72.9196
150.396	80.8606
75.3325	156.824
131.359	149.268
148.497	25.5781
142.672	156.007
72.3141
236.464
196.476
228.952
419.672
160.136
349.551
217.06
110.305
314.881
441.197
24.9473
507.961
384.517
124.531
347.01
357.325
1.21174
381.733
92.051
0.310484	0.46531	0.547992	0.332357	0.334917	0.34078	0.429459	0.323913	0.658459	0.629462	0.325129	0.623814	0.519278	0.129493	0.304597	0.474077	0.378463	0.419031	0.732108	0.263732	
0.455692	0.544485	0.589215	0.474076	0.292548	0.478358	0.321115	0.40221	0.536176	0.686213	0.424255	0.479025	0.53771	0.269643	0.162415	0.397485	0.233606	0.481827	0.611567	0.252039	
0.802129	1.03172	1.07583	0.788702	0.270529	0.76888	0.665417	0.538199	0.760125	1.17531	0.90186	0.400057	1.01631	0.702252	0.479633	0.788726	0.375468	0.971267	0.225374	0.731691	
0.51719	0.63275	0.672081	0.52856	0.234621	0.527236	0.339978	0.407969	0.530557	0.771424	0.512726	0.409381	0.615673	0.347511	0.14549	0.437591	0.167584	0.568858	0.523424	0.329535	
0.60326	0.250258	0.169089	0.652268	0.741964	0.681666	0.358615	0.760763	0.535783	0.282136	0.286471	0.770746	0.0891125	0.422339	0.462704	0.262955	0.582865	0.174036	1.00247	0.199546	
0.334426	0.144167	0.302088	0.388096	0.704463	0.425179	0.59565	0.595707	0.817076	0.325808	0.0639864	0.934845	0.344288	0.261447	0.590425	0.551171	0.699354	0.171248	1.09283	0.339209	
0.910752	1.11087	1.14143	0.89976	0.380884	0.881321	0.693451	0.654066	0.752166	1.245	0.98778	0.360382	1.07524	0.798112	0.525815	0.820931	0.409869	1.04594	0.115589	0.795849	
0.842216	0.951767	0.959545	0.844362	0.367842	0.835089	0.479866	0.649292	0.529555	1.06787	0.845271	0.157799	0.88533	0.687578	0.336192	0.608494	0.215568	0.879894	0.206242	0.618839	
0.673263	0.39844	0.318037	0.716614	0.692485	0.740227	0.216082	0.769291	0.381909	0.430653	0.400047	0.636896	0.22556	0.468783	0.362188	0.108821	0.475874	0.318011	0.888462	0.185147	
0.596722	0.211226	0.123078	0.647228	0.769848	0.67836	0.405379	0.772751	0.581627	0.235772	0.268088	0.815999	0.0575851	0.427119	0.503547	0.309463	0.624098	0.140725	1.04394	0.231989	
4.83557
5.53707
9.42216
7.18827
6.46246
4.93921
6.74354
5.46866
4.8155
5.31692
