15	30
38.1042	90.5248
30.9492	32.2438
35.7939	57.9419
143.602	130.541
27.5945	121.422
83.5167	41.1439
122.818	116.91
139.619	104.071
14.7182	67.0135
111.105	144.563
42.3621	61.5773
31.9876	151.584
151.777	56.6478
48.0465	117.85
128.053	135.934
6.70673
34.9245
56.3938
23.1322
19.7623
3.81531
66.2497
38.8839
8.96684
39.2406
50.5388
3.25932
0.358816
69.3239
0.764343
18.7062
44.0933
55.6862
58.3324
7.65864
12.4764
59.994
19.8974
29.0165
21.6407
65.882
49.0702
14.6758
49.6837
24.1767
0.983331	0.664071	0.504451	0.683734	0.454327	0.171721	0.536881	0.668173	0.557073	0.435078	0.287143	0.830586	0.721859	0.164242	0.86038	0.247556	0.681039	0.457588	0.529038	0.68905	0.334144	0.372864	0.54621	0.359046	0.923639	0.703715	1.04835	0.332623	0.571336	0.526601	
0.619948	0.626852	0.155247	0.964963	0.441211	0.512709	0.474657	0.177387	0.860639	0.872804	0.362276	0.367902	0.687626	0.472376	0.732913	0.823525	0.808785	0.271317	0.246137	0.256306	0.617124	0.377161	0.110155	0.801712	0.599871	0.551215	0.808919	0.282782	0.172812	0.562317	
0.569386	0.63696	0.239528	1.00229	0.477745	0.599612	0.49716	0.147282	0.90443	0.931746	0.449655	0.310216	0.693648	0.55818	0.720557	0.898742	0.831974	0.315983	0.272509	0.226553	0.672385	0.430226	0.191699	0.863422	0.558426	0.547724	0.773609	0.360446	0.241197	0.590223	
0.911473	0.588215	0.480393	0.628265	0.379511	0.204376	0.461553	0.612321	0.500803	0.398659	0.281957	0.766948	0.64633	0.174483	0.784402	0.257974	0.611199	0.394289	0.466197	0.627355	0.264035	0.302316	0.518067	0.319842	0.850721	0.628264	0.972691	0.287179	0.552527	0.450752	
0.767153	0.371058	0.992599	0.150572	0.52765	0.91033	0.492689	0.856718	0.239128	0.427021	0.918194	0.846682	0.338114	0.864357	0.437293	0.678631	0.158011	0.698305	0.720578	0.798172	0.456492	0.618056	0.998477	0.465155	0.697093	0.490347	0.632489	0.789287	1.06908	0.402671	
0.584144	0.151803	0.775416	0.28311	0.307401	0.74774	0.263523	0.626434	0.25471	0.421273	0.728258	0.625813	0.146634	0.695634	0.292342	0.618148	0.0722993	0.475007	0.492189	0.568903	0.311934	0.407529	0.777341	0.418603	0.510967	0.275151	0.508782	0.583677	0.849953	0.178538	
0.457323	0.469522	0.299317	0.844471	0.325297	0.575706	0.333653	0.0440367	0.752844	0.799738	0.44275	0.225411	0.526327	0.524281	0.559823	0.803978	0.666886	0.185908	0.122428	0.0881982	0.538598	0.302564	0.268062	0.737144	0.429896	0.382234	0.634991	0.301479	0.341232	0.428728	
1.01975	0.633008	0.684645	0.524709	0.483602	0.382343	0.551422	0.784087	0.406473	0.245309	0.485462	0.915792	0.678055	0.369473	0.82896	0.065264	0.581883	0.555603	0.625578	0.78498	0.276758	0.444661	0.720753	0.182046	0.952293	0.706597	1.0361	0.482052	0.757678	0.504431	
0.241906	0.199878	0.706745	0.622242	0.354943	0.846881	0.271949	0.440066	0.591772	0.734115	0.764977	0.344131	0.19976	0.788853	0.137685	0.873057	0.397952	0.429095	0.392873	0.360769	0.53524	0.45092	0.686701	0.708662	0.168751	0.10588	0.242373	0.595534	0.762928	0.307849	
0.388892	0.543143	0.403518	0.951656	0.452425	0.720918	0.439253	0.110246	0.871303	0.936246	0.581421	0.128371	0.589272	0.671474	0.583324	0.95442	0.755882	0.3346	0.265637	0.119317	0.676729	0.448458	0.360901	0.877535	0.385989	0.433568	0.60449	0.451006	0.420959	0.535896	
0.501072	0.515294	0.256354	0.880279	0.356926	0.556853	0.373719	0.0609098	0.784704	0.821531	0.417611	0.259211	0.573341	0.507965	0.609844	0.810158	0.70855	0.202689	0.150856	0.132884	0.560593	0.319993	0.221841	0.75617	0.476812	0.431204	0.683908	0.289796	0.293412	0.467041	
0.680697	0.271516	0.62099	0.347816	0.196899	0.52971	0.225431	0.562077	0.237258	0.296364	0.529129	0.632365	0.317137	0.480225	0.467216	0.420498	0.265353	0.353735	0.400448	0.530048	0.0898414	0.249064	0.634629	0.255487	0.609613	0.355957	0.675133	0.407387	0.699686	0.15058	
0.516665	0.497859	0.240702	0.851727	0.326973	0.522694	0.350079	0.0901309	0.75373	0.786139	0.386161	0.284095	0.557871	0.472859	0.603572	0.772065	0.685327	0.167486	0.122497	0.147942	0.525526	0.284121	0.212067	0.720017	0.48746	0.420908	0.689526	0.253053	0.286921	0.441306	
0.382527	0.382945	0.383427	0.776619	0.275325	0.616218	0.262854	0.113818	0.693603	0.760386	0.496576	0.188977	0.436781	0.561284	0.464591	0.795102	0.587961	0.184402	0.113493	0.0592401	0.50252	0.285547	0.357078	0.703946	0.34641	0.288973	0.544669	0.338462	0.432037	0.359695	
0.965654	0.536397	0.812758	0.309833	0.475747	0.578028	0.515301	0.830219	0.205841	0.0225863	0.649551	0.919643	0.563222	0.551109	0.715404	0.241778	0.418095	0.6053	0.664945	0.809057	0.248824	0.48816	0.839615	0.0585421	0.893397	0.6383	0.931389	0.593013	0.890934	0.436867	
7.72386
8.33674
7.18702
5.16906
8.1848
5.39662
4.85675
4.79854
8.47117
5.42589
7.60773
8.32362
4.6534
6.78324
5.12875
