10	15
85.0172	150.494
106.915	77.8584
78.3968	135.086
149.54	15.549
28.7199	124.853
23.3023	60.723
6.41504	104.224
132.283	78.7385
93.7071	83.8047
152.51	47.1574
48.6663
278.691
384.096
453.038
252.773
135.32
356.415
328.126
5.31801
352.271
497.085
241.404
494.163
100.151
464.926
0.781312	0.847577	0.472841	0.741676	0.86186	0.114493	0.704463	0.667179	0.831368	0.312831	0.784685	0.465895	0.351349	0.73705	0.714302	
0.336256	0.730077	0.757245	0.405901	0.611238	0.591134	0.438059	0.395415	0.329464	0.500383	0.292566	0.0859945	0.691244	0.394286	0.714649	
1.01808	0.705367	0.143501	0.877366	0.85796	0.453334	0.791402	0.780779	1.17142	0.393502	1.09308	0.816851	0.215035	0.881712	0.511426	
0.302192	0.877089	1.05528	0.48216	0.691673	0.912835	0.56298	0.534873	0.0817013	0.803579	0.162131	0.383713	1.00256	0.46904	0.925595	
0.407017	0.27056	0.805548	0.256705	0.0790391	0.95285	0.241212	0.284226	0.631912	0.680336	0.546603	0.604976	0.845822	0.269114	0.440602	
0.747619	0.308014	0.305334	0.571924	0.487795	0.62283	0.476585	0.484475	0.947779	0.366389	0.857669	0.67058	0.401928	0.580556	0.11612	
0.799854	0.65826	0.183791	0.693617	0.740926	0.209029	0.624284	0.60038	0.922194	0.151518	0.852041	0.552978	0.0718366	0.694281	0.488962	
0.676484	0.760041	0.457681	0.635647	0.7611	0.18159	0.600593	0.562536	0.736479	0.249207	0.685301	0.365613	0.349582	0.630867	0.64053	
0.720453	0.788181	0.449781	0.677196	0.797708	0.141517	0.639712	0.602398	0.779298	0.262463	0.728983	0.409342	0.335214	0.672691	0.660934	
0.687692	0.404658	0.207437	0.536515	0.522059	0.453479	0.448758	0.440367	0.862115	0.192305	0.777346	0.542852	0.259746	0.541637	0.229388	
4.56292
4.34139
4.7156
3.57975
5.68574
5.66517
6.60382
3.95493
4.30126
3.33414
