10	15
37.565	101.087
84.3234	93.5253
177.185	103.138
155.061	149.338
98.1656	102.713
150.579	82.5202
119.902	12.9862
63.7835	145.157
12.9999	55.0706
106.796	38.2006
172.436
143.5
256.438
127.339
78.3285
236.949
343.541
332.843
267.28
194.385
142.734
39.5698
58.2748
384.707
167.465
0.41182	0.777286	0.974081	0.612375	0.243706	1.01453	0.715421	0.551988	0.808674	0.724519	0.921937	0.547241	0.349515	0.740624	0.659132	
0.474098	0.176341	0.338755	0.694128	0.748809	0.532756	0.484176	0.397504	0.517745	0.342699	0.475474	0.3782	0.579783	0.489181	0.367618	
0.240296	0.710353	0.594593	0.106932	0.286208	0.551824	0.252084	0.655822	0.329038	0.774967	0.468045	0.26156	0.609431	0.273028	0.736411	
0.386983	0.202489	0.618956	0.715217	0.601359	0.772732	0.597642	0.079457	0.670689	0.159521	0.692859	0.389341	0.278172	0.614881	0.115044	
0.336664	0.839123	0.823994	0.297149	0.128137	0.791509	0.490512	0.707919	0.568606	0.859424	0.707459	0.43448	0.585278	0.512215	0.806862	
0.609769	0.115616	0.519514	0.873619	0.869383	0.723717	0.677857	0.37375	0.715979	0.239073	0.671954	0.542232	0.591064	0.684615	0.294437	
0.714572	0.217555	0.677	1.00486	0.955243	0.881757	0.823639	0.390576	0.867622	0.219525	0.829146	0.668034	0.60881	0.832278	0.286724	
0.22997	0.720812	0.766432	0.332279	0.0527834	0.767672	0.461995	0.577467	0.550862	0.731607	0.67791	0.349456	0.456437	0.486326	0.67759	
0.281169	0.620542	0.40743	0.198918	0.45383	0.366629	0.0616227	0.640773	0.149353	0.722185	0.279369	0.199869	0.659721	0.0846239	0.6987	
0.108085	0.396344	0.511582	0.42525	0.375621	0.593607	0.344584	0.331248	0.432551	0.443604	0.50205	0.120957	0.3529	0.366722	0.405361	
7.00561
5.29998
3.8924
4.29556
4.70043
4.6068
4.40339
5.65752
7.09353
5.29647
